96 100 
perfume 2.1904 0.13987 -0.15615 0.59373 0.53716 -0.36594 -1.0703 -0.37336 1.5154 -0.43952 -0.93225 0.12678 -0.56686 -0.4077 -1.7594 1.0488 -0.53573 0.48971 0.71349 0.34537 0.3597 0.65291 -0.98171 -0.46144 0.54113 0.33747 -0.93158 -0.24307 -0.29302 -1.2259 0.61955 -0.82336 1.0463 -0.26876 0.061523 -0.77559 -0.44808 -0.76193 -1.2159 -0.14965 0.81042 0.71183 -0.42684 -0.45541 -0.67999 0.25368 -0.058173 1.0147 0.13297 -0.16335 -0.17354 0.8331 -0.49134 -1.5551 -0.12915 -0.20747 0.25817 0.13956 -1.4059 -1.5215 0.76369 0.46891 -0.84465 0.71503 -0.91443 -0.1652 0.41775 0.676 0.299 -1.4143 -1.4408 -0.28264 1.2057 0.62286 -0.12773 0.18533 0.033032 1.0944 0.95311 -0.71803 -1.2285 0.65587 -0.088052 0.76907 1.1651 0.055977 0.72077 -0.23343 -0.054574 0.91889 0.80348 -0.057788 0.79821 0.050057 0.18069 -0.35254 -0.62558 -0.087517 -0.77769 -0.63144 
vanilla -2.2381 1.5409 0.02773 -1.4015 -0.46322 -0.97163 2.0413 -0.64748 0.59404 1.9579 0.097945 1.6205 -0.26839 -2.7729 0.16556 -1.2013 0.13214 0.36357 0.66973 0.50303 0.88821 -0.27868 0.83169 0.44514 -0.44141 -0.085137 1.1846 0.23693 -1.1716 1.3645 -0.766 -0.72877 1.7686 0.054999 -0.45344 0.32762 -0.49419 0.70224 -1.3504 -0.93568 -0.15116 -1.8921 -1.635 -0.54674 -1.128 0.80342 -0.41544 -1.0461 -1.7112 2.1465 0.85227 -0.41215 0.89581 -0.43746 0.69705 0.63889 -1.445 -0.23466 -0.26298 -0.71144 -0.96945 -0.87729 -1.4349 0.77957 1.6704 0.24223 0.23432 -2.2415 0.1376 -0.46566 1.0632 -0.73873 -0.54831 1.1963 1.3235 1.6775 -1.3555 1.1873 -0.048394 -0.4358 -0.25233 -0.29223 1.9879 0.64919 -0.49284 0.073427 1.3869 -0.91741 0.81435 -0.05565 0.4965 -0.78217 0.93383 0.38866 -1.554 2.6345 -0.018042 -0.23251 0.58152 1.7122 
citrus -1.3577 1.2271 -1.131 0.20273 0.51187 -0.79298 2.6789 0.10857 -0.3524 -0.38343 0.56982 0.4693 -0.49666 -2.8073 -0.6477 -0.7016 0.10368 0.062617 -0.45542 1.4963 2.6588 0.60625 0.16258 -0.56397 -0.11615 0.88728 0.020575 1.9828 -3.0478 1.1653 0.060975 0.70768 1.9754 0.68658 -0.54208 0.42192 -1.4539 -0.16933 -0.86774 1.0684 -0.27572 -1.3319 1.5469 0.15296 -0.83747 0.30502 1.3342 -1.5029 -2.0647 -0.9584 1.8634 -0.13887 -0.99235 1.4854 -1.6264 -1.7786 -0.25951 -1.5545 -0.47899 -0.1218 -0.43474 0.21618 0.26806 -0.25241 2.2702 2.0715 -2.1403 0.55188 0.99772 -0.022971 1.5015 -1.4703 -2.2305 -1.9355 -0.57639 1.3614 -1.2355 -0.37545 -2.7086 -1.544 -0.05681 -1.0851 1.8599 0.52158 0.49406 -1.8985 1.0829 -0.52711 0.30069 -1.6449 -0.20736 -1.0267 2.7412 1.0422 -0.38214 1.482 0.36378 1.8317 -0.33072 1.3722 
leather -1.6268 1.1333 1.1127 -1.3015 -1.2655 -0.32841 1.9148 1.5098 1.1134 0.28938 -1.1913 0.52985 -0.041206 -1.9972 0.61111 -1.6855 -0.50407 0.77155 0.13204 -0.057156 0.48545 -0.19334 -0.57232 -1.2025 0.88189 -1.1685 0.7266 0.20887 -0.75044 1.8905 0.81146 -0.50502 0.30527 -1.425 0.030125 -1.0242 -0.004287 -0.55364 -2.1147 -0.72236 0.16176 -0.033039 0.075187 -0.97037 -1.3412 0.0040794 -1.185 0.64089 -1.0486 0.055737 0.73461 0.40782 -0.68426 -1.3416 1.349 -0.60419 -1.5512 -0.13564 -0.48754 1.7433 -0.27225 -1.0692 -1.2794 2.1802 2.1652 2.147 1.8507 -0.048374 0.3428 -0.20215 0.52353 -0.61011 0.21645 -1.4067 -0.39686 0.90489 -0.9169 2.7454 0.64812 -2.3017 0.33143 0.81986 -0.23015 0.12119 1.0624 -0.36376 1.0369 0.66788 -0.22544 0.41805 -0.25215 -1.9593 1.1122 0.96497 -0.29097 1.7922 1.5851 0.22974 1.3367 1.3864 
rose -0.87265 -0.06391 0.15322 0.11816 2.3627 -1.5372 1.3094 -0.628 -0.83022 0.26912 1.6908 1.7064 0.79096 -5.1547 -1.5044 -0.74471 -0.31505 0.91049 1.2589 -0.29846 0.69171 0.31662 0.4941 1.1248 -0.5979 -1.3021 -0.71514 -1.8852 -1.1438 2.2418 0.87813 -2.8146 -0.90246 -1.9913 1.275 -0.44287 -1.3959 -1.5272 -0.87392 1.2565 3.8901 -1.522 2.1762 0.10467 -3.3931 1.1997 -0.82936 1.0114 -1.7841 1.1442 -1.5063 3.6695 0.9881 -0.56063 1.2936 -1.8375 0.14361 1.0197 -0.75659 -2.7798 -1.6143 -2.7537 1.4245 1.984 2.2303 1.4326 -0.34091 -1.7753 2.2524 -1.5717 -0.44735 -1.4237 -1.7689 2.1337 -1.3934 2.3815 -1.6351 0.664 0.51906 -1.6596 -2.237 1.0124 1.4436 1.829 2.5357 0.88141 2.1185 -1.6118 0.76955 2.4537 1.6238 -2.9797 4.2156 1.9152 0.51461 1.0127 2.0501 0.099598 0.34995 2.8955 
wine -1.0899 -2.9473 -0.39904 -1.4682 -1.3562 0.14459 2.9715 -0.18098 0.69503 -0.33652 6.7019 0.10046 -2.4159 7.0877 -0.71245 -1.3547 -0.33082 2.6059 1.268 0.63583 -0.30866 -0.31739 3.0648 -2.3112 1.495 1.0129 0.7692 4.322 -1.3127 1.5188 1.8609 2.307 1.7758 -4.0535 2.5746 0.69225 -3.7762 3.2579 -1.7554 -0.25094 1.6851 -0.47229 2.4784 -0.39567 -1.7377 -0.24821 2.5801 -7.5661 0.39458 3.4384 4.0338 -2.3778 -3.6169 -2.4019 -1.5484 -2.7946 -2.6634 0.57255 -1.8557 0.21494 2.4412 -5.6313 0.18267 0.013847 2.3493 -4.5563 -0.92209 0.23349 2.7546 -2.0957 -0.99397 -0.8994 -1.7261 -2.9566 2.2924 -1.2012 -2.079 1.7807 -1.1362 -0.17329 -4.7191 1.2455 3.4433 2.6102 0.35911 -1.3323 2.5711 1.9859 0.20442 -0.89231 -3.3896 -4.2263 1.9643 -0.46515 1.8095 -0.028865 0.88539 -2.6097 2.2233 -0.33513 
tobacco -2.0856 1.0915 1.0377 -1.7717 -0.73049 0.2452 2.8991 0.78835 1.4654 0.27346 0.35882 0.55655 0.011367 -3.3137 1.2814 -1.5427 0.22584 0.31795 0.77024 -0.51539 0.93201 0.10999 0.096436 -1.0341 1.0506 -1.3011 1.2718 1.1315 -0.65092 2.1545 0.15537 0.20973 0.86925 -0.48194 0.79619 -0.32749 0.19168 1.0288 -1.5207 0.11321 -0.29175 -0.86829 -0.91381 -1.1827 -1.241 0.2855 -0.080893 0.71352 -1.7485 2.9839 -0.042682 -0.68959 -0.50083 -0.82084 1.1697 0.17916 -1.1488 0.099338 -0.057265 0.67527 -0.86789 -0.68392 -0.83848 1.2016 1.258 1.8087 2.3972 0.13394 0.74391 1.2727 1.7897 -0.43887 0.040922 -1.1225 0.99482 0.51086 -2.4197 1.1062 -0.39285 -2.5102 0.45704 0.53233 0.64112 0.57844 0.73469 0.67934 1.306 0.046614 0.17012 0.2644 -1.1055 -1.7989 1.7321 -0.70119 -0.71953 1.9321 1.3337 -0.56958 1.3612 2.6175 
coffee -1.861 -0.82504 -1.9582 -2.1669 0.2918 -2.3085 0.96068 -0.15089 0.57192 1.4779 -1.3525 -0.44745 -1.2652 -0.69261 1.862 0.4455 -0.84378 1.6614 0.12027 0.056754 -0.80823 -0.029114 1.517 -1.3773 -0.16851 -1.3087 2.0884 0.67818 -2.786 1.4666 -1.8762 1.7473 0.91495 0.45475 1.4308 0.14167 0.60073 0.32625 -0.95538 -2.8654 1.784 -2.1501 -1.038 -0.61998 0.082862 0.84317 0.43686 0.70369 0.055427 2.9053 1.4979 -1.7356 1.494 -2.832 -0.31136 1.2229 -3.1533 0.11662 -1.2754 -1.0225 0.77548 1.1284 -0.31178 2.11 -0.56608 -0.22591 0.18707 0.49725 2.2135 0.74105 -0.74223 0.64406 -0.078077 -0.047292 4.147 -1.2701 1.1326 0.71824 -0.7119 -1.3886 0.48248 1.9026 2.1722 1.2098 0.3577 1.2539 -1.0124 -1.7567 0.20115 -0.27782 -1.6221 -1.1144 1.6228 -2.033 -0.18376 1.8584 1.8113 -2.4853 0.41312 -0.0039231 
berry -6.9994 -0.058493 -0.63242 -3.2739 -0.701 0.29107 3.5574 -3.2347 -1.4161 2.2612 5.7638 1.5174 0.68275 1.1185 1.212 -3.8957 2.5236 3.7715 -0.10443 0.57881 0.37446 -0.80653 0.45835 -0.076315 -0.98385 -2.9017 -0.35364 2.1423 -2.3361 1.9595 1.2597 3.4832 2.2443 -4.1944 1.0138 1.5247 -2.0984 2.6957 -3.1398 -1.8634 -0.48322 -2.2808 1.6145 1.0157 0.018878 -1.0374 1.4156 -2.7988 -1.9877 2.9899 2.3461 -2.3014 -0.67313 1.6097 -1.4222 -1.3695 -3.1103 4.2975 0.065624 -1.0349 -0.0096653 -3.3993 0.54164 0.5183 4.3287 1.3441 -0.50045 -2.4413 0.83674 -2.3488 1.0603 -0.6829 -2.7863 -3.0714 1.0898 1.8577 -1.6726 2.2902 0.26581 -1.9563 0.49568 2.5346 0.16237 3.2063 1.2624 -2.8751 0.32593 -0.11438 1.4531 0.27195 -3.7166 -1.6772 1.7635 -1.345 1.0113 2.0447 1.4064 0.66645 2.1394 3.6063 
cherry -5.6546 -0.16986 0.37777 -2.5392 -0.4693 -0.34215 3.6658 -2.4495 -2.0211 2.7318 5.7001 0.24166 -0.27295 1.3767 1.6559 -3.0461 2.1137 2.9188 0.5252 -1.0456 1.8689 -1.7342 0.10917 -0.052935 -0.88426 -1.6791 0.49108 2.8938 -1.5476 1.871 0.21046 2.3654 1.3532 -1.6962 1.2165 1.2521 -1.025 3.6193 -1.5876 -0.74414 0.12922 -0.52049 0.9439 0.71015 0.51554 -0.25946 -0.7015 -3.5343 -0.76199 4.3179 2.6558 -1.7087 -0.38892 -0.278 -0.51988 -0.66172 -2.2868 4.1533 0.5879 -0.46398 -0.54143 -3.1009 1.3504 0.15398 2.429 0.80144 1.0751 -0.98279 1.348 -1.1074 -0.24199 -2.6823 -2.0675 -2.733 1.3866 2.1464 -2.3682 0.70562 1.9994 -1.2759 -1.0046 1.6634 2.6137 1.1253 2.1354 -1.9024 0.11421 1.6566 1.7151 -0.25743 -3.5213 -1.4187 2.7078 -0.3639 -1.3701 0.83994 1.6637 -0.75778 1.5456 3.2383 
incense 0.73513 0.91897 -0.71089 -0.42101 -1.1776 -0.69424 1.9055 1.6052 2.8177 1.4796 1.5964 1.0571 0.14515 -2.8638 0.65727 0.20915 -1.8027 -0.47097 1.3142 1.7317 0.53647 -0.20358 -0.87798 -1.3663 -0.4188 -0.74655 1.5942 -2.0257 -1.4619 0.10578 -0.34382 -1.1942 -0.36471 -1.1236 -0.37501 -0.55119 0.15484 -0.18479 -2.2705 1.3358 0.68586 -0.96565 -0.12951 0.046234 -4.0419 0.281 -0.063441 0.30175 -2.0336 1.4319 0.61187 1.4893 -0.42163 -0.069416 1.7067 -0.17011 -1.3512 -1.379 -0.80576 0.73822 -0.71427 0.96113 -1.1012 1.3369 1.6238 2.3761 0.64866 -0.39155 0.41062 -0.19715 0.90701 1.0441 -0.83738 0.61467 -0.0040388 1.7986 0.47254 1.3465 0.8345 -1.4651 -0.68666 0.58783 0.96999 -0.17965 0.048265 0.29579 2.1436 -1.8471 0.12988 0.2556 -0.37069 -1.2465 2.6819 0.68977 -0.942 0.26981 1.2236 -0.58355 0.64223 3.5833 
tea -0.83639 -5.8226 -2.4587 -2.47 4.9399 -2.5815 2.0136 0.59576 0.22111 6.3408 0.49757 -0.87092 -0.97742 -5.2552 -0.45044 0.65515 0.81034 -0.91865 0.53404 1.1232 0.40244 -0.49161 2.9412 0.36 -2.48 1.1107 2.6918 -0.43298 -1.0167 4.7634 0.78754 3.1374 -1.2324 2.2914 1.3631 -2.0465 -5.1691 -1.8329 0.72046 -0.92616 4.5564 -2.8418 1.0616 1.0449 -1.6718 1.1241 0.13956 2.1163 -2.5082 3.3229 4.2936 -0.18926 3.4681 -1.1715 -1.1298 -1.5696 -3.0547 -2.6518 -1.8421 -2.5378 3.3772 4.1321 -0.7583 1.2284 -0.39049 1.5321 -2.8464 2.8673 5.5913 0.18538 0.25582 1.2125 -2.3404 -1.8835 3.6913 -1.9029 0.27217 -1.7488 0.71579 0.086129 1.68 1.5823 1.9687 2.4382 6.4783 5.233 -1.0883 -3.8866 -2.9637 3.3044 -0.77017 -0.30904 6.5792 -3.1952 0.18368 1.6648 2.7492 -0.99387 2.1733 0.59411 
lemon -1.6972 -0.46896 -0.84524 0.47537 0.031424 -1.5824 3.185 -0.63652 -1.3865 0.93719 0.62893 1.2951 -1.1221 -1.5927 -0.55809 -1.6665 -1.1647 0.77445 -1.5143 1.6365 3.6174 0.025643 1.63 0.43348 -1.3742 0.42743 1.116 2.315 -3.3247 1.0746 -1.4517 0.85768 2.4134 0.84581 0.024965 0.31077 -2.1216 0.21556 -0.92039 -0.11289 -0.8855 -0.93195 2.1899 0.8382 -0.49035 1.0282 1.0714 -0.41225 -2.9865 -1.0937 3.8182 0.82052 1.269 1.6988 -1.1145 -1.3537 1.5841 -0.68436 1.4438 -0.39139 -1.2239 -1.2926 1.6856 -0.52258 2.3955 2.385 -1.6673 0.030304 2.5233 1.5185 2.7093 -2.935 -3.2204 0.17743 0.53161 2.5766 0.053912 -0.83411 -2.4856 -1.4599 0.12554 -1.8545 2.7552 0.12976 2.1231 -2.413 1.1384 0.95898 -0.81294 -2.2993 0.37967 0.37548 3.2716 1.2434 0.8496 1.8561 0.41359 2.2359 1.6655 -1.2796 
cologne 1.6699 0.64839 -1.8318 0.41247 0.80343 -0.07507 -0.59224 -1.6729 0.62433 0.38886 -2.2368 -0.44289 -1.8062 -0.59395 -1.5675 0.14802 -0.07222 0.1921 -0.34563 1.7815 0.63563 1.2639 -0.30277 -0.46455 1.4745 0.34757 0.62377 1.2724 -1.3475 -0.65945 0.75673 -0.19885 0.99351 0.65669 -0.88263 -0.31585 1.4159 -1.0955 -0.86367 -0.99671 1.3252 0.79729 1.9986 -0.71955 -0.15767 -0.88945 0.026712 1.111 0.8459 -1.7234 0.13622 -0.35149 -1.5918 0.57788 -2.058 -1.1926 -0.11786 -0.31057 -1.557 0.40869 -0.51864 1.6746 -0.755 1.285 -1.6707 0.69315 0.53017 1.0828 -0.022278 -0.46895 1.2689 -1.4317 -0.016474 -1.2757 -1.3052 0.83337 -0.36783 0.32311 -0.68197 -0.5781 -0.98639 -0.34378 0.23548 -0.29359 2.1229 -1.9271 -0.26789 0.81022 -0.97981 -0.099312 0.91396 -1.2697 0.65954 0.37519 -0.07132 -1.1735 -0.67731 0.9334 -1.4148 -1.8766 
lavender -1.7566 1.2843 -2.3686 -0.59176 0.79569 -0.37851 1.3399 0.25091 0.22235 0.92433 -0.94416 0.44724 -0.40435 -3.8585 -1.4252 -0.2766 -0.64159 0.093617 0.18801 0.8922 2.1414 0.41897 1.5373 1.3847 -0.012489 0.21013 -0.014649 1.1763 -2.2025 1.5401 -1.4016 -0.95338 0.01935 -0.52048 -1.6759 0.3539 -0.83819 -1.2756 -0.92761 1.2889 0.85568 -0.93125 0.19607 -0.23104 -1.2237 0.70173 1.1169 0.51501 -1.6454 0.17274 1.6204 0.15891 -0.35971 0.82535 -0.14391 -0.35136 -0.1614 0.41553 -0.65062 1.1626 -0.35214 -0.91897 -0.16639 1.2366 2.2308 2.0748 -0.83457 0.73279 0.95248 0.25051 0.49719 -0.58926 -1.7023 -0.25794 -1.3525 1.3781 -0.72073 0.90643 -0.65041 -0.55607 1.4297 -0.5741 1.1175 -0.24049 0.52731 -0.81759 0.54276 0.67405 -0.64247 -0.7315 0.67898 -2.2015 3.0586 0.63351 -1.1296 0.63656 0.0039183 -0.012032 0.1578 0.35715 
orange -0.44834 -0.89771 1.132 1.1409 0.036087 -0.05903 2.1749 0.32086 -0.17639 1.2878 -0.51017 0.67783 -1.8036 -2.785 -0.47601 -1.9343 -0.90647 1.2704 0.38664 0.92303 3.491 -0.74443 -0.87716 0.57725 -1.3178 0.83064 0.35658 -0.096152 -4.1265 0.73981 -0.1992 0.2062 0.98682 0.76787 0.63611 -0.16485 -0.89433 0.71197 -0.64713 1.0685 0.27214 0.26566 2.5914 -0.41656 -1.9018 0.20435 0.69416 -0.77835 -2.2493 0.78448 2.6208 0.63316 -0.13525 1.3196 -0.33838 0.41363 -0.40294 -0.41423 0.76856 -2.1107 -1.2334 -0.56388 0.14899 -0.76946 0.86021 2.0613 -1.0737 0.0097268 3.488 1.0838 1.1948 -2.1047 -2.6159 0.61037 -1.4035 2.3763 -0.34171 -0.79911 -2.4683 -1.629 0.066297 -1.8056 2.1476 2.1919 1.3971 -0.45998 -0.22999 -1.9917 0.37187 -0.66602 -1.0471 -0.057676 2.3432 -0.07318 -0.41354 2.539 0.14714 1.6872 0.6633 0.33934 
cedar -2.4543 3.5479 -0.99697 -1.8846 -1.9143 -1.324 2.8384 -0.612 1.4677 2.4518 2.0705 0.81786 0.93781 -2.041 0.14399 -1.991 0.43415 -0.0068851 -0.50056 0.95984 1.1921 0.40139 1.9005 -0.95619 -0.73539 -2.5978 1.2904 0.74171 -3.875 3.1969 -0.24269 -0.36886 1.2382 -3.4528 -1.4851 0.74232 -0.37474 0.7991 -1.5996 1.9693 -1.5767 -2.0067 -0.36084 0.58942 -2.9135 0.37933 -0.30913 0.55116 -2.728 1.4921 1.7761 1.1792 0.84918 -0.4014 0.20088 0.4431 -1.2755 -1.8904 -0.029586 2.303 -1.8821 -0.33937 -0.53062 2.0092 4.1489 2.7787 2.032 0.4523 -1.2094 0.62162 3.9131 -0.036521 0.25084 1.0329 -0.78412 1.4226 0.29001 0.54736 0.42634 -0.92275 1.1547 -0.010538 1.767 -0.093565 -1.3644 0.67893 0.91578 -1.4864 0.62848 -0.13487 -0.72243 -2.7796 3.6569 1.3101 -1.1614 0.29202 0.79249 -0.47091 3.013 2.312 
apple -3.3415 -1.0561 0.87025 -0.18519 -0.27501 -0.56966 3.7616 -2.0304 -1.497 1.2373 2.502 -1.9298 -1.0169 0.59682 -0.24555 -1.7134 -0.73307 0.16016 -2.805 0.86838 3.993 -0.56475 0.83516 -2.0475 -3.7867 1.1133 0.79326 3.0388 -3.2581 1.4153 0.83832 0.59126 3.8897 2.8816 -0.17497 1.2983 -2.3222 2.9511 -0.17488 -1.9415 -1.1225 -1.2152 1.5449 2.6663 -0.75002 1.1544 2.3726 -2.3827 -2.7057 0.85531 2.0075 -2.2835 0.73689 0.52838 -1.3941 -2.5274 0.04984 0.46523 1.7252 -0.27011 -0.4548 -3.1982 -0.25187 0.81972 3.1656 -0.73133 -1.1711 0.60424 1.1925 -0.075892 1.7388 -0.4227 -1.6771 0.40047 0.52709 1.9358 -0.43445 -1.4274 1.4437 -2.6862 0.61302 -2.1752 2.1976 3.1727 2.8228 -0.47737 0.67501 0.1455 0.18247 -1.9563 -1.5865 -1.5839 1.8524 0.39844 -1.0949 3.1657 0.52997 2.8532 -0.68052 0.97177 
peach -3.983 -1.5901 2.2084 0.3713 0.17464 -2.5331 3.0384 -0.78777 -2.9262 2.0719 3.2086 -0.35753 -2.074 0.77006 -1.4092 -2.4607 0.027093 0.42226 0.26756 1.0798 3.5733 -1.3614 0.17744 -2.4078 -0.86947 2.668 -0.94077 2.6379 -0.65079 1.787 0.66035 1.0973 4.1913 3.5242 0.92418 -0.45103 -4.3921 3.0651 0.67138 1.7424 -1.0799 -2.0489 -0.13395 2.4258 -1.2037 0.70885 2.2284 -2.2237 -1.2599 1.7717 2.4088 1.5925 -0.23341 0.16769 0.86564 -1.3501 -0.23937 1.0437 0.38616 -2.6124 -0.62157 -3.3098 -0.67189 -0.75251 4.1688 1.0123 -2.1742 0.23 1.6487 -1.0373 -0.001547 -3.1678 -1.0965 1.0599 0.51168 0.94512 -0.76333 -2.6366 -0.3254 -0.50341 -1.7825 -0.80203 0.65814 4.0605 1.1404 -0.25198 0.28468 -0.6886 0.16557 -1.7707 -1.6957 -1.1415 0.35435 2.1175 -1.5214 3.4162 0.5902 2.0702 0.86563 2.1546 
honey -1.6862 -1.112 0.056293 -0.58238 -2.4569 -0.71968 3.0046 1.3839 -0.65691 2.6632 2.002 0.86313 -1.9756 -1.6032 -0.8982 -2.8764 0.31836 0.37928 0.3446 -0.51341 2.581 -0.97678 0.078205 0.58808 -0.16821 1.0021 1.0545 0.87427 -0.11619 2.1017 -0.46862 -0.25645 2.3295 2.9665 1.7648 -0.92107 -0.83412 0.77331 0.91476 -0.6173 0.059072 -2.2997 -0.33408 1.25 -1.9383 0.99416 2.8551 -1.8691 0.066938 3.4514 1.0056 0.91582 0.80067 -0.51296 3.1128 0.2462 -0.97348 0.039659 -0.31141 -1.5585 -0.056443 -2.8766 -1.3702 1.9923 2.3864 -0.15451 0.39755 -1.9485 2.2737 -0.035316 1.2781 -2.66 -1.405 3.0081 2.0044 1.4022 -0.7185 0.50099 -2.3941 -1.9936 -1.1339 -0.068493 0.97927 1.6293 1.0843 0.1308 0.94024 -0.79688 -0.29466 -1.778 1.1864 -2.0598 2.7909 1.2482 -2.055 2.9466 0.50107 0.60623 0.92003 3.5104 
violet -2.4858 0.78029 0.91283 -2.7212 1.837 -1.0754 1.1329 -0.085894 0.062024 0.59835 1.6735 0.81027 -0.68833 -3.5473 -1.5728 -1.5905 1.4965 1.2437 1.0535 0.86356 0.15865 -1.1779 1.3901 0.92682 -1.6508 -0.1434 -0.28002 0.27551 -1.7145 3.0504 -0.06316 -0.85194 0.59647 -1.687 -0.062193 -0.40791 -1.7925 -2.0232 -1.5801 1.8694 -0.87786 -1.5587 1.5192 -1.6056 -2.2177 -0.017786 0.55743 0.34341 -3.3059 1.9953 2.388 1.9669 -0.28144 0.45741 -0.1859 -0.76417 0.1198 0.94835 0.88326 -1.046 -0.85778 -2.5762 0.45283 0.4654 1.7386 1.1966 0.00095829 0.30459 0.042797 -0.3724 -1.1481 -2.0602 -0.91713 0.88404 -2.1251 1.4889 -1.6532 0.72113 0.90641 -0.85819 -0.12302 0.95252 -0.66269 -0.71748 0.2184 0.55444 1.388 -0.35076 0.7634 2.4331 -0.82303 -1.5452 1.0827 1.3201 0.054561 0.61894 0.92284 0.38209 1.1134 1.9725 
cinnamon -2.3173 1.0396 0.7862 -2.0405 -0.66531 -0.83067 1.696 -0.45246 1.1557 2.1799 1.2808 1.3037 -0.035349 -1.5751 0.19103 -0.76517 -0.21662 0.56691 0.69455 0.67187 0.97543 -0.12701 2.5045 1.1893 -1.1963 -0.21506 1.3819 0.91837 -2.6404 1.3862 -0.51045 -0.35098 0.27981 -0.72985 0.91372 0.76771 -0.24029 1.5272 -0.53568 -1.4041 -0.68697 -0.85691 -0.62428 0.62312 -1.9974 0.4591 0.26778 -0.32103 -1.9641 1.5568 1.0795 1.3058 0.47415 -0.67439 0.35651 1.0467 -0.95159 1.2421 -0.49324 0.40379 -0.6702 -2.006 -0.26999 0.44065 0.75222 2.3278 0.62693 -1.4818 1.0957 1.08 2.2388 -0.34237 -1.2417 1.3263 1.1146 0.96176 -0.10242 -0.018778 -0.72692 0.055156 0.52816 -0.73235 2.3507 2.0228 -0.42813 0.85105 1.3309 -1.4128 0.37211 -0.020719 -1.1611 -1.0522 3.1436 -0.28614 -1.3875 1.7621 -0.3292 -0.21297 0.4773 2.7835 
smoke -2.6811 -0.34257 2.3446 -2.9664 -3.5968 -1.788 3.2059 1.6611 1.8905 0.41554 1.9609 0.22408 -0.17794 0.38774 2.5943 -0.46527 0.018206 2.0861 2.0287 0.89218 0.18921 -1.7207 -0.49401 -2.8072 -0.068291 -2.5986 3.616 -0.63686 0.96381 1.0432 -0.42791 1.8623 1.753 -0.58648 -0.0035438 0.05125 -0.78788 1.4366 -1.0363 -1.822 -0.23288 0.81447 -0.6535 0.4661 -0.89132 -1.6666 0.4219 -1.4736 -1.9221 3.5581 1.3123 -0.90491 -2.0848 -1.1339 1.8319 -0.21133 0.27089 -0.35705 2.1447 1.3947 1.2371 0.20256 -1.0152 0.4086 4.2703 3.3254 2.2546 -0.17788 -0.38447 1.9469 2.8711 1.0197 -0.52958 1.1778 2.946 0.70986 0.88701 0.11765 2.1839 -1.0444 -0.36655 2.7368 -0.0051667 0.26531 1.6574 0.61849 0.21798 0.09257 -2.0107 0.53991 -0.69328 -0.93324 2.843 0.15086 -0.93043 -0.083085 2.2825 -1.8178 1.7188 4.6363 
chocolate -1.497 0.99764 0.3084 -2.109 -0.52785 -0.80131 0.45878 0.19685 -0.73494 1.1277 0.59744 0.9479 -0.69652 -0.97295 1.3064 -1.1815 0.30163 1.0069 1.09 0.21654 0.38787 -1.2759 1.3846 0.013407 -0.66383 -1.1282 1.2264 1.3535 -2.0723 1.5975 -1.0001 0.5045 1.2779 -0.21759 1.3083 1.2694 -0.61459 1.0835 -1.3396 -2.8115 -0.41688 -1.9942 -0.91063 -0.51328 -0.31738 0.39763 -0.18574 -0.94189 -0.2066 2.9457 0.8944 -0.46729 1.0662 -3.2176 0.26325 0.16353 -2.0401 1.0523 0.10131 -1.0293 0.69635 -0.65512 -0.66367 1.3451 1.0933 0.27841 0.96604 -0.80637 0.98048 0.14596 0.40485 -1.1216 -0.42719 0.61862 1.8225 0.87544 -1.0204 0.49648 -0.78595 -1.095 -0.58991 1.6303 2.3095 0.93604 0.27405 -1.1097 -0.30719 -1.6981 1.2141 0.70268 -0.69997 0.19655 1.2693 -0.77477 -0.17989 1.3184 1.1717 -1.3972 0.88392 0.99803 
blackberry -5.376 -1.0955 0.39525 -2.7504 -0.52059 0.14096 2.263 -1.9497 -0.84402 2.617 4.778 0.15178 0.010468 2.0034 0.35175 -2.9104 1.7999 2.8236 1.3644 -0.97148 0.3538 -1.9622 -0.77496 -0.59105 1.3175 -2.285 0.63528 2.8295 -2.4134 1.642 0.30932 2.6093 1.2539 -2.7037 0.98776 1.6548 -1.8735 1.8812 -1.8936 0.072517 -0.4589 -1.3777 0.81266 0.29972 0.37353 -1.8934 0.38768 -2.5071 -1.2065 3.2605 2.3851 0.028164 -0.26651 0.14807 0.031817 -0.08497 -1.7306 3.2968 -0.54378 1.5981 -0.31023 -2.0287 0.18917 0.49014 3.3774 1.4056 1.1484 -1.947 -0.31824 -0.22053 -0.17422 -0.27994 -1.0759 -1.6432 2.253 0.78737 -1.4407 0.76564 -0.63463 -0.43131 -0.83268 1.4153 1.1286 1.409 0.30715 -2.2781 0.21744 0.44917 0.51105 0.45936 -2.926 -1.1781 0.55005 -0.92951 0.79437 0.21545 0.58871 -0.4208 2.7976 2.9838 
mint -3.6169 1.4936 -2.1615 -2.8927 3.8741 0.048799 1.8778 0.35814 0.052275 0.71969 -1.0492 1.1219 -1.3935 -3.1292 -1.0532 -1.127 1.8302 1.4383 -0.70382 2.8541 3.513 -0.28103 4.7161 1.8267 -2.0706 -0.15992 1.6493 1.226 -2.5429 1.9044 -2.7837 2.081 1.5482 -1.373 -0.98938 1.2018 -2.7641 -2.9807 -3.7309 -1.4517 -1.5013 -2.9068 1.999 0.37141 -1.2508 -0.51227 0.44601 -0.7992 -3.5013 3.0697 5.0299 -0.89032 1.4513 0.74596 -1.3654 -0.49711 -0.076099 -0.14864 2.0091 1.1775 2.2761 -0.90715 1.6433 -0.32066 2.2647 3.7394 -0.12594 1.2224 2.1624 1.9395 1.8427 -0.47798 -2.4033 -2.7904 -0.53374 1.33 -1.2885 0.40855 -1.4986 -2.2596 2.0224 1.0395 1.2251 1.0353 0.84165 -1.7664 0.065264 -0.68106 -1.5736 -0.24407 -1.7626 -1.1673 4.8471 1.2483 -1.0852 0.098291 1.1822 -0.81575 2.0947 -0.24062 
raspberry -3.8991 0.17056 -0.16243 -1.4245 0.084774 -1.4557 2.4105 -1.519 -1.7764 1.4041 3.1875 1.0232 0.17798 0.5418 0.57929 -1.8128 2.3588 1.2014 -0.19067 -0.34602 1.7931 -1.6655 1.0143 0.17224 -0.85269 -1.078 -0.52586 2.218 -1.7887 1.4068 0.20567 1.7594 1.4339 -0.97785 0.85206 0.95182 -2.1046 2.2577 -1.0748 -0.66766 0.11389 -0.80016 0.31989 0.44607 -0.75094 -0.62736 -0.28457 -2.2917 -0.9214 2.1723 1.3363 -0.080544 0.21039 -0.82358 -0.79234 -1.5248 -2.176 2.9227 1.0637 -1.1947 0.0094547 -2.4771 2.1106 -0.029515 2.2343 1.4032 -0.62415 -1.1194 0.33102 -0.6484 0.77093 -1.1978 -1.3789 -1.7743 0.91041 1.0178 -1.5126 0.3083 0.69382 -0.19279 -0.44245 1.3391 1.0716 0.95652 1.9159 -0.97084 0.78727 0.2569 0.70451 -0.26912 -2.132 -0.66231 1.1349 1.2563 0.1984 1.1675 2.2409 -0.65751 0.69461 2.4354 
oak -5.0227 1.8373 0.41401 -9.9861 -4.4417 2.7712 2.9945 -1.5366 0.86688 -0.31504 4.3973 -7.2071 -3.8919 7.6012 0.35163 -9.9034 -3.2463 7.7803 1.2487 3.8147 6.363 3.8451 3.4507 -4.2004 1.1786 -5.7834 6.67 -3.6857 -4.928 7.2666 2.6643 -0.63373 2.2375 -5.2278 0.022759 2.3702 -0.52833 6.3537 -6.9183 -2.6664 -7.2115 -5.7443 -1.1292 -0.43885 -3.2704 -0.062557 -0.7414 -10.286 -1.8964 2.0033 0.5329 -6.4291 5.1039 -2.1653 -0.48375 -2.7948 -5.8782 1.4919 -1.3999 2.1694 0.16751 -6.36 -3.7139 2.5363 5.2408 -2.536 0.77055 -3.9001 1.2496 -2.4784 -3.6669 3.3369 0.42574 -1.5953 2.0801 0.97654 -2.5502 5.537 0.49079 0.15172 -1.7819 3.3005 7.2898 2.5445 1.8144 0.12452 0.44714 2.2789 2.1265 -0.8702 -5.8277 -8.9415 0.34666 0.18153 1.8595 -3.9777 -2.0649 2.186 6.9439 1.3161 
coconut -1.6068 0.54089 0.34277 -0.056189 1.8833 -0.29943 1.5982 -0.49798 -0.65064 0.77601 -1.7762 1.884 -1.8035 -0.44537 0.22288 -2.163 -0.56246 0.7126 -1.2451 1.9605 2.1417 -0.24004 1.9326 -0.35263 -0.70561 0.39599 0.79301 -0.37969 -2.3397 0.91086 -1.2413 -0.46987 2.1826 1.1938 0.14003 2.6054 -1.2504 1.0316 -1.3568 -1.4446 0.61843 -2.5694 0.016055 -0.21433 -0.52206 0.13443 -1.2536 0.037267 -1.4293 2.8453 1.0589 -0.60544 2.0393 -1.3069 0.78234 -1.5574 -1.8851 -1.2474 -0.46766 -1.167 1.0279 -0.19719 0.39298 -0.25143 1.586 -0.17761 -0.47349 -2.3332 -0.56534 2.5698 -0.51295 -0.82226 1.0772 0.78473 1.594 0.89339 0.41633 0.3047 -0.28869 -0.86212 -0.12806 1.8157 0.78834 2.7324 -0.62541 0.37648 -0.37659 -1.3725 -1.3794 -0.76603 -0.88493 1.4063 0.27488 -0.53579 -0.93102 2.2029 -0.064526 0.2753 0.20332 0.096004 
grapefruit -1.6675 0.48479 -0.08393 0.27099 0.17148 -1.2778 2.6123 -0.21374 -2.301 0.16098 1.9033 -0.41837 -0.47932 -0.75024 -0.38977 -0.66612 0.78873 0.034195 -0.57688 0.98372 2.9809 -1.283 0.95734 -0.39588 -0.84929 0.96148 0.76674 1.2716 -2.9737 0.027246 0.2902 1.408 2.1835 0.96617 -0.85431 0.052486 -1.9046 0.90855 -0.76326 0.035483 0.19882 -0.33718 2.0411 0.90584 -1.8282 -0.73358 0.66596 -1.0911 -0.98402 0.44346 2.0209 0.47117 0.55839 1.0151 -0.98792 -0.72693 1.0879 -0.95613 1.1156 -1.1572 -0.67158 -1.0015 0.57461 -0.52215 2.7932 1.5915 -1.468 -0.14072 0.99068 0.38017 1.1669 -1.1121 -2.4522 -0.64024 -0.40273 0.81858 0.049998 -1.4041 -2.0988 -0.59785 0.25121 -0.27811 1.2902 1.1956 0.49042 -1.1978 -0.604 -1.2334 0.69594 -0.35315 -0.44934 -1.2792 1.3233 1.4078 0.52237 1.5989 0.75536 0.35168 -0.28627 0.21074 
clove -3.785 1.1774 1.786 -1.6629 -0.3072 -0.38278 1.9344 0.84054 1.8622 2.6013 2.1495 0.78923 0.28162 -2.1626 1.3238 -1.4665 0.34766 1.7439 1.2494 0.77868 2.2218 0.2765 2.2875 0.57035 -1.2953 0.3249 1.1927 0.52783 -3.7903 2.1173 -1.3706 -0.40874 0.52387 -2.3027 1.6635 0.41513 0.62522 1.0008 -2.0991 -0.26026 1.1326 0.12371 0.52097 0.25956 -1.6153 -0.26505 1.3173 0.6354 -2.5243 1.7924 2.0594 2.2021 0.37007 0.20403 0.043554 1.2116 -0.48595 2.7975 -0.85453 2.6712 0.24082 -2.992 -0.4606 1.8469 1.77 4.4528 0.81911 -1.1933 1.1047 2.2407 1.6228 -0.95212 -0.56659 2.0718 -0.17343 1.8266 -0.60959 -0.93461 0.77414 1.0758 2.2635 -1.2941 0.75198 1.9959 -1.1124 0.73604 2.2249 -0.90755 -0.80012 -0.012971 -1.0279 -2.2705 4.1468 -0.63572 -2.2238 0.34879 -0.93586 -0.76945 0.76285 3.0334 
pear -5.6831 -2.7077 0.96662 -0.46763 0.67862 -1.3221 3.7173 -2.3122 -2.2226 2.2701 3.852 -0.5104 -1.1938 1.4147 -2.5202 -3.2463 0.78437 2.1229 -1.7194 2.0807 4.6077 0.68351 -0.71709 -3.3887 -2.1394 2.2841 -0.33144 5.2437 -2.3257 2.3465 -0.029129 0.5693 4.7223 3.4306 0.99566 -0.033698 -5.3848 3.7824 -0.61827 -0.19949 -0.64414 -1.223 0.19468 3.4289 -1.629 2.041 2.7903 -4.958 -2.9671 1.0846 3.769 -0.040071 -0.66188 0.25193 1.5726 -2.7253 1.2959 -1.1967 -0.10831 -0.52644 -0.060107 -4.7299 -0.7329 -1.6761 2.8575 0.52417 -2.1931 -1.5509 1.3309 -1.3476 -0.093519 -1.3367 -0.094173 2.9138 0.10567 1.0987 0.13348 -3.1103 0.51382 -3.5832 -1.8023 -2.0433 0.03866 3.7748 2.9249 0.30426 -0.24386 -0.44643 -0.50575 -3.676 -1.6413 -2.2745 1.1677 1.0604 -1.2211 2.626 -0.74282 2.1231 -1.9618 1.6355 
soap 0.78707 -3.0924 -1.8304 0.40438 0.67577 -2.8311 -1.6412 -0.24322 -0.15236 4.9336 -1.3816 2.2324 -2.3029 -2.1919 -1.087 -2.3731 -1.7305 -1.2474 -1.4147 2.2701 -0.32724 0.53016 2.8783 -1.0237 -0.38003 -0.60678 0.4948 3.2035 1.3688 1.9341 -1.6097 -6.7369 3.1067 1.5585 -3.0568 1.6317 0.88007 -2.7813 1.3258 -1.2209 -0.46611 -1.4842 3.949 0.0075983 0.10286 0.62837 -0.072661 2.4104 -2.1217 -3.4483 3.822 1.9647 -4.6271 -1.6902 2.8945 -0.61669 0.46402 -0.062927 -0.18809 -3.399 2.0432 0.2041 -0.14656 2.6484 2.0008 1.8419 1.1711 -1.9508 0.14271 0.48519 1.1488 -4.8269 -3.2254 -1.0942 -2.5278 3.2361 0.20629 0.24508 0.98148 1.7532 -1.4875 0.98909 -3.2798 -1.5831 1.682 -0.91225 -0.55916 0.40279 -2.8358 -1.4944 1.9774 0.60347 5.4646 -0.4068 -1.4514 0.067632 -0.97907 1.325 -1.4232 -2.0447 
almond -1.0369 2.1954 -0.34268 -2.7324 -0.27622 -1.3047 1.3357 0.58649 -2.5524 2.5892 1.4626 1.428 -1.6014 -1.7355 -0.43987 -2.0696 1.3933 3.3602 -0.42036 0.41861 1.9171 -2.1108 0.35683 -0.78642 -1.0358 0.23855 -0.77223 -0.11558 -3.2572 1.7002 -0.53558 -1.2852 3.4434 2.4228 1.7078 -0.53323 -0.86519 2.0481 0.29668 -0.51556 -0.60731 -2.9656 -2.2853 0.81648 -0.33106 1.0195 -0.20062 -1.4076 -1.6843 4.9952 2.8924 1.273 0.49114 -0.038475 1.8503 -0.98105 -0.3056 0.36452 0.15953 -2.0179 0.39404 -2.6596 -1.0093 -0.68269 1.6755 -1.4259 -0.069831 -0.50772 1.4913 1.4243 0.25164 -2.3694 -1.6859 1.7839 0.43195 2.1656 -1.5541 0.045261 -0.59605 -2.461 -0.70943 0.097374 1.8012 0.23798 -0.38464 -0.25025 0.48631 0.027426 1.518 0.17949 -0.48183 0.95213 0.25307 0.52915 -2.6166 2.6826 -0.06379 0.16317 1.1909 2.3313 
licorice -3.0677 0.88505 -0.5387 -3.3425 0.44071 0.33461 2.5073 1.1998 -0.72065 1.3554 2.1947 0.974 -0.076551 -1.8643 0.68114 -2.0049 1.1473 1.996 0.57413 0.18978 0.40819 -2.4739 2.6685 0.52657 -1.6298 -0.83344 1.8117 1.5136 -2.2294 0.8421 0.37625 0.62379 -0.25418 -0.34417 0.49944 -0.013123 -1.0123 1.4641 -1.4564 -0.82092 -0.14514 -1.1983 0.40359 -1.0131 -2.33 -0.88596 0.81574 -0.9619 -0.8243 3.3229 2.8606 0.085327 0.71375 -0.54009 1.1474 -0.58598 0.12063 0.46917 -0.40821 0.3467 1.2448 -0.7831 -1.5231 0.55984 1.0604 1.1466 2.3917 -1.2395 -0.076906 0.73653 0.3478 -0.021065 -1.1064 -0.79214 0.43366 1.1116 -0.39139 0.040758 1.2602 -1.6144 1.3431 1.6884 0.99753 0.60042 -0.23446 -1.5098 0.71572 -0.40275 0.60499 2.0491 -1.8304 -1.1528 0.50045 -0.90683 -0.13544 -0.61646 0.64125 -1.0825 0.24878 1.9522 
pineapple -2.0668 -1.5397 0.74842 1.0331 -0.40335 -0.32719 2.7139 -0.38958 -0.97042 0.51157 1.8329 -1.214 -1.0816 -0.92547 -0.80847 -2.4822 0.0087418 0.21951 -1.3866 0.80097 3.1877 0.46407 0.70168 -1.0183 -0.24321 1.7673 0.79921 2.8096 -1.9946 0.11616 0.19566 0.9248 3.2566 1.869 0.51909 0.93377 -1.6248 1.6632 -0.27625 -1.0145 -0.22737 -0.69836 0.93496 0.87525 -1.5475 0.8597 0.098582 -0.85394 -0.64943 1.2093 0.88777 -0.57512 0.58217 0.84755 -0.27734 -1.4347 -0.47109 -0.89515 0.89675 -0.073961 -0.67193 -0.97032 0.19992 -0.065641 3.2171 1.2684 -1.7801 0.17855 0.24904 0.0081294 0.41374 -0.41971 -0.12316 0.71045 0.22534 1.3558 0.33563 -0.5077 -0.49828 -0.71601 1.1276 -0.7856 1.4423 1.6964 1.8988 -1.0933 0.4829 -0.50495 0.46479 -1.4343 -0.29586 -0.88505 0.74437 1.1936 0.1805 1.8576 0.99989 0.39726 0.18265 1.3372 
pine -0.26296 1.6719 -2.593 -0.59846 -1.1634 -1.0296 1.4178 1.2287 2.0316 -0.21671 2.7294 -0.070241 -0.73327 -1.7614 1.5533 -1.8672 -1.1528 0.77728 -1.335 1.8974 2.4781 1.1003 4.1991 -1.2592 -0.81708 -2.7339 2.2126 -1.7208 -1.2591 0.47553 -2.1866 2.1247 2.9973 -1.185 -0.50916 -0.47936 -0.84172 -1.8941 -3.3523 1.2725 -1.2263 -1.4431 0.40657 -1.3921 -1.9913 1.6377 2.0288 -0.88171 -3.1111 -0.97673 2.5637 -1.1315 1.6421 3.0246 -0.080394 -0.41385 0.40934 -2.041 0.52756 2.9349 0.33999 -1.9118 -0.18803 -0.23537 3.0335 4.841 -1.1308 1.5262 -1.2367 1.9676 0.99574 -0.4935 0.47029 -0.83935 -1.8389 3.3376 1.2707 0.13614 -2.0174 -3.4934 2.377 -0.35047 0.27317 -0.66826 2.887 -1.1038 0.60616 -1.4812 -1.0966 -1.071 -2.139 -3.2251 6.8176 -0.35301 -1.8496 -0.92779 1.5074 -0.1382 3.902 0.75496 
caramel -1.846 0.47158 1.3344 -1.3968 -1.5866 -1.6001 1.6121 -0.1972 0.30452 2.4249 1.032 0.18127 -1.9638 -0.54159 1.9083 -1.5749 0.91079 1.4683 0.72047 0.40894 0.84578 -0.79792 0.45558 -0.056447 -1.2502 -0.20786 1.5091 1.112 -0.90344 0.2865 -1.2527 0.86758 1.7065 1.3434 1.0963 0.88416 -0.61037 0.54836 -0.76665 -2.0829 -1.8242 -3.0468 -1.2093 -0.24665 -1.5487 0.63854 0.059444 -1.6522 -1.7326 3.4315 1.3524 -0.44721 0.67929 -1.4628 2.2413 1.0235 -1.784 -0.28395 0.21181 -1.5375 0.18088 -1.7384 -1.0698 0.69241 1.6669 -0.63433 -0.22855 -2.1673 0.28667 -0.85564 1.383 0.51625 -0.7494 2.0315 2.2426 0.70991 -0.20033 0.33738 -1.959 -1.6488 -0.97213 1.024 2.5263 0.43041 0.24737 -0.83771 0.93487 -1.719 0.71979 -0.24171 0.46792 -0.34406 0.17331 -0.57007 -1.181 2.7391 0.034128 0.66122 0.98847 0.8061 
strawberry -3.3686 -0.46599 0.45022 -1.4342 -0.89607 -1.4925 1.597 -1.1197 -1.393 1.0229 2.4648 0.45298 -0.46926 -0.091662 -0.34469 -0.96132 1.4218 -0.080674 0.02534 0.66865 2.4772 -2.1924 1.4715 -0.4254 -0.36439 0.4645 -0.23908 2.1253 -0.71614 0.72211 -0.22979 1.2622 2.3794 -0.29705 0.46451 0.68428 -1.8729 1.6722 -1.1358 -1.9824 0.19995 -0.80064 0.57842 -0.65793 -0.30829 -0.35909 -0.28863 -1.8407 -1.0891 1.6874 1.1445 0.12386 0.54174 -0.6218 -0.65561 -0.7066 -1.1176 2.8648 1.7451 -1.7494 0.33177 -1.7962 1.627 -0.68828 3.0505 0.9957 -1.1561 -1.1073 0.91655 -0.11603 -0.28057 -0.93825 -0.46706 -0.69877 0.12726 1.5568 -1.2937 -0.174 0.57724 -1.5903 -0.15508 1.5944 1.2893 1.3074 2.3759 -0.74466 1.3378 -0.22359 0.97805 0.13108 -1.087 0.088185 1.0997 0.36689 0.63748 1.0007 1.4129 -0.20212 0.57175 1.6212 
rubber -2.9603 0.65929 0.17315 -3.2725 -1.0097 -0.062875 2.6017 2.7606 0.67447 0.040494 1.6145 -0.0037454 -1.4538 -0.058357 1.8647 -1.9122 1.1486 0.41133 1.1189 0.73178 0.57251 -0.17968 0.21127 -3.4127 -0.52094 -1.132 1.9229 -1.1892 -0.54324 0.9143 -1.6536 0.99287 0.87245 0.056646 0.93352 -0.74874 -1.3064 -0.73693 -3.3357 -3.0983 -0.68514 -0.27927 2.5841 -0.18223 -0.66443 -1.3836 -2.5524 1.3872 -0.65605 1.4099 0.99109 -0.31536 1.8317 -0.74376 2.7642 -1.9276 -1.455 0.86783 1.5227 0.23169 1.3879 -1.5492 -0.71694 0.99147 2.6815 2.7972 -0.93136 -0.52189 0.49945 0.55584 0.66872 -0.24581 -0.62023 -0.6289 0.38329 1.0148 2.3467 2.2413 2.0993 -1.2225 1.3401 1.1401 -3.9224 -1.0537 1.0045 -0.141 0.15852 1.5313 1.8538 0.47153 0.32579 1.4217 -0.67144 0.1579 1.561 0.3058 3.3836 0.06509 1.1777 0.7469 
geranium -1.0701 1.9875 -1.1672 -1.1011 1.9833 -0.28937 1.0471 0.44329 0.78131 0.065725 0.99246 -0.48657 -0.27119 -3.3527 -1.748 -0.62479 -0.027956 0.9714 -0.063905 0.077739 0.84351 0.67099 1.2064 1.9119 -1.2415 0.50131 -0.18906 0.47908 -1.6105 1.3114 -0.86152 -0.49396 0.028007 -1.3798 -1.2684 0.054488 -0.81682 -1.4733 -0.42759 2.0324 -0.35198 -0.41321 1.0495 0.81542 -2.7273 -0.30899 0.020767 0.97969 -1.3797 -0.79069 1.7291 1.5882 -0.18368 0.92826 0.65434 0.40619 -0.59079 -0.073747 -0.075379 0.58805 -0.63359 -2.0621 0.86639 0.4638 1.7215 2.9946 -0.1242 0.19549 0.91395 0.19479 0.80701 -0.27182 -1.9506 1.2108 -2.7348 -0.032959 -1.5667 0.51813 -1.6201 0.087679 0.55353 -0.66696 -0.55896 -0.069302 -0.90159 -0.25066 -0.33235 0.37163 -0.092684 -0.11029 0.20497 -2.705 4.3781 0.64863 -0.89103 1.3029 0.12584 0.17567 1.3075 0.77813 
grape -0.317 -1.9675 0.18308 -1.9444 -1.1202 -2.6935 2.6255 -0.40066 -0.94221 0.087633 2.72 -1.507 -2.1739 1.7859 -0.59934 -2.0578 1.7322 1.2375 2.443 4.3838 1.0426 -1.5444 2.9959 1.0989 1.1547 -0.15333 0.27497 3.7133 -0.81104 3.6028 2.3522 1.0005 2.2797 -1.554 1.1877 1.3268 -2.2237 0.36969 -1.295 0.13972 1.3734 -0.038658 1.7689 -0.03801 -0.13652 -1.6605 0.31658 -2.0097 -3.9547 3.6281 2.2238 0.54131 -0.97963 1.4697 -0.2699 0.42364 2.8571 1.2098 -1.0046 -4.8512 -0.74559 -1.6501 1.9377 -3.1141 2.7388 -1.5132 -3.5766 1.1824 0.70664 0.96853 1.1846 -1.0347 -0.26882 -2.4438 0.97226 1.3083 -0.21352 0.46391 1.5512 -1.4557 -0.34684 1.666 -0.045693 2.5198 1.4351 -0.80099 3.3807 1.1403 0.4674 3.8251 -1.3612 -1.1552 2.6636 -0.73034 0.076165 0.47481 0.45589 -1.9516 2.697 -3.5522 
anise -2.7278 2.5471 -1.3943 -3.4348 1.0118 0.11381 1.1898 1.576 -0.61602 0.92154 0.24518 1.2385 -0.025907 -4.3136 -0.63957 0.95994 1.8639 1.2732 -0.43134 1.0154 2.4925 -2.2388 2.7712 2.3845 -2.2077 1.578 0.71461 2.6657 -2.2814 1.8033 -0.94011 1.5012 0.6591 -1.1866 0.53504 0.56366 -1.186 1.3323 -1.6491 -0.7529 0.93369 -0.53104 -0.22221 0.36186 -3.0348 -0.5222 0.25249 -1.3441 -4.2689 1.9686 3.7797 1.1341 0.062264 0.78839 0.9644 -0.04631 -0.59872 1.2951 -0.38081 0.87307 -0.11283 -0.43864 0.71809 0.36243 0.96999 2.5136 2.2108 -2.1779 0.6482 1.0987 0.28045 -1.0061 -1.9298 1.1132 -0.48103 1.1637 -0.068943 1.0638 -0.12183 -1.5238 1.7758 0.38528 3.4291 1.0051 -1.7606 -0.67182 1.3498 -2.2882 0.14645 1.7066 -1.482 -0.90115 2.5452 0.48797 -0.76338 1.7441 -0.0021404 -0.8086 1.0646 1.7265 
hay 0.58479 1.8328 -2.4423 -1.7824 -3.2493 -2.7461 1.4865 5.452 -0.89196 0.17439 0.89061 -1.7198 -3.9106 -4.2571 0.15905 -2.328 0.95411 1.2882 -3.1159 1.4031 3.0707 -1.444 2.2022 1.5308 -1.8844 1.2904 0.093255 0.26065 -0.8381 5.5756 -3.3212 -0.64165 3.2057 3.0009 -3.3841 -0.50826 -3.7366 -1.4166 4.7542 -1.5392 0.28592 -4.4677 -0.84277 -1.4378 1.4441 6.3427 3.5229 -0.82376 -2.2269 2.1224 0.027821 -4.2834 -1.826 1.9678 4.3771 0.60594 -0.75607 1.0671 0.071695 1.7647 1.6177 -5.7084 0.37715 1.2403 7.7018 -0.66901 1.6383 0.68475 -1.0029 1.648 1.7428 -1.0161 0.71731 0.69541 1.5976 -2.1147 -1.5035 1.1722 -1.1044 -4.7951 2.2904 2.0837 -4.4761 1.3638 0.62505 3.6711 -0.24303 3.4832 0.041676 -2.8317 -2.8271 -4.3895 3.757 0.3767 -2.1604 6.7975 6.2012 -0.9501 3.4028 0.31062 
grass -0.65189 0.40338 -2.7966 -1.7684 -0.80843 -2.1626 3.2763 1.187 -2.798 -2.2995 1.9914 -0.95355 -1.7715 -1.6186 -0.40092 -2.0376 0.9411 1.5302 -0.64848 2.1055 2.1727 -0.73761 0.20936 -0.31221 -0.81533 0.17928 1.9825 -0.12825 -2.7675 2.7731 -2.1469 1.2235 1.9485 1.4532 -2.0697 0.90382 -3.0126 -1.3064 1.9503 1.1643 -1.1289 -1.5622 2.266 -0.41124 2.3676 1.3556 4.3581 1.1025 -0.84638 1.3355 1.7539 -1.0977 -2.1114 1.2495 0.40582 -2.7927 1.0193 -0.035539 2.2094 0.62657 1.4416 -3.2852 0.56174 -0.28336 3.6072 0.25411 -0.3517 2.6217 -0.37501 1.8473 1.4873 -0.87074 0.013352 0.1148 -1.6244 1.3125 1.7319 -1.3335 -2.4768 -1.967 1.8761 1.6774 -2.951 0.086402 0.99525 3.1483 -0.97429 -0.29171 0.91781 -0.30405 -1.7365 -1.6639 2.6416 2.0685 0.26125 2.0223 3.1932 -0.53999 2.1921 -0.75095 
rum -0.79059 1.9609 4.5107 2.5254 -4.3684 2.2867 4.6033 -0.14195 3.181 2.2592 -0.5197 -1.6958 -1.8945 -1.7365 -0.5337 -3.8705 0.2429 0.83449 -0.77062 4.1369 3.4937 1.931 2.6023 2.5774 0.81765 1.4807 2.6513 3.1258 -0.67642 5.2273 -2.5312 6.5201 0.82622 -0.01923 3.0801 3.5193 2.9034 0.48595 -0.18289 -2.6368 1.8276 -5.1512 1.6357 -1.3528 -4.6333 -0.87213 -4.9262 3.2831 -3.3877 1.7069 0.80124 -2.2367 1.8382 -0.28037 2.4719 4.1849 -6.8136 -0.073029 -0.66828 -0.49467 -3.3051 -2.0328 -0.59396 4.3707 0.98989 1.1699 2.317 -0.56862 1.517 5.5507 3.8433 -0.37988 -1.9328 0.76013 1.4307 4.3459 -2.012 2.532 -2.4632 -0.96169 1.7671 -1.3386 5.8264 1.0502 4.1817 -2.2941 1.2518 -0.222 -4.6914 2.672 0.99608 -1.8389 4.9873 -4.0786 -5.0382 3.4284 -3.1479 -2.8951 2.7989 0.13656 
animal 0.31986 1.9832 2.0761 0.10876 -4.1017 -0.50308 0.01229 1.371 1.0195 -2.8342 -0.84196 0.77722 0.041792 -0.8799 -0.21155 -1.0435 1.32 -0.84391 -1.0667 -0.41097 -0.60845 -1.3701 -2.1496 0.1363 1.6015 -2.14 -0.8567 -0.16603 0.69449 1.1601 -0.7587 -1.1272 -1.7262 -1.5176 0.69708 0.074959 -1.1648 -1.6487 -0.77716 -2.4505 0.73714 0.62672 -1.9203 -1.1706 0.12934 -0.55358 2.8286 -0.44115 -0.3864 -0.65117 2.0367 -1.225 1.869 0.54858 2.9866 -1.2488 -0.25473 1.8142 -0.32801 -1.5068 0.59544 -1.9537 0.1757 1.7557 2.5931 2.3503 1.4088 -0.38748 -0.77578 0.89002 1.3353 -0.21785 0.60422 0.014477 0.11569 1.1572 0.66444 2.2335 1.3219 -1.8279 -0.3094 3.1528 -1.8647 3.2977 -0.83962 1.1843 0.46492 1.2614 0.048349 -1.2667 -0.97763 -2.8999 1.6321 0.49126 -0.20885 3.1828 2.0827 0.39062 0.3958 2.6937 
tar -4.279 0.95919 0.28783 -3.8414 -2.4907 -0.7679 3.0653 5.22 -1.6547 2.2415 6.5945 -1.5944 -1.5807 -0.50271 4.041 -7.1776 4.849 3.2158 4.8467 0.74038 -2.0284 -0.18389 4.2084 -3.4206 2.4007 -4.4841 2.4985 0.31064 -1.3986 0.54248 -1.6039 3.9904 0.59989 -1.2407 1.3085 -0.11109 -0.98438 -0.86947 -2.3788 -2.9262 -1.2697 -2.0131 1.6612 3.8528 -2.3004 -2.9481 -2.8707 0.044446 -1.6056 3.5334 4.3633 0.19864 1.4172 -3.0543 5.9187 -0.16285 -0.072677 -0.20234 -2.4227 5.4682 5.6172 1.7355 -1.9522 0.44552 3.3553 6.2835 2.0125 0.060639 -1.7007 1.7442 1.3331 -1.6747 -0.34135 -1.5152 -1.1235 2.1617 3.6097 4.0847 4.233 -2.4808 1.123 2.1688 -1.1843 -3.3305 4.2031 -0.54933 2.1168 1.5966 -0.25515 1.2295 -4.7705 -3.8178 -0.33136 -0.035712 -0.44658 -1.6103 6.0527 -0.61953 1.3739 6.6108 
banana -0.8797 -1.0042 -0.58014 -0.46871 -1.564 0.078036 1.4863 -1.2649 -1.5193 -0.022086 1.3781 0.48064 -1.8044 -0.57094 -0.71577 -3.12 0.04112 0.68186 -0.50346 1.1706 3.3764 1.1706 0.97728 -2.0112 -0.13914 1.7112 0.33203 1.3589 -3.7037 1.851 0.029239 0.70154 3.3123 2.9653 0.16747 2.1012 -1.7157 3.4865 -0.63175 -1.4056 -0.45304 -0.6212 1.6329 0.32526 0.45613 -0.013631 0.73309 0.013221 -2.2607 1.8909 1.0958 -0.080824 0.5276 -0.61054 1.0465 -0.60299 0.22466 -0.75519 0.33667 -1.5433 -0.48646 -1.6205 0.37245 -1.8333 1.0951 -0.80506 -1.8649 -1.5257 0.36243 0.67141 0.54928 -0.33445 0.43507 1.3435 -0.39028 0.67281 0.75433 -1.3149 1.1603 -1.8431 1.19 0.50618 -0.02331 3.4588 0.19412 -0.25406 0.49886 -1.4157 0.084026 -0.37153 0.4924 0.86186 -1.7645 -1.0342 -0.45528 3.104 0.68011 2.0995 0.5652 0.023022 
fish -1.2136 -3.1144 3.1349 0.48495 2.0761 -2.3055 2.3681 0.081092 0.64654 -1.8539 -1.7314 -0.05605 -1.0975 4.1288 1.8919 -2.4902 -0.82198 -3.8739 -1.245 1.5973 0.60269 1.2526 2.1809 -1.877 0.98218 -2.9675 0.62405 0.31949 0.02553 -0.054435 -0.27124 -0.88156 -0.85836 1.9782 -2.2346 3.848 -0.82411 -1.5306 1.3661 -2.5952 1.3807 0.7341 0.57214 1.1143 -1.4394 0.75902 1.2879 -0.5931 2.2998 -0.80747 0.59541 -0.12606 2.4522 1.3926 2.1016 1.3016 1.3658 -1.4639 1.0374 -2.8576 4.2666 0.27407 0.27472 1.9957 2.8694 1.8843 -2.6319 -0.74067 -0.33523 5.7217 -1.3366 -0.87256 -1.561 1.9708 -0.36004 -1.3913 1.8393 -2.0233 2.4169 -0.7617 2.5405 4.2482 0.61962 3.1318 -1.1178 2.3875 -0.25369 -2.2607 -0.090011 0.18519 1.5965 -1.5741 1.9438 -3.2779 3.2433 -3.0508 4.465 1.2358 -0.6359 -0.85176 
raisin -4.4669 0.93149 1.4139 -2.7262 0.32914 2.1413 3.1793 -0.93749 0.61364 -0.191 3.8256 0.75593 -1.6587 0.62125 1.7071 -3.1279 0.30378 3.1518 2.4239 0.19335 0.87923 -0.72527 1.3384 -1.1898 0.14571 0.23738 2.3593 1.7913 -1.84 0.74009 -0.6021 0.85511 -0.43258 -1.1209 0.25104 2.0659 -1.0785 2.5745 -1.4327 -1.6633 -0.52573 -0.86017 0.32292 -0.066871 1.1289 0.14856 2.8863 -0.9107 0.35367 4.5007 1.2647 -0.93901 -0.73304 -1.6898 3.3092 0.3138 -2.2324 0.9188 0.91282 -1.722 -0.17239 -2.1599 0.32231 0.53274 -0.26939 -0.20466 2.6226 -0.70671 -2.248 -0.13885 1.5254 -0.44448 0.44647 0.53231 1.2517 0.63168 -1.1644 1.0682 0.047869 -1.746 -0.49768 -0.25173 1.297 2.342 0.89174 -0.35901 0.18927 -0.2249 -0.2269 0.79773 -2.6484 -1.2747 1.2063 -0.70418 0.88917 3.1361 -0.70053 1.383 2.591 0.10133 
mushroom -2.4499 1.3583 0.89703 -1.0409 -1.7591 -0.21576 1.4189 0.32844 -1.8699 0.16943 2.9857 0.71204 1.4072 1.1414 0.7921 -1.4711 1.1272 0.20143 -1.6612 1.1036 -0.43347 -2.2215 2.0627 -1.1707 -0.45068 -0.73325 1.3907 1.9139 -0.58108 1.1229 -1.0863 1.1955 1.959 0.76282 -1.3506 0.94711 -1.3594 -0.21084 -0.18276 -0.31141 0.42259 -1.3069 0.42327 -0.6457 0.59 0.73314 2.4073 -1.5203 0.46389 0.09925 1.7308 0.48696 -0.94912 -1.2246 1.3276 0.86246 -1.2314 2.4831 0.72804 -0.88298 -0.24772 -1.4626 -0.64366 0.10837 1.445 0.71229 0.54954 -0.0071989 0.30303 -0.04925 -0.23995 -2.8992 0.022153 -0.58412 0.84454 0.52718 0.028786 0.0045539 2.5124 -2.8678 0.213 3.6124 -2.1603 0.81451 -0.68471 0.64141 -3.0523 1.1801 0.46492 3.4887 -0.19096 -1.2069 1.1887 1.3875 -1.5621 -0.014636 2.6564 -2.176 1.2919 2.028 
eucalyptus -1.4066 1.5417 -0.80953 -0.96608 -0.23865 0.80012 0.40642 1.2933 0.3173 -0.055149 0.6888 0.16198 -0.61927 -0.91475 -0.32018 -0.76862 1.0337 0.71671 -0.8788 0.68041 0.61109 0.28552 2.4784 -0.10836 -0.93346 0.19876 1.6653 -0.12587 -1.3142 1.4489 -1.0247 1.4704 1.2128 -2.2108 1.8488 0.8195 -0.52526 -0.64973 -1.5393 -0.61257 -1.1701 -1.5178 1.1759 0.52312 -1.0686 0.2189 1.1992 -1.2563 -1.2004 1.3057 2.5591 0.19906 0.71029 0.91922 0.12031 0.70798 -0.29052 -0.3249 -0.39581 0.20725 0.88151 -1.3805 0.38676 -0.21738 1.1197 1.1799 0.59988 0.33222 -0.096588 0.91052 0.8735 0.52515 -1.1703 -1.9186 -0.39705 1.3736 -0.15819 0.3111 -0.39374 -1.3146 1.5154 0.39705 -0.023564 -0.46303 -0.41028 -0.33886 0.11002 -0.413 -0.83181 0.5302 -1.2443 -0.19475 2.879 -0.19877 -1.673 -0.30375 0.31519 0.26981 1.5404 0.59236 
bread -0.23285 -0.11254 -0.36436 -2.4218 0.71196 -2.6886 1.5169 0.40086 -0.19272 2.6917 -1.4819 -0.67776 -1.6993 3.0953 0.10289 -1.8926 -1.9996 1.8322 0.037379 1.5135 0.79401 -2.0329 4.1538 -2.2097 -1.8717 0.84397 0.32965 1.5374 -3.0778 -0.096397 0.3818 -1.8942 1.7225 1.6094 -0.50948 1.0898 2.3253 2.5654 1.9115 -4.1068 -2.7616 -2.3582 -0.97014 -0.79696 -1.7549 2.8071 2.2088 -1.9978 -0.12763 -2.203 0.011668 1.6457 0.85664 -1.6424 0.54891 -1.1385 -2.0655 3.2959 -0.99467 1.3156 2.3462 -2.314 1.5656 2.0434 0.74719 -0.80428 -0.16228 0.85643 -0.73106 0.94021 -0.090295 -1.2305 -1.8938 4.7632 1.5964 -0.99873 -0.21424 1.275 0.53396 -4.8181 1.3807 0.39082 0.25582 3.6494 1.5815 1.7791 -0.61359 0.66512 0.7925 2.0988 -0.38971 2.2247 1.4964 -0.15705 0.2003 2.2135 1.787 -1.1517 -0.31372 0.74076 
urine 1.2926 1.4484 -0.47383 1.9177 -3.4297 -0.7825 -1.1043 0.86641 -2.0314 -1.5019 0.54315 0.93505 -1.9123 1.8806 1.3955 -1.1507 1.3829 0.95578 -1.2497 0.89094 -1.0181 0.85224 0.67905 -0.57292 -0.95112 -2.3004 1.619 0.56827 -1.2918 0.84556 -1.9924 -0.31803 2.0005 2.9158 -1.8653 -0.59903 -1.1384 -2.2594 0.58563 -2.2131 1.3081 0.11051 1.5096 1.0729 1.3657 -0.050248 0.88614 0.19817 0.84143 -2.488 1.2679 -1.8457 2.7633 -0.89279 3.1695 0.70372 0.62193 1.251 1.3676 -2.9008 0.53217 -0.072159 2.0737 1.9309 1.4566 1.5818 -0.027014 -1.7076 0.15301 1.9038 -1.2753 -1.1427 -2.3589 2.5995 0.44727 -0.33275 0.1306 -0.056194 -0.22631 -0.55655 0.055558 1.7648 -0.80989 0.85559 -1.6178 0.14995 -0.58086 0.37782 1.6196 -0.97115 0.86775 -2.3862 3.3101 -0.064379 -2.5091 0.33911 2.0483 1.4151 2.4553 -1.2864 
cucumber -0.58432 -0.78633 -0.9879 0.74308 0.66727 -1.7115 0.5402 -0.027037 -1.1292 -0.33253 0.067388 -0.081298 -0.78788 -0.59021 -0.0009397 0.74956 0.75338 -1.0148 -0.70814 3.2412 1.2807 0.56675 2.0621 -0.23437 -1.011 1.6887 0.65689 1.756 -0.94332 -0.091719 -1.3296 1.4467 2.478 1.542 -1.3686 0.76622 -2.0812 -0.46756 0.30186 -0.28571 -0.82049 -2.2751 1.1318 -0.58016 -0.97804 -1.4038 1.158 0.16125 -1.5942 -0.35224 1.301 0.74863 -0.2012 0.13476 -0.32616 -0.57164 0.078726 -0.96232 1.3893 -0.99729 0.63508 0.13625 1.5451 -0.56497 1.3698 0.96644 -0.85886 0.28306 -0.37381 1.6845 -0.14703 -0.8153 -1.1032 -0.00033689 -1.4495 0.32406 -0.58051 -0.40052 -0.63917 -0.11263 2.1674 -0.024885 -0.64306 1.2719 0.23002 0.49113 -0.0050548 -1.0152 -0.87523 0.71546 0.5118 -0.048538 1.8935 0.16219 -0.24937 0.10629 1.0077 1.8993 -0.913 -0.091783 
popcorn -0.5838 -1.4421 -0.19412 -1.3119 -1.3802 -1.9706 0.85226 -0.5981 -0.40845 -0.032705 -1.0389 -1.1149 -2.0164 1.9237 1.7952 -0.65762 -2.0338 1.3857 -0.61334 0.1107 0.57849 -0.31413 0.36089 -1.6095 -2.1355 1.5029 1.2963 0.73695 -0.78488 -1.8872 -2.9958 0.1751 1.4232 2.7945 0.33396 1.8737 -0.13596 1.5648 -2.3799 -1.9763 -0.29533 -1.5107 -0.62531 -0.25827 -2.0309 0.86695 0.9598 -2.8069 -0.73205 1.8473 1.8735 -2.8282 0.6108 -1.9071 1.3381 1.6449 -1.1963 0.32396 -1.5612 -0.28572 1.525 -0.65131 -0.55696 0.04516 2.0474 -1.7324 -1.1351 -1.2497 -0.40649 0.41622 -0.57886 0.40299 -0.024273 2.5522 0.27778 -2.4724 1.9549 0.0068653 0.20699 -1.2375 -0.87549 0.83316 -1.2778 2.0323 1.7243 0.53047 -0.8949 1.0766 -0.70202 0.82247 1.0275 1.9737 -0.6535 -0.90625 0.96672 0.9334 1.3482 -1.0215 -1.3284 -1.6365 
syrup -2.5674 -1.0752 -1.2632 -1.3924 -0.83948 -1.6451 -0.8999 0.73735 -1.2318 0.94666 1.4387 0.51288 -1.9267 0.9692 -0.88473 -3.3081 1.5318 1.2368 2.9852 0.38616 1.2694 -2.1432 3.3221 -0.40358 -1.9121 1.3364 3.5105 1.2908 0.034122 0.045184 -2.5271 0.65368 0.92831 1.3828 0.45205 0.94287 0.69662 1.2674 -0.87049 -2.0953 -0.44694 -1.8462 -2.8692 -1.0109 -0.56839 -0.28248 -0.73495 -2.6033 -1.4174 2.1906 0.0087509 -0.055669 0.48401 -0.052046 2.3671 0.40488 -1.9046 2.6655 1.4087 -4.2002 2.5603 0.011535 -0.5584 0.97115 -0.037472 0.6802 -0.42934 -3.0407 0.38443 2.1741 0.89073 0.21726 0.78528 3.8259 0.99153 1.757 1.6406 1.0995 0.0060229 -0.86042 -0.22806 -0.23745 2.2874 1.9193 0.6086 -2.0242 3.2754 -2.2906 -0.033304 0.85635 0.4293 -1.0642 1.9307 -1.1696 -1.3245 2.4606 -0.098739 -0.3794 -1.2196 -0.54373 
cheese -2.2319 1.6422 3.6245 -1.1288 0.13578 -2.2746 1.9588 0.94064 -3.3653 1.0015 0.93142 -0.99927 -1.3365 2.2981 1.2791 -1.164 -2.1485 0.51095 -0.46904 -0.6685 -0.16467 -0.30466 0.77216 0.5711 1.3717 -1.2076 0.70396 2.023 -1.5803 1.0323 0.5449 1.4151 1.3551 -0.033918 -0.7715 2.1488 -1.3075 0.19145 -0.1288 -4.2371 -0.032621 -0.76401 0.36019 1.1488 0.35965 0.39593 -0.82898 -0.69279 2.1388 -2.0786 -1.4913 0.29588 0.2896 -1.2418 1.2876 -1.8655 -4.1571 2.3734 1.2348 -1.4329 2.5984 -2.545 -1.2721 -0.17959 3.6672 -0.3971 0.93304 -0.63153 0.79118 2.1108 -0.255 -2.2502 -2.4963 1.0649 0.25328 -0.54452 0.67617 -0.11671 2.1443 -3.1652 0.14005 0.53901 -0.96804 2.3069 -0.34706 1.0509 -0.22637 0.51167 1.6936 0.77042 0.30134 -2.1237 0.61973 0.0171 1.6253 1.9422 1.2046 -0.5369 0.6786 -1.4181 
gasoline 0.33192 0.2549 -0.054526 0.78951 -1.2748 0.68347 -0.10761 3.0747 -0.36026 -1.7905 -1.244 -0.3974 -2.0308 -1.4806 -0.72967 -2.7065 0.74525 1.6502 0.35598 0.96107 -0.39219 1.2098 -0.20367 -2.0943 -0.52616 0.51721 1.8973 0.092277 -0.019877 0.98232 -0.1476 0.74924 2.2009 2.0231 1.097 -1.3258 -0.94626 -0.88466 -2.9276 -0.49917 0.11726 -0.062009 1.8779 -0.97758 -0.49968 -0.050174 -0.79774 1.3121 -1.1629 -1.0934 1.8152 -0.1249 -0.58643 -0.92994 2.2775 -0.081031 -0.35282 -0.59839 -0.41268 0.16811 0.39116 0.46306 1.4919 0.92509 1.7543 2.9234 0.14289 -0.51479 -0.52098 -0.24439 -0.45137 -1.552 -0.56069 0.98657 -1.6023 0.6042 0.90444 1.5592 -0.68578 -0.62394 1.2469 0.61257 -1.6932 -1.6505 0.25764 -1.3829 1.1032 1.5594 -0.94385 -0.92158 0.060088 0.13861 0.23656 0.22522 -0.35601 0.7292 2.2722 0.1164 1.5993 -0.3212 
peppermint -1.5464 -0.5 -0.59433 -1.0948 1.4279 -0.4575 1.56 0.56619 -0.63589 0.72777 -0.48751 0.24269 -0.69579 -0.69903 0.27477 -0.29703 0.49979 0.73978 0.12524 1.147 0.90129 -0.81744 2.502 -0.22924 -1.2619 0.82386 1.7256 1.4952 -1.1951 0.54855 -1.8129 0.22391 0.38549 -0.77881 0.67404 -0.15273 -0.72636 0.36719 -1.1673 -0.68032 0.21443 -1.7505 0.83916 0.50262 -1.9667 -0.46349 1.6 -0.86632 -1.6637 1.6787 3.1745 0.21007 0.97959 -0.55637 -1.2271 0.36431 -0.47946 0.52681 -0.41444 -0.28599 0.84734 -1.2917 0.92903 -0.65076 1.7506 2.0957 -0.76584 1.2044 1.2199 0.99989 0.33234 0.0518 -1.309 -1.734 0.17008 -0.0099662 0.72182 -0.1091 -0.01952 -0.097314 1.2344 0.35271 1.4781 0.48082 -0.30362 -0.83017 -0.71971 -1.6451 -0.41737 0.37451 -1.135 -0.11171 3.114 -0.85763 -1.9932 -0.024996 1.2459 -0.60017 0.95463 0.086998 
paint 0.90314 -0.04828 -0.42281 -1.0083 -0.85717 1.4613 -2.2144 0.93072 1.2061 0.24985 0.37491 1.0249 -2.0664 0.15678 -0.59209 -0.25858 -1.5882 1.8821 1.8501 1.3651 3.4878 -3.5105 -1.1706 -2.8577 -1.7667 -1.9243 0.64548 -2.133 1.176 3.9696 -0.48761 0.42332 0.4233 -2.7553 -1.918 -0.024264 -4.1441 -0.22758 -1.3555 1.8403 -1.8433 2.1219 2.6234 -2.6941 0.077935 -1.903 -1.8976 1.0535 -1.0473 -0.60136 -2.5076 -0.50579 -0.44702 -1.8161 1.8896 -2.8873 -1.8299 2.2375 1.2831 -0.7058 2.322 -1.2724 2.645 -0.19257 1.9067 2.2278 0.86428 3.079 1.1432 -0.48514 -0.36956 -1.081 -0.59932 1.4363 -1.2284 2.5312 2.9149 -1.313 0.20705 -0.89083 1.2465 1.2159 0.49798 0.31032 -0.6493 0.35722 -0.84872 0.76893 0.67498 -0.94527 -0.68254 2.2532 2.2625 -2.1817 1.4045 1.8047 2.8777 -0.58909 1.9809 -2.4047 
detergent 0.082015 0.22331 -1.111 -0.0093672 -0.79611 0.86117 0.013295 0.8978 -0.56702 0.11359 -0.59789 2.7768 -0.25846 0.29387 -1.1691 -0.58769 0.024754 0.10585 -0.85836 1.4636 0.0041652 0.36906 0.59143 -2.829 0.049555 -0.024104 -0.18305 0.44511 -0.53784 0.95551 -0.54335 -2.8571 -0.45914 0.4332 -1.0966 1.2047 -0.068534 -1.4836 -1.3236 -0.026448 -1.7305 1.0519 0.66424 -0.13714 -0.33346 0.59437 0.87919 0.63106 -0.80373 -1.6968 1.6492 0.63148 -0.38976 -0.78926 1.2596 -0.99054 0.70374 0.35071 1.3092 -2.748 1.1374 2.0922 -0.038603 2.1972 0.61807 0.93198 -1.1867 1.5233 -0.88249 2.383 0.40185 -2.1623 -0.64361 -2.0225 -0.82817 2.1772 0.55834 0.11826 0.3348 0.56184 0.38442 0.71811 -0.72464 -0.29783 0.30677 -1.0264 1.4546 -0.61198 -0.217 -0.84387 1.6091 0.57418 3.0433 -0.72658 -1.3533 0.58069 0.015207 0.42361 -1.421 -0.51909 
celery -0.95816 1.1341 0.076643 0.64973 -0.11813 -1.6262 0.9649 2.8065 -0.97006 -2.1504 2.6073 -0.43391 -1.0796 -0.68338 1.3426 0.7533 -0.018512 0.076292 -2.1643 2.1206 1.4065 0.97315 1.2315 0.22101 -1.4996 2.7041 0.13045 2.3806 -3.4996 -0.58871 -1.0786 2.2548 2.9997 -0.33932 -1.4145 1.8253 -1.1676 2.6075 0.39808 -0.42099 -0.82124 0.056395 0.30554 -0.43765 -1.3065 -0.095273 1.7154 0.54841 -1.883 0.3655 1.7404 -0.080094 -0.51564 1.8669 0.55212 0.38791 0.37593 -0.98326 0.50376 0.66776 1.8351 -0.1186 1.6037 -0.30256 2.6907 2.4861 0.57235 -0.33939 -0.10568 0.77158 0.37287 0.065556 -0.98292 0.36209 -0.49367 0.45134 1.2736 1.1187 -0.26471 -2.2799 2.5922 0.46574 1.5114 -0.028389 -1.0711 1.2306 0.081356 -0.44443 -1.1717 0.98034 -0.81316 -0.76466 1.8867 -1.3472 0.91245 0.82171 0.91459 1.1767 0.49816 -0.060421 
blood 1.0031 -0.72374 -0.37523 0.08479 -3.1441 0.037275 0.21685 2.3584 0.032676 -1.6566 0.92506 -0.76904 0.51028 2.6877 0.83229 -1.3437 1.5554 0.22497 1.5717 0.71082 0.45791 -1.2535 -1.3686 2.0627 -1.1654 -0.0059331 -0.10915 0.017756 -1.3667 -0.91648 0.35458 2.2308 -1.4364 -0.87265 0.56308 2.216 -2.7518 -0.94854 0.44653 -0.090214 -0.38845 1.1295 2.4659 0.04319 -1.6663 -0.97149 -1.6222 3.1104 0.96616 0.74536 1.633 0.48516 0.61069 -0.047586 3.2588 -2.7957 0.45331 1.6446 1.2517 -1.1564 1.6344 0.12739 0.85658 1.63 0.99985 1.566 -0.29429 0.2811 0.54994 2.6014 1.1182 0.45677 -1.6209 3.7101 -1.1127 0.55247 2.7707 -0.15787 0.52757 -0.26897 -0.28469 -0.084122 -0.28373 2.1875 1.8431 3.3622 1.8028 -0.2722 -0.63122 2.4466 -0.81283 0.07835 0.17221 0.59655 -0.90485 1.1393 2.2938 -1.5238 1.8044 0.53366 
birch -1.1239 -0.0084983 1.9099 0.73393 -2.7002 -0.86385 0.55916 1.8269 1.3877 1.5668 -0.031925 -2.7479 -1.6886 -3.7918 1.3475 -2.8449 -0.73521 0.14622 -1.8268 0.87531 1.6279 -0.70652 1.3469 -1.5792 0.59864 -0.75787 0.62823 -2.4205 -2.5101 0.60031 -0.091939 -0.20368 -0.92569 -0.74465 -0.53677 -0.13786 0.26885 -2.3455 -2.5536 1.2711 -0.20453 -1.7159 0.44872 1.8645 -4.7614 0.20919 -1.5283 0.10954 -1.2712 0.73322 1.7317 -0.0004927 1.7735 1.2253 0.10537 -0.52526 -0.40545 -3.2436 1.337 2.8272 -1.1598 1.1021 -1.2619 -0.19438 2.3486 1.9733 1.1782 0.67032 0.07376 0.12191 -0.5726 1.8873 -0.45901 0.36829 -1.1692 0.33498 1.5611 2.8441 0.56633 -3.4117 2.8062 -0.84754 -0.64049 -2.6271 2.1137 1.3023 -0.1442 0.46964 -1.7995 0.36449 -0.58007 -3.3485 3.9496 2.0221 -2.0886 1.0469 1.6958 -1.1742 3.1427 1.7509 
vegetable -0.50907 -0.40968 0.49649 -0.50348 0.2267 -1.0323 0.84888 1.2687 -1.5776 -0.85655 0.11374 1.4022 -0.44893 -0.04646 0.95289 -0.17769 -0.22243 -0.0069446 -1.1646 2.9196 0.86964 -0.64371 0.40688 -0.58651 0.46869 2.3178 1.0562 0.37468 -1.9053 0.81533 -1.1311 0.93837 -0.77553 1.0041 -0.98766 2.7418 -1.4323 0.33024 -0.44137 -0.13741 -0.45208 0.99697 -1.4022 -0.39347 -0.044896 0.49104 2.2956 -0.24928 0.28413 0.0063411 1.2125 0.035663 0.5482 1.1485 0.68343 0.42491 -0.95206 -0.036434 1.2489 -0.65661 2.4752 -0.29228 0.20086 -0.39985 2.4007 0.1175 -0.16329 0.47817 -0.52242 1.5116 0.53225 0.19528 0.30446 -0.68919 0.48706 0.25036 -0.46876 -0.3268 -0.15317 -2.7546 1.4421 1.7426 -0.50121 1.6173 -0.20377 2.2664 0.3547 0.15528 1.1267 1.5893 0.25225 -0.59725 2.1103 0.11205 0.36955 1.8249 1.4588 1.0165 -2.0963 0.34361 
carrot -1.2766 -0.26551 2.9252 -2.3699 -0.28294 -3.1741 1.9809 1.9205 -3.4244 -2.0448 0.68449 0.66635 -0.53155 -0.010577 -0.14492 1.0568 -0.36516 2.9392 -0.11038 1.7861 0.33024 -1.3668 0.30692 1.5146 -1.6529 -0.33564 -0.096233 0.3641 -3.7648 0.70241 -1.4112 -1.0534 -0.24909 1.1309 -1.457 1.6985 0.080221 -0.042316 0.61003 0.43841 0.33063 -1.5578 1.2841 0.80486 -2.6779 -1.2663 1.568 2.5683 -1.4511 0.41728 1.8088 0.01611 -0.33004 0.12953 0.47323 1.4855 -0.27158 1.5877 1.4535 0.6877 0.036414 -0.043497 1.702 0.20511 3.3043 1.5117 0.74071 -1.9742 -1.1509 0.87961 -1.006 -1.7217 -1.3733 0.45287 -0.81104 0.37335 0.041198 0.90922 -0.44667 -1.8631 1.0508 0.53115 0.35663 1.4737 -2.708 2.6436 -1.2602 -0.87832 0.60391 1.7291 0.15322 0.90504 2.9191 -0.29992 -0.057579 0.80579 2.5295 0.097499 -1.0855 0.43925 
bark -2.5423 0.32814 0.99802 -3.0492 -1.878 -0.22864 3.7827 0.3652 -0.31708 0.31532 3.019 -0.052218 -0.54177 0.13083 1.018 -2.2143 -2.1991 1.7233 -2.097 0.88819 1.4335 -2.2085 1.8979 -0.042813 -0.056432 -2.9769 4.4816 -2.2447 -4.8888 2.046 0.61268 0.070045 -3.2695 -2.6207 -1.4963 3.9993 -0.05475 -1.2222 0.098127 -1.1068 -3.085 -0.38983 -1.8724 -0.35163 -0.28511 -0.30863 0.71983 -0.89367 -1.7476 0.17691 1.6057 -0.61563 0.39119 -2.9261 0.23361 0.63751 0.014998 0.58085 0.21199 0.15524 -0.083003 -1.7218 -0.67915 -0.25388 1.2997 1.2312 5.0241 0.33156 -0.51648 1.6222 0.32851 -0.84125 1.2123 -0.72598 0.25005 1.3902 0.48524 0.71845 -1.1858 -1.5837 1.4602 -0.91491 -1.0179 -0.2631 0.069084 1.9651 0.19986 -0.70004 0.51427 1.5227 -3.4589 -0.78923 6.214 -0.3611 0.017169 -0.58923 3.8568 -2.1555 4.1763 3.1674 
camphor -0.4135 0.91047 -0.89198 0.28384 -2.4528 1.5486 -0.24923 2.0825 0.89446 -0.23519 0.13045 0.97806 -0.71311 -1.232 1.5262 -1.2413 0.24239 0.67862 -0.33755 0.39084 -0.0024931 -1.5382 2.3252 0.24431 -1.7485 -0.060677 1.4653 -0.27007 -0.49198 0.5569 -1.7597 -0.81196 0.62687 -1.9186 -1.3151 -0.55907 -0.83713 -1.1043 -2.4126 0.74618 -0.80879 0.24341 0.25973 -1.8689 -3.3751 -0.48354 0.11596 0.45452 -0.76084 -0.5792 3.0737 0.031079 0.26688 0.10973 1.4423 -0.47371 -1.8404 0.40284 0.95205 -0.12826 0.35675 -0.41557 0.054155 -0.2708 2.1076 3.2227 1.0593 0.59269 0.015626 1.668 0.54509 0.31351 -1.9831 -0.38164 -0.33538 0.4167 1.1816 0.089221 -0.3728 -0.74834 2.1938 1.4204 -0.59098 -2.402 -0.87216 0.83309 0.8649 -0.003322 -0.83114 0.48128 -0.52122 0.044575 4.6786 -0.50696 -1.6505 0.76757 1.4767 -0.69346 0.47187 0.83227 
vinegar -0.15745 -0.60593 -0.64554 -0.89927 -1.551 -0.60031 1.7837 1.9604 -0.22477 0.24249 1.1865 0.6409 -0.48098 0.91023 1.574 -0.58081 -0.33023 1.1615 -0.93713 0.79846 -0.61184 -0.24446 2.0209 -0.33183 0.61822 0.0036378 2.8031 1.1515 -2.1999 0.14734 0.38528 -0.79735 0.44051 1.4079 0.19468 1.6071 -1.0242 0.71668 -1.6789 -1.2815 1.2477 0.053296 0.71575 1.1497 0.19479 -1.0775 1.4923 1.2965 0.60075 -0.86235 0.74283 0.67689 0.34674 0.030871 1.9156 -1.0108 -1.4675 0.62081 1.2002 -1.0723 2.4826 -0.17901 0.7545 0.86946 0.99076 0.67392 -2.5339 -0.74886 0.019537 1.682 0.17447 -0.87622 -1.3285 1.0225 -0.063529 0.60024 -0.23835 -0.70183 1.3071 -0.076274 1.8247 2.1333 0.5478 0.90005 0.50074 -0.13849 0.80545 0.7709 -0.62706 0.70447 -1.4355 -0.53972 3.5011 -1.3247 1.1536 -0.59948 0.5219 0.58189 0.35903 -1.0006 
cardboard 2.4914 0.43018 0.90673 -0.078356 -2.1965 -0.35659 -0.45321 0.27295 -0.70527 0.40714 0.11579 0.95202 -1.2109 -0.039539 0.64359 -0.27442 -0.16089 0.21637 -0.57907 2.1362 0.96084 -0.55727 2.0147 -1.8365 -0.6219 -0.54937 1.7209 1.4578 -1.4904 1.378 -1.1862 -1.5085 0.49074 0.44891 -0.62925 -0.62048 -1.8559 0.049124 0.76485 -1.3112 -1.4974 0.38565 0.36782 0.54941 -0.056101 0.5424 -0.26716 1.6213 -0.40194 0.30025 0.81715 -0.5209 0.24027 -0.54003 1.4973 0.81462 -1.9252 1.1511 2.2756 0.11135 0.97356 -1.1185 -0.21617 1.3928 0.58264 -0.28369 0.27472 -0.31093 0.20131 -0.0056101 -0.68421 -1.4777 0.30894 1.0998 -0.41874 -0.27462 0.16886 -0.19569 0.5508 -0.87723 2.003 0.45651 -0.76848 -0.36032 -1.131 -0.21072 0.25386 -0.10677 0.052379 0.087165 1.1092 0.6473 1.0332 -1.448 1.1373 -0.25481 2.5997 0.12234 0.90278 -0.5116 
ham -4.075 -2.0996 5.735 0.052183 -6.3658 0.29668 -0.48044 1.7112 2.6714 5.2298 3.6925 -3.0014 -1.5491 3.1176 0.74952 1.1785 0.26791 -0.069705 -0.80349 0.22559 2.3192 -2.1019 0.22737 -2.8791 1.3632 2.5292 -1.1574 -1.4495 0.87043 -3.0122 1.1262 2.0661 3.2377 0.34246 1.6266 0.39785 3.6026 3.0775 -1.8964 -2.0367 0.35407 -3.2846 -3.4739 3.0646 -4.0846 -4.3803 1.7664 -0.58422 -1.7855 5.1249 0.52196 3.1761 -1.1243 -1.876 3.4671 -4.6292 -2.713 3.3152 1.3482 0.85754 4.8635 -2.0576 -3.4013 -2.3195 3.7857 0.8132 6.2802 -1.7368 -0.035754 1.5716 1.3386 -5.3936 0.059109 2.7086 1.6879 0.32047 1.7128 -3.3828 2.5811 -2.7689 1.2498 1.7316 -4.4375 0.34275 0.14902 3.5965 1.2482 1.5881 -0.29252 4.2697 -3.0907 -3.5631 3.5012 -5.2299 1.1615 -0.40378 2.4927 -2.5974 -0.75318 1.0074 
peanut -2.7772 1.7084 1.1348 -0.76836 0.19501 -1.4821 0.67403 -0.58152 -1.3242 2.7681 0.8928 -0.53083 -1.789 1.55 -0.59212 -1.8234 -0.87257 1.3696 -0.2406 0.74848 0.67071 -0.91982 1.462 -0.075482 -0.50789 -1.6597 1.8032 0.53934 -1.0894 -0.23619 0.52083 -0.421 2.2921 1.5803 1.7353 0.95742 0.21691 2.5041 2.2382 -3.5205 -0.79096 -1.1845 -0.5814 -0.48589 -2.0988 0.95119 2.2439 -0.52084 0.36954 1.0927 3.9934 -1.4492 1.2103 -2.6547 3.3165 0.36189 -0.29883 0.2435 0.29171 0.096331 2.81 -3.4927 1.6364 -0.85414 1.8961 -1.5606 -0.14761 -2.1797 0.42602 0.62342 -0.45487 0.57045 -0.1759 3.1795 -0.53255 -0.20098 2.2094 -0.52637 2.4392 -2.2842 0.73945 2.3055 -0.72501 1.7204 -0.07591 0.66429 -0.13497 -0.54119 1.3892 1.8041 -0.15639 1.2779 0.20604 0.11016 1.8806 0.9601 2.1725 1.3703 0.84808 -0.46873 
garlic -1.3294 -1.202 0.8489 -1.0881 0.74951 -2.5504 1.4901 1.9695 -0.38493 -0.54948 -2.9693 0.17326 0.74577 -0.13625 -0.053507 -0.29585 -1.5817 1.4864 -1.3661 1.1829 -0.4203 -1.0175 2.4361 -0.56777 1.0374 -0.13234 2.8912 0.10414 -1.697 2.6837 -0.53762 -0.71771 0.66936 0.56812 -0.61297 2.003 0.18936 0.50555 -0.62958 -2.543 0.99375 -0.24813 1.1279 -0.20899 -0.80813 -1.1494 0.34491 -0.69135 1.5806 -1.8666 2.0845 0.18754 0.5068 1.1374 2.3316 -1.5863 -0.073285 0.0092741 -0.11498 -0.39102 3.6888 -0.37633 -0.38055 -0.52819 0.36608 2.8842 -1.9341 -1.5083 -0.60601 2.5181 0.9867 -2.5454 -1.5706 1.5365 -0.091849 -1.2107 0.57011 -0.55824 1.2933 -0.010707 1.3593 3.2338 0.30769 1.5152 -0.67979 1.5967 -0.1556 0.86702 -1.8689 1.5216 -2.4676 -1.9988 2.7307 -2.9176 0.93631 -0.0908 0.69894 -1.3044 -2.7867 0.18782 
glue 0.59871 1.1013 -0.76382 -2.6066 -0.73948 0.20404 -0.026472 3.8796 -1.1636 1.7812 -1.6411 1.408 -2.2092 0.085927 -2.7191 -2.4605 -1.3646 -0.30512 -0.052178 -0.57036 0.69569 -3.6059 -0.75078 -3.9738 -1.205 0.37608 1.027 -1.5744 -0.89441 0.040614 -0.051055 -0.091105 1.022 0.98804 1.4894 -1.9854 -1.1307 -2.6711 -0.24573 -3.6563 -1.2203 0.77624 -1.8879 1.0617 -1.6696 2.6746 0.28704 -0.52206 -1.5012 -0.71021 1.7656 -1.0244 -1.6777 -1.4425 1.4971 0.51466 -0.62222 2.3085 2.2454 -3.9894 1.3368 -0.68165 0.57443 -0.50237 2.2242 1.8189 1.4151 0.19888 -2.226 -0.81721 0.69804 -2.718 0.31693 2.8412 -1.3962 -0.035133 3.7075 -1.3576 1.733 -2.2561 2.8233 -0.0041349 -1.5418 -0.54108 -1.3849 -0.73623 1.8742 1.8545 2.2737 -0.76411 -0.61513 1.312 0.41176 -0.51581 -0.55198 -0.18703 3.1851 -1.3531 0.83198 -2.2736 
egg -2.5289 0.91821 3.309 -4.3078 1.2685 -4.9163 -0.45653 3.8014 0.50562 3.0104 -2.4106 -0.49842 -1.411 5.5554 3.996 -0.97965 1.4174 0.43854 1.1032 0.97014 1.0121 -0.5693 -0.68459 -2.1508 -2.4002 -0.88893 1.704 1.4557 -0.83368 0.69913 -0.92259 -0.61385 -0.85994 5.7084 -0.96003 6.1908 -3.9161 2.2952 4.4707 -0.93038 -1.1124 -2.476 -1.5748 2.911 -3.2303 4.4276 -1.4727 -1.4173 -1.3513 1.2241 2.2116 -1.0399 -2.1332 5.6018 1.1345 -0.83455 -2.9374 1.3294 3.2124 0.017824 3.5842 -0.12803 1.5482 0.15791 0.080631 -1.1259 -3.4018 1.0781 -2.1489 5.9421 -0.36431 -6.2838 -3.6959 5.0755 1.2037 -3.5723 1.7733 -1.5866 5.02 -2.4728 0.5458 -2.3443 0.57453 4.7955 -2.9554 6.414 1.9562 5.3914 -1.9323 5.9384 2.327 1.0139 2.5422 -1.7097 2.1358 3.3541 -1.5718 -3.2211 -1.3352 -1.7154 
weed 0.1084 -0.81062 1.0397 -1.2793 -0.76042 -0.96182 2.555 0.52475 -0.011331 -2.8763 2.2967 -1.159 -2.8473 -0.27099 0.65344 0.46715 0.29628 1.2708 -3.3127 2.7484 -0.14075 -0.33352 -1.6275 0.34842 -0.12397 -1.0656 -0.22643 0.10634 0.96571 -0.50047 -2.386 1.0942 1.3737 1.7438 0.15377 1.1614 -1.5988 -1.5122 -0.048543 -2.4348 1.4922 -1.3546 1.194 -1.5568 0.23326 -0.24878 4.5522 1.4224 -0.055902 -1.2447 -1.466 -1.5721 0.39418 1.4973 1.0159 -0.52101 0.99566 -0.2799 1.2343 0.91631 2.7774 -1.9534 0.97648 0.049192 1.9402 1.4416 0.090428 0.36306 0.20089 3.3263 0.55785 0.51745 2.2971 -0.96512 -1.5763 0.14328 -0.36225 0.41399 0.89527 -1.3136 4.2008 3.8611 -1.6976 1.5116 0.9024 2.9244 -1.1449 0.91676 -1.7859 -0.17469 -3.2673 -1.7847 2.3561 0.99362 2.7652 1.7877 3.7142 -0.76663 -0.78554 -1.2639 
ammonia 1.0756 2.3876 -1.0044 0.86398 -1.1213 -1.0456 -0.16885 2.404 0.041514 0.57209 0.97094 0.65104 -0.016448 0.051642 0.55002 0.12353 0.76959 -0.70653 0.62798 0.38454 0.85535 0.31577 0.64406 0.030285 -0.31355 -1.2241 2.4561 0.28803 -2.0106 0.80423 0.79809 0.37958 2.0456 1.554 -0.79496 2.0191 -0.1559 -0.80385 0.20853 0.12667 -1.5787 0.083332 1.439 -0.019949 -0.69047 -0.91159 0.4005 -1.8394 -0.015437 -0.42849 0.50809 1.5829 2.2718 0.050263 0.93989 1.1679 -0.055869 0.36614 0.38997 -3.3795 1.0216 0.099849 2.4175 1.8566 1.184 2.3803 -1.2997 -0.90969 0.47198 2.4712 0.62384 -1.8527 -0.42399 -1.119 0.12133 0.95534 0.34588 1.095 -0.1453 0.86923 0.79541 -0.47876 0.71706 0.70054 -1.0164 -1.9611 1.0432 0.68434 1.6934 -2.0289 -0.028452 -1.1849 1.5442 -1.2703 -1.4812 -0.5856 1.4019 -0.88842 -0.49752 -1.1037 
bakery 0.86301 -0.32286 -0.13502 -1.8214 0.80976 -1.6672 1.6421 -1.3311 2.2701 1.572 0.68183 0.5936 -1.8685 0.14199 0.10308 -0.33048 -0.01274 2.768 0.7738 0.34653 -0.60204 0.18843 2.1184 -1.5871 -1.16 1.8886 2.029 -0.71124 -0.76852 0.87625 -1.5442 -0.037941 -0.038255 -0.088604 2.2118 2.4307 1.5772 1.419 1.3123 -3.2811 -0.5418 -2.2364 -0.87032 -2.3142 1.0759 0.91653 0.18898 -0.36642 -1.144 2.2988 1.5036 -1.0371 -3.8653 -0.8156 -0.66325 1.2125 -1.8475 1.914 -0.62285 -1.8585 -0.056473 -1.9256 -0.14937 -0.52287 -0.79756 -1.0481 -0.12657 -1.1042 -0.26571 0.77902 1.8064 -1.3572 -1.9454 2.3032 3.6051 2.7783 0.0029613 0.27378 -0.24922 -2.8195 1.3281 2.1154 0.523 0.86688 0.88631 -0.53894 0.56773 -2.1193 2.0099 8.3685e-05 0.9038 2.5537 2.4956 -1.7729 -0.011282 1.0443 0.44923 -0.66551 -0.34375 -1.8917 
potato 0.59339 -1.8903 1.794 -1.1262 0.94669 -2.5139 1.1096 2.8849 -2.6117 0.18305 -1.6284 1.8241 -3.2237 1.2095 1.3312 0.30788 -2.264 1.3585 1.0163 4.6587 -0.3481 -0.67518 0.69757 2.5212 -0.26075 -1.0646 1.6487 0.66667 -2.3401 0.83761 0.32311 1.9085 -1.6459 0.39115 -0.73161 1.4683 0.3684 -0.53722 0.4673 0.091354 -1.5016 0.58433 -3.0623 1.2053 1.4655 -1.2187 1.3939 0.29521 1.8297 -0.028791 0.68545 -1.0358 -0.79504 -0.85763 0.74121 2.1927 -0.23905 0.33358 -0.58864 0.73465 1.5838 -0.30025 -0.89254 -0.16443 0.67978 -1.3443 0.89947 -1.3987 -1.3097 2.5387 0.40812 -2.8109 -0.14317 1.7352 2.4712 -2.3007 0.26101 -1.694 -0.076468 -1.9935 2.1888 1.5236 1.0057 3.0584 -0.052151 1.8113 0.79112 1.7721 0.76483 1.6146 -0.53263 -0.67109 0.67402 -0.69002 1.0193 1.1336 1.5937 0.54627 0.17237 -1.9034 
beer -0.39881 -2.4668 2.0792 0.58934 -4.0131 -0.96237 1.6521 1.7861 -1.7184 0.77457 3.3589 -0.17305 -5.9751 0.97222 0.68199 -0.27614 -1.9798 0.79254 0.11861 -1.5214 0.6475 -1.5635 2.0859 -0.34559 -2.7734 0.090811 3.1194 1.6356 -1.3951 1.8724 -0.69248 1.7819 0.46813 3.7417 -0.075464 -1.2725 -0.3768 -1.4346 -0.79348 -1.7066 -1.2066 -1.5226 -1.8458 -1.1719 0.31588 -0.19507 -0.93474 -0.24326 1.5409 -0.25749 1.7258 -0.88272 1.42 -2.5058 0.87779 0.34899 -0.68851 0.61706 0.54492 -2.4628 2.6625 1.2068 1.7499 -0.42448 0.46687 -0.75718 3.0708 0.40419 -0.59374 0.057914 -0.73065 0.80872 -2.6807 0.48767 -0.17988 0.44176 -2.4097 1.9084 -1.6747 -3.4817 3.5975 -1.4131 1.0854 0.97487 0.88597 -0.77857 -0.57692 1.7128 -1.6722 0.074534 -1.3545 -0.18208 1.9108 -1.9724 -0.39465 0.50666 0.63181 -1.3524 -0.60865 -0.4737 
walnut -2.4513 0.34051 1.77 -1.7816 -0.66533 0.32961 2.4022 -0.47651 0.27144 2.4658 1.3088 0.060055 -3.0035 0.94836 1.6649 -1.4568 -0.76364 1.7778 -2.9475 0.66923 1.2803 2.4967 0.69372 -2.2827 0.30257 0.47201 2.5369 0.16735 -2.8799 -0.0026 2.1358 0.94898 2.2705 1.5828 1.8947 1.4115 -0.92579 1.7488 1.2643 -1.3199 1.4649 -2.0032 -1.1547 -0.60527 -0.45324 0.67609 2.2049 0.40232 -1.7725 2.712 2.6048 -1.3683 -0.084394 -1.8532 0.80006 -0.29997 0.52816 -1.1352 0.18881 0.4997 0.53162 -2.5007 -1.4476 1.1497 -0.014607 -0.27508 -0.35487 -3.2899 0.42081 -1.2127 0.35979 -2.3326 -2.0353 2.1523 0.74785 0.93207 2.7541 -0.76258 -1.2722 -2.0126 2.7248 1.0079 -0.48186 0.21691 1.0881 0.47102 -1.0466 0.74322 -0.81805 1.3213 -0.17251 1.5756 1.9711 1.2834 -0.65466 3.9853 2.2819 0.68213 1.0654 -0.88606 
onion -1.6117 -1.1325 -0.32079 -1.1836 -0.23293 -1.6717 1.1004 3.4468 0.34111 -2.4012 -1.8037 -0.84215 1.5767 1.6069 1.1647 1.0425 -0.91062 0.62501 -2.5653 2.173 1.0599 2.0449 0.5918 -0.3229 0.39314 -0.35771 3.2901 2.8004 -1.544 -0.66174 -0.07852 1.6912 -0.68429 2.1765 -0.56341 1.0509 -0.94953 1.5415 -1.1242 -1.9564 2.1769 -0.092321 0.091715 1.035 0.93136 -1.7835 1.4804 0.76422 1.1054 -0.18435 1.609 0.32828 0.89194 1.9103 3.9277 -1.2259 -0.46979 0.9439 0.35881 -0.80711 2.2865 -1.0806 1.2547 0.042959 1.6141 2.2981 -0.26754 1.3323 0.22737 1.5853 0.92151 -1.6075 -2.5015 0.59694 -0.22448 1.3943 2.4526 -0.81389 -0.29676 -0.55531 0.62814 1.344 -0.72278 1.8272 0.4068 2.5554 -0.93995 0.10843 -1.7829 -0.44703 -2.584 -0.59776 3.3153 -2.0741 0.87714 0.95311 0.68176 -1.4099 -3.0919 0.99515 
turpentine 0.12539 2.1556 -0.32581 -0.35353 -1.2538 -0.29242 0.72224 1.5615 0.77784 -0.87684 0.93796 -0.26681 -1.0084 -0.90637 -0.46032 -0.84696 -0.32818 1.1489 0.26555 0.65638 0.21684 -0.63985 0.15319 -2.4369 -0.55453 -0.64847 0.60004 0.41761 -0.5714 1.1991 -0.60565 0.13059 1.7491 0.63518 -0.54894 -0.22005 -1.3134 1.0009 -1.6592 -0.66833 0.31999 0.24403 0.70823 -1.096 -0.41807 -0.00042774 0.4706 -0.50286 -0.41994 -0.4454 0.98775 0.44756 0.37627 -1.3534 1.217 -1.0141 -0.16125 0.12105 0.87569 -0.91339 -0.024826 0.048994 0.60502 0.38185 2.0298 1.0949 -0.80172 0.88549 -0.089308 1.1538 0.82333 -1.0124 -0.93182 0.66745 -0.16778 0.19794 1.4653 0.30072 -0.25243 -0.98703 0.83245 0.39722 -0.95608 0.55386 -1.1786 0.35549 0.94529 -1.5751 -1.0779 -0.78133 -0.46866 0.19623 1.9122 -0.28074 1.3312 0.55045 0.92344 0.13687 2.4348 -0.15265 
mothball 1.4161 -0.28662 -0.70416 -0.35444 -2.4524 0.65101 -1.6244 2.1563 0.81973 0.094914 -0.61873 -0.32959 -0.77091 0.17302 0.53829 -0.69531 -0.6521 0.25185 0.18345 0.27145 -1.2852 0.52122 0.015754 -1.2275 -0.79531 -0.30081 1.9029 1.0424 -1.1637 0.45741 -1.4937 -2.0143 1.8795 1.1919 -0.90338 0.25527 -1.0611 1.0046 -0.278 -1.6852 0.54823 0.14173 0.52569 -1.3738 0.5968 0.55504 -0.35109 0.46305 0.96206 -1.311 0.76272 0.52601 1.352 -0.46198 1.3212 0.45928 0.52214 1.6172 0.88902 -0.24635 0.45703 -1.3202 0.81283 0.79233 1.3067 2.6001 0.79879 -0.39061 0.15438 0.37866 0.37936 -0.69406 -0.76757 0.79686 -0.8742 1.5851 0.69563 0.29973 1.184 1.3171 0.71017 -0.20228 -0.95671 -2.6107 0.059403 0.67117 0.1655 -0.80969 -0.8416 0.42242 0.99265 0.01349 1.7346 0.47088 -0.30299 -0.4323 1.0957 0.38955 -0.66649 -0.10011 
disinfectant -0.20138 0.28803 -0.28062 0.78406 -1.1343 1.3704 0.28375 1.4439 0.064503 1.1855 0.33023 0.10616 -1.3087 0.33948 -0.030204 -0.28028 0.37627 1.1444 -0.68604 0.65634 -0.11597 0.49229 0.55941 -1.1882 -0.7845 -0.9082 -0.32383 1.0897 -0.25359 -0.95111 -1.3762 -1.5725 0.78999 0.0069241 -1.3058 0.25909 -1.2809 -0.45968 -1.4616 -0.35376 -0.82758 0.2433 0.52172 -0.041124 -0.054526 0.18914 0.43857 0.44376 -0.751 -1.1771 2.5 0.60854 2.1855 1.4497 1.7628 -0.18179 0.69744 -0.17787 0.70701 -1.4945 0.87984 0.62643 0.4392 1.7414 0.63202 1.4118 0.81956 0.31103 -0.41391 1.8399 0.99158 -0.54042 -1.3359 -1.0794 -0.18758 0.47526 0.78406 0.42056 1.6287 -0.77057 0.40962 -0.13124 -0.41374 0.051618 0.55708 -1.5637 -0.59015 0.58254 0.75547 -0.37117 1.2197 0.26365 1.4951 0.33603 0.28569 0.3165 0.75335 -0.44075 0.15333 -0.23253 
varnish 1.7377 1.2145 -0.70862 -1.1039 -2.1714 0.73371 0.017103 1.0652 1.5932 -0.85897 0.81689 0.31098 -2.9624 0.20796 0.78542 -2.5152 -1.9159 1.7786 1.6462 1.0881 0.97994 -0.67903 -2.0307 -3.6923 -1.8095 0.30462 1.3693 1.0943 -2.3457 4.389 1.5757 1.7705 -0.13892 1.1481 -0.49682 -0.050949 -0.54335 1.2586 -0.65945 -0.85096 -1.1337 -0.0027321 0.68127 -0.29729 -1.0848 -0.40791 -1.6183 1.024 -1.1555 -1.5181 -0.29576 -1.2754 -0.23455 -2.2191 0.83127 0.038671 -1.6722 -0.51429 1.0003 -1.0554 0.63847 -0.02126 0.31604 0.28499 1.483 1.1311 0.70463 -0.52882 0.12763 0.20258 0.34949 -0.98877 -0.42579 1.0146 -1.1183 1.7256 2.9245 0.94198 -1.405 -0.56777 0.8982 -1.9341 -1.3867 0.41101 -0.1768 -0.36896 0.48481 0.95427 -0.049319 -1.2359 -0.62387 -0.83441 3.4024 -0.478 -1.2589 1.8527 1.2832 -0.6176 1.2483 -0.93755 
kerosene -0.62779 2.1101 0.33921 0.91297 -1.1295 0.8128 -1.7199 0.98123 0.13841 -1.8226 0.4619 0.81265 -0.68724 -0.29035 -0.88768 -0.32459 0.4676 2.1823 -2.5323 -0.8942 -1.5877 -0.49599 -0.93892 -1.4473 0.78359 1.699 0.14308 0.65448 -0.71075 1.5642 -0.92284 1.5194 3.3578 0.58112 -0.43249 -0.53987 -0.794 -0.089996 -2.2906 0.56289 0.06165 0.067079 1.5486 0.21453 -1.2334 0.009461 0.617 -0.76566 -1.1761 1.5245 0.32795 -0.67842 1.2287 -2.3834 0.35167 -0.39855 2.113 1.4021 -0.065902 0.24115 1.8803 0.23408 0.62521 0.66945 1.0194 2.0067 0.83604 -1.6533 -0.24316 1.1765 1.0005 0.087521 -2.0287 0.61197 -0.53595 -0.44506 0.98936 0.046557 -0.30593 -0.93575 -0.8312 -1.1462 1.4094 0.3305 2.5395 0.8427 2.7853 -0.30884 -1.3403 0.32098 -0.37043 -0.63455 0.18659 -0.84734 -0.05551 2.1299 1.7953 -1.0907 0.92253 -0.19576 
solvent 0.63565 0.18375 0.63744 -0.57276 -1.085 0.48154 -0.50038 2.1552 -0.17118 -0.16543 -0.30566 -0.27794 -1.3672 -0.23901 0.048418 -0.54388 0.058356 1.8469 1.0196 0.14901 0.38082 0.076624 -0.65769 -3.0333 -0.13563 -0.15116 0.46072 0.09841 -1.197 0.40725 -0.1274 -0.63312 0.52909 0.8092 -0.28276 -0.49671 -0.30747 0.48111 -2.0297 2.3346 0.94586 0.97182 -0.85634 -1.3204 -1.6767 -0.48071 0.19784 0.10184 -0.43557 -0.66165 2.5101 -0.22129 1.86 0.43309 1.9897 1.2642 -0.41802 -0.3789 1.6579 -1.021 1.0483 0.47036 0.80086 0.45313 0.87286 2.6239 -0.57759 0.11151 1.2701 0.57256 -1.4108 -2.7988 -0.56086 -0.65618 -0.72537 1.0175 2.757 1.5559 0.043879 -0.58583 0.18655 0.99427 -1.1757 0.0066994 0.19925 -0.01222 1.9201 0.21426 0.0017404 -0.24299 0.6165 0.91593 4.6786 -0.65866 -2.7581 -0.88862 0.40659 -2.7163 0.40052 -1.2145 
mustard -1.7499 -0.32317 -0.71722 -0.37031 0.6146 -1.3204 1.2907 1.718 -0.97622 1.4472 1.6057 0.205 -1.4955 -0.13432 -0.18558 0.44747 -1.2921 0.23871 -0.041268 1.1742 -0.42651 -2.1368 -0.47603 0.043506 -1.3959 0.28103 0.65555 1.7977 -1.2725 1.2676 -0.31055 0.96928 2.5459 1.3348 -0.61489 0.76113 -0.028485 1.9102 -0.27792 -1.0028 -0.53937 -0.32019 1.1929 1.5453 -1.2288 -0.32664 1.4041 0.37833 -0.68825 -2.0357 1.4486 -0.57939 1.7595 1.3964 2.4206 -0.027543 -0.88688 0.91453 1.7109 0.80629 1.3006 -0.49057 -0.52749 -0.61967 1.8714 1.0828 0.20372 -1.183 0.7958 1.0013 -0.087055 -0.96968 -1.1059 0.63593 0.58602 -0.67601 1.5694 0.31395 -0.074985 -1.8666 0.79996 -1.5415 -1.2156 1.6131 0.91331 0.5282 -1.5197 1.2033 -0.37175 2.1929 -0.78936 -1.1672 1.8546 0.77219 1.8327 0.90099 1.7213 0.14502 1.129 0.48625 
manure 1.1407 0.14014 0.10992 0.30348 -1.9974 -2.0136 -0.087887 1.5246 -0.74517 -1.5661 -0.4381 0.83319 -0.6845 -0.9291 -2.0938 1.2566 0.77067 -0.10267 0.14136 -0.16396 -0.4099 0.85364 -1.6601 -0.3095 1.0043 -0.0039272 0.10969 -0.3018 -0.092827 0.81277 -1.5138 0.64496 0.10859 0.36197 -1.4666 -1.2065 0.077326 -2.5022 0.02001 -2.9241 0.70731 0.44206 -0.55259 -0.20182 0.18521 -0.46402 -1.7942 0.7627 -0.68708 -0.51428 1.54 -0.86325 0.99118 -0.19447 1.4348 0.92789 0.62828 0.6342 0.45993 -1.5951 0.57567 -0.517 0.85969 1.2052 1.7749 2.0224 1.2896 1.1219 0.12124 1.4446 -1.5703 0.4424 -0.40963 0.74258 -1.2307 2.0916 -1.4969 1.2571 1.0603 -2.0556 2.5232 1.3826 -1.9661 1.5349 0.037547 1.668 0.72371 1.5641 0.36354 -0.17113 0.26738 -2.0457 1.4453 0.72228 0.77136 1.5015 1.8268 -1.5732 0.89773 0.63211 
rope -0.52938 0.92448 -0.3749 0.78899 -0.20092 1.4763 1.488 -0.53052 -0.39229 3.3145 0.73225 -0.17941 0.79683 -0.13563 0.77199 -2.9431 -0.36819 0.61275 0.91254 1.0885 -0.18498 0.38681 0.41102 -0.22629 0.33012 -1.4854 -0.046144 -0.16346 1.1248 1.2104 -1.0174 0.38823 0.019853 -0.91512 -1.7388 5.1799 -0.14214 -2.8011 2.3047 1.8468 0.51719 3.2939 -1.8589 0.25695 -0.97973 -1.8897 -1.4177 -0.54818 -1.0819 0.092708 -0.02382 0.92691 -0.93031 -1.7796 2.2499 0.62786 0.054788 1.0611 0.81584 -2.1739 1.5153 -3.5958 -2.2008 2.9935 1.5723 -1.7822 -0.83293 0.0091218 0.73004 1.8386 -1.7151 -1.3782 -0.58962 1.185 -2.4656 1.0177 -0.38764 0.53626 -1.6345 -1.2775 1.9923 -1.6543 -1.3528 1.5896 0.058999 -2.8187 -1.445 -0.49671 0.29249 2.1188 -0.99355 -0.31028 1.2406 -0.14274 1.1741 1.1972 1.5546 -2.7674 1.5172 -1.8831 
creosote -0.16706 0.87468 -1.6182 -0.33994 -2.0597 -0.66394 0.34423 1.6976 1.0325 0.31685 -0.12217 0.54375 -0.13699 0.90605 0.39003 -1.8046 -0.077886 1.2085 -0.45197 -0.28311 -0.42988 -0.12895 0.19808 -0.8372 0.83674 0.96486 -0.21538 -1.2866 -1.2901 0.99068 -1.5679 0.87012 -0.35932 -0.2161 0.48553 0.38085 1.4142 -1.3338 -1.7955 0.30848 -0.74432 -0.27436 0.4866 -2.7683e-06 -1.7332 -2.2244 0.6806 -0.29755 -1.4207 2.3781 0.22833 0.68547 -0.13751 -0.82315 1.2078 -0.9784 0.22861 0.20927 0.26262 0.5732 1.3788 -0.01192 1.2996 -0.80794 1.8907 0.66686 0.83139 0.99877 0.06535 1.6263 1.0181 1.1714 -1.1141 0.27699 0.67865 0.94408 1.0002 0.5705 0.092571 -0.25299 0.55645 0.51701 -1.2442 -0.52862 2.5955 -0.35124 -0.76005 0.27359 -0.39101 0.16486 1.4589 -1.1083 1.4537 0.29667 0.3206 1.6946 1.3325 -1.3505 1.6527 1.1476 
cork -2.6884 -0.82326 0.31106 -2.223 -0.8728 0.37391 1.9903 2.6072 0.71184 0.18633 -0.10195 0.11103 -1.7985 2.1245 1.045 -0.84302 -3.4443 1.6222 -0.51247 -0.90087 1.0827 0.19756 -1.5057 -3.1484 0.69601 -0.14843 0.087285 0.75212 0.14045 1.2549 0.029008 0.39372 1.1522 0.20657 1.4454 3.553 -0.17953 2.1424 0.27844 -1.4534 -0.68089 -0.10248 -2.1968 1.6321 -2.0838 -3.0482 -1.9557 -1.4402 -0.073927 0.83577 0.13237 1.0859 0.72936 0.27899 -1.0745 -1.7823 -2.1258 1.7949 0.55117 0.30795 -0.93921 -5.0137 0.16046 -0.61412 1.7403 0.71765 0.17281 1.4928 -2.8987 0.76922 0.77464 0.64954 -1.7342 1.9396 -0.37981 -0.090192 0.99443 -2.1108 1.0034 -1.5864 1.0098 0.50978 -1.0425 0.28107 -0.068879 -1.7189 -0.58957 -0.39817 0.64216 1.0259 0.88501 0.50765 0.89813 -1.705 0.69866 1.8702 -0.61269 -4.3641 1.0338 -2.433 
mouse 0.086484 0.072852 0.20806 -1.5319 -2.5237 2.0901 0.69802 2.0238 1.1677 -1.2944 1.0879 -0.1164 0.10954 1.1287 0.88674 -0.47561 0.12524 1.5331 0.6238 -1.0795 -0.18899 -1.7366 -1.4431 1.7547 -2.0548 -0.46145 -0.008702 0.19059 -0.90902 -0.58523 -1.9495 0.47755 -0.42706 0.2597 -1.5057 1.3521 -0.90407 -1.0566 1.5123 0.26326 -1.7177 0.69355 -0.55472 1.3601 1.3789 -2.1849 1.6905 0.12917 0.45597 -0.99174 2.612 2.5172 0.33467 0.023961 1.4915 -0.88783 1.4368 2.0193 -0.95772 -0.24863 0.45232 -3.2072 -1.2412 2.1348 -0.35937 0.34618 1.6623 0.8205 0.56315 0.82675 -0.27085 -0.7005 1.2272 -0.66405 0.8272 -1.1364 0.74316 -0.094125 1.1334 0.7309 -0.17825 -0.10053 -0.71686 0.74669 -0.19174 0.58006 -0.13165 -0.36961 -1.0289 -1.6748 -0.19764 -1.9596 1.5583 -1.045 -1.6396 0.2478 0.29958 -0.27534 -0.074756 -2.4965 
