96 100 
perfume 0.75724 0.33033 0.4969 0.58611 0.25907 0.31949 -0.27675 0.016214 -0.23862 0.10087 -0.042284 -1.284 -0.43484 -0.29366 -1.515 -0.82662 1.0373 0.39701 1.1113 -0.2162 0.20817 -1.3232 0.44135 -0.30302 0.38138 0.67264 -0.4342 -0.047751 0.52731 -0.80483 0.65613 -0.92136 -0.43837 -0.13239 0.68781 -0.38747 -1.171 0.84851 0.33938 0.44889 0.51651 1.0309 -0.55311 -0.039978 -0.34616 0.85126 -0.11965 1.3775 0.3415 0.51515 0.092545 -0.21653 -1.2752 0.18463 -0.42976 1.6102 1.0771 -0.65129 -0.58197 -0.58408 -0.67547 -0.38118 -0.166 -1.3799 -0.82212 0.38351 0.38135 0.24975 -0.84332 -0.20486 -0.83543 -0.63951 -0.44048 0.30253 -0.026217 0.25936 -0.1897 0.43251 1.0804 1.2031 -0.23541 0.001701 -0.38826 -0.76601 0.45425 -0.10384 0.15695 0.12122 -0.67196 0.0074779 -1.3997 0.31074 -0.23029 1.018 -0.65278 -1.5886 -0.15106 0.94623 0.7237 0.021406 
vanilla -1.9943 0.68572 0.50535 0.59002 0.24107 0.81974 1.1252 -1.1255 2.5802 -0.028542 0.20832 -1.5136 0.22505 -0.68272 1.304 0.13596 0.39273 -0.66684 0.53647 0.031965 -0.25445 -0.41411 1.0362 0.83581 0.60211 0.65209 0.64149 1.0227 -0.70642 -1.0265 -1.3875 -1.6472 -0.71698 0.0064215 0.21974 -0.46109 -1.1349 -0.63573 0.61021 0.70057 0.92505 0.52031 -1.5912 -0.0064705 0.0029724 -0.16999 -0.5905 0.43625 -1.7938 0.62924 -1.6621 0.81317 -0.65157 0.4635 0.67413 -0.86593 -2.509 -1.1549 0.62937 1.1329 0.31783 -0.088202 0.41287 -0.25377 0.25867 0.75521 1.0991 -0.52418 0.27448 -0.51439 -1.009 0.46213 0.082388 0.62279 1.3738 0.6301 1.9044 -1.0261 -0.66754 0.27525 -1.2253 -0.81029 1.0386 -0.29108 0.86412 0.93612 0.54379 0.66117 0.3159 -1.8604 -1.1542 -0.38541 -1.0463 0.39314 -0.9354 0.012672 1.5304 0.65909 0.048168 0.20128 
citrus -0.74678 0.67938 0.063317 1.2471 -0.31129 0.11278 0.16448 -1.1311 0.18069 -0.15776 -0.20544 -0.6574 1.047 -0.32635 1.7017 -0.2069 -0.60521 -0.12019 -0.37934 -0.15853 -0.25338 -0.53042 2.421 0.74395 0.58001 -0.29072 0.83903 2.1469 -1.1184 -0.24961 -0.52918 0.25421 -0.17696 -0.80481 1.2593 -0.32881 -0.48279 -0.87059 -0.67169 0.99995 0.39297 -1.3601 1.1624 0.26909 0.67352 -0.62502 -0.029119 0.044211 -1.9966 -1.7735 -1.1893 1.1536 -0.95611 2.3706 -0.43722 -2.159 0.27007 -1.7538 1.5925 -1.2302 -0.039846 -0.3101 2.1538 -1.296 -0.45976 2.1072 0.7091 0.10945 0.033039 0.9314 -2.0185 0.1525 -1.4736 0.75083 0.095906 1.5401 2.1328 -0.50049 -1.9604 -0.5911 1.1503 -0.069561 -0.66425 -0.53645 2.0078 -1.0686 -0.19064 0.5058 -1.041 -1.738 -0.55484 0.63737 0.045063 0.57287 -1.0748 0.22503 1.2758 1.1085 -0.22506 -1.3142 
leather -0.13748 0.97106 1.122 -0.93206 0.48802 1.1095 -0.043309 -0.71244 1.4859 -0.404 0.93326 -2.1884 -0.080463 0.66279 1.5172 -1.4383 -0.66354 -0.45006 -0.1128 1.1017 -0.50783 -0.69047 1.0609 -0.32463 0.96727 -0.85658 1.4074 0.18653 0.31929 0.029277 -0.14379 -1.7227 -1.1042 -1.4435 1.0582 -1.1914 0.096946 -1.2861 -0.69243 0.74208 0.80465 0.77868 -1.3798 -0.014776 -1.0094 -0.67375 -0.89886 1.5424 -0.89782 0.54577 -1.4382 0.49325 -0.66722 1.4364 1.0252 0.77129 -1.2361 -1.0459 1.0182 0.12814 -0.061008 -0.45249 0.71629 0.38807 0.49124 2.0367 0.65305 0.44457 -2.0439 1.893 -1.7027 1.0699 -0.39535 -0.60819 -0.1686 -0.13413 1.682 0.096316 0.41392 0.20423 -2.7659 0.36564 0.24729 -1.3694 0.98725 0.90189 -1.0768 1.595 -0.93539 -0.58656 -1.0756 -0.92806 0.46076 0.20297 -0.055298 -0.24178 -0.26084 0.50711 0.58352 -0.79166 
rose -2.1965 0.24303 0.97119 0.39891 0.76818 0.62798 -0.59589 -2.7639 -0.51996 -0.39674 1.248 -0.46394 2.3295 -1.4699 -0.12006 0.67185 1.6443 -0.87134 0.90621 1.6339 -0.17817 -1.869 0.72002 0.67392 1.3546 -1.2692 -2.5193 -1.5928 -0.18085 0.73435 -0.56972 -2.6714 -1.6197 -2.3388 2.1893 -1.3266 1.2483 0.33431 -0.55479 0.24031 3.6993 1.7124 -0.57198 2.3229 0.0074107 -0.073232 -0.53197 1.5125 -1.3895 0.56751 -1.2271 2.193 0.54706 1.7697 -0.11091 0.98949 0.65529 -0.40364 1.4362 -0.49714 -0.60977 -0.59287 0.43949 -1.9752 -1.3655 1.2371 1.5409 1.0014 -0.61296 -1.1786 -3.244 0.51875 -2.0379 -1.2997 -0.42402 -1.0565 2.9875 1.417 -1.2741 0.63766 -1.9256 0.76036 -0.69183 -0.86692 1.6943 1.5261 3.878 -0.4091 -0.33692 -0.65697 -1.5085 0.37994 -1.0682 3.8285 0.22451 -1.3783 2.9729 -0.28446 1.6706 -0.018217 
wine 2.1103 1.946 -3.0643 1.0164 -2.725 2.1313 1.9677 0.44103 2.5032 0.81585 1.9472 -1.2434 -2.1502 1.8021 1.0804 0.87493 -1.7031 -1.1277 1.4702 4.1168 -1.0431 -3.879 -0.51969 -1.217 1.0502 1.2589 2.7971 1.3441 -0.0083362 0.18453 -1.7962 2.4091 -1.3664 -0.45646 3.2488 4.2498 1.1906 0.52144 -1.3684 0.84072 0.30328 1.0965 0.34149 0.4898 0.22216 -0.97568 0.20906 -2.1091 0.54241 -1.7353 1.2533 -0.50267 -5.8332 -0.65864 -2.3442 -1.7835 -1.1551 -0.28804 1.8604 1.8189 2.8839 -1.3705 1.8222 1.7591 -1.6157 -2.5721 1.0715 3.2236 -1.4794 -0.74166 -2.4907 -0.041373 -2.4174 -1.5179 1.9663 2.1022 -0.39034 3.3486 -3.2507 -0.53539 -0.39185 -0.15919 0.19755 0.10253 3.4371 0.93585 3.137 2.6321 -0.49634 -0.92912 -5.515 -3.3328 1.6626 -1.2125 -0.68809 0.42849 3.9821 -1.9985 2.3658 -1.1837 
tobacco -1.0521 0.95547 0.71551 -0.63709 0.51583 2.1479 1.3309 -0.86285 2.4914 -1.3449 0.15294 -2.5488 0.11782 -0.53194 2.2299 -1.3418 -0.53816 0.058574 -0.27457 0.69074 -0.5587 -0.3973 0.86289 0.70472 1.2017 -2.0857 0.9686 1.2328 0.35683 0.60229 -2.0948 -1.3114 -1.2568 -0.82128 0.3737 -0.85973 0.77552 -0.70855 -0.032935 -0.20251 1.1401 1.0068 -1.4261 -0.053068 -0.34531 -1.3026 -0.83797 0.4021 -2.2319 0.7681 -1.8523 0.57541 -0.14373 0.21143 0.1693 -0.62056 -1.4266 -1.5286 1.3594 0.030148 0.037967 0.13456 0.30133 0.28318 0.32919 -0.1571 1.0796 0.89175 -1.2356 1.5911 -0.7958 0.87211 -0.1288 0.49933 0.5717 0.22692 2.041 -0.090286 0.11354 -0.54426 -1.3149 0.12207 1.6384 -0.090578 1.4263 1.1747 -0.4445 0.97757 -0.74368 -0.48643 -0.81305 0.019858 -0.49485 -0.062789 -0.17008 -0.15736 0.51228 -0.04316 1.1855 -0.21694 
coffee -0.4132 -0.56812 -0.06206 -0.64097 1.6605 -0.3254 1.8439 2.139 1.3616 0.92042 -0.48341 -3.464 -0.16617 -2.7778 0.84453 1.1954 0.13912 1.561 0.28237 1.6825 -2.5257 -3.4651 1.1174 0.2539 -0.22486 0.45445 0.98357 0.80672 -0.69551 0.43937 -0.60071 -0.77365 -1.0277 0.48651 -0.40319 -1.5099 -0.12013 -0.58345 0.088546 -0.174 0.89579 1.443 0.37275 -0.88986 -0.47805 0.12241 0.23034 2.6247 -2.6528 1.2627 -1.259 -0.55384 -2.2806 -0.51161 -0.46096 0.78218 -2.496 -1.4425 0.84106 1.8305 1.0345 0.44046 0.26346 0.30412 0.29854 -0.95823 0.66579 -0.13736 0.79708 -0.17919 -1.0388 0.48124 -1.5724 0.96212 1.7459 -0.86425 1.2677 -1.2779 0.1198 -0.20187 -0.79528 1.1516 1.7365 0.48144 1.3207 0.96539 0.3313 -0.10347 -1.1508 -0.65429 -1.8333 0.59954 -0.52529 -2.6102 0.98369 0.17876 0.60767 0.24247 0.94997 0.57615 
berry -2.6444 -0.21485 -2.4255 -1.1854 -1.8411 0.75884 2.1338 0.16912 4.7944 0.51595 2.9877 -1.7892 0.98354 1.1691 2.1227 -0.34246 0.24958 -2.1463 0.29673 0.12688 -1.0496 0.24233 0.35346 0.63458 -1.5061 -1.8905 3.7989 0.24055 -2.3117 -0.71333 -0.95419 1.3425 -1.4797 -2.2339 1.8591 -0.53841 2.9352 1.5612 -1.3007 -0.2234 -0.10633 1.4229 -0.5009 2.4028 -0.36148 -1.983 -0.033128 1.5462 -3.8846 0.27193 -0.9696 1.7831 -3.0172 3.7403 -1.5285 -1.5177 -2.911 -0.44921 1.482 2.0161 2.9427 -0.52487 1.5615 -1.8206 0.49841 0.81438 0.65511 1.8509 0.095406 0.80837 -2.2193 1.3641 -1.9811 -1.4873 0.16877 0.84435 1.6795 -0.30684 -2.0719 -2.2217 -1.1686 -0.41286 -2.1863 0.28464 1.7728 0.2763 4.4138 -0.078977 -1.4432 -0.18905 -2.7557 -2.0113 1.0603 -1.2917 -0.067945 2.0286 3.1542 -0.38645 1.028 -0.55683 
cherry -2.0851 0.26979 -1.5697 -1.4181 -0.56462 1.5005 2.55 0.40911 3.1681 0.69931 2.8411 -1.877 1.244 1.8456 1.7008 -1.7056 -0.14829 -1.6831 0.21177 2.3292 -0.80149 -0.69018 1.1527 -0.92965 -1.1891 -1.9359 2.3962 1.3419 -2.2633 -1.2355 -1.9794 0.47458 -1.5392 -2.2563 1.9493 0.48745 2.6637 1.351 -1.2876 0.43817 0.29879 2.5398 -1.1487 2.1643 0.76108 -0.95557 -1.3092 0.20446 -2.7085 1.4126 0.077737 0.62573 -1.5537 1.5469 -1.4523 -2.5805 -3.0515 -0.13067 1.5109 2.0144 1.6713 0.69719 0.90465 -1.9399 0.43823 -0.084106 0.53754 1.3775 1.564 0.31674 -1.548 0.68555 -2.1563 -1.9763 0.82256 2.3576 0.14356 -0.76279 -1.3026 -1.8155 -1.3818 0.19515 0.4566 -0.060491 2.0103 -0.39868 4.0738 0.93077 -1.0108 -0.048705 -2.1411 -0.85195 -0.028599 -1.3162 -0.64296 1.8525 3.0126 0.0022828 0.72405 0.042531 
incense -1.2346 1.3074 0.57617 1.8122 -0.67788 1.3759 -1.2118 -1.0597 0.55848 -0.7557 0.24925 -1.6154 0.47778 -1.1077 1.4288 0.31347 -1.4518 -0.39696 0.29174 -1.2593 -1.0462 -1.186 0.17457 -0.053891 1.0066 -0.032843 -0.64414 -0.25667 0.2593 0.069644 -0.72678 -2.4932 -1.962 -0.72328 0.54048 -1.3036 0.090978 -0.53216 -0.88855 1.2851 1.6648 0.93524 -0.35592 1.3153 0.072794 -0.33943 0.22172 1.003 -1.1203 -1.3611 -2.0414 1.2484 -1.3729 1.4686 1.9753 0.51109 -0.27727 -0.36843 -0.050127 1.2489 -1.5334 1.479 1.0129 0.1255 0.67573 1.7903 1.2836 0.81752 -1.0277 0.38017 -0.054319 1.0229 -0.28406 0.95856 0.6684 1.4473 2.3645 1.8462 0.56409 1.155 -1.8524 0.72385 1.4976 -0.33831 1.7343 -0.12753 0.58163 -0.029398 -0.96267 -0.59235 -1.2844 0.74705 -0.34589 0.638 0.307 -1.6627 0.85617 0.839 1.675 0.20068 
tea 0.10982 -1.7703 0.98768 -1.193 3.9887 1.5862 -1.5296 0.74313 -0.0035842 2.7455 -0.51597 -1.3795 2.3101 -5.0526 -0.7646 1.8665 -2.447 2.0706 -1.899 2.643 -5.1819 -6.6106 1.3855 2.2255 0.31409 1.3388 -0.24945 -0.92469 0.9017 1.0184 0.08973 -1.4769 -0.10338 0.085173 -1.0477 -0.62424 0.64813 0.81809 -2.0463 -2.0284 4.1228 0.22093 0.032508 -0.67588 1.9271 -0.72895 0.88421 3.2518 -4.6555 0.013531 -0.52108 -0.92562 3.274 2.3467 -1.4417 -0.25604 -3.6157 -2.1031 3.1134 0.85043 2.6262 0.76891 -0.19545 -0.23668 0.0092913 -0.7438 -3.3671 1.1604 3.7822 -1.8557 -3.5083 -1.1065 -3.5538 0.19991 1.443 0.061251 2.8754 -0.12946 1.1084 1.0829 1.4464 2.9513 0.37994 0.76962 6.4118 2.6933 -0.60519 1.0776 -2.0788 -1.2636 -1.5842 2.5841 0.59666 -0.33753 0.7442 -2.3299 2.956 0.99996 5.0646 -0.21854 
lemon -0.37451 0.83167 -0.23565 0.74497 0.10892 -1.4337 0.38045 -1.5888 0.81893 1.0817 0.45563 -0.88462 2.42 -0.64986 1.4159 -0.63494 -0.26536 -0.25912 -1.2425 0.61843 0.29922 -0.23714 2.7674 0.67528 0.043081 0.19241 1.5803 2.2017 -2.2732 -0.34182 0.18155 0.15365 -0.85835 1.2619 1.2311 0.53852 0.19221 -1.7807 -1.0541 1.6038 -0.17592 -0.92393 1.4274 1.1521 0.58896 -1.4358 -0.27379 0.44028 -1.9172 -2.4069 0.78053 -0.010319 0.6303 1.4597 0.24251 -2.1204 -0.25807 -0.70659 3.1678 -0.089645 -0.61657 -1.4338 1.576 -1.0226 0.40042 2.1712 0.45932 -1.4724 1.0602 0.22539 -2.0701 -0.41205 -3.5859 1.0645 1.3999 2.3514 2.1435 -1.4899 -1.5581 -0.44758 0.65508 -0.89434 -0.42594 -0.40977 2.9926 -0.50014 0.033498 0.45121 -0.20031 -2.028 0.4829 1.041 1.0931 1.4174 1.0135 0.14542 3.4326 1.7984 -0.68909 -2.3418 
cologne 0.43407 0.58646 0.71443 -0.38078 0.52772 -0.70139 0.30534 0.78332 -0.45681 -0.45527 -0.62823 -1.0607 -0.14595 -0.27866 -0.75648 -1.5298 1.193 1.1292 0.46662 0.30433 -0.26581 0.59226 0.99163 0.010033 0.4902 0.96918 1.1408 1.5001 0.11997 -0.34563 0.48476 -0.59303 -1.6613 0.59309 0.25341 0.63417 -1.5706 -0.65659 -0.16446 1.6419 -0.18696 0.20509 1.81 -1.1025 -1.9436 -0.34345 -0.43873 1.5972 -0.17321 -1.3866 -0.12744 -1.3662 -0.41392 1.1435 -0.84917 -0.11875 1.8907 -0.43446 -1.3149 -0.58187 -1.445 0.20208 1.1958 -1.1148 -0.86289 0.87215 0.59574 0.60837 -0.31952 0.28121 -1.3948 -0.62352 -1.6353 0.54497 -1.3987 1.146 0.20189 -0.31925 0.59133 0.067017 0.82002 0.47956 -1.0369 -0.87602 1.3963 -1.2479 -0.41084 0.51438 -1.6338 -0.93082 -0.73044 -0.79915 -0.93684 1.239 -0.55261 -1.554 -0.88366 1.3089 0.33186 -0.35156 
lavender -0.7122 1.3671 -0.79173 0.2255 0.57178 -0.31599 -0.26679 -1.4796 1.0608 0.54234 -0.24483 -1.2122 0.40346 -1.2141 0.4674 -0.41876 0.10236 0.33054 -0.4591 0.35973 -0.22774 -0.28507 2.5051 1.8971 0.78349 -0.333 0.49065 1.4085 -0.31789 0.11915 -0.91407 -1.3187 -0.69954 -0.8568 0.1511 0.12704 0.051888 -0.65425 0.19965 1.1446 0.74546 -0.8969 0.10246 -0.98834 1.2074 -1.7716 0.24997 1.1242 -1.9587 -0.40421 -0.5942 1.1276 0.31593 1.3032 0.81084 0.59353 -0.27064 -0.44148 0.52294 -0.2983 0.73469 0.12186 1.3035 -1.5663 -0.19013 2.3706 1.6098 -0.41427 0.23147 0.65421 -2.2827 0.26902 -1.8152 0.668 -0.55905 1.0397 2.0465 0.52753 -0.74439 0.46973 0.31633 0.035283 -0.11637 -1.1861 1.3687 -1.1419 0.015597 0.61091 -1.5919 -0.90462 0.34944 -0.35525 -1.0174 0.9631 -0.26548 -1.0193 1.5531 -0.098481 0.81781 -0.66897 
orange -1.1826 0.86012 0.17151 0.74711 -0.095628 -0.39799 -0.26522 -2.102 -0.70535 0.64917 -0.09268 -1.629 2.4029 -0.15638 0.85811 -1.8709 -0.50869 1.0852 -0.41923 0.04121 -0.21585 -1.542 0.32342 1.0232 -0.38379 -0.38773 0.62432 1.3562 -1.642 -0.39803 -0.15147 0.48321 -1.389 0.3666 3.3913 -1.6439 -0.77321 0.21387 -0.49315 1.3949 0.48105 0.9645 1.3564 0.13598 0.51629 -0.633 0.62991 -0.4313 -2.2199 -1.3492 -0.98973 0.43665 -0.13946 1.2896 0.48322 -1.4967 -1.3159 -1.5096 2.8638 0.090525 -1.5209 -1.2511 0.82092 -0.68414 0.044275 1.3564 0.12569 0.43261 0.096022 0.66777 -2.0065 0.61056 -1.0853 1.267 0.93634 1.3972 1.6623 -1.9803 -1.6945 -0.40826 1.4519 -0.70573 -0.41759 -0.97307 1.6282 1.2144 -0.26482 -0.16983 -0.72834 -1.6463 0.48607 1.7914 -0.27555 2.3588 -0.077969 0.33177 2.6274 0.58482 0.54332 -1.2403 
cedar -2.1061 3.1382 -0.78386 -1.209 -1.8652 1.0037 -0.37641 -1.8461 2.4056 -1.2946 0.36506 -0.89389 0.28417 -1.2187 3.3147 0.84777 0.041344 -1.2797 -1.2068 0.03953 -1.0665 -0.31499 2.4985 -0.07191 0.52279 -0.66529 1.5895 1.5501 -1.3384 -0.22756 -0.075257 -0.84573 -0.32889 -0.34051 -1.5622 -0.99003 -0.32685 0.38252 0.6474 1.5914 0.5678 0.54054 0.97224 0.45325 0.4233 -2.2648 0.35585 0.86667 -2.6035 -1.7832 -1.515 1.764 0.29298 1.7172 2.1776 -0.73517 -1.0657 -1.6642 -0.26399 1.6846 -0.72953 0.25324 0.40944 -0.7902 1.2912 2.6428 1.3912 0.11311 -0.48407 -0.43502 -0.094999 2.7936 -0.50908 0.091941 0.68933 0.77685 3.1584 0.79656 -0.68239 -0.45092 -4.025 0.24811 0.96736 0.17345 2.2182 0.95516 0.71265 1.2023 -0.0073935 -0.55825 -0.35744 -0.098672 -0.26996 0.27935 -0.23263 -1.7611 2.0947 -0.041544 2.1281 -0.25674 
apple -0.70816 -0.027503 -0.25365 -0.40509 0.43545 0.37654 2.5741 -3.4114 0.82365 0.91495 2.6464 -2.4569 1.067 -0.16075 2.1024 0.089411 -1.3469 -1.5976 -0.90851 0.39824 0.26979 -1.5991 2.6735 -0.71142 -0.43014 -0.21759 1.673 2.7467 -2.1708 -2.5321 1.6689 2.332 0.50011 2.2631 0.63186 1.2436 0.52596 -0.45898 0.76393 0.28018 1.3101 -1.2803 1.5667 1.6651 -0.23685 -0.47417 0.32182 -1.0711 -2.2776 -0.0082475 0.90525 0.57071 -1.8932 3.5527 -1.5615 -3.1401 -1.5835 -1.2948 2.9732 -0.33017 -0.005988 0.257 1.8254 0.87347 0.15716 0.61526 1.3765 -0.50611 -0.13621 1.9486 -1.706 -0.95993 -0.91614 1.5792 0.081418 2.3849 2.2249 -1.2129 -1.131 -0.46314 0.044769 -0.22371 -0.056753 0.53535 2.5733 1.3196 2.1985 -1.1594 0.30635 -1.8344 -1.1079 -2.1725 1.4799 0.76757 0.68553 0.29806 3.6807 0.39046 -0.74943 -0.027959 
peach -0.56114 -0.83074 -0.16011 1.3889 -1.4068 -0.52278 1.0781 -3.4668 0.15019 0.20878 1.3146 -0.74572 0.469 0.87048 1.5135 -0.79015 -1.0362 -2.3298 -0.11501 1.1718 0.70988 -1.2638 1.5475 -2.2258 0.71381 1.3 -0.66469 2.8377 -1.4152 0.081421 -0.8572 1.2156 -0.64424 0.32006 2.4766 1.1581 0.86129 1.8264 1.3204 0.18898 1.8045 0.28707 0.31738 1.426 1.8902 1.347 -0.82535 -0.92767 -2.322 0.96468 1.6108 1.4467 -0.91685 2.8552 -1.0027 -3.8652 -1.9923 -1.3383 4.0382 -0.29612 0.067849 -1.8185 0.36458 0.058759 1.0446 0.55335 1.1092 -0.93089 1.6059 0.97609 -3.1053 -1.3225 0.34567 1.3673 1.3357 1.9328 1.4972 -1.6278 -1.586 0.46975 0.22043 -0.73379 -1.6941 0.934 2.1536 2.5782 2.2006 0.43839 -0.85895 -1.5031 -0.65176 -1.3365 1.8551 0.52751 -0.27682 0.68871 3.3226 0.88968 -0.90311 -0.52537 
honey -0.78357 -0.096852 0.66123 0.79657 0.35596 1.1931 0.44019 -2.8702 1.2954 1.0802 1.1829 -2.6636 1.5231 -0.15337 0.34232 -0.9244 -1.0051 -0.50108 1.4245 -0.14939 -0.21599 -0.66793 0.68586 0.5891 0.37271 0.59366 -0.42138 2.4364 -1.1833 0.83747 -1.58 -1.5503 -1.1755 -0.57569 2.4162 0.8918 1.5632 -1.6271 1.0239 -0.082883 1.4548 0.42291 -1.3328 1.6757 1.0341 0.99648 0.34037 -0.45817 -1.9052 1.4508 0.434 0.3348 0.36549 0.54569 0.64967 -2.0061 -2.5553 -1.2598 2.646 1.4775 0.076168 -1.506 0.88277 1.2314 -0.42378 -1.3231 0.96929 0.6091 1.4511 0.81157 -1.3401 0.65797 0.77553 3.1747 2.2611 1.3233 3.6348 -1.3927 -1.524 0.26908 -1.2145 -1.5836 -0.15741 -0.54234 1.6078 2.0444 1.4019 0.38816 -0.6819 -1.9949 -0.95512 -0.78337 0.7388 1.7985 0.10991 0.40475 2.2519 1.4259 0.84242 1.8851 
violet -0.77414 0.93522 -0.14089 -0.42158 1.0152 0.63319 -1.0828 -1.5863 1.5041 -0.8739 0.27752 0.029091 -0.079902 -0.18813 1.8364 0.61001 0.5818 0.09337 -0.10658 0.69394 -0.18499 -1.0744 1.0866 1.4075 -0.046996 -0.29893 0.27132 -0.74307 -1.1522 0.51599 -1.0069 -0.52897 -1.0004 -2.1841 0.68833 0.75296 0.72435 2.4707 -0.85929 0.76877 0.75469 1.2851 -1.0958 0.91345 1.1135 -1.9239 -0.5252 1.5338 -2.8558 1.1097 -0.29384 2.0184 0.65913 2.0948 1.0353 0.60599 -0.72905 -0.82367 1.9451 -0.096227 0.10828 -0.9537 0.3131 -0.61039 0.30117 1.2708 1.5983 0.69097 -1.7789 0.8305 -2.8751 -0.052098 -1.2077 -1.2 -0.65947 0.17759 1.756 0.83509 -1.4015 0.65206 -0.23275 -0.32782 -0.21069 -1.0635 -0.098577 0.74859 1.5992 1.7119 0.32173 0.56111 -0.97766 0.53274 -1.1869 1.5383 -1.345 -0.57542 2.6827 -0.38658 0.33562 -0.30016 
cinnamon -2.2333 1.3381 0.11478 -0.71663 0.037387 1.2208 1.242 -0.74589 2.0543 -0.8666 0.19167 -2.0458 0.48651 -1.6954 1.3717 0.46724 -1.2684 -0.099972 -0.7802 1.0108 -0.61049 0.1419 1.6742 1.1581 0.073128 -0.43547 0.31003 0.35341 -2.1436 -0.70654 -0.40617 -1.282 -0.44599 -0.49009 1.2281 -1.7092 0.54062 -0.99153 0.38709 0.50649 0.87702 0.95403 -1.0583 0.62546 1.2953 -0.65425 -0.50893 -0.49513 -1.6983 -0.87103 -0.9476 1.19 -0.98695 0.4648 1.1638 -0.56628 -1.556 -0.076576 1.2507 2.0736 0.021296 -0.97358 0.13438 0.21217 -0.36911 1.2393 0.56252 -0.18892 0.38342 -0.49531 -0.64235 0.70214 -0.21998 1.0542 1.2684 0.88719 1.2362 -0.40211 -1.1383 0.74625 -0.27253 -0.9721 0.89387 0.28199 1.5957 0.8791 1.5389 0.55753 -0.015541 -0.46856 -0.71227 0.41568 -0.12943 0.85011 -0.49637 -0.28213 2.4562 -0.50662 0.5868 -0.013982 
smoke -1.3366 2.3499 1.8987 -0.91459 -1.1602 1.3589 0.7934 -1.9452 1.7795 -2.1751 1.035 -2.7833 0.72524 1.4422 2.7577 0.69046 -0.33532 -0.1373 1.2236 1.104 -0.84801 -0.736 -0.36081 -1.4874 0.34883 -1.7243 1.2276 -0.11128 1.1454 1.0767 -1.4044 -0.86433 -1.943 -0.66073 -1.2533 -0.20027 1.9725 -1.2945 -0.3714 0.41816 1.1835 1.7363 -0.48898 1.9443 0.47483 -0.46592 -0.63809 -0.42255 -2.3418 -0.090568 0.6752 0.013951 -1.715 0.076557 0.16916 -0.089366 -0.87855 -0.38133 2.0921 2.6313 0.31837 1.4494 1.0898 3.037 3.121 1.9744 -0.38345 1.2695 -0.52337 1.3164 0.77296 1.2693 0.98891 0.67698 2.7376 1.3657 1.8611 -0.49245 1.5085 0.47394 -2.0423 1.7106 2.44 1.4224 1.6312 1.6666 1.6438 1.0088 -1.9821 1.3313 -1.9037 0.99322 1.5051 -1.865 0.51719 0.56432 1.2933 0.51298 1.1231 0.68407 
chocolate -0.42826 0.26648 0.36332 -0.43538 0.15588 0.97203 1.6851 0.1845 2.4174 0.62127 0.49699 -2.1957 -0.25476 -0.90515 0.22861 -0.50932 1.2031 -0.38224 0.53693 1.7051 -0.71642 -0.87836 0.58634 0.71336 -0.83806 -0.53085 1.1945 0.52058 -1.2817 -0.41345 -0.80932 -1.3411 -0.12996 -0.76024 0.3844 -0.37664 -0.5599 -0.24081 0.52232 -0.48255 0.70807 2.3738 -0.71094 0.59992 -0.71448 -0.67746 0.20212 0.89263 -2.3241 0.77466 -0.63475 0.48205 -0.97946 0.2205 0.91722 -0.7207 -2.6052 -0.73028 0.90884 1.9779 0.63113 0.27844 0.35094 -0.79523 -0.27248 0.55765 0.84015 -0.082892 0.015828 -0.44744 -0.95623 -0.33301 -1.1485 0.80987 1.7604 -0.21484 0.48131 -0.52688 -0.4191 -0.45941 -0.73619 -0.53465 1.0342 -0.19541 0.83514 1.0462 1.3413 0.30394 -0.25957 -1.1243 -1.5731 0.60522 -0.66564 -0.97474 -0.0077937 1.2254 0.73637 0.37534 0.43282 -0.51475 
blackberry -1.8048 -0.57439 -2.1911 -0.72993 -2.0423 1.1203 1.5914 0.12378 3.7055 0.27279 1.9825 -1.1 -0.066656 0.63787 2.1342 -0.2451 -0.15828 -1.6616 0.58907 1.1042 -0.48058 0.076533 -0.077343 -1.1837 0.53647 -1.4824 2.0375 0.045655 -1.0733 0.29851 -0.97814 0.92543 -1.6407 -2.8821 1.9573 0.43674 2.0694 1.3043 -0.55986 0.097643 -0.91697 1.8256 0.22569 0.73496 0.18152 -2.1791 -1.1813 0.7822 -3.3418 0.77984 0.40174 0.097596 -1.8434 1.5747 0.45784 -1.4099 -2.1466 0.41613 1.2265 1.4813 1.6385 -0.68732 0.38218 0.24028 0.63714 0.9397 -0.16259 0.80609 0.31644 0.14528 -1.3665 1.6074 -1.149 -1.3039 1.9036 1.4141 0.66382 -0.0306 -1.0121 -1.8102 -1.659 -1.0777 -0.17422 -0.033227 1.4475 0.42637 3.5024 0.19826 -0.90272 0.31058 -2.3417 -1.006 0.67535 -1.946 0.15768 1.1684 1.8751 -0.95855 0.54583 -0.36014 
mint -0.26961 3.2375 -1.4564 -1.2132 0.97943 0.6891 -0.50993 -0.76031 2.7582 1.0921 -1.2051 -2.0681 0.84582 -1.7668 1.5602 2.1611 1.0902 0.23453 -1.4484 2.8097 -1.2176 -2.3502 3.2838 2.6563 -1.1052 -0.45073 3.0092 0.38901 -2.1462 -0.27887 -1.1971 -0.36917 -0.9197 -0.82515 -0.30212 0.78321 1.4047 -0.45136 -1.7079 1.1405 -0.13901 -0.978 2.1952 1.0442 1.8095 -4.3756 0.14175 2.1004 -3.4008 0.60875 -0.93604 0.72487 0.53856 1.5189 -0.57082 -0.75623 -1.5318 -0.80816 2.4225 2.0768 1.249 -0.18802 1.3464 -2.0709 -0.013029 4.9273 1.5511 -0.3946 -0.44149 0.49026 -2.7266 0.70842 -2.575 0.72272 -0.7752 2.0611 1.1487 0.272 -0.90772 -2.1526 1.7874 0.038035 0.6847 0.43585 2.3829 0.14508 0.53616 0.14054 -1.9776 -0.32555 -0.36107 1.2067 0.13406 0.8188 -1.6091 -0.48102 1.8829 1.6821 0.69851 -0.46564 
raspberry -1.3993 0.80999 -1.5398 -0.43309 -0.53791 0.56301 1.6442 -0.066855 2.5278 0.39411 1.6696 -0.97285 0.60455 0.95857 1.5761 -0.11688 0.86222 -2.431 -0.87505 1.3335 -0.077219 -1.0516 0.62022 0.078263 -1.01 -1.1792 1.1338 1.142 -1.6858 -1.3484 -0.75077 -0.25521 -0.44642 -1.3458 1.3023 0.063789 2.1283 0.602 -0.8831 0.25726 0.86541 1.6666 -0.15072 1.0436 0.13636 -1.053 -0.28762 0.63753 -1.7653 0.78114 -0.25074 0.69864 -0.91965 1.8626 -1.1384 -1.9185 -2.3779 0.12574 1.701 0.74221 1.4712 0.047064 -0.094418 -1.3509 -0.27952 0.77146 -0.020454 1.51 0.23906 -0.39087 -1.5712 -0.017462 -1.0085 -1.0444 0.30966 0.72706 0.61718 -0.61909 -1.7812 -0.34248 -0.61211 -0.088285 -0.79588 0.72923 2.2401 0.21479 2.8112 0.52265 -0.78156 -0.25052 -1.3104 -0.044946 0.22246 -0.44385 0.086119 1.1784 2.3948 -0.24674 -0.82533 0.049753 
oak 0.00037231 -0.59726 -1.8552 -3.6696 -5.8568 4.3514 4.3233 -4.4136 8.1734 -0.064433 0.13668 -5.1488 -1.2747 4.1792 -0.57995 1.6433 -1.9989 1.8242 3.9909 4.873 2.6191 -2.9773 2.5933 -4.2151 1.3834 0.25126 5.8356 -2.5695 -2.5995 1.9672 3.5138 -0.31345 -0.75426 -1.1819 -0.95501 3.8186 -0.35605 5.06 -2.8132 -1.0237 0.0094008 0.826 -0.9959 -1.4233 -2.1634 -4.9954 -0.34347 -4.305 -1.1964 -1.7345 -4.5428 1.9794 -7.3045 -2.6387 -2.0372 -1.8036 -7.6463 -3.2327 1.2745 1.8604 2.9531 0.47211 3.8744 1.1295 4.1892 3.1365 3.0071 0.3444 -2.7632 1.2163 -1.9103 4.8535 -0.89163 -0.11711 0.96521 2.8417 0.1683 0.93512 -3.6794 -3.2555 -7.2611 4.2787 2.3668 0.65115 0.29876 -0.54879 3.2144 0.93725 1.9784 -5.385 -3.1066 -8.5845 2.7619 -2.8193 0.98557 1.6082 4.9038 0.15125 2.1636 -2.7274 
coconut -0.29707 -0.17879 0.44464 1.2006 0.69594 -0.71518 0.97019 -1.2927 1.1438 0.48963 -0.35086 -0.96957 -0.56296 0.33285 0.75306 1.1377 0.21115 -0.63836 -0.2471 0.67095 -0.41668 -1.0271 1.801 1.5349 0.44429 0.90697 1.3865 -0.0099219 -1.2296 -1.0362 -0.15769 -1.2385 -0.638 1.2718 0.0048612 0.76873 -1.2018 0.88785 0.82397 0.49419 -0.49794 0.49148 0.86477 0.7749 -0.69886 -0.86098 0.40049 0.28899 -2.554 2.0095 -1.7722 0.52912 -1.8561 -0.9429 -0.17962 -0.98568 -2.8972 -1.6612 1.9497 1.2581 -0.23596 -1.118 -0.77155 -0.18541 -0.088096 0.51088 0.89866 -1.1585 -0.53035 -0.41958 -1.4089 -0.38844 0.24195 0.90423 1.7062 0.77151 1.0216 -1.8203 0.94072 -1.2279 -0.979 0.57815 -0.13932 2.1104 0.18414 0.73903 0.63028 -1.4529 -2.0973 -2.336 -0.5982 1.1534 0.47404 -0.18034 -1.0783 -0.78529 0.38359 0.74407 0.64683 0.046601 
grapefruit -0.51467 0.99026 0.4273 1.1192 -0.32091 -0.15544 0.49009 -0.66281 -0.057004 0.19197 0.35765 -1.1686 0.56617 -0.01311 1.3756 -0.58517 0.20272 -0.62664 -0.98272 0.18624 -0.034192 -1.2368 1.0675 -0.43152 -1.0077 -0.25258 0.5849 1.4544 -2.6846 0.33551 0.27543 0.38575 -0.65077 0.0077854 1.4304 -0.18173 0.0024508 -0.16349 -0.33917 0.90205 0.39489 -0.38696 2.3061 0.70321 0.2024 -0.96936 -0.096352 0.00038112 -2.2995 -0.73583 0.070688 1.5924 -0.73329 2.7188 -0.82413 -1.9848 0.51435 -0.79965 2.0961 0.53089 -0.29514 -0.69497 0.684 -0.56117 0.53004 1.3161 0.50011 0.032689 0.81221 -0.33462 -1.3204 0.043708 -1.219 0.1095 1.2891 1.4717 1.2672 -0.61868 -1.359 -0.5061 1.1067 -0.24116 -0.5885 0.6715 1.805 0.16044 0.48778 0.10133 -0.64606 -0.71333 0.094536 0.31121 0.24763 1.6786 0.27839 0.84578 1.6224 0.28594 -1.0036 -0.52763 
clove -3.4089 1.8092 0.0068793 -0.66014 0.50126 1.8406 0.7825 -2.0664 1.5394 -1.4337 0.77128 -2.9624 0.39747 -1.473 2.0246 -0.33705 -1.9991 0.93447 0.10734 1.3485 -0.69428 0.29776 0.80196 0.57369 0.50425 -1.7729 1.1437 0.28328 -2.4029 -0.16122 -1.4275 -0.98935 -0.7158 -1.4566 1.0775 -0.71804 1.8419 -0.81636 0.11924 0.70107 1.4809 0.75256 -0.31183 -0.052966 1.0893 -1.7733 -0.10123 -0.63231 -2.7356 -0.0071916 -0.33313 2.068 -0.61501 0.83503 1.3871 0.97011 -1.1271 0.54725 0.84243 3.4644 0.097377 -1.6922 0.37559 0.22159 -0.091579 3.5261 0.99855 -0.21339 -0.037135 1.0309 -1.4743 0.99635 -0.11465 0.68131 1.0644 0.99431 1.092 0.10429 -0.15176 1.3803 -0.9634 -1.4127 0.83866 0.62067 2.2737 0.27897 1.766 1.1328 -2.1887 0.58836 0.82552 0.56213 0.12509 1.2791 -1.644 -1.8278 3.5037 -0.85531 1.5247 -0.12563 
pear -0.44839 0.10254 -0.94267 1.525 -0.79481 -0.13913 1.5831 -4.1793 1.2973 -0.017967 3.1783 -0.97875 -0.68744 0.0078821 1.8736 0.018622 -1.8996 -1.9403 -0.50937 1.1623 1.3551 -2.5991 2.2891 -2.1123 0.43676 1.248 -0.034899 3.6901 -1.8072 -0.96525 -0.44063 1.7089 0.1367 1.0061 2.1454 2.391 1.256 1.7905 -0.1997 1.9732 0.61826 -0.56419 0.67774 1.0257 1.9172 1.0102 0.39384 -1.0476 -2.3434 0.32291 1.6899 1.3384 -2.2894 3.3417 -1.9444 -4.5522 0.13576 -2.1698 4.1744 0.18874 0.36147 -0.97592 0.98763 1.6854 0.43525 0.95742 1.1801 -2.6235 0.84911 2.396 -3.3695 -0.3127 0.83743 1.2873 1.1207 2.2596 1.397 -2.595 -0.84152 -0.46569 -0.32137 -0.50987 -2.2653 1.1202 2.3643 3.0055 4.0683 -1.4571 -0.88988 -3.3196 -1.4975 -2.0169 3.4511 1.5348 0.36853 0.1225 5.4616 1.5376 -1.0603 -0.75527 
soap -1.1955 -0.97237 0.55682 0.24701 3.3034 -1.2769 -2.0675 -1.0726 -1.1881 0.87426 -0.45686 -0.171 2.1302 1.2756 0.73834 -2.6082 0.39286 0.34955 0.13887 1.1762 -1.5557 0.88909 3.8788 -0.036784 0.52196 0.29318 1.7974 0.82249 -0.47499 1.5277 -2.1939 -4.416 0.021441 -0.98489 -0.57567 1.253 -2.1423 -2.5898 0.99103 1.6319 -0.10447 2.0966 1.1709 1.987 1.1959 0.53439 -0.47487 1.6552 -1.1032 -2.6444 3.0296 -0.4921 0.58158 -0.14161 2.5182 0.94261 -2.4079 -1.244 1.3056 -2.4577 1.9875 -0.12825 0.83582 0.87165 -0.80271 -0.51898 2.1139 -1.9243 -0.54204 -1.208 -1.5845 -2.0239 -3.3104 0.5411 -3.2471 2.8134 2.6184 -1.6723 2.6098 1.4521 -0.78427 1.3132 -3.9666 -3.144 -0.29622 -0.21475 2.8277 0.78908 -3.5157 0.54238 0.98363 -0.083205 1.2324 2.8224 -1.8987 -4.1338 1.1599 1.3516 -0.065841 -0.11156 
almond -0.20946 0.69676 -0.30696 -0.35651 0.46309 1.0263 -0.23381 -2.6669 1.2683 0.80014 0.59144 -2.0622 -0.8719 -0.42879 1.1121 -0.17834 0.42437 -0.13319 0.74453 0.10844 1.2385 -0.96036 0.809 0.72378 -0.55835 1.1231 0.56495 3.0125 -1.9295 -0.20009 -1.6853 -1.6691 -1.4446 0.19882 2.3164 0.06284 -1.7409 1.0945 1.1722 -0.86235 2.7354 1.1206 -1.8685 -0.25637 1.887 0.042771 -0.27323 0.7031 -1.8088 1.7982 0.59935 1.4277 0.54576 0.98627 1.8981 -2.7231 -3.668 -0.87312 2.7433 1.8842 0.49899 0.060168 -0.39655 -0.43523 1.5897 -0.36123 1.1448 0.63669 0.34072 0.53046 -2.225 -0.86453 -1.0056 1.1998 1.8652 1.641 0.61345 -1.175 -0.4056 -0.84355 -0.40852 -1.8363 0.39787 -0.50421 0.043383 0.43531 1.2079 1.1945 -0.25608 -2.6629 -0.86736 1.2324 0.37511 -0.031535 -1.8793 1.0849 2.3764 1.6635 0.073773 0.055993 
licorice -1.0006 0.63355 0.25278 -0.50719 -0.18536 1.6294 -0.52741 -0.48454 1.4601 -0.60634 0.72501 -1.2322 -0.82194 -0.58564 0.89374 0.13493 -0.43726 1.2067 -0.6508 2.1103 0.72101 -0.46312 0.54484 1.8729 -1.2556 -1.011 1.0156 0.40405 -1.7055 0.26245 -1.503 -0.13672 -1.1591 -1.7002 0.89423 0.10353 0.61829 0.78846 -0.97315 0.95307 0.22437 1.1432 -0.079833 0.81022 0.12284 -2.1686 0.59689 1.477 -3.1741 1.0448 -0.21252 1.5464 -0.91951 1.0631 0.33535 -1.0033 -2.5109 -0.21805 2.1531 2.129 0.82915 0.26743 -0.34834 0.83333 0.41291 0.79644 1.9513 1.2126 -0.20719 0.04327 -1.1826 0.65798 -0.082399 0.021931 0.53515 0.8998 0.41418 -0.059803 0.47586 -0.69908 -1.0995 -0.29556 2.2483 -0.36687 0.40355 -0.89881 2.3963 1.1162 -1.0331 -1.0606 -0.5422 0.14995 -0.3262 -0.69014 0.095766 0.6745 0.86453 -0.13294 1.0799 -0.27241 
pineapple -0.69114 0.13261 0.65621 1.3169 -0.27948 0.62391 1.1614 -1.7367 0.7392 0.11447 0.94887 -1.6671 0.71508 0.096138 1.0234 -0.28062 0.32356 -1.2252 -1.0051 1.0145 0.55849 -1.0334 1.0583 -0.45989 0.6248 0.68774 0.50235 1.8422 -1.3049 -0.78887 0.33922 0.74993 -0.32119 0.69209 0.97775 1.2889 0.17246 -0.30516 -0.02506 0.26797 -0.35974 -0.89811 1.3962 0.43037 -0.50722 -0.22059 -0.17134 -0.78528 -2.2074 0.20852 -0.034595 0.50665 -1.3574 2.5669 -0.89708 -1.7249 -0.91306 -1.0625 2.5605 0.027873 -0.73581 -0.58313 0.65872 0.035136 0.44447 0.84186 0.96808 -0.35434 -0.041356 1.0557 -1.0093 0.2133 0.39053 0.23956 0.90501 2.1854 1.967 -0.90767 -1.2745 0.19063 0.10569 -0.55898 0.082484 0.50979 2.5679 0.82539 0.36549 -0.30369 -0.16534 -1.2704 -0.22227 0.49077 1.5465 0.23042 0.84551 -0.10042 1.3527 -0.11155 -0.57221 -0.18929 
pine -1.2154 0.98098 0.81993 -0.30017 -1.4826 -0.268 -2.4579 -0.34705 1.1976 -0.41603 -0.85782 -2.8254 2.0238 -1.4787 0.9984 -0.81326 -0.54985 -1.1831 -1.2131 0.60405 -1.7039 -1.4232 3.8657 -0.56212 1.6348 0.43248 1.083 1.3464 -0.8509 1.0309 -1.6416 -0.70506 -1.4556 0.88018 -1.77 1.1547 2.4708 -0.63821 -2.375 1.0954 -1.3797 -0.82044 1.7877 0.51613 -0.41677 -3.5536 2.3302 0.57511 -2.851 -1.795 -0.67494 1.5999 0.38204 1.1567 -0.0077134 0.58005 1.0021 -0.79628 0.24048 2.3937 -0.78677 0.083828 3.554 -0.14797 2.9 3.7586 0.56288 -0.45519 -0.7286 1.7248 -1.0363 1.554 -0.76974 1.1399 -0.77238 4.047 1.961 1.2178 -1.4111 -1.2382 -0.44988 1.2071 1.6595 -0.58385 3.5812 0.14175 -1.6259 0.91827 -3.5485 0.3675 -1.296 1.5123 2.0998 1.0467 -0.71503 -2.7187 2.7035 1.048 1.5988 -0.25077 
caramel -1.122 0.31867 0.93331 0.55266 -0.53669 0.70165 0.91535 -0.62952 2.4388 1.4699 0.91209 -1.8585 -0.35665 -0.84184 1.2722 0.49751 0.78766 -0.020256 0.92496 0.65103 -0.084162 -0.36551 -0.30978 1.0643 -0.24902 0.72611 0.80892 1.2657 -1.5246 -1.0756 -1.3227 -0.89103 -0.87304 1.2044 0.53378 -0.57292 -0.23847 -0.69535 1.2914 0.0089087 0.11058 1.4792 -0.78209 0.48879 -0.66552 -0.048095 0.94741 -0.070339 -1.8662 0.89049 -1.5037 0.058589 -1.3557 -0.24665 0.51816 -1.8109 -3.1339 -0.49062 1.0613 1.4361 0.25736 0.017302 1.0634 1.8868 0.32243 0.37301 0.72816 0.18212 0.24253 -0.26975 -0.52919 1.0937 -0.40436 1.7712 2.9085 0.66701 1.1183 -0.97082 -1.257 -0.20717 -0.32736 -0.52641 0.27951 -0.43076 1.1073 1.9459 1.4677 0.15405 0.55718 -2.1357 -1.6384 0.14026 0.33466 -0.14775 0.1568 0.7373 2.1192 1.8634 -0.28704 0.99789 
strawberry -0.73932 0.54748 -0.021208 0.2415 -0.65915 0.33347 1.1943 0.14093 1.7579 0.29021 1.4799 -1.169 0.67322 0.77908 0.70049 -0.25127 1.4897 -2.061 0.25235 1.5724 0.72482 -1.0444 1.7851 -0.66739 -0.40802 -0.065739 1.1767 0.4621 -1.8956 -0.63722 -0.68373 -0.56413 -1.0214 -0.63259 1.4075 0.26592 1.4816 0.21481 0.61264 0.47904 0.24508 1.1017 -0.69062 1.8661 0.050917 -0.87199 -0.93877 0.38284 -2.3983 0.94089 0.29506 0.38822 -1.1447 2.0125 -1.4017 -0.86514 -1.6597 -0.1453 2.3578 0.85655 1.1146 0.097996 0.54116 -1.7368 0.48426 0.10486 -0.12385 0.31237 -0.17239 -0.16287 -1.2063 -0.42276 -1.0263 -0.28671 -0.07562 1.3942 0.17333 -0.64475 -0.67105 0.25594 0.68762 0.025043 -0.39228 0.61795 1.7989 0.31021 2.5654 0.10375 -0.50921 -0.078199 -1.0799 0.019812 0.29521 0.25508 -0.0075929 0.78904 2.5573 0.16625 -0.059961 0.34273 
rubber -0.33662 1.9241 1.9517 0.64743 -0.16354 1.7453 0.15911 0.0076262 1.435 -0.26886 2.0427 -0.46395 -0.052417 0.54994 0.38835 0.31348 -0.020204 -1.037 0.15877 0.31656 -0.68235 -1.0499 0.45597 -1.2503 -0.9123 0.6869 1.5777 -0.18722 -1.1122 0.6035 0.30965 -1.6715 -1.5743 0.031298 -0.060419 -0.91149 1.1073 -0.74585 -2.4306 -0.76712 -0.49035 1.334 1.235 1.537 -0.7416 -1.0418 -1.1406 2.6012 -2.3873 2.2461 -1.9703 -0.28372 -1.0641 1.5008 -0.3924 1.6621 -2.5145 1.4643 1.1745 1.3433 1.3968 1.1534 0.071422 0.97377 1.879 1.8972 1.2185 0.44124 -2.0618 2.3937 -0.33601 -0.28911 0.11444 0.17586 -0.2594 -0.26507 1.5276 0.93623 1.7466 -0.063132 -2.9804 0.050311 -0.091738 -0.12183 0.99848 -0.40601 0.49736 0.64333 -0.67052 0.65343 1.0534 -0.4393 2.6164 -0.028744 0.54358 1.8897 0.76623 0.76194 -0.31814 -1.4628 
geranium -0.8371 1.4801 -0.23909 -0.70426 0.34831 0.15677 -1.8666 -1.8199 0.27281 0.13389 -0.036972 -1.5569 0.55073 -0.81393 0.61546 0.2144 -0.047889 -0.63235 -0.99999 0.3767 -0.53413 -0.50588 1.1981 1.232 0.8316 -0.90176 -0.055278 0.17014 -0.91718 0.97448 -1.246 -1.0357 -1.0774 -1.3738 0.12674 0.013737 1.0253 0.5774 0.22801 0.26518 -0.39551 -0.76488 0.28038 -0.16062 0.91721 -1.4177 0.21156 1.066 -1.7002 -0.99406 -0.27724 2.1435 0.37969 1.0601 1.2282 0.64557 0.6765 -0.79031 0.43518 -0.16315 0.46618 -0.56319 -0.21675 -1.148 -1.098 3.0169 1.4642 -0.068917 -0.43907 -0.2413 -1.6363 0.34942 -1.8871 0.024077 -0.044046 0.6242 1.7387 0.72912 -1.8762 1.0384 0.052885 -0.034407 0.13356 0.25182 0.78034 -0.57712 0.27907 1.2774 -0.35348 -0.41565 1.3976 -0.50579 -0.11295 2.435 -1.0412 -1.034 2.5426 0.047822 0.4745 -0.034447 
grape -0.7105 2.2009 -0.36532 1.5845 -2.0796 -0.64573 1.7847 1.1743 1.366 -2.382 0.34029 -1.8234 -1.0743 -0.26432 -0.03645 -0.3456 1.1606 -1.2184 1.8104 3.3071 -0.75461 -3.1151 0.54919 1.0877 -0.46625 0.39309 1.6394 0.54903 -1.4259 1.9867 1.2929 0.37348 -0.51481 -0.19242 3.4149 2.2626 -1.8059 0.80301 -0.58534 0.35606 -0.42964 1.9094 1.4276 1.0821 1.0756 -2.2491 -0.26642 1.293 -1.6854 0.42571 0.8091 1.7548 0.4254 1.8359 -3.1901 -1.4483 -1.3754 0.19243 3.0254 0.85432 0.37947 -0.066065 0.46492 0.50899 3.3114 -2.2647 -0.16018 1.5352 -0.92142 -3.1797 -2.4011 0.24495 -1.2929 -1.4402 1.7006 3.4345 1.1246 3.0963 -0.95016 -0.62147 1.853 0.45429 -1.4581 0.77549 0.057657 0.89941 0.3935 3.0172 -0.65454 0.17665 -0.14171 -0.44362 0.66871 0.9704 -0.7245 -0.035287 4.5221 -0.47671 0.035861 -1.1699 
anise -1.9268 1.3834 -0.50492 -0.48145 1.5291 1.5036 -1.0779 -1.0477 1.9649 -1.5241 0.046017 -1.8338 -0.45818 -2.8702 2.1641 1.3238 1.1265 0.51701 -1.9249 2.1468 1.6352 -0.59706 1.2393 2.2246 -1.0068 -0.7296 -0.095928 1.3311 -1.063 0.38398 -1.9424 -0.40542 -0.40745 -1.9061 0.80883 -1.6138 0.75061 0.00085751 0.51357 1.3379 1.0675 -0.28415 -0.7773 0.53639 0.79763 -1.8974 0.62847 1.2704 -3.9667 -0.39455 -0.26136 1.2995 -0.58939 1.5531 0.92456 0.45976 -3.1711 -0.27985 2.2328 1.5511 0.90399 0.29018 0.12467 -0.69268 -1.2338 3.4593 0.12639 0.079374 -0.27214 -0.55511 -1.7957 0.601 -0.76546 0.36082 1.5709 1.411 1.0926 0.3966 -0.27301 0.84658 0.2864 -0.3449 0.10113 -0.86307 0.34423 -0.53034 0.65449 0.19853 -0.59118 -1.504 -0.82561 0.78225 -0.14779 0.48376 -1.0244 1.6698 2.5297 0.25986 0.76563 -0.57566 
hay 3.0757 2.7888 0.96318 -0.82503 -0.14891 -0.31954 -1.3622 -1.3963 1.8589 2.3485 2.1365 -4.5314 0.73813 0.53617 4.1102 -0.18601 -0.41126 -2.1218 -0.8441 -1.6535 -1.9507 -2.1939 4.0329 2.7056 -0.41147 1.2691 0.50538 3.0612 -2.2368 2.8336 -4.426 -3.4917 -2.3976 2.7215 -0.86557 3.1321 0.49564 -3.1061 0.48491 -2.0047 2.9715 -1.9253 -4.6793 -1.0225 2.0582 1.2876 1.3604 1.3463 -4.105 1.8665 0.44997 2.5584 1.3357 1.5448 -1.2117 -1.0913 -1.9519 -1.1547 1.9987 -1.2168 2.4938 -1.408 1.9647 1.406 3.3689 0.15773 3.3633 -0.47606 -0.76566 3.5788 -1.6085 0.95804 0.34981 4.032 -0.46592 0.44841 1.897 -0.46282 0.13097 -3.7201 -2.4169 1.5334 0.020416 1.9569 1.5152 2.3043 -1.3459 3.2666 -0.91396 1.3989 0.78973 -1.6204 3.0985 0.96867 -0.25193 -1.1724 3.7463 -1.3887 1.2443 1.0614 
grass 1.8655 1.603 0.73299 -1.2059 -1.0455 -1.2798 -1.8652 -0.60035 -0.97871 -0.078279 0.67395 -1.5196 0.93167 1.418 2.0895 -0.34211 -0.13283 -1.5715 -1.2232 0.046808 -1.4666 -1.9767 1.8878 0.29735 -1.059 0.7761 0.99493 0.57994 -3.4205 1.2784 -0.28894 -1.1289 -1.1083 0.90385 -0.96464 3.0948 0.74203 0.055923 0.30048 -0.53361 0.71078 -0.79819 2.9418 -1.0632 2.3728 -0.19186 1.6239 1.8684 -2.223 0.55276 0.29821 2.8712 0.68633 2.3008 -1.2381 -0.62332 1.2227 0.66256 2.4049 -0.9737 0.62812 -0.19395 2.3674 0.44037 1.7232 -0.10451 2.2225 0.99807 -0.25908 2.651 -1.7189 0.8859 -0.72537 2.2088 0.057446 1.63 2.5515 -0.44301 -1.0055 -3.3633 -0.40422 0.96877 -0.6979 1.614 0.9529 1.2656 0.47009 1.0931 -0.63534 1.1436 0.36067 1.1205 1.7386 1.1503 0.14814 0.72838 2.2175 -1.2328 0.40939 -0.38638 
rum -0.68541 1.8362 0.43915 3.7164 -1.1055 3.4119 1.4294 -1.7897 5.1164 -1.2769 0.15838 -7.1076 5.2658 -0.8028 2.108 -1.8865 0.30081 2.3252 -0.24602 5.4874 -2.8124 1.545 -0.11078 1.7886 3.2715 0.19061 1.2747 0.5461 0.26854 0.079473 -0.35038 -0.66051 0.07829 0.33184 -0.99948 -0.67453 0.60118 -2.6664 1.3476 -0.38719 0.60672 -3.1845 -1.0828 3.41 0.22523 -4.3386 -1.6385 -0.036434 -5.5423 -3.7097 -4.3924 0.31852 -0.6726 -2.5678 1.7231 -0.23043 -2.0054 -1.146 2.8962 3.1984 1.229 -1.4706 0.37954 0.37617 -2.0923 -0.2295 0.67943 -0.28656 -1.7209 -3.2764 -0.71755 1.5817 -1.2754 1.3795 2.5531 4.3197 -0.088058 -0.75286 0.77167 -2.3199 -0.12085 -0.73469 1.9998 1.6081 3.5044 1.6028 -2.256 0.88707 -1.52 -2.9833 2.6742 -1.0711 -0.70519 1.1598 0.39225 -1.2732 2.5248 -0.80926 1.4423 5.6134 
animal 0.13069 1.9749 1.1601 -0.70727 -0.96163 -0.95794 -0.49083 -1.1044 1.4173 0.046952 -1.4926 -2.0213 0.085363 0.22775 0.65447 -1.6172 -0.036712 -1.5551 -1.372 0.58255 -1.0104 0.24997 0.45351 0.7038 -0.00088862 -2.1292 0.30135 0.63958 0.18343 -0.3042 -0.82505 -1.6877 -1.9139 -1.0448 1.4153 -1.4251 0.79197 -1.9521 -0.80844 -1.7267 1.263 1.0042 -3.2805 0.27367 -0.47366 0.43806 1.2513 0.96625 -1.064 1.3563 0.42678 1.1048 -0.85975 2.3275 -0.11266 1.1733 0.88912 -1.22 1.0062 0.23992 1.0266 -1.0179 1.3742 -0.9921 0.89762 0.051634 0.40932 -0.12329 -2.8358 1.0221 0.27163 0.18453 2.289 1.8278 1.3028 0.47937 1.5257 -0.49307 0.61906 0.25335 -2.9524 0.81101 -1.3304 -0.14542 -0.70127 2.3191 -0.40593 -0.12928 -1.4712 0.53304 -0.8605 -2.1177 0.11695 0.043056 0.34987 2.1781 -0.2877 -0.24871 -1.5848 0.0063245 
tar -1.9128 2.4335 2.7743 0.67915 -0.85618 1.7486 -1.9553 0.40939 2.3119 -0.90458 3.8039 -2.5243 -0.13079 -1.0384 1.1265 0.68741 -0.46368 -0.014866 1.1528 3.9246 -0.2529 -0.40811 1.5237 -4.1151 -0.55411 -2.8684 0.4724 -0.84996 0.1804 1.6535 -1.25 -1.8783 -1.7965 -0.51708 1.3859 2.5254 3.0856 -0.8433 -2.2155 -1.2211 -2.0293 2.47 0.54786 3.0517 1.1495 -4.6065 -0.8759 3.903 -3.9911 2.1954 -1.2681 -0.9184 -0.24459 0.5063 0.95288 -2.3214 -2.6415 1.7054 2.8855 4.5004 0.56355 2.3297 -1.1961 2.6061 4.6996 4.7044 1.7559 0.30912 -1.4755 2.3845 -2.3755 2.2847 -1.4154 0.8538 -0.11945 1.0382 1.7854 0.94218 2.3298 -0.97599 -6.2305 1.9184 3.1578 -0.85419 5.4763 0.18296 1.2067 1.7782 -1.877 2.9282 0.0010362 -0.55366 3.4812 -2.6957 0.53886 2.051 0.060671 -1.4055 0.90392 0.66979 
banana -1.2088 0.65747 -0.64209 1.5816 -0.5866 0.16814 2.1017 -1.6052 0.12594 -0.89803 1.1065 -0.94955 0.28998 0.66084 0.12756 -0.72804 -0.57278 0.23453 -0.099164 0.43905 0.19177 -1.0752 2.5956 -0.19167 -0.64564 2.4089 0.32457 0.30163 -2.0408 -1.7502 0.20979 1.0131 -0.44429 2.0136 1.6011 0.69703 -0.10693 1.8026 2.3671 0.19999 -1.0329 -0.1099 1.0122 -0.75131 0.99024 0.17518 -0.34907 -0.11851 -2.1165 1.5089 0.0219 0.27608 -0.67366 1.0507 -1.2556 -0.81034 -2.4205 -1.7274 3.1948 0.27197 -0.65936 -1.5724 1.2802 0.43181 0.31641 -1.102 0.90444 -0.023742 -1.4124 0.88025 0.070012 0.12404 1.6096 0.77279 0.5753 1.2198 0.78507 -0.85402 -0.12997 -0.60547 -0.41374 0.26599 -0.42316 1.4111 1.533 0.56099 0.18904 -0.85349 0.13721 -1.6387 0.34478 0.2709 1.8853 0.67369 0.14542 1.1959 2.5328 0.99185 -0.50571 -0.5864 
fish -0.74844 0.84954 1.6864 1.5539 0.17034 -2.8966 -0.43096 -0.066874 -2.2556 -0.29641 -2.1629 0.071424 -0.60894 -0.75295 -0.29865 0.22242 -0.22461 0.46862 0.34943 1.9381 -3.2677 -1.6689 2.7165 1.0491 0.40794 -0.26102 1.651 -1.3627 0.090131 -0.3021 0.54824 1.0507 1.8318 1.7555 0.17523 -0.93826 1.0032 -0.50776 -1.2921 -1.0915 -0.8851 -0.48951 1.6682 -1.2988 -1.4257 0.17587 1.8463 -1.1679 -1.4714 -0.3458 1.3009 0.98131 -0.44386 1.0062 -2.225 -0.022383 -0.14314 -1.2518 3.1487 2.587 3.6001 -1.3558 -1.2369 2.249 -0.092479 -0.81471 -0.63169 -1.6796 -1.7906 0.88609 -0.64026 -0.92121 -0.0074015 1.5583 0.085573 0.87475 0.70863 1.0732 2.333 0.69682 -2.45 3.4304 -0.93792 1.7956 -1.7471 3.2433 2.3459 -1.6587 -2.415 1.0146 0.85689 2.4699 2.2497 -1.93 2.0524 -1.0506 0.062827 -1.1488 0.12354 0.81212 
raisin -1.3616 0.23314 0.36224 -1.5212 -0.8509 0.98805 1.6721 0.99561 2.2302 -0.55971 1.491 -0.52978 -0.15266 -1.0685 0.88701 -0.92553 -0.44761 -1.7973 1.2109 1.6705 -0.044718 0.63437 0.18693 0.15162 -0.4511 -0.96292 1.9719 -0.12938 -2.2848 -0.76515 -1.3682 -0.10115 -1.4769 0.10857 1.1654 2.2457 2.033 0.83696 0.34917 -1.5072 0.23526 3.627 -0.12167 0.68571 -0.82335 -2.1447 -0.1474 0.69039 -2.0307 0.96677 -2.0341 -0.034865 -1.4225 -1.0121 0.86045 -1.1895 -2.6026 -0.47711 2.4545 0.44768 0.73538 -0.33777 -0.055042 1.6728 -1.0278 -1.1675 1.1851 0.16872 -0.8116 1.6193 -1.0175 1.394 -0.3479 1.2494 1.9396 1.3366 -0.26824 0.12182 -0.78839 -0.97161 -1.8263 -0.53206 0.12537 2.2724 0.38581 1.0571 0.87472 -0.46112 -0.28446 -0.76731 -2.4648 -1.4225 1.1289 0.14995 0.45639 1.8432 2.5642 0.65132 0.18423 0.43758 
mushroom -0.16401 0.83228 -0.010648 -1.0515 -0.82229 0.28663 -0.33844 0.65091 2.39 -0.57718 1.5161 -0.46453 0.34586 0.58801 1.0875 -0.59412 0.86162 -0.22808 -0.77697 0.47236 -0.65984 -0.14397 1.1554 -0.15092 -1.3813 -0.038551 1.4716 1.5073 -0.47495 0.079988 -1.0887 -0.51216 -0.814 -0.86703 -0.78131 1.3785 1.232 0.44122 0.044073 0.069301 0.013445 1.6895 -0.46836 0.57921 1.028 1.1774 1.0439 0.73566 -2.3537 1.3079 2.2699 2.3734 -0.14282 1.4001 0.0043658 1.0542 -1.3043 -0.15125 2.07 1.6848 1.5106 0.45172 1.148 -0.025233 1.005 -1.3062 0.83209 0.83046 0.27291 1.1908 -1.2077 0.21789 -0.43875 0.0591 0.85361 0.16927 0.71651 -0.30836 0.27111 -1.5054 -2.7706 1.5747 -0.60464 0.30079 -1.0604 0.9921 1.5703 0.71072 -2.5429 1.9911 -0.41121 -0.96637 0.6098 -0.37486 -0.76015 0.76189 1.521 -1.5436 0.84093 0.049792 
eucalyptus -0.91558 1.1619 -0.12834 -0.9153 -0.22851 0.66026 -1.0812 0.032123 1.3574 -0.51592 -0.095346 -1.1041 0.28697 -0.61994 0.71131 0.86733 0.01191 0.48706 -0.91625 1.2829 -0.637 -0.5307 0.63428 0.81309 -0.026044 -0.00045843 1.5976 0.42954 -1.7911 1.0999 -1.0591 -0.45451 -0.6246 -1.1354 -0.31534 1.0125 0.66635 -0.12608 -0.51905 0.31927 -0.30204 -1.1037 1.1035 1.0682 0.64597 -1.3044 -0.018469 0.673 -1.7204 -0.14149 -0.69014 1.0432 -0.6011 0.31257 0.49188 0.65113 -1.0756 -0.21695 0.93215 1.2878 -0.11856 -0.030697 1.1923 -0.38383 0.45607 1.5358 0.20253 0.68458 -1.2994 0.81003 -0.93992 0.097139 -0.5648 0.19631 0.2659 1.6129 0.98161 1.0138 0.22408 -0.97732 -0.056088 -0.22054 0.42556 0.045641 1.3665 -0.14282 -0.17929 0.65525 -1.6331 -0.32917 0.22896 0.1958 0.76837 -0.0032877 -0.69869 -0.59908 1.0853 0.68596 0.13102 0.23787 
bread 1.854 -0.41037 -1.4382 -0.87197 1.9794 -1.5999 1.7707 -1.7672 0.72866 0.078432 1.9119 -1.8149 -2.4761 -2.0407 0.028445 -0.2755 0.042608 -0.40524 -0.42848 -0.10284 0.61347 -2.5807 2.8493 -1.0116 -1.9035 0.92724 0.63003 0.14728 -2.0414 -1.6834 0.14283 -1.231 -0.094704 0.77309 1.3689 -1.1185 -1.2583 -2.01 2.6879 0.51665 0.056469 1.3106 -0.75737 0.29534 -1.1518 1.3978 0.43609 0.66282 -2.2222 -2.2573 1.0907 0.67081 -0.81678 -0.20618 0.31375 0.12934 -3.8741 -0.66073 2.1931 2.464 1.2979 0.29632 0.13044 2.0984 -0.98301 0.03975 0.82233 -0.79419 0.0706 1.3656 -3.1934 0.057397 0.4373 1.8284 0.79939 -0.63196 -0.82462 -0.62078 0.17213 -1.1377 -1.0796 -0.22145 -0.47836 2.1079 -1.376 0.83824 2.556 1.4921 -0.90367 0.2456 -2.0919 1.5279 2.2982 -1.2167 -0.26713 -0.18732 2.2971 -0.023961 -0.13271 -0.39613 
urine -0.88988 1.2864 1.9935 2.3707 1.4823 -1.1199 -1.3354 -0.83995 -1.0045 0.17869 -1.1826 -1.1931 1.3606 0.43989 0.045901 -2.2421 0.98105 -0.66564 -0.43999 0.57424 -0.55841 0.19867 0.28151 0.33216 -2.4557 0.55425 1.2277 2.8628 -0.74748 0.86602 0.66855 -1.4019 -1.7211 0.40398 -0.057762 -0.62553 0.84448 -0.41774 -1.5866 -0.65527 -0.042623 -0.042189 0.4566 0.20116 -1.5464 1.3192 1.9238 0.46274 -1.6147 -0.7784 0.9218 -0.053817 0.28244 -1.3577 -0.92943 0.77918 -0.34713 -1.638 1.7859 0.86724 2.1879 -0.99464 1.1693 0.40112 0.015146 0.66156 0.32164 -1.8928 -0.98035 1.4541 1.1104 -0.54484 -1.2925 2.5742 1.849 0.81694 0.64474 -0.36286 0.89141 0.34097 -2.676 0.87575 -2.0664 0.62027 -0.71543 1.9518 0.61062 1.9095 0.020996 1.1321 0.69149 -1.3454 0.98838 0.59856 0.063036 0.37075 1.9407 0.33639 -1.6565 -0.88496 
cucumber -0.36605 0.21448 0.31577 0.49434 1.3912 -0.74698 -0.52726 -0.85403 -0.7084 -0.99568 -0.36161 -0.54842 -0.016509 -0.80864 1.401 0.69767 0.40972 -1.1595 -0.77246 0.48384 -0.40064 -1.0524 1.7892 0.55034 -0.90624 0.88373 0.12847 0.9348 -1.7205 -0.22061 -0.020773 0.22726 0.061532 0.38874 -0.75773 0.0034099 0.038509 -0.30407 0.41292 0.42625 -0.93629 -0.98172 1.6728 -0.14488 0.4425 -0.2514 0.50904 -0.6507 -2.3957 -0.74739 -0.061673 1.2045 0.035323 0.96443 -0.44723 0.04558 -0.56136 -1.3314 2.812 -0.095798 1.1925 -0.70254 1.1355 -1.3442 -0.41932 0.0295 0.80126 -0.33129 -0.8794 0.45508 -1.0775 -0.58932 0.027373 1.2542 -1.1631 1.3978 0.94799 0.91823 1.0597 -0.072589 1.242 0.55794 -0.72824 0.78631 1.1761 0.83983 0.24345 -0.35246 -1.2539 0.32096 -0.021273 0.97707 0.0099891 1.0577 -0.58673 -0.80945 0.59504 1.5253 -1.1324 -0.10571 
popcorn 1.3824 -1.3489 -0.52602 0.39226 -1.7925 -1.0646 0.35161 0.9464 0.58673 0.5346 0.73975 -2.1791 -1.2121 0.17897 0.22942 0.27516 -0.2151 0.16529 1.4028 1.0598 0.073563 -2.8797 0.82069 -0.25742 -1.4244 2.6279 -0.4702 0.37917 -0.65538 -2.4607 -1.0565 -0.93458 -0.22775 2.3124 0.90071 0.60566 -0.67541 -0.3735 1.0257 1.243 -0.57473 -0.33206 1.2041 -1.0436 -1.2844 0.48031 1.0401 -0.79202 -1.6433 1.2907 -0.73967 -0.74393 -3.1736 -1.291 -0.87889 -0.024629 -0.99014 -0.041345 0.9105 2.7534 1.9777 -0.41686 1.1414 2.0883 1.0492 -0.15163 1.2423 -0.1285 -0.69184 -0.99631 -0.49764 -1.4166 0.85664 1.8805 1.3065 -0.10479 -0.66583 -1.1068 0.10055 0.34261 -1.8465 0.026162 -0.42213 0.51223 -0.12664 0.31418 0.43686 0.013274 -0.14043 0.57365 -0.40831 0.53355 1.7219 -0.74236 1.4735 0.7096 2.247 0.3246 -1.2284 0.58108 
syrup -1.9981 0.14349 -0.11528 1.5109 1.1932 0.31887 0.97609 0.41247 1.062 -0.20934 -0.2282 -2.1569 0.98046 -1.5994 -0.11802 0.11203 2.3829 -1.2285 3.1329 2.437 1.2243 -0.73382 0.7093 0.35466 -0.78172 1.3862 0.84726 0.30879 -0.3972 -0.76767 -0.9898 -0.11551 -0.55154 1.0891 1.3971 0.49943 -0.53193 -0.73349 0.8136 0.024344 -0.74796 2.2859 -0.70589 1.9026 -1.5604 -0.68319 0.72917 0.81514 -1.7357 0.93476 -1.8649 0.80714 -0.509 -0.52525 -0.27889 -0.94464 -3.3258 0.68051 3.0585 1.8201 1.9095 -0.10744 0.19522 1.368 0.43576 0.55508 0.11702 0.20766 1.2061 -0.8895 -1.0118 -0.43664 0.14923 3.1561 1.1086 2.2828 0.73502 0.84348 -0.11693 -0.09772 0.14045 -0.47282 0.80691 -0.4469 -0.017655 0.93533 2.2809 -1.0782 0.30118 -0.7491 -0.13341 0.49999 0.09901 -0.71572 0.18555 0.52369 1.9669 -0.29024 -0.3887 0.90777 
cheese 1.1709 0.93778 1.732 0.074804 -0.1203 -0.78788 0.61279 -0.098637 -1.733 0.054698 2.3698 -1.8892 0.25541 -0.20151 -0.19103 -1.1586 -0.50937 -1.5417 0.46634 1.9357 0.13203 -1.2454 1.3599 -0.20054 1.0263 0.092252 1.5437 -0.56681 -2.1553 0.36909 0.77123 -0.40554 0.024999 0.91414 0.6726 -0.87513 0.46971 -2.1752 -0.66069 -0.73477 -0.20875 0.65795 -0.38074 1.1738 -0.57753 1.1155 -0.4447 -0.62032 -1.4009 1.905 0.42263 0.98053 -0.67085 0.48038 -1.3928 -0.014397 -2.2473 -1.0888 1.9891 1.4859 3.1041 0.026784 0.23026 -0.60698 0.089373 0.26474 0.55453 0.26512 -0.19368 0.60191 -1.5895 -0.67454 -0.88104 0.0018061 0.61087 0.18681 -0.4207 -0.10862 -0.89848 -1.2031 -2.6735 0.84923 -1.4597 0.093387 -0.6711 3.0214 2.06 -0.068873 -0.17079 1.1937 -0.040695 -2.3068 1.3877 -0.086555 0.034821 2.5267 0.5257 -0.11536 0.57703 -1.4244 
gasoline 0.44104 1.0416 0.94391 0.55231 0.84402 0.80964 -1.7024 -0.58928 -0.90772 -0.76177 -0.03818 -0.85284 0.88091 0.83751 0.19539 0.022521 0.75129 1.3932 1.0469 0.65393 -0.56379 -0.1138 0.16308 -0.84972 -0.039414 0.21092 0.28442 0.44706 -0.22657 0.76927 0.069238 -1.0248 -2.0247 0.62178 0.39425 0.56214 -0.1017 -0.51456 -1.8032 0.0045841 -0.72735 0.36006 0.56439 0.35203 -0.90676 -0.89278 -0.42432 1.2144 -1.0547 0.83181 -0.95005 -0.071574 0.39976 -0.019303 -0.029324 1.6384 0.019742 -0.78005 2.4268 -0.11927 0.34574 -1.0062 0.78427 1.113 0.89582 2.7302 1.5397 -0.13603 -1.8362 0.97264 -0.59191 -0.51173 0.24925 1.2533 0.025184 1.423 0.56626 -0.065747 0.24519 -0.17038 -2.139 0.27183 -0.08545 -1.5895 -0.041216 -0.41636 -0.75898 1.1242 -0.055656 -0.55271 0.47251 -0.44471 1.6716 -0.07457 -0.49398 0.28794 0.92552 0.63187 -1.2119 -0.73697 
peppermint -0.5322 0.84966 -0.78645 -0.55898 0.51803 0.17421 -0.098958 0.49273 0.77809 -0.21615 -0.82082 -1.1397 0.40271 -0.34226 1.5975 0.8001 -0.32047 0.68149 -0.65097 1.9655 -1.4631 -1.8474 1.3349 0.87398 -0.39466 -0.55964 0.65242 0.75032 -1.9969 -0.33163 -0.33284 -0.42208 -0.3427 -1.4284 0.10149 -0.094809 0.22662 -0.22692 0.49192 -0.059126 0.76896 -0.47758 0.64055 0.40292 0.79778 -1.5997 0.47577 0.31641 -2.229 -0.35787 0.039183 0.54719 -0.16998 0.76521 -0.26335 0.11687 -1.289 -0.29516 1.6644 2.0849 0.62235 -0.35909 0.47001 -0.35844 0.31595 1.7772 0.2555 0.75721 0.29437 -0.67097 -0.89841 0.14814 -1.0555 0.51498 0.14061 1.5019 0.80323 0.23104 -0.43244 -0.021916 1.1037 -0.35374 0.66759 0.78013 1.0978 -0.21247 0.5962 0.23698 -1.2184 -0.15802 -0.028191 0.73566 0.59748 -0.23712 -0.87729 -0.40374 1.5474 0.089031 0.32154 -0.6256 
paint 1.9324 3.3612 0.15591 0.33612 -0.27486 -0.58075 -1.5199 -4.4553 -0.76834 1.5551 1.1256 0.42596 1.0072 1.8448 0.42808 -1.0357 0.55719 -0.001711 -0.28446 1.5458 -1.9422 -2.0884 -0.47045 -2.3226 -1.1586 -1.1466 0.33188 -1.0514 0.86765 0.018199 0.66053 -0.41403 -1.0532 0.39131 -0.64083 -0.98138 0.63519 1.0485 -1.1464 0.10839 -0.8462 1.8187 1.046 0.77973 -1.1905 -0.56787 -0.65232 2.5014 0.75876 0.026127 -0.66699 1.6075 -0.24034 1.0267 -0.33618 1.1937 -1.2386 1.0121 -0.14516 0.64987 0.77658 0.72884 1.7364 0.23191 0.62969 1.0759 1.4492 -0.16928 -2.2641 -1.1757 -1.6608 -1.1735 0.33342 1.3667 -0.55483 1.0305 -0.40512 0.16206 1.4147 1.4178 0.5239 0.35114 -0.35544 0.070951 -0.55261 1.2868 0.92926 1.0238 -0.50603 2.3134 1.0664 0.15326 1.1094 -0.66652 0.82039 0.3846 2.1088 -0.99063 0.27737 -2.1087 
detergent -0.73851 1.9454 0.12746 0.60088 1.0814 -0.24686 -0.71751 -0.36711 -0.62823 0.25517 -0.6637 -0.1405 1.1371 0.16841 -0.43705 -1.0796 -0.49887 0.10751 -0.0099402 0.5 -0.41395 0.77 2.3353 -1.4703 -0.72649 0.52202 1.599 0.0845 -0.23702 -0.088014 0.26256 -1.2502 -0.16376 0.33588 0.16294 0.49293 -0.53434 -0.9225 0.50263 1.5447 -0.087782 0.81104 0.20298 0.63145 0.17568 -0.65529 0.45278 1.1501 -1.062 -0.1344 0.29204 0.1721 -0.08449 1.2301 0.60526 0.33857 0.32494 -1.3306 2.7665 -0.33857 1.0096 0.060778 0.56835 -0.57327 -0.084099 0.023529 0.16685 -0.43083 -1.2841 0.23155 0.52508 -0.93791 -1.3224 0.96304 -0.59638 1.9784 1.1975 -0.0068414 1.3653 1.155 -0.58853 0.25186 -1.5531 -1.1154 -0.22646 -0.47383 0.39349 0.84265 -1.8974 -0.0019318 0.59165 1.4689 -0.087123 -0.70654 -1.8573 -1.2929 -0.39081 0.8061 -0.98933 -1.3172 
celery -0.0262 1.9237 0.042052 0.92257 0.36745 -0.046364 -1.8037 0.22494 0.050493 -1.5778 1.0109 -1.6343 -0.1521 -1.1006 1.9133 0.26276 -0.94539 -0.85883 -1.3402 0.86582 -0.68085 -0.5688 0.92176 1.4691 -0.72275 0.060285 0.25138 0.35448 -1.8476 0.35627 -0.37128 1.1512 0.85643 0.60187 -0.2449 -0.099735 0.31795 0.5097 -0.3607 0.27063 -0.85753 -0.62591 0.54707 -0.50821 -0.26809 0.3742 1.536 -0.76724 -2.2854 -0.99381 -0.45614 0.64727 -0.66584 1.0457 -0.88074 0.61609 -0.58627 -1.1894 2.5351 -0.029571 1.691 -0.55238 1.1335 -0.32444 0.14412 1.4417 0.51236 -0.15523 -0.55609 0.41567 -0.6703 0.2625 -0.64467 0.91872 1.6156 1.4566 0.9475 0.79171 -0.0053615 -0.011025 -0.50296 1.0995 -0.23487 0.83473 0.043787 0.0098467 -0.081066 -0.20113 -0.86312 0.92361 -0.47165 1.0899 1.7556 0.25417 -0.23711 0.4764 2.401 0.44858 0.42655 -1.3192 
blood 0.47901 1.5 0.76532 0.5111 -0.24731 -0.3782 -2.1669 -1.1449 -0.92642 -0.7968 -0.18195 -0.36879 0.37495 -0.48007 -0.39248 -0.12229 -0.39404 -1.1873 -0.50333 0.63096 -0.64041 -0.8914 -0.48582 0.43539 -0.83358 0.33428 0.50979 -0.71828 0.21555 0.43715 3.0492 -0.23693 -0.97649 0.23786 0.82802 -0.50217 1.1935 -0.019439 -0.89673 -0.21239 -0.29871 0.95332 -0.23089 1.4541 0.17279 -0.14735 -0.72388 0.65133 -1.7082 1.1755 -1.1094 0.13261 0.43806 -0.56268 -0.065064 0.5498 0.75542 1.3689 1.8835 0.77073 0.91822 0.069883 -0.49695 -0.37053 -0.8954 -0.46727 -0.076942 0.95805 -2.2669 0.3858 -0.15027 1.4132 -0.078309 1.9816 2.5868 1.04 0.65075 0.29156 1.0025 -0.58639 -0.99511 -0.54269 -2.0762 0.65781 0.77855 2.5457 1.5253 0.25817 -0.41508 2.4112 -0.32694 1.8987 -0.50331 -0.77957 1.6501 0.27741 0.45616 -0.61974 0.4723 0.48045 
birch -0.47545 1.989 0.80421 -0.58206 -0.35715 -0.045593 -1.8618 -1.4119 0.63377 -0.30763 -0.21486 -2.1818 0.72272 -0.76599 1.533 0.65022 -2.3582 0.18882 -0.82474 0.34686 0.04702 -1.9386 0.79412 0.10769 0.67498 -0.22881 1.1015 -0.13782 0.13908 1.0159 0.19887 -2.2254 -1.1629 -0.54223 -1.0587 -0.49357 1.1378 -0.073624 -2.3755 0.21053 0.83383 -1.2685 -0.23475 1.2994 0.13192 -3.0164 -0.56222 -0.37792 -1.9722 -0.32068 -1.1169 1.1684 1.0048 0.43511 2.1393 1.2445 0.20795 -1.2257 0.62545 -0.32305 -2.0137 0.71464 0.28927 1.5152 0.62367 2.9787 0.82039 0.40587 -2.0829 1.6706 -0.71417 2.4369 -0.30151 1.9233 1.4232 0.9549 1.084 0.23021 0.18523 0.0091753 -3.4334 0.88545 1.2776 -2.1631 2.3573 0.57854 -1.5573 0.4414 -0.40133 -1.1133 0.82718 0.92011 1.4691 1.1226 -0.43692 0.47153 0.96297 0.23168 1.2252 0.38268 
vegetable 0.18539 1.3099 1.0071 -0.015448 0.30732 -1.0932 -0.91625 0.31832 0.12867 0.055765 1.3481 -1.1745 -0.89357 -0.47181 1.1482 -1.1601 -0.080066 -0.53944 -0.44769 0.83663 -0.22529 -1.5681 0.86001 0.60278 0.44829 0.032646 0.60893 0.1688 -2.0157 -0.32928 -0.80244 0.042301 -0.14507 0.23875 0.72997 0.77088 -0.35798 -0.38627 0.40321 0.54909 -0.17036 -0.23828 -0.0266 -1.0391 -0.064767 0.26741 1.8156 1.4563 -0.46492 -0.69063 -0.66363 2.0267 -1.4944 1.6023 -1.0899 0.19202 -0.37234 -0.50216 3.0691 0.45353 1.5931 0.75814 1.0633 0.49882 0.24903 0.4272 0.23492 0.30278 -1.1198 0.33522 -0.033767 -0.38529 -0.10129 1.6861 0.86554 0.22752 0.70045 -0.82698 0.55899 -0.76594 0.39796 1.9424 -0.15041 1.7843 -0.29306 1.7335 0.35942 -0.45385 -1.1006 0.39739 0.12655 0.29631 0.78529 -0.37961 -0.84352 0.15107 0.78526 -0.073021 -0.43224 -0.37964 
carrot 0.17714 1.8599 0.63115 0.23412 0.67843 -1.0685 -1.0136 -0.48434 -0.64488 -1.1667 -0.029589 -2.0006 -1.0943 0.24262 1.5163 0.36842 -0.040582 -0.18805 -1.2516 0.47542 -0.13533 -1.1794 0.58268 1.2976 -2.1376 0.80004 0.36533 0.2885 -2.522 0.87733 -0.40195 -1.0398 0.86739 -1.0273 0.27025 -0.72553 0.6002 -0.63777 -0.045999 1.5648 0.56731 -0.21516 -0.84865 -0.042089 -0.6275 0.47146 0.42778 0.46126 -2.52 -0.30064 0.29996 1.1874 -0.2649 0.91651 1.2949 1.0722 -1.2496 0.32721 3.0158 0.85138 1.3262 -1.1075 1.2822 -0.19373 0.98886 1.1503 0.73114 0.2985 -1.1914 -0.037692 -1.2389 0.81962 -0.54604 1.1764 1.1001 0.37226 0.35528 0.53383 -0.73216 -0.94493 -0.46836 0.61431 -0.93734 0.14296 -1.0866 1.3304 2.5725 0.2361 -0.25704 1.3971 1.0615 1.4564 -0.040976 1.1005 -0.1856 0.096445 1.0155 -0.5286 0.3078 -0.80953 
bark -1.066 0.81301 1.0614 -1.6742 -2.6342 -0.41077 -0.91551 -0.61008 0.69669 0.21414 1.8761 -3.0622 0.18654 1.2985 1.4597 -1.6178 -0.94158 -0.39847 -1.5685 1.9339 -2.3952 -0.32407 0.21215 -0.7499 -0.074885 -1.9455 3.2912 -1.4979 -1.1284 0.96817 -0.71823 -2.2094 -1.7197 -0.45125 -0.25602 1.0827 1.1432 -1.8102 0.13427 -0.81292 -1.0336 -0.069962 -1.7155 0.11541 0.87639 -2.4358 0.70813 -0.029819 -1.8917 -1.1147 -0.63739 1.7663 -0.56853 0.30336 2.0604 0.503 -0.90568 -0.21262 0.93848 0.92074 -0.81553 0.91909 0.36827 1.4092 1.086 -0.91751 0.96485 2.2044 -0.19668 0.30398 -1.3606 0.15333 0.00025184 2.3575 0.9916 1.1543 0.92901 0.64914 -1.0956 -2.2475 -2.8454 0.50457 1.2857 0.37427 0.21547 0.90227 1.6375 -0.34747 -1.9699 1.2654 0.20799 -0.0053711 1.4778 -1.4901 -0.83935 -0.42215 2.2963 -1.3255 2.3288 -0.31961 
camphor -0.53119 2.544 -0.2274 0.30363 0.79465 -0.12224 -2.6442 -0.65952 0.16596 0.71186 -0.35825 -0.84966 1.389 -0.55642 1.4365 -0.39254 -1.0667 0.67388 -0.62 0.8451 -0.83107 -0.10723 1.8685 0.50592 -0.23303 0.14988 0.84182 0.31785 -0.55469 0.39682 -1.4592 -1.9749 -1.0164 -0.47372 -0.81806 -0.012441 1.4798 -0.80759 -1.4194 -0.67982 -0.73947 0.2284 -0.83546 0.11551 -0.12635 -0.89419 0.6635 1.2773 -1.9084 -1.0631 -0.78701 1.7406 -0.37127 0.19779 1.4448 1.437 -1.0154 -0.48484 0.30528 1.2943 1.54 0.67978 0.62959 -0.33964 1.0963 1.5454 0.47255 0.80396 -2.5035 0.08848 -0.20019 0.84863 -0.092161 1.4479 1.2906 1.9017 0.76837 0.99528 0.62817 0.16998 -0.60644 0.63454 -0.059434 -1.5794 0.44173 -0.33263 -0.76517 0.58658 -0.77434 1.1325 0.35031 0.485 0.77334 0.39411 0.16178 -0.51872 1.2846 -0.37954 -0.71471 -0.33953 
vinegar -0.20951 0.82074 0.14899 0.70249 0.58176 0.017034 -0.2936 0.88137 -0.27325 -0.50025 0.14957 -1.1937 0.46997 0.24875 -0.092262 -0.84712 0.38085 -0.10442 0.39025 2.0533 -0.76415 -0.89669 0.83809 0.33652 -0.18537 -0.35467 1.5486 0.051126 -2.0696 0.94668 1.0704 -0.49572 -0.46789 0.96345 1.108 0.54375 0.91581 -1.4061 -0.67086 0.61783 0.014388 0.43191 1.0016 0.93992 -0.22053 -0.82206 1.6778 -0.26384 -1.2576 -0.51134 -0.027086 0.12772 -0.35124 0.36364 -0.38764 0.5042 -1.8816 0.0091857 2.1236 0.61241 1.5928 -0.47174 0.54065 0.39216 -0.24732 0.54739 -0.58659 -0.038672 -0.52133 0.077472 0.075642 -0.44793 -1.6152 0.23891 0.61653 1.0078 1.123 0.22343 1.2566 1.1811 -0.92896 1.3137 0.55491 1.2126 0.026007 0.16506 0.56825 1.2784 -0.65127 0.99098 0.17797 -0.7344 1.974 0.21917 -0.42701 -0.11548 1.8323 -0.43512 0.19575 -0.64667 
cardboard 1.1367 1.8595 0.53134 0.31 -0.33104 -0.39096 -0.46435 -0.16949 -1.1901 -0.4465 0.082735 -0.44129 0.4263 -0.48625 -0.21202 -0.89562 0.23315 0.77302 -0.48475 0.002518 -0.81027 -0.78955 1.3755 -0.1748 -0.72439 0.865 1.2634 0.66978 -0.85776 -0.55096 -0.074484 -0.94717 0.22131 0.66787 -0.33294 -0.32157 0.36019 -0.79733 0.55576 0.10989 -0.8182 0.13721 -0.079432 -0.28383 -0.84564 -0.17114 0.26378 0.28815 -1.8854 -0.57963 0.34898 0.24465 -0.1306 0.19775 0.70159 1.3171 -1.5218 0.5132 1.1281 0.74648 0.7932 -0.96496 0.39304 0.25259 -0.23182 -0.13012 0.41628 -0.82198 -1.6179 0.42518 0.49023 -0.48538 0.0078406 0.95 -1.1021 -0.37718 0.19127 0.47221 1.2415 0.82669 -1.2943 0.45537 0.44406 0.55618 -0.50817 1.2418 1.1035 0.96453 0.10747 0.34307 0.72144 0.32823 0.68821 0.56444 0.46045 0.7382 1.4868 -0.35061 -0.0083996 -0.88265 
ham 1.5725 0.89857 1.5583 0.98872 0.18407 1.4355 0.41688 -0.059521 2.016 -1.2011 2.5432 -3.9568 -0.85987 -0.48869 0.50713 -0.38048 -1.1121 -0.10984 -1.5064 1.5763 0.27939 0.50257 -2.4599 -1.5077 0.22258 -0.63443 0.39643 -1.9524 -1.3816 0.9349 -1.4512 -0.64422 -0.18048 0.73273 0.2853 1.5829 0.6653 0.26076 -0.5422 -0.54772 -0.24011 0.23577 -1.8221 3.7796 -0.66099 -0.34464 -2.179 0.84746 -0.95558 0.79342 1.3732 -0.19066 0.60844 0.78765 1.0332 -0.70863 -2.111 0.40329 0.48272 2.3364 1.1266 -0.35035 -1.3887 3.6128 1.7428 -1.5008 -0.068651 -0.77513 0.25433 -0.026821 -0.38273 -0.65728 0.34069 3.513 -1.7936 3.1478 0.61696 -1.0161 3.2568 -1.7926 -2.0411 -0.16255 0.32188 0.72737 1.6757 1.508 2.5229 0.8511 -1.0617 2.4572 -1.9284 -0.15521 3.4686 -2.4873 0.40736 -0.93224 3.8219 -0.051537 1.3746 -0.47899 
peanut 0.19544 1.057 1.3349 -0.084187 -0.31757 -0.54524 0.74786 -0.09024 0.81655 0.37123 1.5245 -1.5028 -1.1513 -0.43682 -0.32033 -0.14189 -0.95697 -0.38754 -0.0051537 0.42464 -0.11086 -2.0316 1.7616 0.4866 -0.26102 0.67382 1.2062 0.30559 -2.4965 -0.18027 0.23071 0.59004 -0.30341 0.81316 0.7376 0.31132 0.78747 0.69022 1.4219 -0.48379 0.18307 0.39922 -0.44945 -0.52349 -0.17455 1.1409 0.83721 0.65691 -1.8505 0.57763 1.703 0.92857 -1.2036 0.29977 -0.014091 -0.4601 -3.1555 -1.2872 2.1544 3.2066 0.1892 -0.30665 -0.18689 2.3394 1.0952 -0.12871 0.46255 -0.6735 -0.55577 1.1647 -0.35961 -1.0703 0.056271 1.0695 0.4194 0.72174 -0.24229 -1.2964 0.026072 -0.74118 -3.0469 0.54928 -0.24672 0.90716 0.31193 1.6683 2.6072 -0.49468 -0.11576 -0.61316 0.13273 0.10994 2.3544 -0.52048 1.3856 0.9045 1.0768 0.79702 0.16913 0.078134 
garlic 0.26951 1.3229 1.2374 0.55485 1.8861 0.5951 -0.22483 0.12796 -0.5799 -0.35544 -1.2695 -1.0679 0.79338 0.93973 0.28843 0.25946 -0.89231 1.1982 -0.77053 2.1049 -0.98575 -1.7603 -0.093433 0.70506 -0.66378 -0.81504 1.2951 -0.30831 -2.0661 0.44819 -0.056205 -1.6651 -0.21404 0.35539 0.73263 -0.83326 -0.65436 -0.76056 0.12049 0.174 -0.53457 0.61189 1.8134 0.51205 -0.19392 -0.17253 0.26698 -0.47946 -0.95192 -0.59515 0.64163 0.9876 -0.6985 0.30832 -0.33959 1.3858 -1.3196 -0.36085 1.7381 1.6685 3.3148 0.39217 0.60478 0.31843 -0.26021 1.6937 -0.48919 -1.2593 0.0093755 -0.28524 -1.183 -0.53101 -0.38527 1.7733 -0.065525 0.73246 0.78263 -0.48239 1.0344 -0.13504 -0.61854 1.9616 0.037969 1.2073 -1.31 0.18739 1.5332 -0.076821 -2.2054 0.81526 -0.089679 -0.078799 0.7669 -0.66742 0.72088 -0.9206 0.9326 -1.4313 0.37858 -0.84327 
glue 0.44623 2.4731 1.1969 -1.0055 -0.63493 -1.6518 -1.1466 -1.6284 -0.73881 1.1007 0.061625 0.61675 0.70072 -0.098238 0.026252 -1.3052 0.073256 -0.84207 0.55197 -0.16147 0.087259 -1.6486 0.12538 -1.0736 -1.6364 0.83441 1.9323 0.15436 -1.086 0.49527 0.89401 -0.11857 -1.1987 0.9318 0.53427 -0.20774 0.020807 -1.4536 0.42289 0.43964 0.35615 2.588 -0.12976 1.2862 -0.94134 1.1803 0.20942 2.4824 -1.4987 1.4717 0.84396 0.093143 -0.10713 0.030804 -0.27731 1.2712 -0.77345 -0.23134 0.52373 3.0034 0.73594 0.20516 -0.92116 0.8776 0.58522 0.52663 0.98177 0.6112 -1.4426 0.31716 -0.49575 -1.0222 0.50518 1.8773 -1.1439 2.1038 0.11994 0.18109 0.48529 0.96964 -0.8082 -1.0394 2.2822 -0.38767 -0.713 0.56864 0.78673 0.86023 -0.30472 1.1433 0.84364 1.1047 1.1086 -0.74155 0.088144 0.34322 1.129 0.25045 -0.63663 -0.47464 
egg 1.8339 0.57068 1.2874 -0.095094 1.4765 -1.8954 -0.13336 -0.28308 -0.055977 -0.57123 0.49864 -0.39795 -1.7783 -1.4116 0.31711 0.19075 -1.6555 -0.9863 1.3241 1.0163 -0.17215 -1.5822 0.54064 0.76319 -0.44179 -0.063733 0.92882 -0.17075 -0.88932 -0.60585 1.466 0.63375 0.22676 2.7574 -0.65166 -0.33185 -0.38282 -0.35319 0.25116 0.11276 -0.0038181 0.30313 1.1675 1.3087 0.31348 1.0251 -0.47257 -0.62171 -0.40511 0.27373 0.64705 0.19825 1.3135 -0.6872 0.40268 -0.69087 -2.5952 0.49472 3.7613 2.9899 4.4202 0.76177 0.54541 2.0516 0.67831 -1.0207 -0.92782 -1.0278 -0.6063 -0.27699 -1.3436 -2.2131 0.32067 1.2775 0.062406 1.422 0.060799 -1.9208 0.65591 -1.9849 -1.7375 0.52225 -0.089573 2.2957 -1.8177 2.1391 1.8943 1.1713 -0.42795 2.5267 1.9768 1.2752 1.842 0.25353 0.19304 0.62442 1.7053 -1.6379 -0.44637 0.18303 
weed 1.6706 0.94036 1.0491 -0.73239 -0.027168 -1.9613 -2.2267 0.30843 0.59189 -0.84429 -0.079764 -3.4318 -0.38493 -1.0432 1.2831 -0.0054791 -0.07566 0.052899 -1.6732 0.43318 -0.099792 -0.70088 0.77231 0.70982 -0.72647 0.16679 1.434 -0.20712 -0.5243 1.1801 0.13291 -0.2953 0.93066 1.6091 -1.0513 1.5293 0.39398 -0.16546 -0.79946 -1.1816 0.19647 -0.35264 0.94504 -0.38292 -1.2588 -0.25853 2.549 0.72043 -1.4906 -0.22924 -0.4857 0.81737 0.17403 1.364 -1.9702 -0.52129 0.68773 0.083325 2.5133 0.01977 0.98352 -1.7246 0.20973 0.2035 0.18608 0.28683 0.74252 0.047884 -2.0986 2.4325 -1.1493 1.2433 -0.35558 1.3708 -0.94916 0.21088 0.90754 0.38181 0.45025 0.17309 -0.39623 2.5344 0.59772 1.5693 0.37151 2.63 0.27886 0.00324 -2.2878 2.0468 -0.69572 0.37217 2.0035 0.57415 -0.5186 0.58964 -0.28373 -0.056003 -0.035137 -0.25179 
ammonia -1.2773 1.2686 0.49967 1.508 -0.13442 -0.5041 -0.9595 -0.074954 0.17261 -0.064925 -0.77404 -0.791 0.75345 -0.2511 -0.11997 -0.39132 0.25583 0.31328 0.89184 0.80261 -1.1498 -0.50469 0.66203 0.18151 0.16012 0.63702 -0.17406 0.97268 -1.2441 0.64651 0.47817 0.49511 -0.53162 0.24398 0.6626 -0.26845 -0.98891 -0.48801 -0.39442 0.47052 -0.20769 0.30193 0.73582 0.88393 -0.67921 -0.53326 0.88397 -0.5247 -0.24651 0.66411 -0.61276 0.69928 0.96856 -0.064278 -0.56705 -0.67461 -0.48743 -1.1989 1.94 -0.35035 1.4935 -0.67087 1.022 0.058078 0.61518 0.76762 -0.23339 -0.12672 -0.65974 -0.15222 0.45703 -0.48348 -1.6166 1.5827 0.18234 1.4307 1.6102 1.0454 0.39098 0.62303 -1.0615 -0.54032 0.26309 0.8528 0.19277 -0.53853 0.3428 1.7799 -0.67336 0.23114 1.8929 0.17393 0.01224 -0.18076 -0.76405 0.69231 -0.047418 0.18427 -2.1678 -1.236 
bakery -0.57023 -0.58928 0.48058 -1.267 0.82417 -1.1306 1.7998 -0.69062 1.275 -0.21707 1.524 -2.1924 0.55417 -0.94563 0.50339 -0.63976 1.3107 0.34798 1.3732 -0.26597 -1.4681 -0.49022 1.3299 0.042487 -0.6318 0.73563 1.0377 -1.1287 -1.4612 -1.6961 -2.0195 -0.90941 -0.19382 1.3896 -0.27947 -0.16487 -2.1229 -1.2627 1.1961 -0.018218 -1.047 1.1733 -0.71767 -0.22214 -0.097335 0.98562 -0.15184 0.70149 -0.85502 0.17521 -0.14074 -0.47646 -1.7521 -0.92519 0.61785 -0.39987 -1.837 0.061006 0.93548 1.1847 0.69333 0.11685 0.74075 0.902 0.47301 -0.79055 0.66768 1.6992 -0.56482 0.1782 -0.24017 -1.4402 -0.70239 1.6624 0.49219 0.90887 -1.5439 0.085453 -0.92133 -0.20541 -0.28656 0.4007 0.71202 1.145 -0.19591 0.048875 1.6073 -0.47105 0.052994 0.12652 -1.8734 1.8051 0.44099 -1.0094 -0.021635 0.72556 2.2665 0.15281 1.9802 -1.7262 
potato 0.29658 0.40661 -0.30237 -0.42497 -0.3195 -1.877 1.4483 -0.056822 -0.72156 -1.1062 0.15973 -1.9374 -0.75119 -0.28807 0.14651 -1.4983 -0.30645 -0.6634 0.54263 1.5927 -1.8755 -0.85811 1.4266 1.2038 -0.75877 0.22855 0.37108 -0.77671 -0.79704 -0.018334 2.379 -0.4327 -0.015338 0.51995 1.6668 0.77799 -0.46449 -0.95017 0.042802 0.013463 -0.76324 0.32865 -0.44378 -1.0396 0.35847 -0.29567 -0.47544 0.61649 0.077586 -0.17969 0.92515 0.88832 -0.25359 0.83734 -0.46411 0.66075 -1.5206 0.93081 1.7803 2.1414 1.8982 0.26961 -0.46295 1.0619 -0.1036 -0.13523 -0.12409 -1.0748 0.16458 -1.3033 -1.4045 -0.82538 -1.0021 1.6501 -0.23697 -0.43378 0.10003 -0.17232 0.64469 -0.64347 -0.70366 1.8494 0.55976 2.3924 -1.4579 1.1837 0.43043 -0.20162 -0.238 1.7861 -0.33824 0.51298 0.17267 -0.79933 0.43312 0.32124 0.22244 -0.95074 1.2925 0.37552 
beer 0.23873 0.59673 1.1659 -0.069342 -0.20693 0.92519 0.13609 -0.90426 0.1756 0.02314 1.7801 -2.0509 -0.97005 -0.19132 0.57841 -0.88596 -0.79304 -0.20302 -0.69357 1.9562 -0.73593 -1.8696 0.85113 -0.39121 -2.2041 -0.1833 2.1608 1.3026 -0.46895 0.15624 -0.29354 -0.76232 -1.0477 1.9562 0.075266 0.8102 0.61216 -1.4698 0.0095186 0.74154 -0.77928 0.68795 0.31602 1.3993 0.4078 -0.50374 -0.4602 0.51821 -1.0657 1.0519 -0.73866 -0.83222 -0.71071 0.52503 0.99547 1.0445 -1.7093 -0.89857 2.16 0.3678 1.5791 -0.71067 -0.79819 0.18058 1.1581 -1.2139 0.17483 -0.64587 -0.35872 1.4978 -0.61475 0.7449 -0.30541 1.215 1.2244 1.2796 -1.2843 -0.20997 0.58939 -0.30695 -0.21607 1.1121 2.4965 0.44581 -0.24147 0.69104 1.7065 1.1419 -1.7145 -0.63358 0.63532 0.96093 -0.64596 -0.90709 0.058859 0.22816 0.82855 0.20035 0.30938 0.85913 
walnut 0.12204 0.5841 0.78229 0.099347 0.37055 0.10149 0.37421 -1.5048 1.3869 0.79555 0.83165 -3.0991 -1.3438 0.16958 0.6033 0.84893 -0.37481 0.58466 -0.31334 0.31401 -1.1175 -0.41069 1.0129 -0.54206 0.48991 1.1686 1.6588 0.30307 -2.2706 -0.6949 0.010363 0.10818 -0.29872 0.43246 0.015535 0.52198 -0.1515 -0.26178 1.4958 -0.33818 0.33972 -0.41865 -0.26467 -0.083174 -0.27679 0.66318 1.4366 0.35674 -2.3374 0.12997 0.27091 -0.014405 -1.1852 0.48435 0.45509 -0.35023 -2.0658 -0.7365 2.4839 1.6773 -1.0841 -0.22857 0.44632 1.7379 0.43117 -0.66669 0.23781 -0.29426 0.20192 0.70998 -1.2257 -0.71064 -0.38334 0.67372 1.0441 1.376 0.19007 -1.6011 -0.18488 -1.0809 -2.0197 -0.9212 0.501 0.48435 1.2943 0.59801 1.584 0.5914 -0.59268 -1.2222 -0.35444 0.7122 1.6009 0.014528 0.15359 1.5106 2.8748 1.0258 1.0136 0.53494 
onion -0.17672 1.9538 0.64113 -0.54964 1.0439 -0.54811 -0.90205 -0.060461 -0.10397 -0.37227 -1.0768 -1.0529 -1.1588 0.83753 -0.35247 -0.58937 -0.14601 1.6068 -0.2329 2.376 -1.556 -1.3621 0.065515 0.97998 -0.53644 -1.0075 1.7538 0.67482 -1.3335 0.0056063 1.6013 -0.65789 -1.216 0.57262 0.44296 -0.40656 0.16931 -1.2503 -0.83779 0.77795 -0.24195 -0.46746 0.47834 -0.33396 1.6391 -0.70529 0.62967 -0.2512 -1.1606 0.21916 0.65079 0.42834 -1.4436 -0.24849 -0.44107 0.61668 0.3946 0.00042588 2.7869 1.0747 1.1403 -0.54869 0.98325 0.72791 -1.3906 1.2057 0.057182 0.40224 0.14652 0.76953 -0.68867 -0.62311 -1.1188 1.7399 0.12833 1.1433 0.33163 -0.74476 1.1174 0.067017 -0.6041 0.76858 -1.1237 2.2149 -0.41072 1.173 0.021691 -0.73496 -1.4686 1.0005 -0.065951 0.54395 1.0132 -0.7088 1.4383 -0.25707 2.3052 -0.18256 0.12911 -1.2484 
turpentine 0.84549 1.5334 0.81332 0.6918 -0.39321 -0.66916 -0.57512 -0.37358 0.057719 0.52201 0.35079 -0.87985 0.45065 -0.080266 0.3022 -0.42696 0.12141 -0.74965 0.17292 0.71616 -0.82739 -1.243 1.1819 -1.0788 -0.47707 0.095026 0.6511 0.23347 -0.53067 -0.12891 0.54347 -0.86955 -1.1407 0.40762 -0.050373 -0.092169 0.1138 -0.14829 -0.080629 1.1561 -0.62486 1.2098 0.82268 0.086862 -0.68223 -0.098005 -0.49325 0.21258 -1.4684 -0.93541 -0.301 0.22712 0.020681 0.83485 0.40717 -0.014945 -0.099183 -0.80088 1.4708 0.97456 0.39227 -0.072291 1.0266 -0.43379 1.0285 0.91543 0.12079 0.37176 -1.415 1.018 -0.5793 -0.72248 -0.63214 0.26447 0.90688 1.1446 0.42365 0.3398 0.47481 0.55304 -0.84928 -0.30892 -0.10468 0.449 0.10585 0.40986 -0.10451 0.22568 -0.67793 0.60556 -0.15178 -0.17225 1.2801 0.59993 0.10222 0.4111 0.9531 0.39818 0.31864 -0.38764 
mothball 0.23569 0.5017 0.76208 0.73992 0.30418 0.53646 -1.5258 0.83874 -0.45954 0.61443 -0.95755 -1.3028 1.3372 -0.17167 0.66517 -0.82727 -0.96365 -0.14956 -0.48259 0.44568 -0.92148 0.31421 0.68284 -0.4493 -0.21737 0.78803 0.46101 0.44496 -0.22858 -1.0105 -0.035967 -1.7136 -1.108 1.0109 -1.0105 0.3004 -0.41295 -0.97796 -0.098825 -0.1763 -0.21472 1.5431 0.40466 0.015846 -0.63132 -0.086793 0.22591 0.54609 -0.80548 0.48612 0.97549 -0.36139 0.26671 -0.0811 0.11316 1.6374 -0.41014 1.2116 1.3967 0.13948 0.48322 -0.50225 0.73065 -0.57075 0.94635 0.76255 0.56077 -0.55518 -1.5241 0.59415 0.4551 -0.15122 0.7349 1.2537 -0.040225 0.30802 0.40079 0.53336 0.92149 1.4387 -0.5276 -0.32416 0.076856 0.14938 -0.27352 0.1228 1.3457 -0.30767 -0.34535 1.5101 0.27615 -0.37968 -0.11188 0.74509 0.25886 -0.10046 1.4471 0.063239 -0.53504 0.25978 
disinfectant -0.3843 1.6411 0.45284 0.23129 -0.14171 -0.35297 -0.94051 0.39266 -0.59584 0.7116 -0.26678 -0.90856 0.14001 -0.43359 -0.01591 -0.52951 0.047276 0.6483 -0.28034 1.0355 -0.61142 0.59463 0.32848 -0.06291 -0.97227 0.028703 0.091328 1.0016 -0.13634 -0.91692 -0.081851 -0.96024 -0.45242 0.31671 0.40832 0.78957 -0.0065453 -0.82136 -1.0016 -0.1076 -0.4789 0.74411 -0.063904 1.3939 0.060272 -0.77639 0.11446 1.0705 -0.57983 -0.3405 0.64673 -0.065283 0.48237 0.40107 0.32741 1.165 0.17004 -1.0793 1.8116 0.066467 1.7047 -0.08011 0.0576 -0.60713 0.37289 0.61186 0.40211 -0.13977 -0.89275 0.47069 0.62993 -0.1385 -0.7004 0.70725 -0.21846 1.2507 -0.049615 -0.24042 0.54767 0.68178 -0.87804 -0.2339 -0.81442 0.32863 -0.34065 -0.18757 0.19227 0.0079972 -0.31836 0.90137 0.88585 0.072958 0.87285 -0.17709 0.1243 -0.42627 0.79234 0.79334 -1.4609 -1.1991 
varnish 1.2913 1.3672 0.9949 0.069862 -0.0048634 -0.36804 -1.0166 -1.8308 -0.17459 0.13389 0.94497 -1.0668 1.2726 0.54697 0.86572 -2.3697 -0.85505 0.40887 0.87955 -0.060044 -1.4939 -0.95384 0.91181 -1.0528 -0.9193 -0.18359 1.0269 0.54317 -0.26076 1.0216 -0.0060964 0.35066 -0.98655 1.0653 -0.17356 -0.26918 0.24077 -0.027279 0.38795 0.61001 -0.235 1.0234 0.45119 0.91516 -1.1202 -0.27637 -0.065642 1.1636 -1.0698 -0.30271 -1.9832 0.6299 -0.84779 -0.91089 0.73575 -0.19379 -0.74717 -0.5389 1.6607 -0.44114 0.19007 -0.1265 0.8989 0.84715 0.40881 0.77286 0.7124 -0.19312 -1.2656 -0.57534 -0.2103 -0.005415 0.071947 1.5668 0.28699 1.0872 0.53733 0.082688 0.51309 1.0552 -0.98056 -0.84995 0.7564 -0.088551 -0.11571 0.098418 0.065921 1.4512 -0.99294 0.13471 0.50265 -0.37572 1.3359 0.31197 -0.64565 0.45876 0.96721 -0.57203 0.27715 -0.61115 
kerosene 0.51289 1.1025 0.17729 0.50664 1.1356 0.72208 -0.6952 -0.5812 1.1324 -0.30058 0.49011 -1.1003 0.74371 0.35436 -0.64218 0.92294 0.24991 0.4921 -0.43095 0.23775 -0.26714 -0.96537 -0.22725 -0.71999 -0.0092047 -0.053252 -0.22761 0.37931 -0.46686 0.2668 0.43409 -0.51684 -0.97873 0.38658 0.77388 0.81267 0.14228 -0.12501 0.17482 -0.0062935 0.14228 0.17157 0.43553 0.78382 -1.4092 -0.54409 -0.48722 0.55347 -0.73342 1.1333 -0.0084787 -0.68163 0.045909 -1.2871 -0.052332 -0.32297 0.72292 -0.38937 0.42089 -0.010061 0.73126 -0.44716 0.50294 -0.51414 -0.12011 1.6888 0.31826 -0.43924 -1.3474 -0.13828 -1.6132 -0.72523 -1.0093 0.93617 0.59111 1.4748 0.54491 -0.81065 0.89091 -0.40356 -1.3858 0.11474 -0.12944 0.59956 1.0044 -0.43944 0.021834 0.24009 0.24429 -0.36174 -0.52208 -0.34878 0.14322 -0.16544 -0.7729 0.28482 1.2976 0.10879 -1.125 0.62976 
solvent 0.33908 0.98015 0.21717 -0.28469 0.20839 0.096427 -0.46384 -1.1511 -0.16366 1.0912 -0.85687 -1.0091 0.34505 -0.41133 0.11865 -0.8088 0.28667 0.22794 0.33557 0.77132 -0.44329 -1.4981 0.68702 -0.54568 -0.071396 0.55172 0.5352 0.31143 -0.32636 -0.15688 0.017169 -1.5668 -0.99922 -0.059531 -0.31733 0.38952 -0.0679 0.094067 -0.80859 1.2908 0.14867 1.4055 -1.0735 1.2238 -0.88476 -0.23846 0.57471 1.5392 -0.20115 -1.1004 -0.39582 0.4164 -0.28988 -0.217 0.34741 0.94316 0.74021 -0.94993 1.7101 0.25713 0.9479 0.86533 0.95546 -0.27174 0.41759 1.4924 -0.099223 0.37313 -0.28699 -0.29697 -0.23118 -0.93044 -0.50947 1.3878 1.5602 1.0928 1.1513 -0.044636 0.78375 0.87437 -0.42673 0.22992 -0.088325 -0.70277 -0.5286 -0.53576 -0.0080077 0.43244 -1.2213 1.2134 0.88909 0.29434 0.65523 0.23099 -0.86917 -0.88052 0.65701 0.14198 -0.96036 -1.709 
mustard -0.26417 0.26784 0.27216 0.4706 0.57542 -1.1689 -0.1762 -0.094187 -0.40195 -0.56657 1.0911 -0.45132 0.0084479 -0.63371 -0.27797 -0.76282 -1.2603 -0.2262 -0.7926 0.82131 -0.16931 -1.0509 0.3029 0.17469 -1.0656 0.52676 0.2009 1.2819 -0.8595 0.16994 -0.036711 0.097213 -0.6055 0.5351 -0.37396 0.5702 0.7565 -0.63897 0.10917 0.53429 -0.13586 0.101 0.21371 0.51354 -0.61672 0.68271 -0.265 0.75555 -1.4134 -0.087182 0.43557 0.64737 0.2228 1.138 0.93073 -0.40135 -1.1247 -1.1124 1.405 0.4562 1.47 -0.40525 0.34174 0.11106 0.65136 -0.11769 0.75926 -0.81619 -0.38183 -0.30896 -0.81375 -0.62477 -0.075966 0.94521 0.98905 0.99841 0.90307 0.45409 -0.042755 -0.29227 -1.3646 0.58922 0.26041 0.73136 0.070212 0.88974 0.51084 -0.017926 0.027353 0.66786 -0.38389 -0.68485 2.2227 1.4612 -0.4014 1.1451 1.8342 0.47967 0.68834 0.1537 
manure 0.27965 0.81764 1.3817 0.1153 0.26748 -0.86199 -0.97871 -0.49654 -0.28551 -0.61523 0.14653 -2.3059 0.2574 -0.70676 0.047076 -1.0908 0.40605 -0.50157 -0.3612 0.17678 -0.40804 -0.75167 0.43247 -0.13739 0.28536 -0.65914 0.47038 0.4546 -0.091503 0.015517 0.23604 -1.1584 -1.1792 -0.11583 -0.45406 -0.45786 0.41139 -1.0174 0.17129 -0.057969 -0.90118 0.77702 -0.595 -0.13936 -0.18512 0.28557 0.075034 1.3698 -0.66855 0.90489 0.18476 0.080474 -0.17787 1.2052 -0.63733 1.1101 1.3383 -0.72908 0.34494 1.0387 0.46944 -0.90755 0.61259 -0.53329 -0.18112 1.1249 -0.060242 -0.012013 -1.6859 0.3193 -0.18547 0.72981 -0.87546 1.1079 -0.18024 -0.4128 0.4116 0.18405 1.5007 0.45913 -0.92098 0.23725 -0.41096 -0.15566 -0.093513 0.88115 0.22899 0.91858 -0.80614 -0.20644 -0.16626 -0.10332 -0.029187 0.011346 0.91194 -0.16425 0.67857 0.15292 -0.20022 -0.4413 
rope -0.22628 0.12094 -0.59349 -0.40391 -0.77406 -1.1139 -0.29983 -1.0673 0.52215 -0.0058327 -0.32332 -2.3465 -0.74606 -1.7761 -0.39177 -1.6208 0.80495 -0.58876 -0.4965 1.0555 -0.18053 -1.0984 -0.37157 0.41678 0.22829 0.093692 0.7974 -0.7014 1.3295 -0.017897 -0.072009 -2.041 0.27094 0.10063 1.4649 0.96379 -0.32062 -0.38957 1.9591 0.77978 -0.86641 0.74434 0.27952 0.28582 1.0039 -0.34154 -0.69871 0.70362 -0.92851 0.092457 -1.1927 2.3049 -0.36986 0.093215 -0.26731 0.46274 0.96446 -0.028641 0.49471 -0.11659 0.90117 -0.36751 -0.94205 0.48422 -0.37088 -1.4149 0.29651 0.48 -0.70998 -0.53276 -1.5347 -0.02143 -1.3391 -0.88337 -0.8265 0.093438 0.13556 1.3566 -0.60886 0.57957 -0.85167 -0.75658 -0.80069 -0.76983 -0.50127 1.8457 0.39437 0.35549 -0.7098 1.1296 1.1624 0.47877 0.22376 0.46041 0.11724 1.0254 1.9477 -1.6862 0.83766 -0.84526 
creosote 0.19583 1.1835 -0.019968 0.067395 0.10126 -0.35006 -0.63224 -0.53685 0.82557 0.13365 0.29406 -1.1654 -3.9419e-05 -0.4814 0.39376 -0.62432 -0.049481 -0.40964 0.17624 0.92862 -0.51801 -0.78199 0.12669 -0.70644 -0.39263 -0.098395 0.31494 -1.0647 -0.45119 0.7814 -0.17083 -0.282 -0.78892 -0.36004 -0.4672 0.16596 0.020641 -0.059438 0.25289 0.52239 0.4541 0.41944 0.38997 0.42869 0.025732 -0.78845 -0.44056 0.47365 -0.56858 0.053247 -0.64569 0.29691 -0.17488 0.12492 0.9248 0.37545 -0.014501 0.15246 0.8407 0.48383 -0.35407 0.62788 0.84101 0.43186 0.098856 0.11917 0.68351 0.64662 -0.58971 -0.27216 -0.86588 0.6812 -0.30255 0.82999 0.82949 0.60169 0.47286 0.55937 0.77797 -0.47631 -1.0616 -0.17984 -0.23144 0.53587 0.27305 -0.26538 0.050438 -0.070963 -0.50141 0.22098 -0.282 0.54639 0.69854 -0.59971 -0.50275 0.7765 0.78308 0.062247 -0.13346 0.50476 
cork 0.86183 0.28914 -0.30098 -1.2193 -0.80259 -0.57764 -0.01276 -0.88652 -0.58358 -0.11994 1.3331 -2.5689 -1.7943 -0.67237 1.6805 -0.85482 -1.1021 0.39362 -0.991 1.3298 -1.2539 -1.3545 -0.16328 -1.4664 0.82779 0.17514 1.1349 0.36558 -0.69717 -0.49785 -0.23136 -1.2035 -0.018936 0.16589 -0.81248 -0.40693 0.080098 -0.59161 1.674 0.27904 -0.31603 0.058944 -0.041749 0.36156 -0.83861 -0.26534 -0.73211 0.42019 -0.074422 1.2989 -0.40718 1.4598 -1.4962 0.36981 -0.5417 0.041785 0.28339 1.1331 0.84423 1.9665 1.4913 0.47327 -0.017194 0.64623 0.62327 0.10932 1.6803 1.5603 -0.26898 -0.41481 0.10326 0.80178 0.84715 0.65461 0.98381 1.6222 -1.0017 -0.25745 -0.91656 0.31912 -0.32086 -0.69944 0.45634 1.3258 -0.37956 0.58156 0.88112 -0.33111 -0.96492 0.74647 0.75948 -0.66718 0.18495 -1.4782 -0.3301 0.97301 1.9849 0.19053 0.25038 -1.5871 
mouse 1.1435 0.91 -0.74759 -0.86205 0.19412 -0.32368 -0.85133 -0.22435 -0.75877 0.40966 -0.5465 -2.6408 0.98292 -0.12449 -0.64939 -1.5617 -0.36463 -0.33583 -0.65823 1.3401 -0.27268 -0.18415 -0.033464 -0.28937 -1.0936 0.49776 1.7551 -0.028591 0.175 -0.90488 0.84347 -0.17344 -1.374 -0.99227 0.33324 0.78206 -0.14611 -0.90306 0.35514 1.3184 0.10296 1.2548 -0.3295 0.69722 -0.41827 0.1856 0.64223 0.31014 -0.368 0.55188 0.83793 0.8702 -0.08194 0.014766 -0.18678 0.53521 1.4259 0.80747 -0.16308 -1.0888 1.6131 -0.68652 0.71262 2.2736 -0.34682 -0.19418 0.62662 0.087577 -0.51248 1.0535 -1.3031 0.74608 -0.30115 1.0773 1.8745 0.25829 -0.14325 -0.52378 1.6638 0.79482 -0.1355 -0.32839 0.58206 0.40377 -0.77504 -0.01158 0.84656 -0.82067 -0.46493 0.76243 -0.51574 -0.69915 0.02205 -0.0572 -0.44578 -0.395 1.5067 -0.083455 -0.097789 -0.89486 
