96 100 
perfume 0.28361 -0.45573 0.061715 0.23182 0.68698 1.6077 1.7001 -0.77205 -0.26692 0.38334 0.36619 -0.43323 -0.60417 -0.3833 -1.3083 -0.46784 0.93848 -0.21577 0.71833 -1.4405 0.0050482 -1.5685 0.33473 -0.086289 -0.069908 0.11201 0.67964 -0.43549 0.075037 0.61933 0.46337 -1.1731 0.076342 -0.82226 0.20555 -0.10599 -0.81516 0.50991 -0.052352 0.50681 -1.1651 0.84775 -0.29562 -1.0924 -0.053339 0.2158 -0.46192 -0.0077507 -0.20093 -0.40211 0.75912 0.6991 0.3273 0.089141 -0.26163 0.82215 0.1176 0.19265 0.56033 -0.23292 -0.90373 0.15774 0.38873 -1.0751 -0.7554 -1.0171 -0.41024 0.25325 -1.3203 0.010461 0.99992 -0.61509 0.14293 -0.99843 0.081169 0.31401 -0.33011 0.3321 0.88769 1.5578 -0.70249 0.15531 0.15704 -0.22361 -0.46087 0.41953 1.204 0.52132 0.37409 0.51775 -0.64107 -0.083257 0.10032 0.66378 -0.14216 0.48026 -0.47666 1.0245 0.50596 0.16701 
vanilla -1.7874 0.13304 -0.18758 0.043391 0.59997 1.8726 1.7877 0.10948 1.0415 -0.16001 0.38207 0.15293 -0.014425 -0.67862 0.76845 -0.24763 0.21819 0.12616 -0.59267 -0.23492 0.53611 -0.77661 0.090368 0.46099 0.82148 1.098 0.85627 0.24363 0.19019 0.21454 -0.92868 0.13356 1.277 0.24805 -1.4221 -1.611 -0.32954 -0.022959 -1.3884 -0.90907 -0.56441 -0.34146 -2.0877 -0.25043 0.12648 -0.30806 -0.71464 -2.1283 0.075273 -0.045252 -1.0688 0.01864 -0.55873 0.54694 0.051822 0.026373 0.0092377 0.24579 -0.35388 -1.6301 -1.1123 0.064078 0.52945 0.35803 -0.20669 0.71692 0.048302 1.3194 -1.0909 -0.16114 -0.87184 0.78578 -0.23267 0.16245 1.4503 0.59762 0.62492 1.4884 -1.6852 1.3148 1.1234 -1.9317 0.84599 0.26719 1.5913 -0.62594 -0.95791 0.28279 -0.37143 -0.56038 -0.29261 0.55932 -1.3528 1.1318 -0.55412 0.049664 0.24171 -0.025728 0.55235 0.58321 
citrus -0.036096 0.36035 -0.30389 -0.88824 0.31043 0.94097 1.9873 0.23427 -1.2665 -0.0076849 0.24415 0.12808 0.13052 -0.70436 -0.10029 0.21054 -0.27289 -0.30157 -0.84125 -0.23884 0.76424 0.23915 0.50645 -0.079649 0.25224 0.1372 -0.86677 0.44504 -1.2613 0.34941 0.47585 0.020693 1.0359 -1.1786 -0.0091626 -0.54943 -1.0988 -0.30186 -0.81596 0.70591 -1.1649 -1.2014 0.69208 -0.51872 0.1884 -0.53688 0.19065 -0.32588 -0.4779 -1.1521 0.16344 1.158 0.22184 1.9628 -1.3007 -1.2979 1.3078 -1.1836 0.38441 -0.95518 -0.54778 0.37312 1.605 -1.2986 -1.3296 1.9399 -0.0033455 0.5553 -1.3321 1.4083 -1.2763 0.14101 -1.0014 -1.0545 -0.47841 -0.52089 1.1891 0.23673 -1.9383 1.1169 2.481 -1.185 -0.3976 1.2176 1.8831 -2.0274 -2.3535 -0.12263 -1.1644 -0.93366 -0.86985 1.2044 0.14288 1.1399 -0.4079 0.44778 0.49214 1.1778 0.58871 -1.6598 
leather -0.8687 1.1822 0.35139 -0.73542 0.22009 2.055 2.2008 1.1989 -0.088289 -0.12727 0.54529 -0.012899 -0.60882 0.84889 0.71758 -1.7742 -0.003944 0.3411 -0.92217 0.88756 -0.42621 -2.4145 0.70087 -0.91668 0.89603 -1.7785 1.4153 0.048485 0.5976 0.81929 -0.76269 0.276 -0.76635 -1.7701 -0.18447 -1.2465 -0.17424 0.33465 -1.519 -0.24631 -1.4612 0.15369 -1.7815 -0.4674 -0.21054 -0.98971 -1.3428 0.047723 -0.14226 -0.75682 -1.2586 -0.79588 -1.4514 0.96558 -0.8909 -0.4229 0.69933 -0.34251 -1.1424 -1.042 -0.73943 0.087951 -0.14279 0.40607 0.50375 1.5056 1.2699 0.045011 -2.0863 1.5398 -0.9203 0.57961 -0.8378 -0.62586 0.32273 0.84801 0.71005 0.66504 0.30359 1.0617 1.2545 -0.48273 -0.36278 -0.93512 -0.3454 0.14275 -0.15169 1.9074 -0.87461 -0.19283 -0.77972 -1.0578 -0.90382 1.0654 -0.0018848 0.8315 -0.091605 0.53467 1.1614 0.29616 
rose -2.8623 1.5393 -0.88732 -0.29917 0.52458 1.901 2.2986 -1.2428 -0.21745 0.092173 2.3793 0.88547 1.8498 -0.83347 -0.031599 0.70353 1.2117 -1.0418 0.25789 -2.1745 -1.1946 -0.61121 1.7109 0.097149 -1.212 -1.7073 3.1088 -1.2414 0.19356 1.1218 -2.3474 -1.7554 0.31877 -2.7726 -0.097592 -0.25274 -2.9865 1.9579 -1.4406 -0.94565 1.6973 -0.76485 0.51963 0.17938 0.60236 -1.6847 -0.039359 -1.9054 0.52781 0.84251 -2.1938 2.2618 0.00013195 3.5914 1.9888 -0.32796 1.5169 0.2938 1.4195 0.08213 -1.9338 -0.25525 2.4836 -2.2704 -1.0945 0.88449 1.6066 -0.17477 -2.3021 -0.043624 1.1531 -0.089022 -0.58982 -0.62949 0.30426 0.076994 0.86765 2.0877 -1.2898 -0.28997 0.79644 0.49656 -0.5934 -0.85426 1.3405 1.1109 1.5088 0.99396 0.097943 0.65968 -0.40127 -0.59413 -0.5074 1.4037 0.20317 1.9782 1.0559 0.70092 2.6448 -0.3034 
wine 3.0667 0.26904 -3.9405 -1.3251 -1.6151 1.5225 3.6411 -0.63497 3.4858 -0.23419 3.6849 -2.3263 -2.3118 1.1914 -0.92488 -1.3516 -1.3152 -3.6967 2.0175 2.5481 0.18886 3.1625 1.2029 -2.1208 -1.1782 0.1019 -4.7558 -1.4979 -1.6413 1.0761 -1.1178 2.619 1.546 -0.6436 1.6915 0.8768 -1.313 1.9038 -0.5559 0.78251 0.84226 2.1324 1.1109 1.7122 -1.1451 -0.67409 0.64595 -2.7024 -0.7844 -1.3014 2.4411 0.65488 -2.8446 1.0293 -0.91808 -0.91465 -0.30297 3.5553 -1.9699 -2.8745 -1.3109 0.33041 1.7572 -0.70335 0.27929 -2.0568 1.0055 1.8678 -3.1906 1.2669 -1.3632 1.0391 -2.5092 -1.9356 2.8403 3.5762 2.1758 0.92566 -1.4054 0.22999 1.8325 -0.9128 -0.4361 1.7969 2.2285 -1.1403 2.5933 -0.29305 -0.89423 -1.3415 -2.0451 -1.5411 0.36118 -0.21404 -1.0998 -0.14356 0.41525 -0.93763 0.48148 -2.0331 
tobacco -1.0274 0.98474 -0.1209 -0.84466 0.59327 1.7799 3.0226 1.3962 0.6688 -0.99807 0.81554 0.0087251 0.79974 -0.77594 1.345 -0.82112 -0.023084 0.32683 -0.48759 1.4469 0.49602 -1.6024 0.55164 -0.16511 1.0347 -0.87713 0.73322 1.5312 0.29563 0.24166 -1.2304 0.56357 -0.32183 0.066105 -0.37973 -2.3218 0.048674 0.70597 -1.2494 0.21355 0.04766 -0.37787 -1.3951 -0.65076 0.23153 -1.0791 -1.4617 0.025831 0.39422 1.1376 -0.95158 -0.21018 -1.6766 0.072041 -1.2509 -0.65502 0.87692 -0.75794 -0.81831 -1.9831 -0.81635 1.0001 0.010185 0.66302 -0.27714 1.0856 1.2705 0.24579 -2.091 1.3539 -0.71686 0.036162 0.63874 -0.21584 0.77975 0.61306 0.81341 0.38895 -0.87401 0.38721 1.5135 -1.3582 0.45742 0.88137 0.91111 0.1733 -0.033665 1.3747 -0.65815 -0.062747 -0.56323 -0.087182 -0.91069 0.5668 0.060895 0.22686 -0.32641 -0.2216 1.1322 0.58488 
coffee -1.8511 -1.4727 -0.3262 -1.602 1.1915 1.0668 3.3245 1.4426 0.11758 0.74134 -0.098996 -1.5704 -0.51118 -2.0671 2.156 -0.52 -0.16417 0.76133 0.50519 0.59972 -0.78531 -0.70316 0.16738 -0.29623 -0.17561 0.57046 1.2253 -0.086313 -1.3756 0.88244 -0.33692 1.2023 0.041563 0.47893 -0.87565 -0.70906 -0.018962 -0.3408 -0.67043 -0.46202 -0.76656 1.2835 -0.2763 -1.7459 -0.27012 0.73204 0.066283 -0.46169 0.30393 1.718 0.6601 -2.4518 0.43895 -0.043204 -0.81729 1.2032 -1.1599 0.91693 -1.5626 -2.3984 -0.46029 0.3217 0.35769 -0.89113 -0.87699 -0.47588 -0.17549 1.4 0.20677 0.43023 -0.15301 -0.47807 -1.1227 1.1625 2.0287 1.7333 3.0032 -0.029101 -0.779 0.91342 0.334 -0.73168 1.8962 1.073 2.5457 0.84474 0.67478 0.67129 -0.46476 -0.26263 -1.7422 0.052399 -1.0766 0.91412 -0.78123 0.71911 -0.96143 -0.19439 3.0786 -0.39058 
berry -2.3975 0.54391 -1.8847 -2.5463 -2.1966 1.416 1.6922 -0.17334 2.6284 0.59083 2.8352 -1.3736 1.0931 -0.22265 -0.18986 -1.3234 0.056742 -0.70208 -0.96529 2.607 0.092778 1.6025 0.37512 -0.90644 -1.7771 -2.0344 -3.3113 0.62661 -2.4606 -0.048482 -2.06 2.5661 2.8243 -0.57302 -1.8692 -3.4783 0.35958 -0.13442 -1.8869 0.51466 -0.43711 2.1001 0.68373 0.1477 0.087492 -2.0636 0.82735 -0.32511 -1.0227 0.26943 -2.3672 -1.0095 -2.5168 3.8725 -0.82442 -0.1134 -0.3167 1.4383 0.034974 -1.3238 1.3381 -0.39418 0.807 -0.44709 -0.6176 1.6492 1.7546 2.8243 -3.3383 1.0111 -0.28737 0.59501 -1.7005 -0.4742 0.58816 1.5786 1.9725 2.5469 -1.1912 1.0749 2.3932 -2.3346 -0.66421 1.8288 2.5863 -1.8108 -0.13705 1.5645 -1.4348 1.0059 -1.8161 -0.4649 -0.86926 -0.28154 -1.475 1.7396 0.41148 -0.28884 0.83976 -0.48949 
cherry -2.8791 1.5491 -2.3588 -1.0548 -0.33751 0.38809 1.2267 0.60718 2.7407 -0.53714 3.0133 -0.95726 1.2315 0.14866 0.12224 -0.093954 -0.25608 -0.44827 -0.52207 2.8256 1.2599 0.31913 0.69401 -0.80441 -1.9638 -1.2813 -3.346 0.64209 -2.8145 -0.91984 -2.0498 2.1979 1.0631 0.46063 -1.567 -2.3485 -0.018958 0.98589 -1.2112 0.78829 0.74635 2.6439 -0.071961 0.62011 0.54386 -2.1076 -0.47344 -0.86046 0.22764 1.06 -0.86264 -0.3728 -2.5603 2.8083 -0.98877 -0.68356 0.17478 1.5905 0.1084 -1.3676 -0.71929 -0.27778 0.93142 -0.51855 -0.98381 0.44778 1.0361 3.4745 -2.7331 1.0445 -1.4705 -0.1989 -1.8116 -0.62525 1.0765 2.4277 1.5265 1.7488 -1.425 1.0407 1.3772 -1.9285 -0.17033 1.5951 2.0374 -2.2259 0.69461 1.79 -1.0289 0.51756 -0.37447 -0.055829 -0.41786 -1.2414 -0.9292 1.7242 -0.082796 0.18919 1.3983 -0.35207 
incense -0.0041443 -0.29658 -0.251 1.0236 0.10418 2.8419 2.2552 0.62396 -0.78953 1.2473 0.79983 0.46505 0.41153 0.027251 1.227 1.1113 -0.48371 -0.016772 -0.070088 -0.46841 -1.9081 -0.98921 -0.01113 0.46985 -0.14659 -0.37631 1.723 -0.94238 0.88383 0.24445 -0.1241 -1.1249 -0.25046 -0.58717 -0.76021 -1.4765 -0.62606 0.30607 -0.80163 -0.35431 -0.77566 -1.3431 -0.77719 0.040658 0.23414 -0.94237 -0.30543 -1.6293 0.47146 -0.43121 -0.0072966 -0.77833 -2.0515 0.2459 0.68888 -0.64581 1.7893 -0.30488 -0.7669 -1.8228 -2.4076 1.7323 0.66758 -0.33813 -0.67492 2.7 1.6957 0.34072 -2.5454 0.47082 0.94024 1.1239 0.52855 -0.11097 -0.19547 -0.018696 1.3835 1.7249 -0.46741 1.3341 0.82985 -0.61329 0.083331 -0.44351 0.29617 0.66558 0.072165 0.88411 -0.86343 0.41114 -1.6159 1.5022 0.25768 -0.3316 -0.6911 0.61495 -1.4209 -0.16656 0.55225 -0.083354 
tea -2.3209 -3.3654 0.69036 -0.13927 2.275 2.6969 2.1389 0.73102 -1.399 2.0941 0.67599 -2.7944 2.1482 -2.5448 0.53876 -0.17338 -0.51257 -0.0026331 -0.1282 -0.73607 -1.1125 -0.43536 3.3442 2.5223 -1.0832 0.3445 0.12653 -3.4466 -0.45712 1.299 -0.92282 0.55639 -4.5046 -0.353 -0.16224 2.1676 -3.2672 -0.55224 -1.5718 -0.8282 2.4721 -1.4169 -0.36018 -2.7292 5.1514 -2.4246 -0.074401 -0.801 -1.8429 2.8342 1.664 -2.6903 1.7277 2.2679 -2.6024 -1.4332 -1.9274 -1.5892 -0.37914 -1.0971 0.38722 2.3865 0.75326 -2.7596 -2.8414 0.69229 -1.143 0.042661 3.7469 1.8107 0.25953 -2.0527 -2.2328 0.6417 2.6538 2.847 4.7263 1.3718 -1.4146 1.2209 2.9658 0.27683 1.2211 0.70224 5.1061 3.8754 0.18492 1.8378 0.35644 2.2513 -3.5877 -0.24862 0.70452 0.46512 -1.285 0.45351 -1.03 -0.43961 3.9463 -1.9657 
lemon -0.36789 0.93239 -0.51381 0.58548 1.6228 -0.54104 1.5576 0.19428 -0.52726 0.068768 0.57542 -0.26134 1.172 -1.7167 0.12894 -0.73977 -0.84002 -0.59917 -1.0088 0.63919 0.94824 1.0694 0.92096 0.023943 0.28708 0.46175 -0.78754 -0.060634 -1.3025 0.12613 0.55195 -0.52784 -0.50943 -0.2011 -0.38793 -0.53902 -1.4965 0.21085 -1.1696 -0.45164 -0.083342 -1.4344 -0.078212 -0.26114 0.59902 -0.40543 0.43945 -1.0927 -0.28124 -1.5332 0.011946 -0.021896 1.1833 0.80652 -2.4374 -0.80438 0.5528 -0.43855 2.4025 -1.2875 -2.168 -0.84266 2.4946 -1.2344 -1.3786 4.2712 -0.2701 0.43562 -0.75194 -0.052279 -1.8716 0.29155 -2.3892 -0.076924 0.055689 0.35869 0.45734 -0.15063 -1.3714 1.4608 2.7359 -2.0106 -0.54812 1.3312 3.0891 -2.8448 -2.6149 -0.2792 -1.1944 0.26754 0.038692 1.0591 1.3923 1.1748 1.4635 0.041888 1.1461 1.6776 2.6561 -1.8848 
cologne 0.41716 -0.89308 -0.24545 -1.0656 2.7032 1.5256 1.133 -0.58029 -0.72971 -0.65959 -0.37326 -0.51283 -1.2368 -0.39271 -1.7796 -0.76573 0.44201 -0.21339 -0.11786 0.65729 0.10086 -1.1691 -0.35583 -0.57991 0.38949 -0.41742 0.61691 0.21172 0.39828 0.87428 1.3608 -0.98212 -0.56966 -1.0217 -0.26898 0.41529 -0.86424 0.74342 -0.73774 0.85391 -0.92694 0.94724 0.64444 -1.0422 -1.5213 0.15954 0.12334 0.49015 -0.36495 -2.0155 1.2052 0.18187 0.62498 0.31269 -2.0612 -0.71237 0.53056 -0.67172 -0.29602 1.4899 -1.079 1.3242 0.90984 -1.4198 -0.49552 0.21048 -0.64643 0.24189 -1.5439 -0.48469 -0.30311 -0.34585 -0.62062 -1.3625 -0.96201 0.53413 -0.33451 -0.5266 -0.44026 2.0663 -0.47202 -0.013273 0.59892 -0.051325 -0.42645 -1.0874 -0.94783 0.39283 0.37113 0.32479 -0.93962 0.77008 1.1932 0.31392 0.31221 0.40102 0.13416 0.7872 0.83363 -0.54105 
lavender -0.71448 1.0116 -0.51896 -0.98557 1.3346 1.4453 1.3937 0.29842 -1.6895 0.96376 0.10003 0.5627 -0.75607 -1.2025 0.51318 -0.45701 -0.46663 -0.3617 -0.85496 -0.31586 -0.022018 0.115 0.23473 0.86854 0.090373 -0.67732 0.75761 0.12253 -0.99922 0.46898 -1.0142 -0.97825 -0.0039906 -1.3504 -1.089 0.18875 -0.47412 0.50768 -0.39561 0.36735 -0.8741 -0.9684 -1.0904 -1.5702 1.1485 -0.86549 -0.11076 -0.22626 -0.31388 -0.7994 0.48884 1.4097 0.46104 0.95722 -1.1044 -0.062715 1.2095 0.22095 -0.2886 -0.63574 -0.41236 0.68328 0.92632 -1.0366 -0.79108 2.1144 -0.036854 0.3083 -1.6583 0.47936 0.45164 0.072724 -0.72461 -0.51149 -0.26411 0.37723 0.94587 0.66873 -0.86308 1.0353 2.4805 -1.1185 -0.048177 -0.12951 0.82805 -1.7893 -1.0019 -0.1809 -0.71673 -0.5291 -0.54412 -0.14877 0.54439 1.3517 0.095662 -0.10004 0.35877 0.51498 2.0348 -0.065511 
orange -0.56289 0.65362 -0.0087956 -0.60291 2.1826 0.58121 1.5677 -0.14249 -0.67123 -0.50665 -0.33183 -0.27915 1.7037 -1.3218 0.62795 0.35025 0.5232 0.48875 0.14619 -0.71269 0.31664 -0.45194 -0.70278 0.20181 -1.1721 0.54764 0.39963 0.48416 -0.31951 0.11051 0.90704 -0.36655 0.23789 -0.25388 1.2208 -0.97186 -2.3165 0.69949 -0.44452 0.61003 0.31835 -0.85372 0.90156 -0.6857 0.98511 -0.4887 -0.18136 -1.5407 -0.82232 -0.51658 0.41079 1.8374 0.3276 1.2744 -1.1869 -0.40833 0.053038 -0.79234 2.1709 -1.2429 -0.76761 -0.64907 2.2085 -0.86212 -1.5178 1.8955 1.6039 0.6035 -1.3035 1.1894 -1.3223 0.088039 -1.436 0.51682 0.411 0.93352 0.98858 -0.51649 -2.3375 1.1676 2.1143 -1.4076 -0.69742 0.45496 1.5498 -0.57253 -1.8506 -1.1742 -1.9361 1.1796 -0.78098 1.6419 -0.16524 1.2619 0.45225 2.1266 0.39493 0.32167 1.8276 -0.4375 
cedar -1.2037 1.1393 -1.0476 -0.29318 -0.0061509 2.5645 1.843 0.12379 0.26368 1.5658 0.50131 0.49816 -0.52072 -1.0017 1.4514 1.2874 -0.31143 -1.0186 -1.9576 0.94084 -1.5141 -1.1936 0.5469 -0.38756 1.3592 0.14666 1.2831 0.038533 -0.57583 0.10994 -1.7563 1.4897 -0.53375 -0.62633 -2.511 -2.0029 -0.25529 -0.090201 -1.7965 0.57305 -0.54764 -0.39797 -1.3022 0.064912 1.5589 -0.57503 -0.90008 -1.5188 0.83792 -1.1095 0.30796 -0.5122 -2.4306 1.047 -0.94102 0.96832 2.3809 -0.37993 -1.0977 -2.5245 -1.2331 0.46651 0.64208 0.92337 -0.055877 3.4574 1.1801 0.16093 -2.024 -0.010641 1.131 1.9343 0.019567 0.0016062 -1.1006 -0.73453 0.98923 2.3744 -3.4546 1.3401 1.1301 -1.0236 -0.20368 -0.3787 1.5456 -1.3577 -1.5378 1.2182 -1.434 1.6337 -0.30897 1.3283 0.86866 0.59097 -0.47004 0.34057 1.0763 -0.2852 1.3207 -0.42779 
apple 0.32408 -0.60094 0.47805 0.23524 0.28325 -0.89639 2.3672 -0.54326 -0.79114 -0.85064 1.8717 -0.20075 -0.7178 -0.70085 -1.9017 -0.56042 -2.3646 -1.6555 -1.3238 0.35545 1.6022 1.7934 0.20373 -1.4966 -0.11186 1.4223 -2.0474 1.6844 0.029798 -0.32549 -0.004961 1.1694 1.9369 1.1603 -0.79756 -1.9838 -0.59827 -1.1039 -1.0708 -0.28248 0.59241 0.33825 0.35631 -0.16307 0.96569 0.063716 -0.08553 -3.3856 -2.1383 0.58916 0.34409 -0.72963 -0.18092 2.743 -1.9072 -1.5742 0.19404 -0.12359 1.8421 -2.0614 -1.0119 0.29515 0.57366 0.73437 -1.0907 1.1239 0.36736 1.7626 -2.0752 -0.46158 -1.9854 -0.4463 -2.2108 0.76565 0.0652 -0.26183 0.01825 0.76462 -1.6532 2.0472 3.4847 -1.8331 0.26372 2.5327 3.2862 -0.66275 -2.0407 -1.4599 -1.5099 0.040666 0.055241 0.14653 0.98773 2.3601 0.77762 0.076799 1.0818 0.90547 0.20835 -1.6965 
peach -0.60924 0.74797 -0.54744 2.6985 0.14913 -2.1058 2.3213 -1.7291 -0.34126 0.015408 1.2752 -1.0264 -0.40274 0.12242 -0.535 -1.0357 -0.47408 -1.4492 -1.0601 -0.67921 1.5661 0.75452 1.3059 -0.84067 -1.8202 0.90505 -2.7955 1.1562 0.06176 0.7971 -1.1275 1.353 2.6639 0.36316 -0.7856 -1.8593 -1.261 0.55558 -0.46292 0.02465 0.67769 -0.48145 -0.25414 0.44032 2.0195 1.499 0.017349 -1.9823 -0.84442 0.3329 0.010216 1.2524 0.13848 3.5117 0.22889 -2.9565 -0.25401 -0.72313 2.2374 -1.8119 -2.2291 -0.2053 0.46631 0.76946 -0.22577 -0.21434 1.1314 0.80012 -1.3531 1.4662 -2.0484 -0.50761 -1.1776 0.4834 1.5425 1.1895 0.052458 0.5594 -1.5428 2.703 1.8338 -2.8105 -0.99277 2.5289 2.5292 -0.76104 -1.8073 -0.4029 -3.0175 0.17922 -0.6405 0.31348 0.6313 1.9397 0.89273 2.1968 1.4937 1.7507 -0.089702 -0.82749 
honey -0.45753 0.21598 -0.88975 1.7746 1.4853 -0.067749 3.4172 0.83658 0.20357 -0.66492 1.3989 -1.1427 1.639 0.5497 -1.0133 -0.90339 -0.5396 -0.39228 -0.30309 -0.75087 0.66772 -0.83339 -0.50014 0.52994 -0.24955 1.0289 -0.41619 1.0814 -0.80371 0.45614 -0.29275 -0.034578 1.1953 0.30653 -0.29221 -1.7176 -0.59568 1.2578 -1.0787 -1.1834 0.86697 -0.91418 -1.2664 -0.60653 1.3592 0.073315 0.28537 -3.198 0.35228 0.72139 -0.95659 1.4647 -0.51194 2.7305 1.1157 -1.9879 0.10741 -0.10435 -0.14723 -1.4994 -2.3562 -0.5642 -0.25119 0.92739 -0.83279 0.56368 1.4402 2.1026 -1.5078 0.17515 -1.2124 0.72387 -0.49937 1.0545 2.5961 1.069 1.1406 0.71337 -2.0271 0.44515 2.1495 -2.9139 -1.0396 1.2392 1.39 0.87781 -1.1507 -0.25625 -1.5507 -1.1586 -0.63732 -0.067367 1.1621 1.8705 0.75701 1.7334 -0.9927 1.0507 1.1593 1.4282 
violet -0.36563 2.2287 -0.8124 -0.74086 0.71134 1.7193 1.3508 -0.92433 0.61717 0.34764 1.1497 0.18293 -0.55378 -1.3987 1.2921 0.36059 0.38193 -0.88331 -0.18979 -0.13938 -0.18396 -0.52548 1.1112 1.1818 -1.4589 -1.5301 -0.064021 0.071056 0.030256 -0.16604 -2.0435 0.13908 0.67937 -1.8275 -0.48607 -0.28225 -0.4385 0.51812 -0.94179 0.38938 0.0098375 -1.0362 -0.83218 -0.35256 2.2934 -1.3569 0.069168 -1.0288 0.087607 1.0103 0.21245 1.1516 -1.1909 2.1578 0.22245 0.24717 0.41482 0.32569 0.66508 -0.8309 -0.84383 -1.5098 0.58273 -1.0388 0.25508 1.2239 1.6937 -0.538 -1.1047 0.21198 0.055381 -0.59391 0.085022 -0.76021 -0.56608 0.58375 0.59084 1.3102 -0.87883 0.80076 2.1867 -0.92834 0.13608 -1.4968 0.23214 -1.8213 1.101 0.98025 -0.50208 1.1054 -0.65248 -0.6122 -1.8188 0.7213 -1.3155 0.4627 2.0495 0.33728 1.566 0.62555 
cinnamon -1.3245 1.1642 -0.28445 0.096165 0.55741 1.3548 2.1426 0.77643 1.3246 0.81032 0.36218 -0.11762 0.049973 -1.6287 1.3178 0.86496 -0.63621 0.010813 -0.61289 0.29012 -0.40495 0.2307 0.48362 0.6883 -0.032777 0.48473 0.92279 -0.20454 -1.2682 -0.57598 -0.55812 0.23524 0.36289 -0.25202 -1.1243 -2.7299 -1.4076 -0.34122 -0.17618 -1.2994 0.076945 -0.39644 -1.1851 -0.74511 0.57771 -1.3874 -0.75195 -1.9718 -0.58194 0.17899 -0.51283 0.44273 -0.94043 0.40872 -0.049213 0.54358 1.3977 0.96947 -0.50838 -0.45898 -1.0441 -0.89345 1.0442 1.1105 -0.80838 1.7736 0.21302 0.83644 -0.79738 0.35428 -0.50131 0.41409 -0.9714 0.39906 0.50061 0.65085 -0.29077 0.75438 -2.0578 1.1389 1.4276 -1.2794 0.55825 1.1136 1.228 -0.19187 0.010891 0.22359 -1.4419 0.37008 -1.1665 0.77308 0.027847 1.2699 -0.73662 0.55858 0.29966 -1.0277 1.0095 0.12931 
smoke -0.47312 0.89073 -0.82817 -0.15539 0.1954 0.13884 4.1442 0.37094 2.2243 -0.37826 1.3433 0.5814 0.58529 1.3067 1.7268 0.051736 0.73683 0.69929 -0.11621 3.3397 -2.1338 -1.08 0.10978 0.11932 -0.028357 -0.7399 -0.49756 -0.45752 1.3561 0.32442 -0.31574 2.4482 0.32633 0.62667 -0.95574 -2.5522 0.1389 -0.0051494 -1.1701 -1.2832 -0.92832 -1.6323 -0.018586 -0.0051498 1.382 0.14903 0.18373 -1.1624 0.47743 0.88133 -0.2202 -2.0386 -3.2444 0.26536 0.2217 -0.39699 2.0158 0.37999 -1.2723 -1.6524 -1.0225 0.47845 -2.0313 2.2337 1.127 2.4627 1.1224 0.74803 -3.0927 0.50692 0.69965 0.3105 0.26756 1.7211 0.73402 0.36876 1.852 0.64094 0.015399 1.4354 1.4393 -0.64188 0.58705 1.4855 0.73814 1.4572 0.25415 0.89643 -2.8676 0.37801 -0.33713 0.84315 -0.10627 -0.15302 0.050362 0.033134 -1.7599 -0.71157 0.45402 -0.75767 
chocolate -1.9497 0.28755 -0.28872 -0.49035 0.43475 1.3268 1.3841 1.4454 1.253 0.19266 0.24194 -1.1482 -0.40278 -0.77719 1.4139 -0.33 0.8187 -0.26872 0.43319 0.33392 -0.50536 -1.832 0.15537 0.082872 -0.52665 0.21495 -0.011652 0.48587 -1.5135 0.52894 -0.97432 0.79893 0.81357 0.11113 -0.47083 -1.407 -0.16483 -0.28344 -2.0788 -0.79296 0.19737 1.0198 -0.42695 -0.68053 0.24982 -0.64396 -0.38717 -0.81303 0.40551 1.075 -0.17907 -0.4011 -1.1509 0.20374 -0.32196 0.28617 -1.0179 0.85292 -0.31178 -1.8113 -0.65435 -0.42461 0.54931 0.13985 -0.96552 -0.09699 0.06814 2.3554 -1.3715 -0.20665 0.53256 -0.71549 -0.73809 0.80574 1.5126 1.5363 0.55886 0.49405 -1.4001 0.90191 0.76303 -1.0195 0.55041 1.2178 1.4283 -0.59287 0.42452 0.29882 0.42083 -0.1869 -0.3056 0.27885 -1.1501 1.0459 -0.69667 1.0782 -0.18769 -0.17305 1.2866 0.42313 
blackberry -2.0676 0.83004 -2.816 -0.26499 -1.6636 0.30313 1.699 -0.062554 2.8482 1.3977 1.7995 -1.316 0.50044 -0.38822 0.65376 -0.98156 0.33527 -1.2351 -0.22777 2.5198 0.14913 0.39676 -0.019547 -0.92169 -1.2064 -1.4914 -2.5257 0.37082 -1.8759 -0.38822 -1.0787 2.6397 1.3286 -1.2055 -0.73051 -2.3171 0.75787 0.11929 -1.2963 0.54075 -0.060196 1.504 0.36106 0.2191 0.034485 -0.93727 -0.28286 -0.050887 -0.0028335 -0.0048485 -0.74668 -1.0199 -2.6221 2.6532 -0.19836 -0.16978 0.1129 1.5362 -0.3487 -1.7618 0.72877 0.18478 0.74156 1.052 -0.48692 1.0632 1.5697 1.7445 -1.7337 1.8202 -0.12099 0.90691 -1.2782 -0.10805 1.6236 1.9003 1.3202 0.77757 -1.0901 0.6759 0.66611 -2.3967 0.22648 0.66447 1.4135 -1.2002 0.62624 0.8897 -1.5995 -0.085732 -0.41041 -0.071277 -1.05 -0.80341 -0.61932 1.5946 0.83223 -0.72134 1.0607 0.10612 
mint -1.0736 2.4388 -2.246 -2.4125 1.6955 2.6 0.57688 0.65388 -0.68376 0.93635 -0.35713 0.33364 -1.4412 -2.7555 0.87488 -1.0454 -0.12071 -0.29164 -1.7372 2.509 1.0505 0.23272 2.6619 0.39455 0.18751 -1.7409 -1.4172 0.37966 -2.424 0.19935 0.18477 0.73199 -0.41745 -0.5265 -1.8945 0.33375 -0.98686 -1.3886 -3.2653 -0.36515 -1.8889 -1.3236 -0.20491 -1.5118 1.9731 -3.6313 0.33665 -1.095 -0.85676 0.76494 1.6075 -0.54438 0.045746 1.3579 -1.54 0.18455 0.61976 -0.83507 0.033001 -1.0121 0.13957 -0.99343 0.884 -2.7478 -0.87205 3.9313 -1.2709 0.85594 -0.57475 0.95919 1.2874 0.19067 -3.2906 -0.68927 0.49348 1.3223 1.5252 0.903 -2.2283 0.47131 2.987 -1.9669 -0.66339 0.079096 1.9657 -3.1621 -1.783 -0.655 -0.57532 1.5609 0.2519 0.83731 0.084039 1.139 -1.0962 -0.28977 0.37533 0.90668 3.0082 0.51394 
raspberry -1.9594 0.75318 -1.1547 -0.88498 -1.1826 0.18629 1.201 -0.054321 1.8047 0.26425 2.2553 0.077946 -0.17391 -0.25207 -0.087511 -0.47323 0.52233 -1.0029 -0.55657 1.581 0.53227 0.69733 0.84229 -0.53722 -1.2536 -0.9199 -1.4928 -0.10356 -1.3531 -0.79536 -1.5087 1.0616 1.2416 0.29707 -0.78595 -1.8137 -0.50892 0.09683 -0.77968 0.47955 0.072774 1.4187 0.1798 0.41474 0.24562 -1.5336 -0.051723 -0.38481 -0.57612 0.74226 -1.2078 -0.35818 -1.0718 3.0448 -0.25988 -0.26405 -0.51224 0.19659 0.92401 -0.5563 -0.32821 -0.061278 0.1483 -1.03 -0.52702 0.8361 0.20811 1.5203 -1.5404 0.55334 -0.83979 0.21964 -1.3541 -0.017742 1.0941 1.158 0.78274 1.2365 -1.4763 0.83079 1.4635 -1.1607 -0.38308 1.0802 2.3781 -2.005 0.32862 1.3725 -1.3484 0.83975 -0.10535 0.71316 -0.5713 0.095831 0.073848 0.9999 0.38982 0.45054 0.81572 -0.4396 
oak -0.15779 -0.61032 -3.2798 -1.0704 -1.7733 2.831 2.1014 -2.0981 2.8619 1.8287 2.5384 0.17104 -2.6011 3.0783 -0.33395 -3.2485 -2.6332 -1.1397 -0.52268 4.0766 1.9432 3.1094 -2.4079 -4.3243 1.25 -3.5292 -1.7676 -0.55847 -2.643 2.6771 -2.8734 7.0324 2.7771 -1.957 -0.68787 -0.34271 1.8378 0.6267 -3.937 -1.5205 -3.7457 -1.404 -1.6881 1.2934 -0.75111 -1.7025 -0.18339 -8.8629 -2.7213 -3.1454 -0.58648 -3.1899 -4.9275 -1.54 -2.5483 -1.1928 -0.662 3.7923 -4.7041 -9.4849 -0.12688 -1.9949 3.3407 3.641 5.714 0.94036 2.2715 4.7886 -2.8375 2.5689 2.3907 3.2771 -2.8887 0.81312 1.539 1.7197 -0.79739 4.1898 -2.8182 2.5969 3.0888 0.14054 0.91246 0.5399 0.79128 2.3909 0.70033 0.44853 -1.9258 -3.3744 0.23849 -2.7916 -0.49532 1.7504 -2.6452 0.63667 4.0625 -2.9964 0.64003 -3.2444 
coconut -1.235 -0.30648 0.07889 0.97946 0.94398 1.0594 1.642 -1.1771 0.21959 0.24168 -0.49442 0.47193 -0.78348 -0.62241 0.99645 -1.3358 -0.22668 -0.43865 -1.0655 0.48634 0.39021 -2.2063 1.6262 -1.1273 0.82189 0.85916 0.34062 0.29374 -1.3447 0.81857 -1.129 0.95096 1.7451 1.0349 -1.0608 -0.32253 -0.37258 -0.32775 -1.6809 -0.67221 -1.4743 -1.1306 -0.9558 -0.89028 0.27774 0.2169 -0.78217 -2.1347 0.089082 1.5191 -0.17127 -1.4328 0.43372 0.14253 -0.435 -0.01941 -1.8118 -0.66484 0.54333 -1.5382 -0.79681 -0.76997 0.69834 -0.18995 -0.063723 0.15095 -0.56617 0.95777 -0.29803 -0.52605 -0.35241 0.1234 -0.5784 -0.51707 2.8085 0.98399 0.50345 -0.56478 -0.73262 0.24354 0.95694 -0.17179 0.17081 1.0304 1.7861 -1.1694 -1.2745 -1.8868 -1.2286 0.14517 0.57617 1.4816 -1.0059 1.5084 -1.9204 0.86025 0.009144 0.36809 1.4373 -0.2456 
grapefruit -0.26568 0.73768 -0.65199 0.055723 0.419 -0.28368 1.4482 -0.25937 -0.89503 -0.36613 -0.30672 -0.24147 0.1965 -0.52279 0.044439 -0.32157 0.7509 -0.59854 -0.81804 0.16401 0.70622 0.56707 0.32512 0.19557 -1.1915 -0.25677 -0.94464 0.64603 -1.657 0.19154 0.061121 0.27814 0.32055 0.11011 -0.18678 -1.3569 -2.1008 -0.84654 -0.40173 1.0041 0.43886 -0.34636 1.8126 0.07222 0.25416 -0.63659 0.19001 -0.63427 -0.78719 0.0030732 0.37788 0.94949 -0.02077 1.8103 -1.4415 -0.61636 0.88192 -1.2272 1.5999 -0.59988 -0.95584 0.016738 0.79992 -0.70128 -0.53835 1.4081 0.84239 0.87853 -0.65039 0.11929 -0.86561 0.81622 -1.4036 -0.30961 0.30709 0.38471 1.2524 0.59549 -1.4794 0.83557 1.7309 -1.0915 -0.32514 0.98654 2.226 -1.0324 -1.7603 -0.44828 -1.4098 0.14166 -0.26428 0.83014 0.0083668 1.3395 0.47039 0.46795 0.77429 0.21086 0.60099 -1.6812 
clove -1.7519 2.2181 -1.0233 0.67124 1.2938 1.8265 2.5691 0.69343 0.3489 1.3339 1.1133 0.43751 0.037585 -1.4658 1.7209 1.4536 -1.091 -0.66405 -0.58609 0.98033 -1.3626 -0.35733 0.17346 0.58914 0.0026251 -0.40618 0.69918 -0.012412 -1.1813 -0.52749 -0.97742 -0.52524 -0.30624 -1.4021 -1.7773 -2.3758 -1.5588 -0.72955 -1.3292 0.0033246 0.63375 -0.26507 -1.8989 -2.2218 0.65623 -2.0393 -0.91349 -1.8828 -0.35035 0.56801 -0.071252 1.3559 -2.3705 0.97394 -0.76774 1.3646 2.3254 1.1617 -0.34947 -0.43277 -0.72704 -0.85296 -0.23089 0.98396 -0.70841 3.4521 0.27825 0.73975 -2.3699 1.5103 -0.2558 -0.30966 0.38974 0.85359 -1.635 1.0367 -0.17394 1.1099 -1.4129 1.1586 2.8759 -2.0657 -0.11121 1.5735 1.6697 0.53703 0.44747 -0.9203 -2.3798 0.43079 -0.026033 0.20278 0.59594 1.3765 -0.4959 0.44968 0.48204 -1.8383 1.4403 0.32274 
pear -0.51624 0.24197 -0.73407 2.865 -0.047629 -1.3308 2.161 -1.8469 0.58913 -0.18015 2.5947 -0.70967 -0.15724 -0.29469 0.669 -1.8285 -0.21442 -1.8382 -1.2363 -1.1628 1.8893 1.8626 1.2043 -1.0781 -1.469 0.70535 -3.6941 1.8732 -0.93457 -0.31442 -0.18322 2.0908 3.5317 0.34257 -1.2249 -1.9783 -0.86974 -0.062115 -0.068769 -0.085962 -0.17519 -0.0087921 -0.73712 1.2933 2.4741 1.6784 1.058 -3.2971 -1.6436 -0.099345 0.83697 0.28873 1.2463 3.3634 0.035702 -2.9901 1.5264 -0.59448 1.3582 -1.9298 -3.7896 -0.58248 0.29396 1.2591 -0.7536 -0.085928 0.8171 1.9442 -1.8953 1.9476 -2.2994 1.3644 -2.1807 0.54135 1.1939 0.74187 0.8958 0.062682 -1.5213 2.1501 3.2041 -2.72 -0.40055 2.6341 3.4531 -0.42326 -1.1764 -1.7858 -2.6318 0.46264 -0.82366 -0.65112 1.6945 2.1699 1.2831 1.7303 1.9054 2.5738 0.17579 -2.3867 
soap -2.3973 -0.18506 -1.3667 1.0606 2.4699 1.3672 1.0144 0.45205 -0.33722 0.58066 0.60887 0.95127 -1.2224 -2.063 -2.6017 0.70337 -0.16047 1.1967 -2.0115 -1.2132 -0.81109 -4.8175 1.2135 1.2341 1.1749 -0.71004 0.076815 -0.98508 -0.6371 0.76121 -3.1416 -1.7951 0.28581 -1.4968 0.78195 1.8158 -1.0111 3.5433 -0.34926 -1.4528 -1.4271 -1.3514 1.0092 0.12678 2.7027 2.3383 0.78477 -0.13787 0.96203 -1.4049 0.03724 0.52766 0.32917 1.4134 0.19949 1.199 -0.81345 1.5682 0.32564 1.4507 -2.2898 -0.098632 -0.37521 -0.26474 -0.50709 -0.51093 0.56282 -0.70571 -0.68279 -3.77 -2.0159 -3.2683 -0.011491 -0.47958 -2.1538 3.2142 0.67285 -1.2099 -0.69608 3.4696 2.9534 -1.183 -2.0659 -1.1609 -1.2649 -2.6389 -3.5641 -0.25548 -2.4031 0.89387 0.11971 -0.70745 2.4027 -0.51844 0.10478 0.41134 0.74242 2.0302 2.8557 -1.3764 
almond -1.5029 0.65834 -0.19071 1.2484 2.3575 0.24088 1.0879 -0.26991 0.29702 -0.31238 0.8762 -0.59122 -0.36905 -0.65782 1.0806 -0.497 0.40331 -0.37848 -0.40129 0.80779 1.1606 -1.3351 0.38706 0.038295 -0.98315 0.62915 -1.7998 2.0609 -1.0118 0.73775 -1.4036 -0.56622 1.6526 1.3597 -1.022 -2.9514 -1.5384 0.96838 -0.95078 -0.48851 0.43169 -1.7574 -3.3197 -0.26278 2.067 0.08616 0.11835 -2.2328 1.6436 1.4053 -0.21433 1.4035 0.43265 0.96698 1.1834 -2.1828 -0.6726 0.46621 0.47409 -2.8144 -0.47064 -0.86056 1.0329 0.10813 0.00033582 -0.50936 1.4414 2.1729 -2.1508 0.1138 -0.57323 -0.81673 -1.8596 0.85594 1.2118 1.5725 0.80428 0.60423 -1.64 0.49834 0.95052 -1.9112 -0.41929 0.52481 1.1921 -0.94068 -0.49953 0.31098 -1.654 -0.0029356 -0.027691 1.1484 -0.937 1.2123 -0.52119 1.1568 0.61005 0.67613 1.4242 1.0575 
licorice -0.8252 1.099 -0.8304 -0.4027 0.95549 1.781 0.6407 0.81548 0.56304 0.38912 0.97804 -1.1105 -0.58206 -0.95571 1.4263 -0.55755 -0.25911 -0.087003 -0.74018 2.062 -0.59319 -0.33842 0.93666 0.65936 -1.859 -1.3528 -0.0036454 0.95167 -1.1364 0.07586 -0.80512 1.1054 -0.18935 -0.86865 -1.0996 -1.694 -0.6284 -1.0054 -1.6496 -0.16392 -0.38444 -0.92681 -0.85025 -0.57827 0.98859 -0.58352 0.29639 -1.4267 -0.1485 2.1437 0.40272 -0.44675 -2.0956 0.79501 0.16833 -0.80439 0.89768 -0.17331 -0.21992 -1.2505 0.18752 -0.3755 -0.17532 0.69824 -1.0903 0.74419 1.3746 2.5856 -1.973 0.996 0.4133 0.35353 -0.49969 0.90431 0.31196 1.6658 0.91638 -0.44 -1.562 0.49398 0.85761 -1.0265 1.2118 -0.36295 1.1721 -1.5758 0.2061 0.38187 -0.14712 0.51022 -0.37782 -0.23513 -0.5314 0.16287 -0.59351 0.48201 -0.1236 -0.81149 1.7876 0.15489 
pineapple 0.73834 -0.25631 -0.24253 1.3143 0.31684 0.28134 2.4703 -0.66156 0.31121 -0.043053 0.76207 -0.42951 0.16883 -0.60234 -0.42667 -1.2896 -0.4267 -1.0598 -1.3231 0.13483 0.96678 0.95353 0.72087 -0.66256 -0.12897 0.64652 -0.73797 1.5003 -0.18969 0.20844 0.07431 0.65745 1.0145 0.62085 0.12055 -0.79382 -0.78767 -1.0041 -0.17433 0.024696 -0.65645 -0.20213 0.23022 -0.28524 0.19362 0.11538 -0.51734 -1.2674 -0.53451 0.28521 -0.178 -0.032831 -0.75783 1.6681 -1.642 -1.1827 0.3624 -0.58439 1.3296 -0.86448 -1.1462 0.73575 0.82124 0.61182 -0.024258 1.7215 0.72223 0.62727 -0.55969 0.27183 -1.285 0.32436 -0.78745 0.28689 0.48037 0.32953 -0.0043486 0.0079086 -0.97243 1.0658 2.6405 -1.4786 -0.12901 1.6613 2.7888 -0.904 -0.9146 -0.95728 -1.4857 -0.27465 0.28488 1.0258 0.8966 1.8806 0.29899 0.081157 0.51339 0.58585 0.1445 -0.44323 
pine 0.71119 -0.23547 -1.2028 -0.96006 0.054185 1.5064 2.7852 1.1583 0.064016 0.44866 0.52657 0.74942 0.4943 -1.7206 1.2015 -0.66617 -0.71104 -1.2965 -1.2563 1.4384 -1.3839 -0.91741 3.1551 -0.28233 0.69645 -0.91453 -1.1023 -0.32509 -0.22985 0.18036 1.729 0.3548 -0.75134 -0.067422 -0.23719 0.073858 0.56968 -0.68643 -2.1445 0.38508 -1.5251 -2.1148 0.2213 -1.9512 1.1054 -1.0582 0.49702 -1.5651 0.96398 -0.49794 1.7884 -0.37214 -2.7148 1.2953 -2.7579 -0.53512 1.5817 -1.7914 -0.73125 -1.0604 -2.0943 0.54114 1.497 -0.65204 0.45128 4.6244 -0.084785 -1.481 -2.26 1.6808 1.0958 0.92662 -0.0034844 -1.2425 -1.3208 0.82471 1.1353 1.5874 -0.79201 0.53041 4.7287 -0.55328 -0.20845 0.41796 1.2741 -0.10145 -1.043 -1.4621 -2.1174 0.87927 -1.5155 1.2511 5.018 0.29185 -0.58358 -0.68694 0.053182 0.83756 1.4693 0.14435 
caramel -0.44797 0.34111 -0.11367 0.69187 0.39719 0.7415 2.2356 0.86387 0.89655 0.32215 0.89015 -1.5406 -0.49661 0.06344 1.2103 -0.22311 0.85184 -0.25628 0.73079 0.31189 0.2707 -0.4369 -0.056297 0.61362 0.48288 1.2166 -0.1934 1.0306 -0.12118 -0.6292 -0.012162 1.227 1.0323 1.5876 -0.91472 -2.2161 -0.58851 0.10843 -1.3446 -1.2262 -0.32142 -0.59522 -1.4564 -0.41874 -0.43671 -0.31519 0.52976 -2.7623 -0.54611 1.0038 -0.90238 -0.67181 -0.74971 0.098825 0.9143 0.0054672 -0.77365 -0.025908 -0.57263 -2.8229 -1.3111 -0.77787 1.0184 1.1083 -0.48247 -0.067683 0.11537 1.8907 -0.97974 -0.69401 -0.53306 0.90314 -1.1977 1.0948 2.3703 0.73872 0.79705 -0.29241 -1.9087 1.8159 1.3228 -1.9105 0.58834 0.50252 1.2884 -0.047136 -0.51473 -0.31833 -0.28674 -0.8784 -0.7062 0.66721 -0.6902 0.75182 -1.0646 1.7061 0.20798 0.54913 0.7995 0.45697 
strawberry -1.3191 1.1487 -0.876 -0.13855 -0.3814 0.010129 1.2012 -0.030263 1.66 -0.35118 1.5923 -0.28952 0.20226 -0.47708 0.0011021 -0.79148 0.83972 -0.98677 -0.17249 1.1916 0.85053 -0.24893 1.2999 -0.3287 -1.9175 -0.16716 -1.839 -0.15377 -1.4088 -0.27783 -0.98955 0.69508 1.8777 0.31872 -0.45208 -1.4292 -1.1169 0.35751 -0.70008 0.10469 -0.49054 0.57997 0.25776 0.043985 0.28533 -1.5329 0.20505 -0.64966 -1.0461 0.41444 -1.0347 -0.14195 -0.85553 2.2425 -0.46591 -0.0015742 -1.1384 0.031856 0.96997 -0.61218 -0.88159 -0.43152 0.60994 -0.53761 -0.021294 0.11878 0.085805 0.93729 -1.9297 -0.45839 -0.37053 0.055161 -1.3296 0.19845 0.5211 1.6014 0.26188 1.4342 -0.59361 1.2072 1.2867 -0.81747 -0.4706 0.882 1.8989 -1.4242 -0.22376 0.25525 -0.65464 0.48115 0.094564 0.99887 -0.55949 0.01837 0.076836 0.76276 0.32944 0.72307 0.63863 -0.20005 
rubber -0.38157 0.52287 -0.25702 0.42201 -0.0042715 1.9617 0.70374 2.2184 0.48412 0.21567 0.83937 0.1258 -1.1428 -0.37749 -0.094267 -1.5424 0.11296 1.1055 0.18892 2.1075 -1.0985 -0.50611 1.2959 -0.43165 -1.5893 -1.4353 -0.15183 -0.41146 -1.4723 0.5142 0.014128 1.7921 0.32277 0.069448 -0.53522 -0.42788 -0.59392 -1.4062 -2.6504 -1.0886 -2.6339 -0.90015 0.71951 0.12212 -0.36692 -0.85496 -1.9114 -0.1729 0.37737 0.70453 -1.6155 -2.2503 -2.8212 0.92268 -0.024942 -0.33614 0.069375 0.48445 -0.24786 -1.4093 -0.9175 -0.90346 -1.4485 0.17139 1.811 1.6076 1.1618 -0.83105 -2.6229 0.081227 -0.53879 0.82621 -0.67946 1.3914 -0.60945 0.44948 2.0105 0.9972 1.9811 0.90213 1.7505 -1.414 -0.082175 -1.0745 0.43963 0.011896 0.57646 1.5914 -0.18804 0.66567 0.24104 -0.43563 -0.64005 0.49871 0.70283 1.6642 -0.46688 0.27021 0.18023 -0.95098 
geranium -0.24609 2.0645 0.29725 -1.3144 0.20793 1.0403 0.59811 -0.048201 -1.1101 1.3002 0.27873 0.78338 0.28198 -1.631 0.20166 0.34242 -0.76689 -0.81511 -1.1431 -0.33731 -1.1773 0.52311 1.1372 1.0951 -0.012857 -0.024346 0.71874 0.1755 -1.6774 0.27669 -1.716 -0.75939 -0.46179 -1.5454 -0.23354 -0.49228 -1.0484 -0.057469 -0.96293 0.50673 0.34206 -1.6755 -0.41431 -0.85182 0.64891 -0.68596 -0.77531 -0.099596 0.30718 -0.55534 0.050001 1.3348 -0.43209 1.1495 0.02598 0.86448 1.2374 -0.60006 0.80592 -0.75846 -0.86531 -0.12443 0.26691 -1.2027 -1.0898 2.3378 0.86861 -0.61044 -1.1187 0.76587 0.47108 0.11008 0.074884 -0.83985 -0.7307 0.42156 0.52659 0.85889 -1.9292 1.3019 2.2444 -0.49142 -1.1636 0.18905 0.31368 -0.94777 0.34747 -0.11155 -0.59829 0.34343 0.7172 -0.55345 0.58407 1.571 -0.1247 -0.041281 1.7125 0.24828 1.7312 0.2438 
grape 0.32697 1.5023 -0.99211 0.22738 -1.2435 -0.40293 1.4785 -0.45848 0.75627 -2.1228 1.3285 -1.6894 -1.5887 -1.2456 -0.69045 -0.72594 1.4187 -2.5132 1.2768 1.8597 0.16262 -0.075626 1.2299 0.64328 -1.6076 -0.33179 -3.7844 -1.2324 -0.92262 1.1672 -0.24811 1.1052 1.3771 -0.022763 1.5881 -0.6151 -2.644 -0.097396 -0.1853 1.2849 -0.35211 -0.65 1.428 0.70667 0.97522 -0.54529 -0.32804 -1.001 -1.4558 0.88877 0.41534 1.9797 0.49581 0.46632 -1.3776 -0.19247 -0.0047792 1.661 1.395 -1.3629 -2.0071 -2.2726 -0.34308 -1.0212 1.2538 -0.24498 0.27367 1.3368 -1.9497 -0.32234 -0.26296 0.61927 -0.8736 -0.2375 0.78975 4.0408 2.7532 2.9753 -1.4418 -0.35865 0.10819 0.2939 0.60875 0.46315 1.8245 -0.84239 -1.1092 1.3082 -1.4783 1.5172 -1.5674 0.87489 0.29872 0.35887 -0.20213 0.42206 2.3713 -2.2791 1.3637 -1.1899 
anise -1.5291 1.3581 0.13224 -1.3246 0.6031 1.8684 0.39561 1.1274 -0.24097 1.0295 0.73921 -0.12713 -0.6211 -1.8794 2.012 0.80178 0.12781 -0.11183 -1.5293 1.6036 0.041344 0.39945 1.9994 0.9788 -1.8069 0.22009 0.437 0.68722 -0.76514 -0.34289 -0.37335 -0.93356 0.06178 -1.4669 -1.5999 -2.1523 -1.7368 0.18454 -0.69284 -0.28229 -0.25897 -1.2894 -0.83317 -1.6799 0.50542 -1.3524 0.14738 -1.0276 -0.65903 1.026 0.95343 0.29543 -0.51404 1.7223 0.086162 0.011934 0.24823 0.28137 0.52419 -1.891 -0.7339 -0.82549 0.10234 0.36635 -1.6709 2.6842 0.047156 1.586 -1.5894 0.99973 0.23136 1.2334 -1.6211 0.17436 0.27372 2.03 0.7413 0.84521 -1.797 1.1184 1.73 -0.80089 0.90868 -0.36979 1.3211 -0.47684 -0.27666 0.44964 -0.30562 -0.92071 0.74155 0.12217 -0.74673 1.3744 -1.009 0.40814 -0.73263 -0.10266 2.3798 0.50464 
hay 0.97829 2.913 0.91123 -0.37992 0.98736 1.1456 3.2665 2.8011 -2.1519 0.23826 1.3194 -0.049459 -0.55745 -1.0807 1.6412 -1.7148 -0.55977 -0.55579 -3.1454 3.1123 -0.56826 -3.3178 1.0331 0.22335 0.90165 0.92004 -2.0669 0.62838 -0.52531 0.77101 -1.495 1.4882 0.53048 2.3855 -0.53232 -0.96687 -0.34834 1.0232 -1.7014 -0.89824 0.48906 -2.755 -2.0207 -1.8454 2.414 0.29809 0.49351 -1.7655 0.02487 1.3332 0.061611 0.82806 0.17311 2.9697 -0.37617 -2.3424 -0.71911 -0.12602 -3.0008 -3.1442 -1.3396 -1.6881 -1.8136 -0.52161 2.0668 1.9066 2.7788 -1.3819 -2.1303 -0.030591 -1.321 1.5809 0.27942 0.081735 0.80576 -0.57338 1.3323 1.9729 -0.059629 -1.7079 4.4659 -2.6712 -2.3018 1.885 0.68851 0.358 -1.6562 -0.49983 0.066139 1.5269 -0.73353 -0.6737 2.4215 1.1723 1.6762 0.12606 1.001 2.1823 2.6316 0.69404 
grass 1.1814 1.4748 -0.3332 -0.33827 0.84456 -1.0435 2.3201 1.1317 -2.5963 0.21148 0.49272 -0.41197 -1.317 0.16515 0.48357 -1.5317 -0.64704 -1.1246 -2.8301 2.1615 -1.2417 -0.97544 1.1907 0.1942 -0.32584 -0.33524 -3.0997 -1.1809 -1.5261 0.41242 -0.72921 1.5373 0.91757 1.9859 -0.21261 -0.16685 -0.30058 0.12141 -0.7321 -0.055146 -0.63152 -0.63035 1.5493 -0.4625 2.5377 0.26549 1.1668 -0.73573 -0.53968 0.76198 1.0744 1.6121 -1.3139 1.9778 -0.51452 -0.6392 0.22142 -0.97194 1.0207 -1.3812 -1.6165 -1.4932 -1.558 -1.724 0.26391 1.4304 2.1914 -1.794 -0.96054 0.34136 -0.57916 0.11223 -1.0926 0.0032958 -1.1255 -0.78235 1.7204 0.50991 -1.1383 -1.4231 3.6278 -0.18638 -1.1441 0.57126 1.0356 -0.46481 -1.1332 -1.1108 -0.79781 0.87143 -0.69595 0.69721 2.424 0.82703 0.54905 0.73764 1.0957 0.36686 1.6082 -1.1182 
rum -1.1557 1.2328 -1.5778 0.56395 -1.4835 2.0152 2.5019 1.6747 1.0047 -0.0050292 0.71543 -0.37337 5.4845 -1.7826 0.74815 -1.6932 0.55157 1.1887 -2.0119 2.4307 -1.3648 -1.6358 0.56671 0.78975 1.147 1.8116 1.531 0.67007 -0.67964 -2.0158 2.5346 -0.63525 -2.323 -0.2231 0.11941 0.3653 -1.3726 0.57896 0.084661 -0.79375 -0.76128 -4.0737 0.34976 -1.3653 -1.1436 -1.9618 -3.6973 -3.5477 -0.96868 0.80889 -0.43388 -1.2434 -2.0739 -0.67348 -2.4144 1.6917 1.6096 1.2636 -2.5961 -1.964 -1.8581 1.8604 0.69284 0.66663 -0.74833 3.3397 -0.50374 1.0566 -2.15 -0.87938 0.1069 0.52936 -0.82138 0.83968 1.5713 4.0077 -2.4503 0.68419 -2.351 -0.70933 3.1766 -3.2255 0.49412 2.8049 1.4975 -0.057041 -1.6484 -1.3107 0.34528 -0.019142 -0.63034 -1.0746 0.027086 1.8219 -0.81256 1.1844 3.5443 -3.5583 4.1743 2.2626 
animal 0.64305 2.0631 0.73823 -1.5322 -1.0562 0.49779 2.5492 0.77718 0.44585 -0.097146 -1.085 0.10375 -0.085802 0.86309 0.83993 -0.86357 0.24068 -0.62431 -2.3843 0.30588 -0.29103 -1.6148 0.065827 -0.80298 -1.0293 -0.82387 1.8985 1.4154 -0.037882 -0.20397 -0.27698 -0.12127 1.1689 -0.25241 0.52464 -1.6674 0.71566 -0.24482 -0.89624 -1.8995 -0.82519 -0.80828 0.066024 -0.36599 -0.042391 -0.80251 0.565 0.67225 0.18215 0.23666 -1.3408 -0.13691 -0.26039 1.6126 -0.2066 -0.72452 0.36528 1.2488 0.086983 -0.24726 -0.38061 -0.49427 -1.8238 -1.049 0.90073 1.0248 1.4152 -0.026547 -3.0903 0.20076 -0.22703 1.086 0.3413 0.40268 2.0489 0.86245 1.3295 0.99386 0.93582 1.3577 0.81811 0.62068 -2.1319 0.44354 -0.98759 2.0739 -0.079741 0.12536 -0.048578 -0.96997 -1.1998 -1.4466 -0.077477 0.71608 2.2475 0.51639 -1.0567 0.29424 -0.50313 1.4194 
tar -1.8304 2.1693 -0.43771 2.1675 -0.16941 0.33059 2.1503 2.5798 -0.42124 1.6137 4.5453 -1.9866 -0.98404 0.064201 2.1246 -1.7933 -0.17488 0.29996 0.23531 5.4475 -0.34342 -0.90615 2.2336 -1.9592 -3.2713 -3.2372 1.1534 -1.9292 1.0085 -0.39545 -0.034163 2.2909 -1.2765 -0.06203 -1.3982 -1.253 1.007 -0.059096 -2.8377 -1.5534 -1.7578 -2.2378 -0.16132 0.77795 0.7468 -2.2909 -2.982 0.52502 2.1716 0.97599 -0.27716 -2.3558 -4.9127 0.44775 -0.25081 -1.0032 1.7956 0.23437 -1.3215 -1.659 -1.7062 0.56147 -2.3098 0.89334 1.1151 4.3155 2.7794 0.30735 -3.1769 1.9635 -0.31326 2.647 -1.7911 2.4677 0.061568 3.0826 1.0343 1.3311 -0.80824 0.58421 3.4661 -1.6786 2.0907 -0.38291 1.68 1.1377 -0.042806 0.88303 -0.39524 2.1897 0.69226 0.1218 0.60247 -0.29293 0.73445 2.9582 0.57228 -0.61162 1.504 0.016026 
banana -0.087746 -0.011121 -0.37363 0.73585 0.98308 -0.30929 1.6535 -0.74206 0.39051 -0.84007 0.89228 -0.37587 -0.54591 -0.3069 -1.4042 -1.4458 -0.088232 0.21362 -0.64099 -0.084624 0.93552 0.38908 1.4019 -0.49557 -1.0218 1.9713 -0.39384 0.74445 -1.3025 -0.34047 -0.18998 1.4377 2.0145 2.8825 -0.22175 -1.0188 -0.85759 -0.082575 1.5008 -0.53876 -1.2804 -0.85456 -0.26849 -0.72021 0.89466 0.47551 -0.90387 -2.8396 -1.1529 0.34759 -0.25086 0.37907 0.28914 0.83303 -0.96385 -1.1575 -0.64336 -1.2114 0.2476 -1.3103 -0.54999 -0.99843 0.93942 0.94819 -0.069011 -0.16357 0.93526 -0.19428 -0.84762 -0.54094 -1.3851 0.77508 -1.0745 0.88236 0.24371 1.4147 0.81662 0.10379 -0.24982 0.74095 1.165 -0.42804 -0.64233 1.1069 2.2923 -0.15031 -0.58161 -0.35405 -1.392 -0.31479 0.91491 0.89074 -0.050678 1.2153 -0.24648 1.4099 1.1044 0.44287 0.1524 -0.17244 
fish -0.97648 -0.11915 0.39705 0.78337 1.2168 -1.1421 2.2162 0.73073 -0.0016896 0.74664 -0.31588 -0.020621 -1.4917 -1.2284 0.20229 -0.73311 0.58534 -0.74151 -1.0937 -1.7228 -1.5599 -1.6712 2.6825 0.043576 -0.62999 -1.1188 1.2328 -1.3282 -2.3786 0.51258 -0.89869 2.2566 1.1941 1.4223 2.3292 1.2574 0.89728 -2.2376 0.90377 -0.16828 -0.55754 -1.4484 0.95432 -0.57428 0.32773 -0.027337 1.9627 -1.072 1.3889 2.0946 0.85026 -2.2014 -0.20805 -0.21952 -1.3208 -0.56929 0.059478 0.41824 -0.059847 -0.54474 1.624 -1.553 -1.7538 0.28824 0.51284 0.98085 -1.3102 -0.14969 0.36835 -0.54599 -1.7612 -0.68319 -0.72889 2.795 0.57661 2.8979 2.517 -0.5197 1.5501 0.24207 0.96034 0.86926 -0.65563 2.4585 0.069821 1.1739 -0.78583 -2.4243 -0.39059 1.9011 -0.3589 -0.20871 1.4398 0.20838 0.23132 -1.1004 0.022865 0.13525 -0.28309 -0.72972 
raisin -0.30604 1.1248 0.3817 0.18588 -0.20667 0.21845 1.2349 1.5285 1.1657 -0.16451 1.8313 -1.6951 -0.045397 -1.1699 0.038682 -1.264 -0.093424 -0.62482 0.24311 2.3652 -0.36968 0.50529 -0.82782 -0.25472 -0.87875 -0.33224 -1.4117 -0.07412 -1.6705 -1.3298 -1.4377 1.8645 0.82059 0.76057 -1.1104 -0.97408 1.2756 0.055309 -1.8969 -1.2547 -0.37293 0.95213 -0.56676 -0.4888 -0.14046 -0.63813 0.24667 -1.2258 -0.53572 1.341 -1.5069 -1.8573 -2.6612 0.52659 -0.2919 -0.24076 0.38217 0.94371 0.41989 -2.327 -0.69832 -1.4613 -0.27771 0.65933 -1.325 -0.6828 1.8024 2.1979 -2.3254 0.66107 -0.62815 2.0902 -0.75389 -0.305 1.6114 1.4361 0.15574 0.18677 -0.25083 0.49187 1.3393 -1.8879 -0.0096493 0.80536 1.4403 0.62316 0.61729 -1.1577 -0.97344 1.0347 -0.50051 -0.88964 0.13211 0.35849 -1.3645 2.0443 0.37207 -0.79996 0.0080434 1.1522 
mushroom -0.56622 0.9693 -0.33594 -0.42027 -0.42373 1.1077 0.80745 0.45058 1.5243 0.08907 1.7955 -0.062133 -0.031229 0.23799 0.26772 -0.29226 -0.55633 -0.35986 -1.7078 1.5324 -1.6824 -0.77205 0.37689 -0.42997 -1.664 -1.2295 -0.95642 0.28666 -0.57758 -0.10469 -0.86639 1.7497 0.94282 0.23495 -1.1652 -1.1599 0.98692 0.21654 -0.64163 -0.68582 -0.29992 0.11418 0.12149 0.36626 2.218 0.075608 0.90149 -0.42419 0.75147 0.31406 0.27361 -0.067391 -1.2865 2.4888 -1.2572 -0.24083 -0.56551 1.5993 -0.6827 -1.1444 -0.35656 -1.0219 -2.1094 -0.44701 0.67766 -0.20073 0.56365 0.399 -1.9572 0.073062 -0.17781 0.36599 -1.0686 1.1382 0.2223 1.2879 0.84543 0.95553 0.42545 -0.066138 1.2096 0.3088 -1.1475 0.27803 -0.049693 0.06916 0.18005 0.090765 -0.85762 0.90283 -0.751 -0.62799 1.237 0.54255 0.37677 0.26897 1.0827 -0.25869 0.63138 -0.12629 
eucalyptus 0.065675 0.77888 -0.68848 -0.80161 0.23773 1.027 1.0411 0.9758 0.22088 0.62831 0.17235 -0.1809 -0.60827 -0.23554 0.6083 -0.18652 0.010698 -0.81392 -1.3358 1.6808 -0.12195 -0.27969 1.0507 0.092725 0.13138 -0.40052 -0.85815 -0.12093 -0.97695 0.38718 -0.080476 -0.027641 0.36027 -0.73698 -0.68052 -0.18287 0.029294 -1.1493 -1.1295 0.12905 -1.1756 -1.7221 0.12301 -1.1093 0.66378 -0.70768 -0.42071 -0.42879 0.019981 0.79396 0.10464 -0.17005 -1.4761 0.25533 -1.1317 0.020013 0.24312 -0.053459 0.11333 -0.97747 -0.099653 -0.65554 0.39518 -0.43546 -0.083555 1.9021 0.024241 -0.31921 -0.95515 0.68447 0.94911 0.019269 -0.52067 -0.10035 -0.50622 1.0782 1.4401 0.64754 -1.1282 0.15718 1.4776 -0.98981 -0.56949 -0.41887 0.71126 -0.67324 -0.36503 -0.032891 -0.93887 0.35138 -0.3125 0.29048 0.76699 0.59376 -0.75627 0.41947 0.044253 -0.32382 0.27309 -0.039535 
bread -0.74864 0.5644 1.2388 0.35492 0.26884 0.14574 2.0256 0.86649 1.0325 1.2023 -0.064752 -1.7767 -1.9091 -2.1328 -0.22707 -1.3728 -0.17814 0.48668 0.7065 -0.33816 -0.72484 -2.9179 0.82725 -1.4404 -1.7101 0.64173 -0.31625 -0.50155 -1.4104 -0.50557 -1.7723 -0.084787 1.7037 1.308 -2.1273 -1.3471 -0.17966 -0.97424 0.70687 -0.88161 0.61431 0.062601 -0.75853 -1.1381 0.52092 0.1694 1.3053 -2.1882 0.2434 -1.2394 1.3152 -1.483 1.414 1.7439 0.071884 0.7213 -1.9178 1.1699 -0.63478 -2.2042 -0.19721 -1.4973 -0.10617 1.657 -1.0269 -0.72383 0.36334 2.2042 -1.4414 0.61196 -1.4594 0.36829 -1.9938 1.4068 0.78519 1.5172 -0.19984 -0.5356 0.044416 -1.9932 0.96416 -1.1381 0.56185 2.7359 1.1072 0.26957 -0.52188 0.45694 -1.1997 0.56655 0.088897 -0.36537 1.6962 0.56079 -0.52186 1.0267 0.070263 0.243 -0.34577 -0.26231 
urine -0.11864 0.93402 0.19044 0.43802 1.1838 -0.3895 0.45179 0.81243 -0.22108 -0.57322 -1.0217 0.91365 0.11946 -0.1769 -0.50169 -0.76156 0.78924 0.41207 -0.87445 0.3584 -0.11984 -1.3351 0.76671 -0.41241 -1.4721 -0.2209 0.34397 1.0519 -1.7233 -0.55951 0.90339 1.5171 0.33401 0.3062 0.94593 -0.38998 -0.99557 -1.0032 -0.88332 -0.42006 -0.51136 -1.7112 1.7922 -0.96483 -0.20369 1.0521 1.2423 -0.50801 1.4978 -0.30952 1.2867 -1.3945 0.20928 0.69108 -0.83094 -0.053174 0.026576 0.48674 0.15315 -2.0028 -2.5786 -1.4596 -2.6083 -1.2281 0.078895 0.96343 0.11938 0.66081 -1.0522 -2.3813 -1.5048 0.34206 -0.90755 1.4159 0.74623 1.274 0.70239 -0.26167 1.2228 2.1173 1.5558 -0.72709 -2.2749 -0.098327 -0.62199 1.6684 -0.52078 -0.34072 0.18282 0.44678 0.63903 -0.49478 1.5882 1.2223 1.1069 -0.21989 0.59616 1.2295 -1.0545 -0.78125 
cucumber 0.39532 -0.011894 -0.51412 -0.13266 0.96552 0.45472 0.94597 0.023486 -1.0246 0.06065 -0.03767 0.74008 -0.97372 -1.5882 0.46835 0.21178 0.68527 -0.35306 -1.1321 0.061646 -0.059972 -1.0978 1.0782 0.20017 -1.0198 -0.013267 -0.74638 0.030892 -1.0077 0.12548 -0.45245 0.42452 0.89884 0.90508 -0.64525 -0.51366 -0.92311 -0.92916 0.13263 0.92264 -0.73737 -1.7583 1.1245 -1.4174 0.25954 -0.00095797 -0.29087 -1.2789 -0.6407 -0.12932 0.77781 0.025749 0.14517 1.1603 -0.66967 -0.28455 -0.35709 -0.6154 0.67545 -0.29551 -0.41464 -0.28029 -0.14475 -1.5002 0.070701 0.51245 -0.69688 -0.76605 -0.29135 -0.14783 -0.62512 0.060813 -0.5618 -0.0614 -0.88603 0.27953 0.34724 0.1346 -0.14721 0.71211 2.0086 -0.34957 -0.27288 0.63204 1.8869 -0.82635 -1.776 -0.67902 -0.75688 0.24752 -0.02427 0.61085 0.75718 1.1118 -0.22455 -0.039871 0.42462 1.1141 -0.10986 -0.58835 
popcorn 0.03932 -0.77329 0.35187 0.39906 -0.46043 -1.1292 1.2212 1.7088 0.23031 0.58793 0.12003 -0.68238 -1.3917 -0.88478 0.43786 -1.7106 -0.80241 -0.42586 0.076064 0.42579 -0.43123 -0.23371 1.029 -1.2166 -1.0219 0.46832 -1.0554 -0.25687 -1.0149 -0.85737 -0.10463 0.79683 1.229 2.3649 0.28984 -0.13522 -0.069435 0.10574 0.099584 -0.68409 -0.086281 -0.12938 0.33394 -1.0177 -0.36471 1.0973 -0.77737 -3.3177 -0.68593 0.42997 -0.088119 -2.0838 0.14995 -0.01116 0.44097 1.1501 -0.51741 1.2682 -1.6017 -1.6065 -0.7414 -0.85096 -0.38888 -0.05488 1.281 -1.8136 -0.70189 0.87585 -1.4486 -0.24314 -0.38911 -0.58874 -1.0573 2.9678 0.49109 1.3622 1.3196 -0.85193 0.45385 0.46114 0.0066219 -1.1561 1.4211 1.3918 0.72453 -0.56018 0.65971 -1.7652 -0.13271 -0.1206 -0.075638 0.984 0.53719 1.5394 0.32781 0.35017 0.62026 0.38746 0.062178 -0.54169 
syrup -2.1301 0.39972 -0.88377 0.2005 0.89053 0.55686 0.7045 1.6267 1.1572 0.14593 0.48307 -1.1432 -0.40789 -1.3086 -0.26514 -0.79891 1.5233 -0.35029 1.9918 1.3077 0.35283 -0.26693 0.8762 0.18849 -1.8364 1.2437 0.51717 0.47931 -0.56676 -0.85887 -0.28013 -0.049072 0.84686 1.7541 0.9221 -1.1427 -0.4193 0.6914 -1.4675 -1.2608 -0.26337 -0.76218 0.26319 -0.89836 -0.45745 -0.29034 -0.35907 -2.6031 -0.39362 0.97879 -1.492 -0.16602 -0.32663 1.152 0.84725 -0.17667 -0.84005 1.3378 0.87119 -2.2568 -1.199 -1.1033 0.35675 0.10637 -0.54965 1.1852 -0.98127 1.9173 -0.7077 -1.3569 -1.1787 0.61282 0.11864 1.4118 1.4711 3.2907 0.14401 0.94456 -0.86403 0.89195 0.92308 -1.16 1.2626 0.21938 0.44543 -0.76849 0.43505 -1.673 -0.2237 0.18298 0.015945 1.2367 0.67168 0.43402 -0.57102 1.4435 -0.37078 -0.78596 -0.61856 0.72378 
cheese -0.5577 1.2784 0.2945 0.40881 0.18805 -0.48764 0.14365 0.85224 0.13667 -0.093364 0.84463 -1.09 -0.81985 0.71123 0.25786 -0.76748 -0.90718 0.034936 0.41466 0.24131 -0.30177 -1.2374 2.1081 -0.17287 -0.34424 -0.85237 0.41741 -0.54838 -1.3926 0.4496 -1.2219 1.3729 1.5598 0.9534 0.22699 -0.53169 -1.0286 -0.79268 -1.4072 -1.0739 -0.31374 -0.64198 0.16479 0.92808 -0.54176 -0.10734 -0.14046 -0.94372 -0.79939 -0.11365 -0.92045 0.19076 -1.7981 1.4237 -0.8052 -0.72391 -1.6184 0.82014 0.067259 -1.1922 -0.16647 -1.481 -0.58176 0.18373 0.76773 -0.050623 0.41383 1.2493 -1.5323 -1.3309 -1.6055 -0.034876 -1.4364 0.89161 0.81783 1.868 0.67658 0.70833 0.19786 -0.52951 0.94803 -0.83747 -0.20774 1.1902 -0.29728 1.021 0.31709 -0.51486 0.30944 0.62409 0.42375 -0.97652 1.0759 1.1016 0.34553 1.0675 0.032753 0.41535 0.54492 -1.3456 
gasoline 1.2066 1.5405 -0.83634 -0.012041 0.93245 1.0399 0.77947 0.67301 0.039269 -0.42955 0.078804 0.40713 -0.15591 -0.0050486 -0.58738 -0.93111 0.94083 0.68584 0.061691 1.1576 -0.53369 -0.73937 1.7081 -0.38539 -0.77975 -0.92721 0.17947 0.80998 -0.38074 0.63483 0.80659 0.17616 -0.68738 0.12334 0.33979 0.29153 0.13369 0.28015 -0.80941 -0.05187 -1.4581 -1.8598 0.29712 -0.95677 -0.31858 0.95735 -0.26924 0.1421 0.89897 -0.071815 -0.14511 -0.71729 -0.84568 0.14316 -0.58883 -0.2483 0.13896 0.25419 0.74398 -0.779 -0.87388 -0.6232 -0.88878 -0.38573 0.32004 1.5916 1.3274 -0.70314 -1.9651 -0.3182 -0.41626 0.0013888 -0.44362 0.8457 -0.7231 0.54592 0.66438 0.28186 0.78973 0.71021 1.3033 -0.72222 -0.15938 -1.0418 -0.51889 0.64221 0.64283 -0.40847 -0.66943 -0.71242 0.49574 0.28176 0.29183 0.36534 0.39655 0.36418 0.73072 0.72301 0.23949 -0.21877 
peppermint -0.81147 0.88836 -1.0474 -1.2331 0.25597 0.6841 0.71241 0.84346 -0.24127 0.59641 -0.32054 -0.015437 -0.66056 -0.90825 0.69263 0.17903 -0.046739 -0.51757 -1.1482 1.1229 -0.71288 -0.095567 1.4945 -0.15423 -0.34555 -0.21685 -0.50709 -0.098389 -1.7025 -0.20714 0.26648 0.13901 -0.17048 -0.32269 -0.79652 -0.46066 -1.3787 -0.93447 -0.89648 0.027216 -0.13979 -0.90411 0.091994 -0.84846 0.59053 -1.7429 0.1862 -1.2405 -0.23725 0.94946 1.0567 -0.27641 -0.20411 1.0735 -1.1838 0.18625 0.35463 0.31512 0.2461 -0.55762 0.27093 0.047899 0.68242 -0.29959 -0.26979 1.7245 -0.64213 0.5975 -0.36812 0.41433 0.29327 -0.14286 -1.2089 0.6456 0.025232 1.4731 0.87741 0.52047 -1.6499 0.9899 0.86594 -0.78906 -0.022393 0.17546 1.2986 -1.0806 -0.41897 -0.030168 -1.5063 0.78133 -0.4232 0.52593 0.21737 0.50862 -0.69562 -0.1452 0.021048 -0.44081 1.3178 -0.29238 
paint 1.6279 2.1471 -0.21303 -0.98754 0.20509 0.8307 -0.13256 -1.2235 -0.2115 0.3516 -0.66008 0.58753 0.025042 -0.24645 0.23247 -0.92478 -0.76515 0.936 0.7708 0.33115 -1.7876 -1.608 1.2097 -1.1494 -1.0466 -0.41923 -0.95415 -1.1036 0.59444 0.65096 -0.6303 0.82117 -0.95611 0.83536 0.21989 0.58355 -0.46652 -0.37826 -0.60959 -1.252 -1.1958 0.20072 0.63325 -0.25073 0.88454 -0.77524 0.047409 -0.19294 0.2147 -0.044751 0.47545 0.29222 -0.19938 0.60515 0.68861 0.7718 -0.12699 1.5419 0.82023 -0.59024 -0.28126 -1.6429 -0.26837 -0.55199 1.4809 0.54154 1.4478 -0.77126 -1.9056 0.3669 0.49944 0.03533 -1.7649 2.0318 1.0438 1.691 0.9858 -0.37088 0.76577 2.0163 1.986 0.57775 -1.0545 0.65079 -1.2039 0.14532 -0.30272 0.70602 0.26459 1.3965 0.52095 0.18724 1.4683 -0.87358 1.6711 0.24499 1.1075 0.57127 0.59704 -0.4853 
detergent -0.1621 0.79891 -0.2591 0.62653 1.6688 1.2903 1.1677 0.44363 -1.336 0.79627 0.4499 0.25192 -0.88653 -0.92977 -1.7219 0.86278 -0.20842 0.27485 -0.84051 0.086546 -0.035102 -2.491 0.67943 -0.48173 -0.35656 0.074634 0.4291 -0.10189 -0.51693 0.22158 -0.033165 -0.15397 0.11692 0.20312 0.28058 1.0303 0.17201 0.33455 -0.5955 -0.24893 -1.6999 -0.93716 0.26728 -0.29314 1.0697 -0.42747 0.90513 -0.0040649 0.82785 -0.22246 0.55697 0.42648 -0.33896 0.046846 -0.70089 0.34171 0.91914 0.45477 1.3342 -0.26728 -0.65807 -0.079372 -0.48846 -0.25623 -0.020444 0.76689 -0.48805 0.38934 -1.2727 -0.78548 -1.1617 -0.71263 -0.53225 0.1771 -0.75223 1.1596 0.49647 -0.17603 0.2182 1.9901 1.7011 0.31254 -1.9383 -0.36248 -0.46384 -0.81527 -1.429 -0.71626 -1.1002 0.25227 -0.55633 0.70161 0.1648 -0.044983 -0.07152 0.31142 0.26015 0.68949 -0.46217 -0.85326 
celery 0.55273 0.78753 0.54688 -0.74798 -0.3107 0.46387 0.17853 0.66018 -0.82018 0.58239 0.92575 -0.9303 -0.20225 -1.2529 0.36228 0.31081 -0.12273 -0.71191 -0.76352 0.27597 -1.1412 0.033708 1.4578 0.60879 -0.48412 -0.044067 -0.62126 0.018815 -1.4836 -0.64662 -0.55824 0.86043 0.92395 0.50909 -0.30865 -0.95204 -1.4415 -0.45515 -0.38481 0.15311 -0.49934 -1.8556 0.70512 -0.88342 -0.13389 -0.36165 0.60046 -1.4993 -0.092681 0.24468 0.52934 0.15886 -0.56963 1.0014 -0.73335 -0.069457 0.092895 -0.80679 0.49171 -1.807 -0.50434 -0.80041 0.10122 -0.32989 -0.19881 1.3715 0.25619 -0.095854 -0.34284 0.96506 -0.99864 0.42137 -0.21348 0.16845 0.14452 0.6814 1.2496 0.51217 0.22036 0.87433 2.0756 -0.13194 -0.64375 0.592 0.68025 0.0567 -0.5812 -0.033332 -0.88466 0.46483 0.67477 0.43159 1.1363 0.28755 -0.39758 0.29618 1.2051 0.42126 0.3896 -0.83733 
blood 0.9645 0.24817 0.21716 0.67669 -0.016204 -0.12256 1.6574 -0.47164 -0.34621 1.2236 -0.11556 -0.54236 0.17944 -0.79068 0.45914 -0.075418 1.1139 0.52736 -0.37312 0.54347 -1.318 -2.0919 1.118 -0.53984 -1.367 -0.44514 -0.42161 -1.2986 -0.045207 0.078988 0.41347 0.5781 0.39979 0.31521 0.27533 0.53313 -0.52006 -1.0265 0.40061 -0.42999 -0.42399 -0.94509 0.30912 -0.38816 0.35549 -0.24361 -0.81406 -0.79939 -0.28475 0.859 -0.063882 0.014594 -1.2186 1.1071 0.74967 0.010684 0.74988 1.3395 1.4331 -0.50107 -0.98808 -1.0063 -1.1972 -1.4535 -0.44418 0.95259 0.15886 -0.76269 -1.2287 -0.032845 0.63349 0.64106 0.79241 1.4411 1.6186 -0.7608 0.52933 -0.90526 1.3367 -0.56994 0.96815 -1.1936 -1.321 0.39169 0.053105 1.2495 0.78406 -0.060212 -0.17246 1.8633 -0.71395 0.16769 -0.63554 -0.59522 0.79876 1.546 1.0037 -0.25785 0.11059 -0.54897 
birch 0.61655 1.338 0.047164 -0.29511 -0.08227 1.5718 1.7586 1.7669 -1.2899 0.30124 -0.13626 0.97372 0.78548 -0.0014401 1.5249 -0.21453 -0.2737 -0.39028 -0.56365 1.2061 -0.76985 -1.7942 0.55353 0.81428 0.65872 -0.83945 1.3723 -0.16445 0.016207 0.27553 -0.43619 -0.024583 -0.99724 -0.84547 -1.0264 -0.32357 0.1796 -0.58802 -0.69661 -0.16461 -0.90614 -2.2973 -1.1044 0.54965 0.28981 -0.78484 -1.2595 -1.5391 0.73485 -0.44083 0.33865 -0.14165 -1.6297 0.60941 -0.40117 -0.34646 1.8825 -1.0485 -0.61841 -1.0642 -1.42 -0.42246 -0.54047 0.65798 0.18588 2.4161 1.9047 -1.7136 -2.1014 1.6244 1.0521 1.2463 0.1534 0.78263 0.68203 -0.72167 0.94807 0.77263 -0.7368 1.3294 2.2086 -0.38958 -0.61626 -1.2665 0.54651 1.6103 0.17725 -0.30179 -0.44222 0.6 0.1598 -0.33516 1.6825 0.8107 -1.2703 1.077 0.72741 -0.84892 0.94237 0.28277 
vegetable 0.39566 1.0538 0.82822 -1.2426 0.091907 0.0065013 1.1853 1.2141 -0.8874 0.25655 0.9055 -0.27392 -1.6155 -0.56367 0.82087 -1.1096 -0.051962 -0.59016 -0.92925 0.006124 -0.62188 -1.1801 0.74527 -0.098358 0.28012 -0.056294 -0.33046 -0.14176 -1.2143 -0.4092 -0.58183 0.84727 1.6279 0.53798 0.54155 -0.56414 -1.0916 -0.89293 0.19553 -0.29725 -1.0078 -0.6334 0.52351 -1.0694 0.84527 -0.36155 1.0742 -0.62696 -0.40171 -0.037268 -0.26741 0.16355 -0.25043 1.0263 -0.085413 0.10608 -0.41162 0.24698 1.1441 -0.99683 -0.67156 0.069672 -1.6021 -0.47892 -0.31054 0.4637 0.16118 -0.056658 -0.84109 0.44945 -0.83338 0.63652 -0.92317 1.0277 0.044524 1.2573 1.0687 -0.50537 -0.051928 0.16237 1.6654 1.0133 -0.20383 0.66067 0.66125 0.52496 -1.356 -1.2654 -0.13877 0.91966 -0.89193 0.24662 0.31184 0.13631 -0.086014 0.44698 -0.58751 1.0415 0.10476 -0.26121 
carrot -0.054688 1.8555 0.1673 -0.9754 0.14166 1.3631 0.89174 0.72605 -0.55852 0.68952 0.076104 -0.73191 -0.87875 -0.24358 0.80659 -0.088665 0.42458 0.070121 -0.62904 -0.036686 -1.7985 -2.089 0.50093 1.0915 -0.73148 0.3628 0.042485 -0.35972 -1.5053 -0.21877 -0.44657 0.87506 1.0107 0.19888 -0.50755 -0.95641 -0.76609 -0.914 0.21086 0.086008 0.23317 -1.9518 -0.82498 -0.14883 -0.0038148 -0.36823 0.078017 -1.4211 -0.76113 0.18066 0.51331 0.0024634 -0.94617 1.5126 0.36852 0.3808 -0.75086 0.43408 0.23915 -0.99725 -0.52228 -1.7916 -0.75182 -0.075474 0.47376 1.5726 -0.0039265 -0.13265 -0.57809 -0.065489 -0.83553 -0.13354 -0.92181 1.7144 0.67396 0.90827 0.38445 0.25398 -0.29514 0.30079 2.052 -0.59734 -0.63833 -0.020462 -0.45134 -0.46309 0.53967 -0.98489 -0.36245 0.35952 0.10267 -0.10305 0.63796 0.35501 0.1968 0.46777 0.86833 0.11499 0.73025 -0.88078 
bark -0.044891 1.238 0.27303 -1.1407 -0.32884 -0.47575 2.6451 2.6082 0.56121 1.5971 1.208 -0.61795 -0.07464 0.59317 -0.15771 -0.98568 -1.3619 0.12494 -1.4026 3.626 -2.7354 -1.8861 -0.29373 -0.28247 -0.89287 -0.39334 -0.079964 -0.71859 -1.2523 0.97249 -1.285 1.1358 0.016408 -0.57542 -0.22436 -0.80032 1.2987 0.1424 -0.90735 -0.92516 -1.0431 -0.79969 -1.1772 0.15667 0.15874 -1.4709 -0.19905 -1.2771 -0.019515 -0.31796 -0.35926 -0.046037 -2.3076 -0.11176 -0.59122 -0.70022 0.10757 1.8616 -0.93463 -1.9862 -0.15235 -0.25031 0.30089 1.1877 1.1702 0.36589 3.3621 -0.46851 -1.8546 0.64511 0.19139 -0.13747 -1.304 0.33089 0.98047 1.8728 0.84095 0.23083 -2.0066 -0.15468 1.8968 0.67359 -0.98853 0.9818 0.015962 -0.49914 -0.091677 -0.77346 -1.2112 0.53104 -0.24279 -0.30652 1.6067 -0.21899 -0.15785 -0.35795 1.2518 -0.83051 1.1303 0.60038 
camphor 0.22376 1.4641 0.038826 -0.38137 -0.44973 1.7225 1.2095 0.93801 -0.49352 1.6432 -0.67761 0.46085 0.15893 -0.36668 1.1017 0.046945 -0.58892 0.3362 -0.6744 0.87577 -1.3814 -1.5378 1.1691 0.16649 -0.83031 0.18673 0.47835 0.31518 -0.52851 -0.050098 0.23498 -0.5599 -0.63834 0.071811 0.0040733 -0.30564 0.49574 -0.67148 -0.59061 -0.30517 -1.0099 -1.4366 0.11393 -1.5274 0.030521 -1.1683 0.32502 -0.14138 0.56035 -0.34529 -0.15958 0.00054513 -1.6604 0.098721 0.11915 -0.18183 0.47673 -0.059043 -0.25648 -1.2117 -0.73459 -0.37621 -0.68373 -0.74098 -0.25679 2.0582 0.90918 -0.56151 -1.7201 -0.37919 0.0031254 0.90165 0.17525 0.61776 0.10512 1.0443 1.4248 0.20702 0.52455 1.3207 2.6118 -0.26629 -1.3772 -1.2028 -0.42785 -0.040625 0.0040836 -0.31656 -0.27628 0.62161 -0.17241 -0.32024 1.2466 0.28937 -0.59161 0.57904 0.035592 -0.11272 -0.17951 0.015134 
vinegar -0.045807 0.47832 -1.0189 -0.092736 0.64483 0.078633 1.118 0.71385 0.33439 0.059551 0.7874 -0.886 -1.1449 0.10706 -0.23483 -0.077352 -0.23316 -0.02224 -0.25295 1.3121 -0.90215 -0.25251 1.0474 -0.23936 -0.8222 -0.13114 0.36483 -1.0162 -1.0573 0.2362 0.16995 1.2311 -0.26173 0.43273 1.101 0.50441 -0.68115 -0.65759 -0.2926 -0.06338 -0.72323 -1.0846 0.76124 0.14979 0.32879 -0.5422 0.249 -1.0053 -0.23752 0.2135 -0.035176 -1.1277 -1.0616 0.1354 -0.94159 0.67275 -0.14366 0.58283 0.3002 -0.76272 -1.3233 -0.77633 -0.94833 -0.84039 0.56089 1.1316 -0.18068 1.0288 -0.76078 -0.51241 -1.3078 0.33646 -0.36421 1.0023 -0.41339 1.3846 0.72216 -0.097618 0.30736 0.86348 0.6566 0.063265 0.14444 0.84649 0.5842 0.28461 0.00446 0.30899 -0.96898 0.27922 -0.13547 -0.47128 1.5857 0.3882 -0.36408 -0.13599 0.19042 -0.17971 0.93664 -0.14721 
cardboard 1.1135 0.43359 -0.24006 0.61355 0.19581 0.66444 0.71794 1.2837 0.059757 -0.28562 -0.63798 -0.20904 -0.47906 -0.66486 -0.24538 0.44214 -0.36971 0.46939 -0.38633 -0.14111 -1.3486 -1.3842 0.83232 -0.34444 -0.60066 0.22794 0.52414 -0.083243 -0.49444 -0.6267 -0.3253 1.1325 -0.29749 -0.07418 0.34658 0.071322 -0.35431 -0.43619 0.1296 0.12461 -0.8491 -0.42233 -0.81197 -0.2042 -0.078425 -0.48341 0.030481 -0.4185 -0.37602 -0.078631 0.23478 -0.53863 -0.41017 -0.16931 -0.029548 0.73902 -0.97026 0.20691 0.018564 -0.71992 -0.075988 -1.3996 -1.1514 0.068824 0.45246 0.32661 -0.14845 0.17713 -0.85087 -0.988 -0.77225 0.58614 -0.65891 1.059 -0.65149 0.1804 0.2777 0.41231 0.60716 0.69502 1.1335 -0.39922 -0.91687 0.84152 0.092408 0.076201 0.36385 -0.082358 -0.2074 1.0868 0.50544 -0.32701 0.70616 -0.030509 1.1777 0.32807 0.23749 1.0244 0.90944 -0.022667 
ham -1.1296 0.71367 -0.69709 1.9853 1.1432 0.66981 0.6972 1.2769 1.9547 -0.30078 1.35 -2.2672 0.25187 -0.057757 -0.055302 -1.1848 -0.036046 0.6613 -0.14159 1.9764 -0.28223 -2.6879 -0.3543 -0.18899 -1.3522 0.74822 -1.4958 -0.22434 -0.77903 -0.47595 -1.2224 1.3279 0.51379 0.36915 -0.70475 -0.81624 -0.12647 1.2041 -2.561 -2.1895 0.24237 -1.5112 -0.40413 -0.43193 0.39505 -0.90092 -1.0989 -0.9963 0.38455 1.5914 0.13947 -0.27534 -0.93625 1.0399 -0.27808 -0.3246 -0.28432 0.93027 -1.3657 -2.2388 -0.58567 -0.4479 -0.79596 2.4006 0.64902 1.1177 1.4849 -0.35395 -0.19801 -0.55044 0.52054 -0.51343 -0.076091 0.74715 0.12505 2.1095 -0.12727 -0.4696 1.9081 0.3473 -0.6155 -1.3886 -0.23705 0.71378 1.0299 1.4525 1.6683 0.0028964 -0.53444 1.9672 0.076839 -0.79129 2.7482 -2.137 1.0199 0.2916 1.9557 -0.35497 0.92118 0.36267 
peanut -1.1986 0.031486 0.54639 1.3513 0.82169 -0.8112 1.6474 0.68651 1.1736 0.07875 0.038537 -1.494 -0.55124 -0.11518 -0.3189 -1.3982 -0.66612 -0.60611 -0.76518 -0.45976 -0.10816 -0.69865 1.0597 -1.0348 -0.71013 0.42317 0.42187 0.17999 -1.9201 0.49564 -0.49691 2.2026 2.1062 1.4627 -0.4035 -1.14 -0.136 -1.2991 -0.31819 -0.31482 -0.42893 -0.69377 -0.45859 -0.44261 1.0346 0.67156 1.0856 -2.188 0.18065 0.87281 1.0011 -0.95804 -0.59027 0.49101 -0.46969 -0.45451 -0.97521 0.08521 0.096945 -1.7447 -0.44904 -0.97045 -0.80342 1.6126 0.18222 -0.53453 0.71165 1.2319 -1.088 -0.47925 -0.75325 -0.0090811 -1.9972 1.8892 0.74639 1.8949 0.83818 0.14168 -0.41342 -0.17146 0.96301 -0.70749 -0.70021 1.1849 1.2537 0.45387 -0.046915 -0.66724 -0.88154 0.88786 -0.67506 0.16451 0.6661 1.7216 0.026999 1.3371 0.15245 0.80827 0.69871 -0.48281 
garlic -0.69873 1.2773 -0.067709 -0.41343 0.89397 0.71571 0.17638 0.23338 -0.075495 0.65205 -0.9893 -0.75509 -0.29569 -0.28878 -0.10302 -0.45809 -0.19133 0.87321 -0.49909 -0.025083 -1.4487 -1.2719 1.3238 -0.12642 -1.1497 -0.53236 0.63935 -0.15108 -1.903 0.27561 -1.2364 0.68909 0.49067 0.50986 0.74001 -0.39704 -0.99133 -0.23111 -0.77986 -1.3354 -1.4045 -1.3461 1.1814 -0.8179 0.37075 -0.018904 0.28005 -0.89557 0.10466 0.2642 0.72849 -1.0057 -0.13585 0.53399 -0.34174 0.73207 -0.5487 0.69132 0.47224 -0.49929 -0.25128 -0.90281 -1.4486 -0.69673 0.090273 0.94404 -0.52507 0.38064 -0.75559 -0.46455 -0.95066 0.20468 -0.8058 1.5008 -0.16833 1.5682 1.4587 -0.44165 0.3651 0.48213 0.97666 0.23811 -0.36595 1.1583 -0.10133 0.5013 0.2981 -1.0103 -0.86521 -0.087896 -0.76221 -0.20533 0.34658 -0.11628 0.65808 -0.46163 -0.32766 -0.67619 0.56731 -0.39002 
glue 0.008466 1.0165 0.50422 -0.15118 1.0048 0.22513 0.37719 -0.20732 0.55781 -0.36341 -0.53308 0.3027 -1.608 -0.77212 -0.19177 -0.87797 -0.57887 0.19894 0.28112 0.34451 -0.56279 -2.7277 0.16118 -0.70199 -2.3165 0.1947 -0.026346 -0.99852 0.6968 1.1105 0.57728 -0.010636 -0.15224 0.54154 0.33788 0.43601 -0.33946 -0.90769 -0.54708 -0.87377 -0.38037 -0.0053444 -0.21479 -0.39393 1.1686 0.017014 -0.10894 -0.31572 -0.069806 0.27272 0.63965 -0.36662 -2.1744 0.54242 1.0282 0.048212 -0.12656 0.59883 1.0385 -0.85031 0.1217 -1.1246 -0.42944 -0.48151 0.44332 0.24435 0.3501 0.88005 -1.7951 -1.4419 -0.64335 0.51076 0.048442 1.8296 -0.36499 0.5094 1.29 -0.17971 -0.1456 0.95951 0.37892 -0.65902 -0.48623 0.02349 -0.46759 -0.91981 0.38567 0.28286 -0.24605 1.2434 -0.066216 0.76148 1.1818 -0.92428 1.0623 0.22807 0.34617 0.14707 0.32378 0.29905 
egg -0.51938 0.10687 0.48239 0.19604 0.71637 -1.1672 -0.30771 0.12568 0.30505 0.087318 -0.45433 -0.62831 -1.022 -0.72091 0.21753 -0.86178 -0.61983 -0.067608 0.25412 0.030009 -0.26452 -0.78374 0.88207 0.3956 -0.58531 -0.37727 -0.34866 -0.51192 -0.34385 -0.67494 -1.004 1.7637 0.33997 1.6856 -0.11407 0.071195 -0.46968 -0.65246 -0.24089 -1.2114 0.39203 -1.3388 -0.046125 -0.18428 0.60808 -0.17903 -0.10747 -1.1003 0.64175 0.26969 -0.29829 -1.5104 -0.78544 0.95403 -0.53435 0.55082 -1.4161 1.0466 0.1263 -0.85688 -0.082765 -1.5313 -1.5425 0.55487 0.16211 0.75038 -0.48727 -0.28054 -0.039657 -1.4396 -1.2306 -0.53572 -0.81422 1.7749 0.34794 1.6488 0.61422 -1.0011 0.3908 -0.82361 0.94807 0.0016934 -0.56317 1.2979 0.087519 0.84884 -0.11768 -0.40768 -0.14379 0.8758 -0.11145 0.11356 1.0717 0.4606 0.80718 0.45309 0.72544 -0.92227 -0.14283 -0.058626 
weed 1.9899 0.062372 0.77162 -1.3366 -0.17753 0.24648 1.8691 1.5731 -1.5576 -0.086467 0.92799 -0.57541 -1.2501 -1.1318 0.59331 -1.314 -0.26827 -0.99399 -2.4941 1.2491 -0.40803 -2.7917 0.62928 -0.22872 0.3203 -1.0625 -0.64947 0.43746 -0.13522 0.52569 -0.36867 1.4505 1.4069 0.88038 0.67158 0.62482 -0.3922 -1.2482 -0.19551 -0.46269 0.39559 -1.1179 1.0127 -0.31456 -0.67431 -0.16881 0.75208 0.23344 0.78515 0.69347 1.0888 -0.19891 0.069169 0.89054 -1.4118 -0.50734 -0.095776 -0.72512 0.0023267 -1.5831 0.74662 -0.75624 -1.8165 -0.47849 0.18093 2.0714 -0.59486 0.49732 0.68024 1.064 0.9595 0.54374 -0.28388 -0.25231 -0.69207 -0.014027 0.37715 -0.21706 0.5489 0.65993 2.7662 0.9979 -0.84558 1.247 -0.011264 0.48464 -0.75324 -1.0454 -0.17578 1.9927 0.076908 -1.6462 1.2254 0.36827 -1.0634 0.556 0.66747 0.75316 0.45006 0.4013 
ammonia -0.10471 0.94607 -0.36559 0.17078 1.0477 -0.068726 0.78422 0.57686 -0.51214 -0.097396 0.25335 -0.75053 -0.81562 -0.81575 -0.14675 0.32831 0.31774 -0.30776 -0.36456 0.087874 0.14269 -0.57463 0.075644 0.15057 -0.091192 0.25345 0.89281 0.39144 -0.99859 -0.44643 0.13379 -0.022102 -0.4608 0.72352 0.5781 0.91313 -0.95695 -0.59536 -0.35388 -0.19318 -0.97645 -2.029 0.91325 -0.3905 -0.088914 -0.9197 0.48253 -0.76792 0.76228 0.35072 -0.20643 0.6851 -0.70308 0.59145 -0.3932 -0.71526 0.45614 -0.50854 0.88158 -0.59074 -0.52662 -0.7555 -0.38088 -0.91043 1.0439 1.1299 -0.47815 0.34101 -0.70341 -0.066363 -0.13719 0.069001 -0.4928 0.38118 0.2597 1.1803 1.5449 0.15648 0.31531 1.3615 -0.11816 -0.55151 0.22161 0.66257 -0.21085 -0.66017 -1.1384 -0.66337 -0.8145 -0.064404 -0.39843 0.50178 0.163 0.33788 0.24136 0.15556 1.1743 0.39755 -1.0489 -0.34252 
bakery -0.40079 -1.1426 0.43493 -1.3651 0.22832 -0.012179 2 1.5758 0.22386 0.50299 0.70128 -1.1445 -0.26188 -1.4453 -0.88141 -1.2417 0.1963 0.45236 0.71812 0.56921 -1.8612 -1.3899 0.52625 0.063219 -0.1104 1.3255 -0.5363 -0.14821 -1.123 -0.72703 -1.2537 0.23509 1.7459 1.353 -1.2789 -1.6707 -0.3458 0.68487 -0.58566 -2.1532 -1.3244 0.57153 -0.62246 -0.27003 0.13023 0.19075 0.081421 -0.77988 -0.48146 0.51483 -0.64614 -0.74048 -0.63252 -0.16791 0.23009 -0.09019 -1.3409 1.5005 -1.0419 -1.6076 0.19478 -0.78812 0.62127 0.54086 0.13651 -0.88455 0.86312 1.3541 -1.7614 0.13672 -0.26374 -0.65199 -1.2553 0.75107 0.56528 0.81429 -0.40582 0.055727 -0.7312 0.17412 1.1514 -0.49228 0.53905 0.78398 0.87644 -0.097975 0.18581 -0.27407 -0.35568 0.5445 -0.57672 0.98362 0.84109 0.18449 -0.40894 0.44031 -0.31078 0.15784 0.70212 -0.78287 
potato -0.55923 0.26125 0.31439 -0.31251 -0.022486 -0.63718 0.75234 0.51887 -0.098686 -0.49643 0.057765 -0.68828 -1.1441 -0.71281 -0.18174 -1.1596 -0.057997 -0.79763 -0.2324 0.76213 -0.81796 -0.78605 0.91484 0.44077 -0.61587 -0.31431 -0.06367 -1.0922 -1.1446 0.24389 -0.19944 0.94923 0.11966 0.38657 0.45562 0.098026 -0.5563 -0.73102 -0.095539 -0.34511 -0.41433 -0.39347 -0.01765 -0.80993 0.92056 -0.10242 -0.30952 -0.88314 0.14921 0.3709 0.61207 -0.51779 0.23044 0.36643 -0.33932 0.25795 -0.7787 2.0807 -1.1047 -0.049895 0.19878 -0.6169 -0.8588 -0.5059 0.44857 0.045217 -0.31122 0.72398 -0.63399 -0.81224 -1.3643 -0.16465 -1.0209 1.4968 0.26169 1.7894 0.4446 -0.55056 0.79749 0.014341 -0.090218 0.91908 0.18676 1.6976 0.58492 0.71237 0.16057 -0.71413 0.56553 1.4671 -1.1089 -0.29221 0.84244 -0.0001791 0.45627 0.63412 -0.1614 -0.66831 0.72146 0.19179 
beer -0.46239 0.126 0.15065 0.55902 0.59155 0.89632 1.247 0.32283 -0.27741 0.05359 0.75632 -1.4477 -0.15821 -0.60451 0.16548 -1.1362 0.21969 0.21765 -0.52832 1.0147 0.15663 -1.6877 0.069697 0.13968 -2.3343 -0.69463 -0.12147 -0.65866 -0.58667 0.099177 -0.86765 1.2843 0.16427 0.70479 -1.3434 -0.33267 -0.23778 -0.73274 -0.77401 -0.35263 -0.87018 -0.6088 -1.1794 0.03282 0.62862 -0.23689 -0.84283 -0.13488 -0.1778 0.72612 0.65632 -0.54496 -0.43097 -0.59417 -0.31032 1.2722 -0.14276 0.46661 -0.093968 -1.1837 -1.1184 -1.7319 -0.53912 0.7107 0.026919 -0.12027 1.1177 0.82058 -2.0289 0.21632 -0.97471 -0.14699 -1.5392 0.24769 0.81434 0.39073 0.6009 0.44776 -0.94068 0.54859 2.4646 -1.2251 0.62092 0.91543 0.59941 -0.35105 0.82069 0.24901 -0.094025 0.68354 -0.69329 -0.77399 1.0013 -0.7853 0.26994 -0.29237 -0.3606 -1.0295 -0.086237 0.086648 
walnut -0.40332 -0.67198 0.11668 0.39459 0.97464 0.23308 2.3231 0.57855 0.79053 0.46661 0.24703 -1.3725 -0.40067 0.13708 -0.28661 -0.17848 -0.57542 -0.25295 -0.45966 0.98129 -0.93476 -1.236 0.3477 -0.31327 0.34105 1.1013 -0.20959 0.16009 -1.2442 -0.23295 -0.13242 1.1096 1.767 0.82633 -1.0321 -1.2566 -0.52209 -0.39559 -0.6116 -0.78407 -0.25868 -0.82942 -0.31149 -0.49745 0.68767 -0.070309 0.65494 -1.7024 0.34362 0.57872 0.42763 -1.2065 -0.5534 0.89739 -0.48941 -0.32777 -0.44174 0.35805 -0.21612 -2.3612 -0.6493 -0.68214 -0.032129 1.5482 -0.10887 -0.58451 0.32807 0.58465 -0.61276 0.017793 -0.3301 -0.24179 -1.7054 0.45348 0.79164 1.3745 0.38515 -0.11424 -0.82866 -0.49562 1.882 -1.3111 -0.18714 1.2119 1.1766 -0.22713 -0.40703 -0.61978 -1.1705 -0.18222 0.47871 0.45352 0.75146 0.91672 0.46263 1.1542 1.0312 0.33989 1.1843 -0.31413 
onion 0.82776 0.82544 -0.0029154 -0.86524 1.4125 -0.62181 1.8131 0.11466 0.050591 0.98848 0.16744 0.624 -1.7412 -0.15703 0.41225 -1.4827 0.20355 0.5017 -0.15791 1.5048 -0.3429 0.011937 1.0224 -0.4455 -0.71492 -1.0732 0.7385 0.19922 -1.6104 0.30528 0.093218 -0.41169 -0.42894 0.094052 -0.26718 -0.30515 -0.86404 -1.18 -0.38995 0.1522 -0.66905 -0.62306 -0.092743 -0.25342 0.84954 -0.073034 0.59499 -0.55 -1.0415 0.17973 1.1478 0.0027077 0.69492 -0.22797 -0.48983 0.57663 -0.27008 1.5566 0.29149 -0.81156 -0.47179 -0.87784 -0.76428 -0.7866 -0.46041 0.81791 -0.26376 0.35502 0.035874 0.010976 -0.56728 -0.85219 -0.96563 0.59359 -0.27716 0.51061 0.52292 -0.94675 0.30207 1.1733 0.32725 -0.18777 -0.55499 0.97501 0.21345 0.29841 0.15058 -0.54311 -1.1347 0.98744 -0.54269 0.19822 -0.049631 0.56425 1.297 -0.36031 0.20058 -1.0933 0.84279 -0.6768 
turpentine 0.83277 0.60358 -0.011921 -0.10317 0.24815 0.24034 0.97661 0.37656 0.18553 0.38807 0.26057 -0.15427 -0.57121 -0.3549 -0.048521 -0.1619 0.35774 -0.4486 -0.025939 0.593 -1.1021 -1.3775 0.68616 0.20569 -0.68303 -0.60211 -0.74996 -0.37465 -0.24325 0.44568 -0.083625 -0.30195 0.0067511 0.15809 0.11378 0.10514 -0.74788 -0.29117 -0.30092 0.10063 -0.69881 -0.41626 0.2519 -0.28563 0.5534 0.10135 -0.23197 -0.39171 0.30594 -0.54105 0.23374 -0.50095 -0.70978 0.40216 -0.70217 0.069323 0.19216 0.046107 0.71405 -1.1782 -1.31 -0.29562 -0.27033 -0.26307 -0.048534 0.57396 0.32167 -0.13369 -1.5174 0.22228 -0.18694 0.50258 -0.52534 0.40309 0.23259 1.0065 0.90155 0.37699 0.29193 0.63908 0.83462 -0.3525 -0.67786 0.25802 0.19119 -0.31276 -0.30126 -0.29087 -0.94113 0.023462 0.020751 0.28853 0.19712 0.5277 0.29261 0.20791 0.6905 0.72047 0.25849 -0.4925 
mothball 0.15778 0.032355 -0.10385 -0.082434 0.25418 0.56551 0.35411 0.89963 -0.40932 0.82067 -0.25451 0.24942 0.073435 -0.33618 0.069077 0.17251 -0.89621 0.037399 -0.35631 0.61017 -1.1358 -1.7673 0.44214 0.19407 -0.094946 -0.23322 -0.048479 0.038683 -0.35512 -0.19561 0.10049 0.0044648 -0.061502 0.48613 0.076877 0.25615 -0.31233 -0.1862 -0.087979 -1.1841 -0.70698 -0.23706 0.41775 -0.86789 0.39761 0.5511 -0.68292 -0.48597 -0.30682 -0.21901 0.31837 -0.26074 0.30932 0.10598 -0.18523 -0.088349 -0.034692 0.76867 0.52931 -0.031321 -0.65773 -1.1326 -0.094134 -0.2482 0.55782 0.075684 -0.051879 -0.3055 -1.0649 -1.2547 -0.18961 -0.10988 0.4763 0.92471 -0.70639 0.48187 0.26715 0.033374 0.67251 1.4896 1.1782 -0.080849 -0.54056 -0.36368 -0.52209 0.29573 0.80158 -0.53351 -0.25418 1.1627 0.22072 -0.29441 0.16002 0.47693 1.0049 0.22405 0.02791 -0.17176 -0.021249 0.21384 
disinfectant 0.068994 1.0152 0.22693 0.052957 0.40637 0.38004 0.28118 1.1373 -0.51049 0.64831 0.54872 -0.018957 -0.50169 -0.72268 -0.52974 -0.17731 0.24072 0.63315 -0.12589 0.78839 -0.53373 -0.40732 0.12315 0.10073 -1.1583 0.15441 0.20391 0.47585 -0.88828 -0.51785 -0.18423 -0.20945 -0.077103 0.079298 0.20511 0.45815 -0.33912 -0.22973 -0.82304 -0.49071 -1.0508 -0.65702 -0.015984 -0.17841 0.40926 -0.1205 0.24074 0.084536 0.62881 0.092269 0.23935 -0.18001 -0.28286 0.26837 -1.0828 0.38282 0.50382 0.014756 1.0661 -0.88557 -0.32472 -0.57899 -0.84142 -0.78013 -0.31021 0.20873 -0.23311 0.46363 -0.9984 -0.61109 -0.08633 0.24115 -0.20975 0.75018 -0.10284 0.98359 1.0105 0.092144 0.65455 1.4254 1.1687 -0.44027 -0.93778 -0.16038 -0.26499 -0.063457 -0.51582 -0.36746 -0.40529 0.74526 0.041041 -0.033926 0.51376 -0.18577 0.60285 0.20257 0.25006 0.54317 -0.79853 -0.098258 
varnish 1.2851 0.5891 -0.087634 -0.76563 0.21253 0.58485 0.58834 0.48068 -0.32319 -0.20207 -0.1215 0.39064 -0.5385 -0.85143 -0.54808 -1.247 -0.055193 0.43392 -0.052548 0.31736 -1.0795 -1.146 0.419 -0.1442 -0.13874 0.057657 0.0060418 0.063152 0.14509 0.23781 0.090065 1.2616 -0.34938 0.55115 0.055834 0.35266 -0.21004 0.48516 0.032883 0.032933 -0.46179 -0.5446 0.52558 -0.51068 0.63565 -0.60337 0.27816 -0.80721 0.84741 0.033622 -0.60769 -0.29024 -0.80234 -0.42139 0.095731 0.54792 -0.099872 -0.075256 0.47378 -1.5603 -0.5697 -0.44962 -0.087871 0.63261 0.577 0.51359 0.58695 -0.16144 -1.8101 0.5672 -0.84783 0.21261 -0.073437 0.59295 0.42498 0.68725 0.80915 0.10397 -0.061723 1.4853 1.3267 -0.69768 -0.6992 0.65618 -0.026347 -0.39252 -0.47104 -0.021611 -0.81858 -0.20514 -0.46426 -0.24847 0.81936 -0.16013 -0.070914 0.98636 0.48925 -0.60218 0.055776 -0.25014 
kerosene 0.067492 0.83813 -0.44849 -0.063738 0.60367 0.4419 0.57094 -0.69934 0.17696 -0.60353 0.50427 -0.76666 0.0064216 -0.18868 -0.6857 -0.25325 0.41085 -0.1968 -0.30352 0.088022 -0.23484 -0.30647 0.4851 -0.71716 -0.2349 0.085676 -0.23784 0.44685 -0.32801 0.46663 0.1123 -0.67429 0.023901 0.022391 -0.17962 -0.054245 -0.28105 0.44684 -1.0509 -0.50758 -0.83822 -0.95057 0.29175 -1.0363 -0.25207 -0.015251 -0.31202 -0.55275 0.43692 0.097983 0.73524 -0.12413 0.16191 -0.059541 -0.40593 0.21808 0.22016 0.012581 0.24513 -0.22083 -1.4777 -0.024091 0.0061683 -1.3308 -0.0065361 0.70143 -0.22507 0.054002 -1.027 -0.097773 -0.025386 -0.45197 -0.58703 -0.13278 0.35734 0.54589 0.15311 0.20032 -0.42986 0.49642 0.14185 -0.70939 -0.16751 0.29313 0.41458 0.1088 0.89875 -0.17657 -0.11035 -0.20503 0.56623 -0.4054 -0.1506 -0.011019 -0.068378 0.085123 1.3721 0.029461 0.19322 0.047831 
solvent -0.16993 1.0621 0.36108 -1.0304 0.21811 1.0725 1.0177 -0.15663 -0.93146 0.55151 0.068667 -0.018448 -0.57743 -0.73927 -0.12121 -0.1987 -0.36816 0.38956 -0.24588 -0.060175 -0.3151 -1.0973 0.30382 0.09814 0.068677 0.11192 0.28089 0.3164 -0.32819 0.42217 -0.26243 -0.54985 -0.45255 -0.223 0.36466 0.54369 -0.63203 0.60948 -1.0125 -0.4109 -0.52945 -0.56222 -0.14579 -0.56613 0.079269 -0.20446 0.069404 -0.49995 0.15344 -1.0322 -0.080728 0.13373 -0.56551 0.62458 -0.19513 0.22773 0.38465 0.58762 1.4773 -0.92193 -1.268 -0.36401 -1.1578 -0.53513 -0.21518 0.64482 -0.29485 0.25036 -1.3668 0.091798 0.55399 -0.24228 -0.47154 0.73886 0.35648 0.65249 0.90054 -0.14653 0.050126 1.1438 0.81143 0.4496 -0.7277 -0.241 -0.62631 -0.24069 -0.17489 -0.63806 -0.25759 0.24151 -0.30642 0.59462 0.75472 -0.082257 0.60671 0.06054 -0.38982 0.082612 -0.024032 -0.46603 
mustard 0.45554 0.17737 -0.15646 0.34598 0.64227 -0.15086 0.30528 0.62474 -0.23283 -0.3424 1.8598 -0.90214 -0.65805 -0.48546 0.10511 -0.53012 -0.7185 -0.3875 -0.43854 -0.42056 -0.52136 -0.5693 0.12482 -0.11439 -1.2172 0.27622 -0.030842 0.11851 -0.39997 -0.70812 -0.53449 0.27157 0.023576 -0.20045 -0.3455 -0.11771 -0.25063 -0.27214 -0.98955 -0.57123 0.29234 -1.1188 -0.25967 -0.16077 0.21039 0.017909 -0.22332 -0.7612 0.0062407 -0.046932 1.0851 -0.15278 -0.21561 1.2042 0.31982 -0.15858 -0.43557 -0.067826 0.25076 -1.8359 -0.78352 -0.97172 -1.0221 -0.26602 0.13952 0.88053 0.75193 0.20811 -1.2352 -0.586 -1.3411 1.2261 -0.45964 0.69668 0.92309 0.50277 0.68754 0.86789 0.38922 0.55845 0.74488 -0.088578 -0.1775 0.45407 0.8788 0.23642 -0.12894 -0.27767 0.10339 0.62699 -0.42192 -1.0595 1.2866 1.1427 0.31656 0.70396 1.0936 0.019129 1.1332 -0.027749 
manure 0.27139 0.070187 0.24618 -0.17323 0.35081 -0.48067 1.742 -0.019634 -0.88456 0.25994 0.01337 -0.49574 -0.26826 -1.1664 0.077614 -0.60567 0.80843 -0.13502 -1.2276 -0.50747 -0.88302 -1.8861 0.31475 -0.41043 0.068093 -0.43249 0.68828 0.23275 0.37351 0.43695 0.34509 -0.21307 -0.007434 -0.37194 -0.89478 -0.32424 0.0025427 -0.19185 0.058405 0.26388 -1.2081 0.084252 -0.38773 0.10662 -0.6434 0.065222 -0.015993 0.39931 -0.5364 0.57425 0.2142 0.13759 -0.031709 0.029917 -0.40582 0.29743 0.038931 0.07444 0.51586 -0.23037 -0.85983 -0.030551 -0.91709 -0.3428 -0.12892 1.1655 0.072787 -0.24158 -1.4264 0.20671 0.27187 0.86581 -0.50756 0.83087 -0.4025 0.9483 0.14125 -0.053325 0.34986 1.6753 0.33819 -0.39326 -0.52633 0.10538 -0.11818 0.67228 0.98463 0.31215 0.32718 0.25978 -0.38606 -0.051604 -0.041788 -0.28224 0.69869 -0.051249 -0.15952 0.23496 0.64154 0.04599 
rope -0.17691 0.041221 0.3796 -0.74754 -0.57965 -0.080723 1.7537 -0.54745 -0.17019 0.061765 0.11402 -0.44586 -0.0076152 -1.9857 0.028582 -1.4122 -0.30692 -0.41791 0.17572 0.68893 -1.4098 -1.3152 0.71457 0.6713 -1.1746 -0.052197 0.7082 -0.65734 0.22246 0.48646 -1.9129 -0.99978 0.97 -0.21073 0.85935 0.53916 -0.38988 1.3451 0.10606 0.24069 0.22824 0.5626 0.165 0.57502 0.14723 -0.13344 -0.93776 -0.59672 -0.30116 0.14256 -1.0308 1.5746 0.39668 0.60335 1.1023 0.59883 0.37865 0.32869 -0.027745 -1.6807 -0.79953 -0.15948 -0.31975 0.049261 -0.26463 0.27905 -0.046667 -0.5545 -0.88043 0.33233 0.72119 0.18201 -1.6531 0.26777 0.36818 1.4441 0.68194 0.75246 -0.27721 0.041661 0.22689 -0.35386 -0.20938 0.54618 -0.54497 -0.69361 -0.058218 -0.37775 0.47534 0.97605 0.14587 -0.16216 0.092889 0.38675 0.42238 0.58351 2.1951 -0.66651 1.0092 0.67562 
creosote 0.72683 0.26574 -0.023357 -0.16621 0.048343 0.44778 0.50705 0.22755 -0.40358 0.30952 0.36185 -0.3685 -0.15197 -0.24189 0.21255 -0.5882 0.1766 0.0083681 -0.55726 0.72375 -0.29919 -0.88501 -0.049169 -0.06449 0.48134 0.18937 -0.029555 -0.54634 -0.27404 -0.007492 -0.44226 -0.077793 -0.29305 0.24467 -0.72809 -0.097448 -0.36383 0.050419 -0.39579 -0.35859 -0.38937 -0.35081 -0.042993 -0.17742 0.3168 -0.1246 -0.67775 -0.35254 0.40221 -0.11117 0.091799 0.15533 -0.48698 0.50656 0.27147 0.28234 0.45976 0.50176 -0.094924 -1.0239 -0.62297 0.037883 -0.11992 0.021995 -0.50244 0.19078 0.44059 -0.20092 -0.57793 0.10751 -0.069601 0.14367 -0.42995 0.34457 0.5638 1.0409 0.55975 0.16191 -0.14826 0.38224 0.42143 -0.31355 -0.29833 0.097762 0.33275 -0.033921 0.019316 0.15682 -0.14582 0.14619 0.35829 0.16435 0.22513 -0.18602 -0.62741 0.36014 0.57987 -0.21666 0.25657 0.17534 
cork 1.1082 0.58852 0.22625 -1.0657 0.0090098 -0.66627 0.53495 0.58349 -0.59299 0.83535 0.24824 0.14175 -2.0253 -0.7584 0.9752 -0.99526 -1.2109 0.71628 -0.20716 1.7352 -1.7982 -1.1083 -0.0082016 -0.20769 0.2289 0.17945 -0.53289 0.1976 -0.94621 -0.66902 -0.57397 0.40325 0.70411 -0.2884 -0.73154 -1.3947 -1.0493 -0.14701 -0.27174 0.099365 -0.26588 0.42924 -1.1915 0.22495 -0.88679 -0.12497 -1.4339 -0.60718 -0.81324 -0.029014 -0.23418 0.77691 -1.2216 0.94107 0.13254 -0.0040959 0.16334 0.87122 -0.41234 -2.2003 0.13222 -0.58122 -0.10787 -0.10124 0.4991 -0.14407 0.56308 -0.026851 -0.95366 0.56191 1.3282 0.25535 -1.0893 0.72608 1.01 2.2669 -0.23811 -0.24256 -0.35058 0.78837 0.43827 0.016564 0.36203 1.1349 0.077053 -0.56147 -0.048071 -0.62512 -0.69526 0.69338 1.0126 -0.19558 -0.13338 -0.86207 0.69785 0.010334 0.55228 -0.59857 -0.20996 -0.81166 
mouse 0.40291 0.70745 -0.019495 -0.91956 -0.077076 0.66565 1.4885 -0.28606 -1.3923 0.10314 0.48946 -1.5496 -0.25457 -0.55151 -0.73496 -1.0834 -0.231 -0.38906 0.044456 1.1164 -1.3068 -2.1363 0.10469 -0.078856 0.12003 -0.074181 -0.11233 -0.2662 0.15612 -0.32831 -0.14228 -0.36142 -0.9465 -0.31636 0.060561 -0.093418 0.010652 0.098897 -0.50293 -0.45451 -0.60135 0.90931 0.30231 0.15847 0.44492 0.79164 0.036179 -0.68914 -0.8234 -0.53616 -0.044637 0.3056 0.55192 0.65181 0.29345 0.015878 1.2341 1.3247 0.16907 -1.4446 -0.49915 -0.91299 -0.77411 0.84544 -0.83933 -0.17622 -0.78824 0.81323 -1.0901 0.56186 -0.3758 -0.5117 -0.66902 0.094089 0.91625 0.34639 0.9951 -0.2128 1.2206 1.457 0.096464 -0.39134 -0.0084074 0.023062 -0.31081 0.14419 0.96274 -0.88774 0.30048 0.8829 0.15514 -0.78489 0.8611 -1.1212 0.21522 -0.57178 0.80509 -0.84872 1.1042 0.011938 
