96 100 
perfume 0.55113 0.40813 -0.048495 -0.35629 -0.21869 0.39624 0.89549 -0.4564 -0.32036 1.2965 -0.23075 -0.66213 -0.47737 -0.53986 -0.77249 -0.83995 0.80539 0.34904 0.4487 -1.1575 0.43209 -1.566 0.33672 0.54544 0.43357 0.66361 0.65952 -1.054 0.42804 0.74505 -0.42693 -0.73895 0.065606 -0.54682 0.91717 -0.62781 -0.65692 0.56267 -0.33073 0.63744 -0.75591 0.61291 -0.82838 -0.52492 -0.25042 0.40819 -1.16 0.38699 -0.61432 -0.10079 0.54576 1.3114 -0.65614 0.21296 0.27442 0.78142 -0.027352 -0.59416 -0.44612 -0.16666 -0.76516 -0.35647 0.72841 0.12053 -0.66852 -0.58404 -0.9884 -0.19644 -0.46639 -0.88812 -1.1194 -0.19438 0.26413 -0.84512 0.89904 -1.1614 -1.1179 0.70989 0.099613 0.38865 0.090405 -0.41392 -0.10371 -0.016063 -0.66459 0.28103 0.89608 1.0767 0.44403 0.84889 -0.66305 -0.59158 1.0321 0.10476 -0.42761 -0.48303 -1.2404 0.49524 0.26216 0.33691 
vanilla -2.1439 0.95426 -0.34082 -0.28415 0.21557 0.61745 0.61308 -1.2425 1.6413 0.67573 1.1271 0.020261 -0.014792 -0.057658 0.75139 0.8971 -0.12991 0.075076 0.61553 1.4681 -0.12856 -2.8601 1.079 0.0067149 0.17519 0.43515 -0.44312 0.32791 0.41754 0.078769 -0.49412 -0.56408 -0.27762 -0.47097 -0.11432 -0.40192 -0.071004 -1.1393 -0.24783 0.090459 -0.91837 -1.012 -1.3179 -0.22471 0.46851 0.17931 -0.30425 -0.96372 0.52798 -0.47388 -1.5938 0.28369 -0.90656 -0.16934 0.47923 0.10237 -0.52665 -0.40695 0.39855 -0.97061 -1.49 -0.014515 0.75868 -0.043926 -0.94835 0.38041 0.7596 -1.1978 -0.26265 -0.96375 -0.13715 0.83605 -0.069103 0.54905 0.58917 1.1012 -0.65919 1.1005 -0.32261 1.4183 -1.605 -0.92349 1.2145 0.28384 0.58673 2.1564 0.81383 1.0392 -0.13633 0.13797 1.2725 0.63623 -0.70671 -0.94585 0.20538 0.96027 1.2714 0.043095 0.44026 0.079214 
citrus 0.59463 -0.032063 -0.63277 -0.49509 0.044291 -0.1498 1.7725 -0.049168 -1.0934 0.54685 1.4153 0.32731 -0.42643 -0.18509 -0.20322 0.40671 -0.86257 -0.2509 -0.20771 0.88718 -0.47527 -2.8039 0.98757 -0.16142 0.12797 0.47011 -0.4289 0.72749 -0.89987 0.49615 -0.28537 -0.24333 -0.3895 -1.4198 0.41788 0.3572 -0.51049 -0.49212 -0.39654 0.94012 -0.59193 -0.62828 0.81708 0.65216 -0.033339 -0.76783 0.11409 0.73629 0.2817 -0.88508 0.31011 -0.33847 -0.2685 1.3905 -0.50852 -1.345 1.4737 -1.3395 0.34645 -0.66094 -1.3453 0.88632 1.1221 -0.086019 -1.2042 1.5055 0.38679 -0.66587 -0.38152 1.7665 0.022529 0.20099 -0.75684 -2.1964 -0.48382 -1.0005 0.54012 0.94219 -2.6731 0.35453 -2.4559 -0.327 1.0498 1.1071 2.3052 1.6586 0.20366 2.2131 -1.2896 -0.30611 1.0797 0.92803 0.90619 -1.5723 -0.80116 0.50209 0.56034 0.020057 -0.38857 -1.1999 
leather -1.2473 0.8668 -0.33018 -1.1368 0.17373 -0.047903 -0.86114 -1.6409 -0.4029 1.0687 1.0211 -0.84571 -1.4641 0.50615 0.39212 -1.1891 0.1969 0.73482 0.082936 0.41226 -0.71046 -2.8645 0.61628 -1.2418 0.31994 -1.7014 1.5386 -0.2353 0.81344 0.1998 -1.3101 0.41882 -0.65817 -1.0298 -0.10609 -0.62861 -0.43786 -0.91687 -0.42803 -0.35616 -1.1244 -0.20001 -0.88044 0.18872 0.45804 -0.43755 -0.6862 1.3814 -0.39028 -0.99815 -1.1756 0.33505 -1.8076 1.3115 -0.035433 0.13891 1.1333 -0.64632 0.46945 0.19606 -2.2125 -0.66037 0.36764 1.096 -0.14559 1.3334 0.25974 0.057136 -1.6667 -0.060428 -0.61481 1.1304 -0.69447 0.31747 -0.57555 0.57835 1.6775 1.576 1.0759 0.25052 -1.4595 -0.2735 0.051814 -1.4949 0.20117 1.9302 0.13792 1.8761 -0.26153 -0.35799 -0.89484 -0.95655 -0.4153 0.45994 -0.077742 1.1232 1.5162 0.64039 0.41861 0.38207 
rose -1.2055 2.4867 -2.0241 0.25483 0.20221 0.17487 0.75188 -0.47718 1.2787 1.7481 2.5749 -0.58706 0.94923 -2.1544 -0.95832 0.13163 1.0729 -0.56599 0.63573 -1.1432 -2.1428 -2.4852 -0.17303 0.34862 1.1318 -0.65417 0.8798 -1.6887 -0.26725 -0.036846 -1.7492 -1.9743 -1.1397 -2.194 1.306 0.35652 -1.1619 3.0034 0.18319 -0.94681 3.3379 -0.064128 -0.88972 0.59858 -0.39216 0.026485 -0.22618 0.31642 0.22774 1.0971 -0.28482 4.7348 -0.86039 1.9363 0.69445 -0.61443 2.248 -0.43715 1.1875 0.22307 -3.5896 -0.38608 1.5857 0.54991 -0.31878 1.8676 0.0863 -1.4884 -0.26647 -0.8099 -1.6828 -0.70028 -0.1236 0.2065 0.76635 -0.95244 -0.24663 1.6556 -0.38688 -0.082606 -2.3773 0.036821 1.1126 -0.7124 1.1916 3.0063 1.7995 0.37378 -0.40304 0.14598 0.45302 0.78769 0.92871 1.1167 0.34023 -1.8082 2.4696 0.67112 0.78854 1.2029 
wine 1.2203 -1.7441 -1.9617 1.1266 -0.63714 0.61145 0.17694 -0.51588 3.1254 0.15516 2.2667 -2.3082 -3.9034 -1.1754 -1.7023 -0.38586 -3.8247 -1.1563 2.3634 3.249 -1.0598 -0.38476 1.6951 -0.93782 -0.1742 0.10585 5.4999 1.5156 -0.28164 0.8336 -0.37615 0.42848 2.3067 -1.8228 1.7586 1.8785 -1.0325 2.3026 -1.9156 0.20106 0.32947 2.6406 0.26925 1.7435 0.082386 -0.75106 1.6822 -2.6139 -0.48069 0.37393 1.7298 -1.6213 -5.1888 0.70581 -2.394 -1.5889 -1.0535 0.16141 0.61429 0.35256 1.0701 0.076306 2.5942 1.0476 2.329 -2.0265 -0.22194 2.5843 -1.4079 -1.6948 -3.4098 0.82051 -2.1701 -1.0689 2.2636 1.8764 0.24583 1.6647 -1.9987 -0.04534 -2.8 -1.5644 -0.14178 2.1136 2.674 0.068971 1.502 0.97963 -2.2495 2.2582 0.73022 -2.6283 -0.18955 -3.2048 0.11084 2.1223 1.8046 -0.26278 1.4478 -2.0817 
tobacco -1.5192 1.5913 -0.71782 -1.3155 -0.031915 0.57721 0.28588 -1.7515 0.56916 0.48561 1.5373 -1.0421 0.045419 -0.30627 1.037 -0.79678 -0.17375 1.1918 -0.32186 1.8497 -0.82501 -2.5613 0.61157 -0.56282 0.070467 -1.6301 0.32479 0.98417 1.0219 0.83098 -1.528 0.50553 -0.60061 -0.8324 -0.087346 -1.2582 -1.0972 -1.13 -0.37521 -0.15845 -0.73235 -0.94836 -0.86307 0.28429 0.57245 -0.89356 0.21646 0.94425 -0.047067 0.28005 -1.593 -0.30448 -1.6751 -0.23485 -0.094441 -0.010557 1.3171 -0.92474 0.47072 -0.13481 -2.3342 0.027692 0.75469 0.1627 -1.1876 0.47711 0.81273 0.30595 -1.1603 0.15647 -1.1306 1.0529 0.49169 0.87509 -0.079565 1.1562 1.0445 0.20012 0.68025 -0.096425 -1.9601 -0.36126 1.1143 -0.52367 0.91558 1.4219 -0.16661 1.0584 -0.66733 0.22108 0.50823 0.23502 -0.9157 -0.22617 -0.086091 1.0845 0.88844 0.418 1.3082 0.054981 
coffee -0.84201 -0.58403 -0.31779 -2.472 1.0008 -0.2557 1.1272 0.5355 1.2628 1.091 -0.61028 -2.1985 0.40182 -1.4692 0.45272 0.21809 0.26976 1.1504 1.132 2.2485 -1.2317 -2.6317 0.54101 -1.3401 -0.16348 0.44735 2.4731 0.20425 0.33808 1.4687 -0.90378 0.61535 -0.92419 0.5465 0.2746 0.21014 -1.1995 -1.8594 -0.75095 0.58726 -0.49026 -1.39 0.36464 -2.2434 1.6129 -0.48803 0.049567 -0.8044 1.1862 1.4324 -0.26282 -0.65641 -0.91342 0.12787 0.44729 0.3649 -0.19476 -0.58823 -1.2669 -1.7463 -0.23784 0.42401 0.90882 0.37937 -1.3131 0.034018 -0.95183 0.55392 1.3769 -2.3555 -3.0418 1.587 -0.36324 0.37014 1.1623 0.63944 -0.33438 0.045333 -0.16327 0.88512 0.34901 0.09599 1.4251 0.26395 -0.70623 3.4344 -0.12061 0.13181 -1.017 0.36154 -0.10025 0.89398 -0.25224 -1.0344 0.95095 0.62764 1.3305 -0.038657 0.70649 0.83023 
berry -0.30239 1.1754 -1.0344 -2.0741 -1.6962 -1.0346 -0.15156 -2.2511 2.6777 1.4256 4.8971 -1.4871 -1.4321 -0.60855 0.79181 1.8902 0.78524 -1.3539 0.85489 4.5824 -1.844 -2.3192 0.067307 -0.43845 -0.66393 -2.0566 2.6046 1.608 -1.4825 -0.47837 -2.3766 1.3856 1.4764 -2.426 -0.23163 -1.1147 0.46178 1.7438 -1.4186 -1.4567 -0.46165 -0.58005 1.5631 2.184 2.412 0.14429 1.1949 0.39273 2.0589 -0.48281 -0.12391 -0.90321 -0.8689 2.6244 0.32979 -0.35363 -1.0245 1.3969 1.0835 -0.3359 -0.48043 -1.0173 3.073 0.73389 -0.88151 0.37327 -1.5434 1.3953 0.024473 0.082747 -3.085 0.40285 -0.26209 0.89257 -1.597 2.1685 1.3244 1.1146 -1.9979 0.62522 -3.3504 -0.70597 0.36538 0.91852 2.5767 1.0036 2.7783 1.6496 -2.5177 0.90289 0.54422 -0.12972 0.79914 -1.8548 0.31909 2.4487 1.8376 -0.35056 -0.30482 -0.71237 
cherry -1.6499 1.3824 -1.3272 -1.6426 -1.1363 0.26482 -0.47866 -1.299 2.5574 0.96778 3.9682 -1.6752 -1.2427 -0.71895 0.19346 0.78528 -0.8469 -0.82329 1.0191 4.9684 -1.3319 -1.1621 0.071638 -0.74095 -1.4029 -1.7859 2.1659 2.1405 -1.4316 -0.65766 -0.97186 0.21542 1.4736 -1.9933 0.41083 -1.4324 -0.79175 1.1503 -1.5335 -2.0667 -0.45744 -0.80941 0.52762 0.48215 2.5161 0.16222 -0.00017934 -0.73272 1.0371 -0.54645 0.6962 -0.33479 -0.22048 1.2575 -0.28681 -1.0859 -0.79335 0.9335 1.8659 0.52455 -1.1898 0.77185 2.9264 0.7184 -1.0101 -0.69651 -1.0519 0.96664 0.23891 -0.91934 -3.097 -1.3255 -0.55161 0.28296 -0.18394 1.8999 1.5925 -0.076761 -0.2207 0.56842 -2.6864 -0.84193 0.46313 0.86134 2.7438 0.48716 2.8481 1.2922 -1.9316 0.84097 0.94253 0.15812 0.070412 -1.4207 -0.33681 1.8737 1.5886 0.34547 1.5489 -0.94594 
incense -0.80436 1.6781 -2.1699 0.37077 -1.2996 0.27284 0.028032 -1.6798 -0.23292 1.9078 1.1792 0.35792 -0.77093 -0.13156 0.22014 1.4176 -0.90974 0.88322 1.0638 0.43501 -2.2594 -1.8274 0.042441 0.13313 -0.045864 -0.2669 -0.51529 -1.1253 0.78413 0.25461 -1.0592 -1.1233 -1.6308 -0.24418 -0.22914 -0.22048 -0.84475 0.34752 -1.1957 -0.13524 -0.14247 -0.88689 -1.1349 -1.6841 -0.024568 0.15095 -0.074761 1.5501 -1.046 -0.12847 -1.3575 0.072375 -2.7094 0.55419 0.61411 -0.13772 0.8125 -0.92466 -0.57195 -0.53034 -1.9322 0.5459 0.46969 0.43521 0.19256 1.5668 1.2301 0.83428 -1.4732 1.1086 -0.4233 1.3397 -0.44456 1.0064 1.7091 0.089467 0.13306 1.8905 -0.83104 0.65532 0.21057 -0.18307 0.6801 -0.38583 0.181 2.5423 0.19644 0.8502 -0.5542 0.491 -0.64316 1.388 0.50126 -0.32769 -1.2313 -0.33291 0.55313 -0.54259 0.9543 0.92465 
tea 0.020869 -1.5673 -1.9254 -1.5781 -0.91998 1.0731 0.96362 2.1015 0.10198 2.2064 2.1527 -3.8841 2.0087 -3.5545 -2.5432 0.67657 0.89824 -0.051508 -0.15567 -0.15103 -1.3351 -3.0181 1.1121 -0.52533 0.49594 1.5927 1.5578 -1.7848 0.51032 3.8762 1.2201 2.3044 -2.2089 2.8797 0.99069 2.3745 -2.848 -1.9208 -0.62859 -0.94115 2.8104 -2.2236 0.56681 -4.2441 2.3398 -1.7638 3.4179 0.12599 0.25279 0.32954 0.83899 0.49193 1.6266 3.728 0.29241 -3.1147 0.0236 -1.8249 -0.98039 -1.9662 -1.2074 0.71923 -1.641 -2.4135 -1.3901 2.3358 -1.975 -1.9508 4.1761 -2.5003 -4.765 0.67726 -1.9129 -0.57265 4.2591 -2.1038 2.4077 -0.43553 0.10435 1.3148 -0.51769 0.80199 4.1012 -0.76025 0.19486 3.4028 -0.34634 0.38153 -2.7137 2.2837 -2.1326 2.2831 1.9616 -2.1167 -0.096464 -0.68051 2.8938 1.699 4.218 0.64226 
lemon 0.72198 -0.25625 -1.7563 -0.56005 0.84588 -0.76827 2.0179 0.0010127 -0.40715 0.014316 0.94428 0.47416 0.11989 -1.5391 -1.4052 0.098885 -0.52551 0.45549 -0.36116 0.93839 -0.70038 -1.8713 1.1927 0.11717 -0.10432 0.54143 -0.99833 0.55004 -2.101 0.42222 -0.28478 -0.15186 0.4862 -0.88265 -0.1498 0.38454 -0.67131 -0.62977 0.21147 -0.29451 -0.090589 -2.2287 -0.72349 -0.97833 0.40852 -1.4625 -0.92226 -0.71687 -0.45256 -2.0812 0.0057643 -0.31679 1.1374 0.26363 -0.91564 -2.2325 2.2244 -0.86565 1.1676 -1.2521 -2.8217 -0.57579 0.72484 -0.49745 -1.5226 2.6165 -0.28554 -0.0084769 0.26675 1.0121 0.47735 -0.36375 -1.5539 -1.8973 -0.056154 -0.85061 0.33608 -0.27261 -2.6322 0.94081 -2.6452 -0.061744 0.71167 2.4013 3.6889 1.9088 0.49681 1.7938 -1.0137 -2.1262 1.0602 0.072928 1.0946 -1.5503 0.54097 2.5913 1.1857 -0.12385 0.84222 -2.2834 
cologne 0.75443 -0.36129 -0.49981 -1.1299 2.3021 0.36302 0.91153 -1.1362 -1.8862 0.96215 -0.5514 0.036039 -1.5085 -0.30472 -0.86439 -0.57069 0.17547 0.27725 -0.11561 -0.66593 0.21627 -0.9356 0.5941 0.29635 1.1969 -0.017449 0.50321 -0.03645 0.054549 1.0866 0.19386 -1.8233 -0.7841 -0.39564 0.40261 -0.66454 -0.43657 -0.11748 -0.23697 1.2982 -1.5385 0.091752 0.47242 -0.83006 -0.57179 0.21318 -1.3847 1.0303 -1.1704 -0.83379 1.0226 0.77616 -0.44453 0.46973 -0.69426 -1.0654 0.15982 -0.6918 -0.8333 -0.0098266 -1.2072 1.0757 0.44593 0.26614 -0.63135 -0.047541 -0.85841 0.75925 -0.026337 -0.92314 -0.11057 -0.058253 -0.82792 -1.7094 -1.9466 -0.87498 -0.60878 -0.25928 -1.6728 0.70756 -0.088482 -0.02649 -0.13006 0.25156 0.98122 0.25203 0.33047 2.2523 0.6585 0.60824 -0.067745 -1.1824 1.5968 -0.45003 0.15391 -0.004499 -1.4421 0.20764 0.2325 0.36238 
lavender 0.59644 0.72557 -0.59354 -1.6956 0.81737 0.64916 0.87952 -0.091286 0.38756 1.1514 0.48697 0.09391 -0.33569 -1.1875 -0.60469 -0.22852 -1.0274 0.17377 -0.32929 0.47798 -1.0207 -2.4587 0.89342 0.77662 0.40575 -0.24085 -0.93965 0.34751 -0.91419 0.68287 -0.78876 -1.0827 -0.90414 -0.24193 0.2535 0.65084 -0.069036 0.11047 0.14297 1.1511 -0.81405 -0.5558 -1.1304 0.086086 1.0845 -0.42731 -0.50171 0.38906 0.26364 -1.3771 -0.32145 1.3546 -0.65983 1.1716 -0.010313 -0.095953 1.0458 -0.044061 -0.011113 -0.72814 -2.215 0.0038252 0.23516 -0.75467 -0.70554 1.9505 0.010631 -0.40492 -0.38967 1.153 0.21408 1.0559 -1.3945 -1.0774 -1.1982 -0.41316 0.68226 0.48392 -0.71996 0.68712 -1.5942 -0.11729 0.5586 0.054162 0.82428 1.3185 0.56702 2.1071 -1.5227 -0.34535 1.2316 0.033607 0.31379 -1.0955 0.10144 -1.0179 1.0303 0.16086 0.67446 0.46143 
orange -0.44481 1.4143 -0.94664 -0.34164 0.92186 0.13624 2.6662 -1.0787 -0.03095 0.07486 1.6298 -0.26061 0.3362 -0.9325 -0.60625 -0.7183 -0.64743 0.27159 0.95951 -0.51433 0.17993 -1.7207 1.5884 1.3973 -0.32587 1.0356 -0.99453 0.5464 -0.78692 0.080396 0.28482 -0.0082346 -1.698 -0.78319 2.2052 0.16025 -0.79316 0.014133 0.25458 0.011519 -0.15883 -1.6582 -0.67819 -0.63552 0.29308 -0.47458 0.11269 -0.60268 0.10155 -0.86428 1.3638 0.21727 0.30052 1.2568 -0.50323 -1.2926 1.5443 0.062331 0.91067 -1.6307 -1.9692 -0.051302 1.3464 -0.080121 -1.1664 1.1766 0.65541 -0.048398 1.2207 1.9492 0.22614 0.2151 -0.72484 -0.7183 0.36447 -0.96179 -0.33982 -0.10602 -2.3245 -0.50513 -1.9505 0.16551 1.22 0.38321 2.5872 3.8109 1.126 0.38282 -0.86271 0.20316 -1.0555 0.96117 1.021 -0.6721 -0.0037113 1.9869 0.66806 -0.70804 0.30738 -1.2431 
cedar -0.59351 2.0189 -1.7095 -1.3491 -1.3839 0.60931 0.65789 -1.6801 0.97778 1.2721 1.5514 -0.024692 -0.80409 -0.42271 -0.31049 1.7136 -1.1027 -0.88085 -0.32349 1.8246 -3.1514 -2.5129 2.0134 -0.98497 -0.15432 -0.70808 -1.3504 0.79325 -0.83556 -0.14324 -0.16766 -0.60015 -1.1431 -1.9372 -0.80491 -0.86589 -0.42782 -0.041713 0.084888 -0.068492 -1.453 -1.3273 -0.58802 -0.34067 2.0463 -0.25374 -0.5613 0.61533 -0.873 -2.6936 -1.3321 0.017141 -0.3655 2.1722 0.91951 0.28457 1.4951 -1.3781 -0.58228 -0.43374 -2.0221 0.81449 -0.2904 0.33715 -0.60799 1.0174 1.0175 0.15973 -2.3301 -0.38842 0.67243 2.9837 -1.4337 1.4128 -0.62452 2.4768 -0.23495 1.5788 -1.6868 1.4558 -0.93943 -0.043657 0.17322 -0.13783 2.0326 1.8557 -0.13851 1.0988 -0.9625 -0.29527 -0.13514 1.1708 -0.22002 0.25192 -1.0995 0.16136 2.8786 -0.3469 1.6374 0.93732 
apple 1.636 0.69388 -2.0841 0.28376 2.146 -0.93328 1.3543 -0.6158 -0.44329 -0.33474 2.8826 -0.7999 -0.6309 -1.4503 -0.85004 0.47219 -1.2342 0.22104 -1.8923 2.9075 0.35264 -2.9668 0.54566 -1.971 -1.9681 0.48136 -0.18773 0.017194 -0.61639 -1.7405 1.1898 1.9868 1.235 -1.4424 -1.9026 0.61223 0.67045 -0.049835 -0.3386 0.01895 -0.65799 -1.5086 -0.67367 1.2661 0.81032 -0.17871 0.63239 -2.1304 -0.2922 -0.29991 -0.65329 -1.6903 -0.65502 1.1259 -0.77266 -1.5224 -0.29326 -1.2775 1.8035 -0.44916 -1.0702 -0.72979 1.2551 -0.065602 -1.5997 0.040716 2.3953 -0.36913 0.00047801 0.47847 -0.87418 -0.72191 -0.99259 -1.4499 -0.42774 0.062229 0.16664 0.49828 -2.4993 0.0042651 -3.0316 -1.4541 1.1352 2.7892 3.3868 3.1605 0.55932 0.23781 -0.18072 0.48809 2.2551 -1.0721 1.7654 -1.5465 1.0743 2.9843 0.14309 0.043257 -1.5263 -1.7906 
peach 0.11943 0.84366 -1.8707 1.3637 -0.72715 -1.0052 1.5603 0.090073 -0.057843 -0.25617 2.0531 -1.1064 -1.6843 -0.85045 -2.3844 -1.0729 -0.045637 -0.53765 -0.079811 1.7156 0.42905 -2.6402 0.84647 -1.3911 -2.0225 1.9137 -0.79412 1.3039 0.12039 -0.23764 1.2776 0.77453 1.2125 -0.57621 -0.5363 -0.86613 -0.065026 0.43496 -0.20346 -0.15388 0.93326 -0.58678 -0.42426 1.85 1.5879 1.2088 1.1281 -1.4687 0.81452 -0.68161 0.4339 0.49554 0.13264 0.97192 -0.13093 -2.0617 -0.28168 -0.24915 2.6419 0.20161 -1.8416 0.25052 1.717 1.065 0.64119 -0.69477 1.6691 -2.9089 0.67261 2.1453 -1.218 -1.0682 -0.65248 -0.68811 0.85903 0.44831 -1.9635 -0.29956 -0.83375 0.3781 -4.6703 -1.1695 0.47714 3.5751 2.8093 2.9841 1.2339 0.64782 -1.0116 0.063102 0.41323 -0.29289 0.98421 -0.9235 0.56642 3.7973 2.1389 -0.0061193 -1.5476 -1.0859 
honey -1.1324 0.63388 -1.3333 1.0427 0.39062 0.8163 0.96506 -0.901 1.3895 1.026 1.5852 -0.76112 -0.26263 -0.74845 -1.829 -0.52764 -0.47122 0.64557 -0.086854 1.5453 -1.1232 -2.621 0.25119 0.5652 -1.336 0.77554 -0.39271 0.34075 0.71799 0.0042842 -0.064048 -0.76932 -0.048932 0.49576 0.059952 -0.36019 -0.070826 -1.3433 0.38495 -1.1911 0.66592 -1.2448 -1.0935 1.0656 0.87321 0.6407 1.1444 -0.84649 0.42799 0.73801 -1.2088 0.88564 -2.3195 -0.27945 0.42432 -0.17116 0.023028 0.93146 0.64837 0.20102 -3.6016 0.80789 0.077761 1.2608 -0.84669 0.42388 1.9395 -1.2358 1.0471 0.40966 0.043067 0.077722 0.92933 0.46407 2.2216 0.53427 0.062222 1.0393 -0.25573 -0.13836 -4.0678 -1.0531 1.0545 3.1948 1.343 3.778 0.82571 0.44855 -1.9379 0.22221 0.44256 -0.23415 0.85154 -1.8265 0.488 3.0998 0.86892 0.64614 0.30385 -0.051127 
violet -0.78833 1.1249 -0.029863 -1.7565 -0.68745 1.3199 0.39856 0.061538 2.2971 0.61643 1.8386 -1.2614 0.38129 -1.0207 -0.19164 -0.39506 0.54303 0.12129 0.96136 0.26699 -1.9271 -1.5176 1.0232 0.72016 -0.17229 -1.0651 -0.13892 -0.1533 -0.22543 -0.10876 -0.12633 -0.06218 0.70602 -1.6706 0.72998 0.82155 -0.30139 1.4876 -0.41191 -0.18069 -0.14612 -1.2757 -0.94547 0.5842 0.86861 -1.1543 0.65799 0.25144 -0.82168 -0.22179 0.3103 2.4022 -0.82799 2.3736 1.0897 -0.5979 1.3931 0.10892 1.1932 -0.41492 -1.6261 -1.4414 0.84911 -1.0717 0.54356 0.47144 1.166 -0.83251 -0.84182 1.1101 -0.66457 0.12961 -0.63951 -0.30834 -1.0545 0.79635 -0.27278 0.40715 -0.26436 0.56653 -2.2154 0.80812 0.37711 -1.099 0.99189 1.2283 1.886 1.8703 -0.55305 0.12733 0.16113 -0.0026485 -1.2509 0.023295 -1.2619 -0.51413 2.6732 0.047817 -0.20501 1.0972 
cinnamon -1.0467 2.0523 -1.788 -0.79425 0.049092 0.39114 -0.084806 -0.4616 1.44 1.0097 1.2372 -0.8394 -0.016719 -0.51386 0.46604 1.5575 -1.2168 0.091259 0.1355 1.6559 -0.42441 -1.9724 1.7743 0.5036 -0.18922 0.23602 -0.15784 0.23455 -0.86882 -0.88393 0.77231 0.56087 -1.4593 -0.85282 0.41169 -0.22026 -0.79519 -0.88515 0.17764 -0.13615 -0.72703 -0.69745 -1.3216 -0.80557 0.78393 -1.2029 -0.0077494 0.046552 0.45164 -1.2546 -0.73989 0.55014 -0.54669 -0.44687 0.3523 0.81846 0.44126 0.43302 0.16255 0.043376 -1.2124 -1.0694 0.33015 0.35307 -0.39794 1.8265 0.41282 -0.22056 -0.73117 -0.39502 -1.0792 1.0574 -0.40158 0.73793 0.79806 0.78807 -0.35388 0.40649 -1.1535 0.4881 -1.7282 -0.08634 0.99783 1.2344 1.1983 2.7144 1.1425 -0.079811 -0.56181 0.2366 0.91777 1.012 -0.50696 -0.93629 -0.24298 0.93103 1.3519 -0.20392 0.61375 0.51482 
smoke -0.96101 2.2127 -1.0062 -0.49859 -0.57261 -1.0407 0.30087 -2.7162 0.5009 0.38784 0.56718 -0.96789 -2.0132 0.2336 -0.47107 1.1184 -0.34937 1.9615 -0.18816 3.5706 -1.8692 -1.7618 -0.36381 -0.55311 -0.98843 -0.69953 0.22709 -0.72576 2.2794 -0.067715 -1.2589 1.7636 -0.30995 -0.14474 -1.5497 -1.6738 -1.6795 -1.6302 -1.6362 -1.2578 -1.0563 -2.2477 0.12398 0.2206 1.0498 -1.0382 1.2213 0.96231 -1.0043 0.4532 -0.90494 -1.6038 -2.1933 -0.48991 -0.56196 0.0088838 0.97544 0.17258 0.96597 -0.60582 0.39669 0.41434 -0.5751 2.6999 2.7501 0.79453 0.3767 1.4286 -1.1532 0.56443 0.10093 1.5267 -0.43489 2.203 2.1963 2.2555 0.66732 0.96758 0.90396 0.34927 -0.48417 0.6325 1.0188 -0.56674 2.0343 2.5682 0.6552 -0.11419 -2.1376 0.92678 -0.0070526 0.11891 -0.036869 -0.024947 0.45037 0.67432 2.0372 -0.10637 1.3676 0.085473 
chocolate -0.93089 0.82879 0.59866 -1.009 0.054052 0.84937 0.05605 -0.23945 2.0872 0.74085 0.94285 -1.3593 -0.30818 -0.79471 1.1522 0.15577 0.16195 -0.028917 0.93313 2.2525 -0.13755 -2.4488 0.38967 0.55826 -0.26432 0.39604 1.7178 0.10362 -0.68342 0.71306 -0.39653 0.22739 -0.31803 -0.49141 0.80533 -0.60713 -1.3859 -1.2688 -0.39862 -0.38317 -0.47648 -1.0867 -0.014685 -0.19914 0.75569 0.033383 -0.46542 -0.65022 1.0912 0.47053 -0.56506 -0.83614 -0.64628 -0.56046 0.88016 0.25933 -0.30773 0.086034 0.66647 -0.5425 -0.71833 0.194 0.8335 -0.48628 -1.6519 -0.27514 -0.45864 0.42509 -1.0272 -1.2615 -1.2944 0.54358 0.087185 1.3409 0.37854 0.30358 -0.42977 -0.13438 -0.025864 1.3936 -0.93881 -0.18889 0.29181 0.21995 1.1332 2.4497 1.843 0.63282 -0.53927 0.45468 -0.074104 0.30596 -0.063319 -0.51943 0.37676 0.98881 1.7266 0.020529 0.93508 0.65686 
blackberry -1.5065 0.88476 -0.98275 -0.88555 -1.5479 -0.45933 -0.43503 -1.2804 2.2994 1.5511 1.7828 -1.6074 -1.0186 -1.0794 0.19043 0.70504 -0.25755 -0.69595 1.1868 3.7459 -1.0717 -1.8163 0.12956 -0.81108 -0.86457 -1.524 1.8872 2.0947 -0.22969 0.026579 -0.71196 0.6647 0.87849 -2.0006 0.64659 -0.52131 -0.65566 1.18 -1.1446 -0.87985 -1.0892 -0.50732 0.88589 1.4178 2.0332 0.07367 0.91894 0.37967 1.2487 -0.36828 0.10606 -1.0476 -0.47617 1.1565 0.028351 -0.89619 -0.48973 1.8263 1.6534 0.64146 0.16584 -0.22746 1.5855 1.1359 -0.39925 0.061937 -0.96053 1.4806 -0.35913 0.20589 -2.7227 1.5797 -0.42064 0.80699 0.197 3.2168 0.65442 -0.40797 -0.20958 0.33671 -2.6949 -1.1764 -0.38872 0.47373 1.6362 0.31225 2.0375 0.78431 -1.7324 -0.15348 0.009459 0.27423 0.040281 -0.86533 0.31575 1.9714 2.1425 -0.84025 0.24001 -0.53967 
mint 0.29691 -0.14959 -0.41855 -2.6089 0.36975 2.4513 0.94634 -0.68632 0.49276 1.5857 1.0813 0.52641 -0.89612 -3.2475 0.24468 1.41 -1.033 0.59903 -0.89884 3.269 -2.2862 -3.0253 3.6175 0.94542 -0.72799 -0.76761 0.7743 1.025 -2.2029 0.62132 -0.17785 -0.84761 0.47703 0.11554 -0.85295 0.53914 -0.57656 -0.59056 -1.5706 -0.35652 -1.5921 -3.1251 0.90106 0.66423 1.2899 -2.4885 0.36023 0.21717 -0.11051 -0.77557 1.2796 1.0983 1.4592 1.1551 0.33345 -1.602 1.1038 -1.5219 1.1304 -2.1572 -2.026 -1.9285 0.23505 -3.0095 -0.78958 2.2128 -1.3315 0.50628 -0.14948 0.077924 0.29277 1.1017 -2.0383 -1.4157 -2.7084 0.4043 1.2628 1.0081 -1.5933 0.75523 -2.6866 1.0035 0.23818 0.56308 1.6472 1.6799 0.61052 1.9541 -2.8192 0.42892 0.29846 -0.061019 1.2166 -1.381 -2.0941 -0.45913 2.3902 -0.50598 2.4178 0.95907 
raspberry -0.85002 1.2341 -1.1415 -0.68807 -0.94198 -0.90741 0.33854 0.036403 1.231 0.32677 2.8047 -0.86844 -0.59001 -0.71056 0.44148 0.64178 0.69721 -1.1561 -0.2338 3.4076 -0.53565 -1.3514 0.27943 -0.399 -0.8026 -0.53774 1.6779 1.3589 -0.91274 -1.0769 -0.41736 -0.098271 1.2638 -1.4127 -0.0045679 -0.82524 -0.20484 1.0098 -0.96426 -1.1083 -0.50841 -0.54019 0.62669 0.34424 1.4175 -1.0828 0.63858 -0.49935 1.3124 -0.46442 0.12316 0.18334 0.031456 1.9437 0.057072 -0.53687 -0.75344 0.023319 1.6235 0.10878 -1.2839 -0.065209 2.1561 -0.12235 -0.10455 -0.012197 -0.67195 0.14075 0.01593 -0.3062 -1.7123 -0.67353 -0.12347 -0.094478 0.044567 0.79105 0.32482 0.78748 -0.97739 0.35029 -1.8264 -0.43788 0.2407 0.54935 2.2567 0.74612 1.9844 0.76628 -1.6331 0.48292 1.0092 -0.059215 0.053633 -0.49678 0.11757 1.2167 1.7385 -0.24143 0.41572 -0.40382 
oak 1.3375 -1.9848 -1.9856 0.78067 -1.1362 0.68312 -2.3191 -3.0325 6.0166 1.1871 2.7147 -1.4441 -4.8086 0.63795 -1.5316 -0.3899 -4.216 0.47892 6.2728 5.7909 0.70234 -4.8087 1.6656 -5.3582 2.2408 -4.8222 2.1764 -1.2326 -2.2274 0.88965 0.83901 5.3376 2.1022 -2.7339 -1.8864 2.0072 3.8068 1.7578 -1.4917 -0.46081 -3.3162 -0.63932 0.39802 5.0628 1.0238 1.1799 1.3867 -3.3207 -0.063876 -2.0172 -3.8735 -2.1588 -5.4811 -1.0751 -0.23467 -1.5772 0.3346 -1.8953 1.8521 -2.9575 1.3221 -3.2907 -0.20079 1.7944 3.0969 -0.21535 2.009 4.0662 -3.3948 -3.7826 -3.9024 8.0076 -2.2887 4.8654 -1.846 3.8157 0.066059 4.149 -2.3076 3.5829 -1.9435 -0.25047 -0.0045397 2.4397 0.95828 2.8091 1.7084 1.8304 -1.9028 -0.34327 1.7224 -2.4502 -1.2074 -3.0879 0.61302 3.2186 3.314 -1.7738 0.48738 -2.7368 
coconut -0.72387 -0.35175 1.5145 -0.35718 0.58721 0.13739 0.9936 -0.58649 0.38778 -0.048113 -0.085459 0.2226 -0.80049 -0.053567 0.67919 -0.10603 -0.069434 0.40871 0.089296 2.2394 -0.44338 -3.4631 2.9546 -1.2642 0.61433 0.38981 0.18171 0.10784 -0.12032 0.56306 -1.7257 -0.090367 0.53498 -0.084957 -0.41773 0.31023 -0.052931 -0.62898 0.60641 1.3815 -1.1356 -1.732 0.50642 0.18126 1.1627 0.1368 -0.89633 -1.6894 -0.10308 0.71426 -1.7445 -0.40612 0.64574 -0.076277 0.44712 -1.0135 -0.92177 -0.93503 1.5055 -0.47377 -1.6704 -2.0434 0.20306 -1.1395 -0.92736 -1.0781 -0.34401 -0.89455 0.2246 -1.164 0.051913 0.41664 -0.2398 0.017532 1.0277 -0.20492 -0.5273 -0.48532 -0.19317 0.033086 -1.7871 0.17643 0.19922 1.6869 -0.04528 3.3321 0.88209 -0.063974 0.27213 0.29206 0.47073 1.4742 0.46393 -0.90046 0.16846 1.7709 1.2933 -0.57151 0.24452 0.37296 
grapefruit 0.50499 0.89901 -1.0202 -0.16229 -0.075452 -0.14926 1.6441 0.15792 -0.14125 0.022726 1.0627 -0.49867 -0.30784 -0.2009 -0.47709 -0.11845 -0.11654 -1.1295 -0.016511 0.86396 -0.4956 -2.0518 1.1349 0.41589 -0.79081 0.029378 -0.51163 1.9977 -1.4758 0.12926 0.31232 0.44276 -0.52249 -0.82001 0.065164 0.36307 -0.75732 -0.61068 -0.13333 -0.6661 -0.011909 -1.0144 1.1998 -0.033522 -0.42754 -0.58238 0.48483 -0.0081781 0.3111 -0.47533 0.93912 0.034959 0.50737 1.8946 -0.4965 -0.93791 1.5409 -0.85897 0.60438 -0.45305 -1.2986 0.22426 0.73417 -0.073158 0.28176 0.43795 -0.061216 -0.019775 0.91934 1.0258 -0.35113 0.073815 -0.95917 -1.9253 0.64988 0.0094741 -0.31628 -0.040619 -1.7013 0.30145 -1.8322 0.13226 0.59873 1.6546 2.2844 1.6761 1.0118 1.0243 -0.64588 0.13338 0.88741 0.853 0.78794 -0.33818 -0.0015368 1.8169 0.77337 -0.4313 -0.64361 -1.181 
clove -1.934 3.1073 -2.4144 -0.98613 0.32 1.0362 0.46673 -1.3099 1.75 2.1684 1.447 -0.74228 -0.56441 -1.8598 0.33015 1.184 -2.1062 0.50482 0.19016 1.6811 -1.194 -2.2826 1.947 0.79362 -0.42117 -0.60643 -1.0418 0.09277 -1.2159 -0.99231 0.76315 1.0514 -2.1544 -1.6007 0.36188 -0.23836 -0.35446 -0.92497 -0.37114 0.44026 -1.7486 -0.6684 -1.416 -0.48542 0.90701 -1.3798 -0.094869 1.096 -0.78611 -1.1612 -0.68232 1.455 -0.62596 0.067823 0.43844 0.95764 1.5804 0.49368 -0.22361 0.58763 -1.2432 -1.8855 -0.43133 -0.0082115 -0.38532 2.9579 0.094652 -0.71714 -1.1756 1.5416 -1.6334 0.87552 -0.13958 1.5391 0.14947 1.928 1.0794 -0.10406 -0.602 -0.040336 -1.2797 -0.14277 0.20593 0.98175 2.5428 2.9919 1.2979 0.46655 -1.6478 0.50188 1.074 0.14479 0.36382 0.070965 -0.42744 0.083588 2.4111 -0.36012 0.62938 0.67117 
pear 1.1526 0.45934 -1.7801 1.5769 -0.59294 -1.1957 1.7439 -0.10632 0.68339 -0.21822 2.8559 -0.02943 -0.8736 -1.5186 -2.194 0.2931 -0.19455 0.57133 0.011299 2.6406 -0.22948 -3.4399 0.85734 -1.0256 -2.5121 1.8787 -0.078088 1.7298 -0.81654 -1.3416 0.73489 2.6634 1.7486 -1.6989 -0.79367 0.17454 0.1102 0.99474 -1.1511 0.12106 0.21661 0.26144 -1.1295 1.1002 1.5122 2.0251 1.6388 -2.6308 -0.16122 -1.1169 -0.48267 -0.78867 0.62959 0.66426 -1.9118 -1.8493 0.76592 -1.8663 2.257 0.027768 -2.2912 -0.13562 0.55539 1.7068 0.92489 -1.1845 2.0879 -2.4575 0.030704 2.5923 -1.7916 0.28907 -1.1183 -1.9897 1.47 0.46591 -1.799 -0.75693 -1.4635 0.87828 -4.7128 -1.8484 0.64533 4.3092 3.2308 3.091 0.88469 0.2282 -1.7599 0.4062 1.2611 -0.80747 1.9125 -1.4142 1.8997 4.2738 2.5876 0.46252 -1.3273 -1.0025 
soap -0.11705 -0.87857 -2.949 -3.3351 1.8533 0.46699 0.89807 -0.20868 -0.93904 0.80785 0.1146 -0.081879 -1.9114 -1.1708 -1.1625 -2.3322 1.5079 0.64384 -1.6298 -2.0927 -1.0032 0.51643 0.51175 0.57018 0.40338 0.058807 0.074446 -2.5518 -1.2473 1.1749 -2.6315 -1.463 1.2474 -0.47922 0.88732 -1.0123 -2.2101 -1.5928 1.2142 0.17616 -2.8314 -2.1702 0.30129 -0.39596 1.4605 0.3626 -0.97092 -0.74299 -2.0821 -3.637 0.47378 2.0171 -1.7816 0.56544 1.4629 -1.2989 -1.0315 2.0123 0.20539 -0.046138 -3.9037 1.0257 -0.63834 2.7289 -0.15301 1.0447 0.77618 -4.4109 -0.089717 -0.32594 2.9008 -3.1922 -0.82741 -3.2146 -2.1369 -1.2724 -1.148 -1.3414 0.21073 2.0564 -2.3972 -0.95777 0.58663 1.5932 -0.42141 2.2922 1.26 0.6365 -0.57251 -0.94855 -1.1039 0.33732 1.616 -0.86199 0.65884 -2.8302 3.6556 0.83762 0.81403 -0.51042 
almond -0.33781 1.252 -0.51294 -0.043681 0.71235 1.3009 0.10365 -0.99171 1.5727 0.34072 1.2898 -0.66818 -1.9119 -0.36225 0.12528 -0.073187 0.17306 1.9269 1.5043 1.7356 -0.56449 -2.3984 0.7201 0.042284 -1.8201 0.41725 -0.25648 1.5683 0.22516 -1.0332 -0.60135 -1.0799 1.0727 -0.036615 0.82038 -0.91025 -0.78341 -0.64445 0.35952 0.27314 0.18513 -1.5175 -2.6165 -0.13922 1.7042 1.0652 -0.037698 -1.8335 0.79525 0.25344 0.46547 1.3465 -0.21582 -0.059495 1.029 -1.7489 0.40634 0.9108 1.2658 -1.2431 -2.4456 -0.23481 0.58342 -0.9389 -0.84875 -1.1952 1.6985 -1.1795 0.2113 0.74827 -1.1386 -0.037944 -1.0191 1.0571 1.1187 0.88326 -0.92915 -0.83554 0.95914 -0.23111 -3.7578 -0.56184 1.883 2.046 0.872 2.7272 2.4535 0.87334 -0.43196 0.89785 0.32058 1.5996 -0.85486 -1.3986 0.081565 1.8034 2.0062 0.52065 -0.010929 -0.49758 
licorice -1.6584 0.5216 -0.71426 -2.0954 -1.1457 1.5385 -0.93605 -0.72924 0.79115 1.2049 1.1068 -1.3359 -0.75937 -1.033 0.11222 0.61454 0.10884 1.5241 0.2591 2.8908 -1.5424 -1.7463 1.4714 1.169 -1.1073 -1.3582 1.0054 1.5138 -0.89914 -0.27068 -0.26614 0.65164 -0.11078 0.078659 0.20675 0.01867 -0.27898 -0.56057 -0.69267 -0.58716 0.059457 -1.1314 -0.032413 -0.27363 0.57362 0.013608 0.60952 0.16571 0.6584 -0.08982 0.40723 0.66844 -0.70731 0.57936 -0.52041 -1.0052 0.55308 -0.109 1.0332 -0.80608 -0.59737 -1.1936 -0.75629 -0.06613 -0.87209 -0.32524 0.90632 1.3091 -0.47586 0.76164 -1.6106 1.2841 -0.75895 1.1923 0.14833 1.4593 0.57638 -0.35637 -0.32577 0.26061 -1.2676 0.20019 1.1951 -0.47461 0.78983 2.1602 2.0306 1.6338 0.14146 0.44992 0.26617 1.0566 -0.66283 -1.1644 -0.38341 0.62086 1.4791 -0.74521 0.57297 1.3039 
pineapple 0.067427 0.4086 -0.91637 1.1897 0.74933 -0.46774 1.649 -0.38678 -0.33633 0.18314 1.4273 -0.49286 -0.32519 -1.0508 -0.97628 -0.26938 0.022398 -0.083727 -1.5353 1.9574 -0.10325 -2.5221 0.83569 -1.3956 -0.74696 0.61339 -0.73192 0.97834 -0.42397 -0.015749 0.22734 0.97494 0.71196 -0.43426 -1.1551 0.041288 -0.66983 -0.45755 -0.65537 -0.36382 -1.1897 -0.66989 0.2227 0.37543 -0.022063 -0.35467 0.25437 -0.22332 0.71985 -0.28417 -0.59471 -1.013 -1.0993 0.67159 -0.78477 -0.7848 0.70901 -0.70313 0.48797 0.050839 -1.5165 -0.66887 0.56322 -0.36764 -0.19013 -0.072641 1.2395 -0.078058 0.30753 0.89412 -0.1779 -0.42079 -0.10664 -0.92687 0.58392 0.31722 0.18252 -0.19513 -1.6115 -0.37787 -2.1866 -1.0611 0.35582 1.4975 2.5295 2.0241 0.40271 0.71927 -0.54373 -0.26744 1.3532 -0.086587 1.0403 -0.70578 -0.013376 2.2743 -0.00043891 -0.8625 -0.60209 -0.80637 
pine 1.6626 0.0059005 -1.316 -2.2692 -0.48259 -0.055746 1.7768 -1.7126 -0.68196 1.1047 1.9794 -0.14478 -1.3274 -2.7308 -0.28849 -0.34428 -1.9059 -0.08511 -1.0405 1.6333 -2.1688 -2.0854 1.5676 -0.43114 1.1154 -0.38249 -2.3787 0.092524 -1.2978 0.96939 -0.9652 -0.91032 -0.019861 0.46853 -0.45406 0.20575 -0.6813 -0.60265 -1.8812 -0.37278 -1.4045 -1.4084 1.4149 -1.9891 0.54028 -0.31863 0.21353 1.2882 -1.6248 -0.21013 -1.3208 -1.4729 -1.3793 0.62487 -1.7253 -0.4126 2.7372 -0.98745 -2.224 -0.84141 -2.2678 -1.2394 -0.68316 -0.55306 1.7949 1.8752 0.16886 0.86286 -1.6878 2.9227 0.25977 0.77631 -0.6663 -0.33743 -0.29529 1.8034 2.3035 0.67876 -2.1788 1.2813 -1.512 -0.1754 1.4009 0.68121 2.7599 1.6997 -1.0339 1.3358 -3.4597 -0.050878 -0.42259 -0.94137 2.8501 -0.37939 -3.3174 0.778 1.3521 -0.13214 3.0028 0.99064 
caramel -1.0417 0.79539 0.039075 0.36386 0.43217 -0.3098 0.94914 -1.3447 1.2342 0.47103 0.91595 -1.2716 -0.75092 -0.90563 1.1229 0.56205 0.29536 0.91667 1.3097 2.2898 -0.61656 -1.5958 0.98951 0.61138 -0.57106 0.99858 0.26151 1.1957 0.31046 -0.33736 0.02897 0.17003 0.090289 -0.18503 -0.18524 -0.18878 -0.64484 -1.4011 -0.78133 -1.1932 -0.3909 -1.2711 -0.89464 -0.12874 0.91533 0.31529 0.76914 -1.7074 1.1969 0.37641 -1.4242 -0.58266 -1.5296 -1.4078 0.80642 -0.48946 -0.86405 0.069974 0.64515 -0.97111 -1.0712 -0.56737 0.39181 0.34869 -1.27 -0.29121 1.5453 -0.028397 -0.6548 -1.474 -0.67686 2.1977 -0.35878 0.73121 2.3244 0.18887 -0.54321 0.64719 -0.66988 1.3665 -1.4984 -0.45274 1.0331 1.4824 0.74745 2.9863 0.54668 0.4631 -0.17896 0.1883 0.92019 0.38508 -0.35097 -1.2885 -0.45883 2.4007 1.4202 0.74005 -0.16504 0.46676 
strawberry -0.45446 1.6361 -0.47555 -0.45454 -1.0024 -0.43226 0.54249 -0.4095 1.4705 0.50625 1.9645 -1.014 -0.95148 -1.0022 0.25504 0.17942 0.9036 -1.0138 0.42137 2.2665 -0.37283 -1.3055 0.34132 -0.066512 -1.6941 -0.45928 0.81914 0.39428 -1.0395 -0.032207 -1.0291 -0.0061256 1.316 -0.65203 -0.12254 -0.5748 -0.90147 0.4237 -0.51776 -0.71576 -0.16568 -0.50052 0.79802 0.32546 0.98469 -0.59044 -0.27839 -0.53134 0.69824 0.32123 0.81062 -0.098884 0.11436 1.1083 -0.56573 -0.34452 -0.77427 0.48456 1.467 -0.30727 -1.8493 -0.53454 1.9186 -0.51364 -0.049316 -0.53402 -0.5574 -0.58401 -0.15487 -0.50086 -1.101 -0.36756 0.15626 -0.1657 -0.40401 -0.45038 0.28805 0.28634 -0.33735 0.85853 -2.0305 -0.2307 0.71128 1.4402 2.0542 1.0219 2.0968 0.44221 -0.91072 0.36451 1.1002 -0.16073 0.33747 -0.54959 0.1613 1.3846 1.2032 -0.30884 0.13651 -0.79736 
rubber -1.0747 2.1961 -1.3724 -1.3369 -0.22768 0.10697 -0.66378 -0.27028 0.34236 0.47797 1.0365 -1.0771 -1.0741 -0.73461 0.60704 -0.69533 1.1261 0.44389 0.74856 1.4462 -1.9599 -0.57085 1.7787 -0.90331 -1.9183 -1.2375 1.519 -0.92328 -0.60968 0.30044 -2.2725 1.6981 0.72374 1.1651 -0.60838 -0.89285 0.049068 -0.59663 -2.0257 -2.0235 -1.6381 -1.0377 2.0183 -0.52621 0.14882 -0.91466 -1.5825 1.1195 -0.47778 0.97466 -1.2219 -0.91812 -0.72158 1.4469 -0.11759 -0.49731 0.80188 0.045626 0.31461 -0.87704 -1.2484 -0.9343 -0.64833 1.0147 1.7479 1.4432 0.49884 0.89601 -1.2327 0.010083 -0.51641 1.4039 -0.021645 1.4174 0.016784 -0.32971 1.8986 2.1575 0.76956 0.2892 -0.65139 -1.384 -0.90205 -0.66155 0.69311 0.54544 1.153 1.5847 0.16639 0.97904 -1.3209 -0.24253 -0.45905 0.17554 -0.54602 1.641 2.3315 -0.48722 -0.9567 -0.28229 
geranium 0.07838 0.9594 -0.72154 -1.7969 -0.10735 0.80691 0.36039 0.54564 0.46272 0.48081 0.88635 -0.19076 0.54229 -1.962 -0.56753 0.12865 -0.84536 0.11277 -1.0742 -0.10283 -1.321 -1.4508 1.1736 0.44929 0.084405 0.0022812 -1.1544 0.10527 -0.99677 0.62456 -0.6012 -0.013539 -0.96646 -0.81832 0.53894 0.5915 0.15513 1.4666 0.12694 0.056661 -0.22873 -0.53775 -0.93897 0.88747 0.037759 -1.0435 0.24053 0.50264 -0.099768 -1.9406 0.56164 1.5846 -0.062164 1.2519 1.0581 0.42049 2.4977 -0.39581 -0.18434 -0.85222 -2.0771 0.082975 0.33544 -1.3454 -0.17719 1.7631 0.14969 -1.4921 -1.588 1.1353 0.18005 0.97397 -0.9441 -0.29141 -0.10046 0.43446 0.98062 0.761 -0.66862 0.73189 -1.8081 0.13149 -0.26679 0.51311 0.75149 1.435 0.75596 1.8163 -0.93393 -1.1193 0.60402 -0.05035 -0.16714 0.073688 -1.3401 -0.49587 1.8052 -0.37463 0.53636 0.81627 
grape 0.58188 1.913 -1.6778 -1.0127 -1.5045 -0.8704 1.3974 -0.52314 1.7413 -2.6398 2.2398 -3.1076 -1.9637 -1.3735 -1.0929 -0.52852 -0.37918 -1.5605 2.011 -0.45897 0.0091089 -0.09508 1.2801 1.2102 -0.45987 0.27378 1.7426 0.64236 -1.0055 1.3052 1.3605 -0.29158 2.7498 -0.906 1.4589 0.16889 -2.0827 -0.55242 -0.64128 0.053771 0.46218 -0.43638 1.4167 1.1306 1.1397 -0.44809 -0.60863 -1.5866 -0.70026 0.37605 1.9121 0.51702 -0.98526 2.274 -2.6455 -2.2974 1.007 1.0169 0.39378 -0.91136 -1.7961 -0.99477 0.05132 -1.6263 2.1353 -1.2411 -0.74479 0.90495 0.037057 -1.2779 -2.0864 0.93586 -1.146 -2.6212 1.2947 1.8889 -0.39429 0.8629 0.2775 -0.24078 -1.7189 0.91189 0.37822 1.9581 1.3967 1.1369 1.6533 1.4215 -0.77878 1.9542 0.95763 -0.39545 -0.1173 -0.7435 -0.25299 2.3949 2.5456 -1.3282 0.23527 -0.30118 
anise -0.3826 0.96655 -0.75411 -1.2412 0.0031413 2.1308 -0.67204 -0.15288 1.3055 1.0316 0.48091 -0.31343 -0.46539 -1.6917 1.4255 2.0179 -0.63452 1.0304 -0.86219 2.9447 -0.65544 -2.1156 2.5441 1.397 -1.1679 0.076458 0.39016 0.85211 -0.5971 -0.44589 0.16285 -0.54012 -1.1424 -0.83064 -0.42353 -0.40082 -0.85223 -0.21738 -0.46116 0.34758 -0.22853 -0.6627 -0.41102 -0.68566 0.73252 -0.32074 0.42305 -0.31309 0.0078745 -0.86024 0.84454 1.2996 -0.68139 1.5715 -0.15859 -0.21285 0.73805 0.30851 0.25677 -2.0247 -1.7766 -1.1959 0.96145 -0.93988 -1.5488 2.606 -0.34325 -0.7371 -0.76184 0.60823 -1.3702 2.2864 -1.3354 0.058852 0.28146 0.5787 0.75888 0.54664 -0.085381 -0.037029 -2.0375 0.99395 2.0619 0.020284 1.4432 2.8602 1.6308 0.95519 -0.696 -0.47291 0.74189 0.47208 -0.87979 0.098256 -1.0796 0.87098 1.1879 -0.6504 -0.54733 1.0824 
hay 2.7276 0.10557 0.39315 -1.0462 -0.45161 0.2997 -0.05822 0.25476 -0.37919 -0.1523 3.2051 -1.4245 -1.2946 -1.5494 0.17691 -2.5075 -0.9389 -1.1388 -2.3505 2.829 -3.4318 -2.874 1.0124 -1.2021 -1.9132 0.61868 -1.7681 -0.095977 0.72876 0.68313 -2.4833 0.39275 -0.20797 1.3079 -1.4257 -0.53186 -1.1371 -2.8693 -1.3814 -1.1314 -0.92183 0.38774 -1.6377 -0.16414 1.3407 0.89103 1.0168 -0.43948 -2.5143 -0.088678 -0.42057 0.60601 -0.89906 0.40296 0.48024 0.573 0.55483 -0.54095 -0.77709 -1.5987 -5.0806 -1.2907 -1.593 1.7162 0.9127 0.74448 2.4719 -0.80358 -0.21554 1.6242 1.3252 1.3762 0.17269 0.65121 -0.99942 1.511 1.1297 0.68381 1.4937 -2.7798 -4.3601 -0.26387 1.3564 2.9939 0.81095 2.2032 -1.279 0.90249 -1.3992 2.0656 -0.9305 0.18866 -0.13881 -2.3125 -1.356 1.8658 5.2421 1.1239 1.7773 -0.78467 
grass 1.8459 0.18697 -1.0103 -1.794 -0.55635 -1.0593 1.6893 0.75179 -0.41852 -1.0648 1.8204 -1.0479 -1.7963 -1.1652 -0.96792 -1.7443 -1.3095 -1.7062 -2.2555 2.3717 -2.5533 -1.07 0.7149 0.23696 -0.82345 0.19078 -1.5023 -0.59246 -1.6942 0.51072 -0.77744 0.95734 -0.23621 1.547 -1.0053 1.231 0.44038 -0.7365 -0.40582 -0.16637 -0.20913 -0.060039 1.8479 0.39987 1.9617 -0.42025 0.52565 1.0552 -1.7674 0.53652 1.4828 0.54834 -0.44751 1.1183 0.025598 -0.13594 1.2218 -0.89206 0.57245 -0.2604 -2.1509 0.44212 -0.5689 0.74872 1.4171 -0.9626 1.651 -0.13192 0.03683 2.4089 -0.32293 -0.66382 -0.49731 -1.603 -0.45012 -0.81312 1.0271 0.18427 -0.77476 -1.4294 -2.2146 0.81776 0.2768 1.949 1.2524 0.87299 0.14882 0.57681 -1.5291 1.4852 -0.42916 0.38908 0.80412 0.31654 -1.4356 2.1398 4.5765 -0.30163 1.3515 -0.013596 
rum -0.52221 1.96 -2.9193 1.5824 0.2929 1.8034 -0.50238 -2.5955 2.2979 0.76223 0.65719 -2.0822 1.148 -2.5633 0.71138 -0.90581 -1.3212 1.5418 -0.63325 4.0423 -0.70375 -0.38264 3.258 0.14658 1.3864 -2.7185 -2.1377 -0.089705 0.76043 -0.019443 -0.32011 -0.50921 -3.6319 -0.32446 -0.26156 1.7036 -3.4457 -1.1766 -1.038 -1.07 -1.9848 -3.6984 -0.81146 0.64729 -2.0465 -2.3893 -1.6675 1.182 0.51884 -2.295 -2.5217 -1.0926 -0.77679 -2.2573 -1.6972 0.96413 1.9352 0.83924 -1.9645 -2.4124 -4.0932 -1.639 -2.1548 -0.40671 -1.4698 1.9761 -2.18 1.2688 -1.2788 -3.0094 -0.41705 0.35173 -1.319 -0.70972 1.7931 3.4479 1.2424 -0.50128 -0.93754 1.1421 -3.5123 -0.4444 1.8239 2.6028 0.50737 2.6254 -0.61694 -0.69403 -0.67448 -0.17057 -0.75255 -1.9205 -0.097003 -3.0489 -1.7568 1.9958 2.0893 -4.1878 0.58693 1.9447 
animal 0.44463 2.0365 0.34498 -0.7293 -0.59377 -1.1657 0.51628 -0.34953 0.70712 -0.23782 -1.0012 0.0062716 -1.7261 0.73068 1.4223 -0.45936 -0.20366 0.27436 -2.2476 0.098706 -1.2046 -2.8468 -0.50029 0.48779 -0.24365 -1.1348 0.44449 -0.87449 1.3789 -0.5636 -2.5184 0.83906 -1.4316 -0.20055 0.2199 -0.96195 0.86939 -0.8008 -1.9335 -1.5227 0.14303 1.7379 -0.60293 0.56039 0.41178 -0.30047 0.48046 -0.32259 -0.1315 1.2149 0.013151 0.29596 -1.9437 1.1732 -0.21202 1.0387 0.14614 0.43407 -0.14668 -0.90028 -1.9031 -1.1798 0.39976 1.218 0.30781 1.0632 -0.44851 0.084784 -0.53159 0.7711 0.75932 0.3738 0.97325 1.8401 -0.094471 0.68494 0.51937 1.834 1.4765 0.18196 -1.7954 1.4551 -1.4375 -0.12073 -0.60834 2.069 0.070998 0.66212 -0.10986 0.24414 -0.97532 -1.5408 -0.046307 -0.43217 1.2371 1.2104 0.50005 -0.98965 -0.73042 -0.0026721 
tar -2.2649 3.2847 -2.4491 0.42497 -1.5797 -0.19788 -1.0045 -1.9481 -0.10315 2.3791 2.3141 -3.6099 -1.3033 -1.3026 1.1834 0.55502 -0.86519 0.93634 -0.10032 3.9665 -3.0248 -1.8517 1.8725 -1.0147 -2.7671 -2.1279 2.311 -1.831 0.55388 0.23823 -0.81565 0.077373 0.21427 1.3317 -2.8067 -1.4376 -0.54579 1.2211 -2.6517 -3.8039 -0.79598 -1.522 0.30636 -0.94389 1.4024 -1.4283 -1.8567 0.66481 0.46336 -0.37334 -1.1854 -0.0023982 -2.107 -0.23936 -1.5395 -2.5055 1.4503 0.52962 -0.048241 -0.57389 -1.8392 -0.0067547 -2.578 -0.089844 1.2529 2.1065 -0.01075 3.2287 -1.1979 1.4783 -1.7585 4.4634 -0.47824 1.712 -0.085385 0.7916 2.8924 0.16371 1.4801 0.72758 -0.56516 -1.0495 0.84194 -1.3436 2.9653 2.2699 -0.38618 1.582 -0.56523 -0.28364 -2.1585 -2.6317 -0.82237 1.2623 -0.74405 2.3739 6.3375 -1.2342 1.2404 1.3195 
banana 0.032634 0.62486 -0.14383 1.1651 0.39745 -0.32269 1.7037 -1.2204 0.59502 -0.66575 1.0522 -1.2361 -0.21078 -0.33566 -1.3366 -1.6715 -0.11969 0.4934 -0.086943 1.7332 0.14677 -0.62186 2.8062 -0.99304 -1.7415 1.1485 -0.6333 0.75253 -0.33257 -0.51612 -0.26929 1.4398 0.48315 0.061406 -0.83132 0.22472 0.53121 0.21939 1.5715 -0.34995 -1.842 -1.1856 0.17495 -0.58785 1.4687 0.23963 -0.25282 -1.3406 0.054616 0.71475 -0.22597 -0.66405 -0.4681 0.25495 -1.1474 -0.41964 -0.82479 -0.15089 0.19149 -1.1808 -1.5204 -0.79207 0.95015 -0.35446 -0.24968 -0.50081 0.96285 -1.4587 0.068898 -0.43116 -0.85966 0.97829 0.41593 -1.7372 -0.2049 -0.32651 -0.40114 -0.19572 0.67429 -0.38619 -2.3154 0.48912 0.45449 2.6755 1.5637 1.7357 0.89677 -0.13138 0.53148 -0.048079 1.0577 0.82377 0.056053 -0.76043 -0.35713 2.5718 1.0601 0.57402 -1.5849 -0.90566 
fish 1.6969 -0.47599 -0.1415 -0.053326 0.25896 -1.9671 1.8113 2.2112 -1.1508 -1.1627 -1.0263 -0.13215 -0.32881 -0.37478 -0.57896 -1.8647 -0.38719 0.32122 -1.0479 0.58662 -1.1506 -2.2014 0.94974 -0.19668 -0.82501 -0.9505 1.1516 -1.9112 -1.9121 0.50322 -1.1049 2.8568 1.631 1.4365 -0.056276 -0.61215 -0.29848 -2.0713 0.30108 -0.011602 -1.251 -1.495 0.4448 -2.628 0.24088 -0.26781 1.5064 -1.2885 1.3347 2.9552 0.99842 -2.4112 -0.12891 1.1133 -0.75647 0.39267 0.23477 1.1403 -1.1436 -0.80609 0.56315 -1.7569 -3.0657 0.87704 -0.099828 -0.30503 -1.0967 -1.1025 -0.61239 0.26158 0.54589 -1.5945 -1.166 1.3477 -0.34023 0.36328 0.60183 -0.23748 1.0029 -0.54658 0.52264 0.68342 -0.76335 0.92248 -0.57222 3.3917 0.040232 -1.5555 -0.82137 1.2366 1.0267 0.91466 1.9695 -0.66549 0.50473 -0.41088 2.6993 -0.0018538 -0.47136 1.1837 
raisin -1.5229 0.94022 0.33937 -1.3641 -0.53403 -0.2614 -0.063799 -0.75211 1.9147 0.10554 2.0547 -1.9355 -0.22382 -0.94257 1.3198 -0.28522 -0.90787 -0.23107 0.98437 2.8543 -0.48585 -1.1249 1.1089 0.28466 -0.25979 -0.29401 1.995 0.69097 -1.3872 -0.74773 -1.3814 0.95877 0.47069 0.81886 -0.81921 0.2746 0.42758 0.92852 -1.5021 -2.4005 -0.89806 0.72208 -0.90497 0.20992 0.75315 -0.60064 0.63835 -0.67171 -0.1964 0.44426 -1.188 -0.91674 -1.5778 -0.65563 0.0065961 -0.89641 -0.063949 0.47385 1.0673 -0.79427 -0.2837 -0.044258 0.81189 1.6139 -0.59216 -0.69993 -0.70543 1.5832 -0.20382 -0.16152 -1.6042 2.264 0.64006 1.4328 0.24911 1.0728 0.062804 -0.8052 0.06712 0.084597 -2.3853 -0.92426 -0.31893 2.5268 1.6174 1.8412 1.097 -0.65864 -0.39851 1.1617 -0.79402 -0.78094 -0.36231 -0.44351 -0.36501 2.9306 1.4193 -0.74006 0.18043 1.2347 
mushroom -0.22057 1.2394 -0.28588 -1.7904 -0.75583 0.04222 -0.30165 0.4966 2.2556 -0.50872 2.232 -1.2836 -1.4111 -0.91262 0.34345 -0.31801 -0.49358 0.28999 -1.0553 1.5353 -1.5681 -0.8396 -0.39707 -0.75073 -0.97459 -0.67615 -0.32729 -0.16807 0.87179 -0.39639 -1.8063 1.4271 0.35644 0.1255 -0.2136 -1.0259 0.51129 -0.34247 -0.91777 -1.0498 -0.45195 0.083283 0.52601 -0.015273 1.9921 0.85608 -0.1054 -0.77431 -0.50806 -0.049835 1.1684 0.54406 -1.1035 1.3381 -0.56939 0.67705 -0.53786 1.0879 -0.2006 -0.4686 -0.64546 -0.5469 -0.47302 1.6901 0.60217 -1.4652 -0.24997 0.53969 0.16113 1.3123 -0.73574 -0.63094 -1.1774 1.6829 -0.739 1.0027 -0.16115 0.41473 0.31452 -0.11244 -1.0538 0.65214 -0.12872 0.62205 0.42944 0.5291 1.0474 1.0534 -1.5123 0.91006 -0.26054 -0.49656 0.44805 -0.070023 0.53209 0.73172 3.0778 -0.5148 1.2456 -0.30227 
eucalyptus -0.056587 0.8891 -0.41822 -1.3935 -0.35489 1.1558 0.13129 -0.17136 0.191 0.41789 0.26425 -0.68943 -1.5525 -0.53221 0.10169 0.43679 -0.4278 0.21241 -1.0182 1.5487 -1.242 -0.94717 1.1112 -0.2312 0.055154 -0.53184 -0.1087 -0.24977 -0.71926 0.63062 -0.38715 0.12708 0.12387 0.026942 -0.22856 0.40936 -0.018265 -0.40619 -0.75628 0.22593 -0.77327 -1.4503 0.89108 0.47139 0.78315 -0.75066 0.26203 0.17657 0.034665 -0.20301 -0.18979 -0.24028 -0.39904 0.77654 -0.52163 -0.29113 0.79558 -0.33707 -0.23846 -1.0354 -1.0695 -0.90587 -0.23921 -1.087 0.31335 0.91294 -0.33985 0.28896 -0.98192 1.121 -0.28885 0.85172 -0.84564 -0.19378 -0.02821 1.0276 1.2787 0.75965 -0.53643 -0.046501 -1.3946 -0.15235 0.22647 0.25498 1.2989 0.87242 0.78007 0.59859 -0.68261 0.59017 -0.28068 0.28756 0.66815 -0.35487 -1.3863 0.45479 1.1807 -0.35302 0.50418 0.36794 
bread 1.2269 0.21579 1.3072 -1.1971 0.8922 -0.19813 -0.35215 0.13826 1.641 -0.71827 0.12321 -1.5938 0.30581 -0.9977 1.0101 -1.3118 -0.37754 1.0885 0.88406 1.625 -0.44628 -2.5807 1.6208 -1.3294 -2.3031 1.6329 2.6339 -0.4132 -0.59316 -0.86463 -0.63534 0.3844 1.0781 0.39134 -1.2511 -0.45875 -0.19641 -1.2723 1.225 0.25569 -1.193 -0.91005 -1.1484 -0.76916 0.37811 0.72709 0.47514 -1.8488 -0.59379 -1.2614 0.68007 -0.26013 -0.67173 0.11697 0.38642 0.84166 -1.9988 1.1523 -1.5523 -0.36828 -0.55816 -0.15135 0.014724 0.52719 -1.0514 -0.03996 -0.32064 0.32591 -2.0751 0.1669 -0.87083 -0.15768 -0.068517 1.1601 0.61061 2.025 -1.9434 -1.4464 0.10457 -2.2985 -0.22434 0.018931 1.6183 3.8123 0.40833 3.3908 1.6943 0.15039 -0.90733 0.17778 0.17777 1.0692 2.0647 -0.50548 0.61757 1.6641 2.2305 0.39962 0.14239 -0.0060556 
urine 1.0291 0.41837 0.056684 0.024541 0.68987 -0.29583 1.094 1.9423 -0.44248 -0.46905 -0.20012 0.1643 -1.1957 -0.59073 0.62527 -0.76686 -0.56342 0.031331 -0.69084 0.67525 -1.02 -1.3034 0.63974 -0.034472 -1.8691 -0.99891 -0.71903 -0.54431 -0.73748 -0.95226 -0.96012 2.799 0.93912 0.32358 -0.0097311 -1.9935 -0.13062 -1.2872 -0.17723 -2.4157 -0.68236 -1.3575 1.4336 -1.0492 -0.85979 0.6394 -0.14451 -0.4416 -1.6894 0.48384 0.74468 -0.22481 -1.1968 0.54513 0.49319 0.10338 0.85827 0.74488 -0.83614 -2.9815 -2.2034 -0.32642 -0.43624 0.97902 0.65839 0.19167 -0.82479 -1.0841 0.23099 -0.14391 1.838 -0.81285 -0.79144 0.78088 0.42173 -1.5028 -0.85256 0.31618 1.2639 1.1054 -0.72401 0.040191 -0.79937 2.0254 0.096284 1.6395 0.31914 1.166 0.82922 0.45855 0.043012 -1.9494 2.5434 -0.095246 0.26909 1.0698 0.97674 -0.5501 -0.75864 -0.51632 
cucumber 0.72535 0.45796 -0.41338 -0.5183 0.17934 -0.032791 2.0976 0.39754 -0.7604 -0.59163 0.6088 0.0016418 -0.78376 -1.1273 0.64303 -0.14642 0.29317 -0.4949 -0.76435 0.79506 -0.81802 -1.4288 1.1077 -0.7003 -1.0741 0.14347 -1.178 -0.27048 -0.71143 0.20494 -0.58397 0.40092 -0.014023 0.41029 -0.62765 -0.19588 -0.28965 -0.75466 -0.12931 0.97582 -0.61433 -1.4931 1.1707 -0.40421 -0.0030694 -0.91213 -0.31243 0.059889 -0.76812 -0.26907 0.27483 0.059449 0.23117 1.2345 0.15968 -0.19229 -0.17238 -0.61991 -0.77179 -0.8534 -0.76294 -1.0124 -0.28077 -1.2799 0.1393 -0.078278 -0.10623 -1.488 -0.19356 1.2184 0.4746 0.030662 -0.74926 -1.7286 -0.67 -0.31533 -0.66649 0.55362 -0.84594 -0.234 -0.76477 0.35366 0.70795 1.3578 0.77962 1.5913 0.57656 0.41319 -0.34976 0.64631 0.8805 0.26861 1.0087 -0.62652 -1.1051 1.2819 0.87566 0.37613 -0.48408 -0.2702 
popcorn 0.4797 -1.0383 0.02058 -0.67894 -0.26265 -1.2298 0.88869 0.23913 1.0083 -0.62996 -0.81884 -1.5545 -0.27924 -1.1064 0.53261 -1.1996 -0.28262 -0.0127 0.49021 1.4883 -0.18756 -0.10954 1.6195 -0.82008 -2.4619 1.0602 0.19821 -0.25961 -0.33109 -1.0131 -0.71469 0.62798 0.53936 1.358 -0.13955 0.76238 0.13062 -1.2876 -0.60412 0.3038 -0.70753 -1.4521 0.54525 -1.0785 0.35629 0.8566 -0.67743 -2.9652 0.47106 -0.047298 -0.73379 -2.0829 -0.49922 -1.3292 -0.35461 0.23159 0.2323 0.80529 -0.65403 -0.82727 0.26729 -0.9562 0.18751 0.029115 0.76542 -2.1481 0.14426 0.32359 -0.46816 -1.2925 -1.6483 0.67446 0.14092 0.82554 0.60835 0.1711 -0.81229 0.94036 -0.42287 0.22659 0.44061 -0.56003 -0.50323 1.774 -0.97371 1.5789 0.81066 -0.4914 0.40642 1.1127 0.78356 -0.29686 0.35096 -0.80262 1.6805 1.713 2.2891 0.095019 -0.93751 -0.91825 
syrup -1.5063 1.7452 -1.4355 -0.16185 0.72501 0.31812 0.99551 0.39005 1.087 -0.46644 0.89315 -1.383 -0.65851 -1.7757 0.84495 0.15717 0.41227 0.24579 1.799 2.1887 0.77166 -1.1359 1.403 1.2651 -1.0148 1.5061 0.10371 0.26377 -0.30068 -0.067264 -0.23074 -1.3918 0.29783 0.87123 0.61177 -1.8415 -0.53511 -0.63109 -0.86122 -1.6781 -0.095346 -1.6573 -0.11334 -0.66709 0.63481 0.87138 -0.197 -2.2145 0.47507 0.80253 -1.355 0.063213 -1.4969 -0.59014 -0.20998 -0.8628 -1.2857 1.8533 0.40037 -1.7844 -0.49905 -0.84197 -0.12919 -0.7875 -0.67878 0.38978 -0.11822 0.53952 -0.42897 -0.74368 -0.01884 0.53301 1.1766 0.092142 1.1034 0.07007 0.47858 0.38377 0.23188 0.35623 -0.34346 -1.2373 0.47228 1.4222 0.83125 2.2349 2.3676 -0.91666 0.37098 0.53274 1.6504 -0.48665 0.70899 -0.98877 0.027422 1.4566 1.5614 -1.4019 -0.29868 0.53966 
cheese 0.8686 0.82426 0.44938 0.56622 0.20534 -0.84266 -0.68472 0.61597 0.44018 -0.77127 1.053 -1.4166 -1.4062 -0.9352 0.67639 -0.76039 -0.69528 -0.62926 -0.15394 0.43612 -0.72595 -1.221 1.5064 0.54128 -0.18879 -0.37818 1.4325 -1.0743 -1.2352 -0.73953 -0.72612 1.0758 1.8302 0.61767 -0.74547 -0.5947 0.095844 -0.76896 -0.76644 -1.7379 0.65345 -1.018 0.85551 0.5783 0.39774 0.11056 -0.58331 -0.58875 0.80912 0.91922 0.63043 -0.10393 -0.33259 0.21547 -0.35196 0.41314 -0.92136 0.36946 0.48502 -0.19912 -1.0866 -0.78736 -0.21672 1.3269 0.37498 -0.033877 0.57934 -0.90519 -0.51677 -0.75767 -0.99136 -0.055143 -0.52472 1.2682 -0.39791 -0.092084 0.71589 0.72948 0.21066 -0.28374 -0.81159 -1.3611 -0.29504 0.74071 0.59492 1.7871 1.6208 -0.31491 0.92183 0.095067 0.10586 -0.86346 0.61952 -0.39107 -0.082506 1.756 2.9626 -0.20998 -0.019291 -1.0503 
gasoline 0.25359 0.97037 -0.46688 -0.83472 0.85175 0.25056 0.14344 -0.056573 -0.78539 0.066977 -0.74235 -0.21293 -1.3912 -0.47771 -0.42861 -1.7267 0.26305 0.97323 0.76748 0.17748 -1.2271 0.087258 1.1776 -0.48116 -0.8686 -0.55754 0.20147 -0.27488 0.48791 0.72357 -1.8847 0.23396 0.23322 0.85712 -0.25322 -0.38258 -0.056481 0.21176 -1.207 -1.2535 -1.3839 -1.142 0.4576 -0.92492 -0.82482 0.21362 -0.53867 0.55503 -1.3217 0.68584 -0.47787 0.39481 -0.89331 0.61911 -0.6513 0.067578 1.4486 0.43083 0.22467 -1.3875 -1.5902 -0.92038 -0.57806 0.67518 0.60819 1.0755 0.42916 0.45765 -0.28362 0.99283 0.41631 0.14409 -0.55414 0.48646 -0.29508 -0.027067 0.48507 1.0641 0.2542 0.4495 -1.4612 0.46115 -0.15654 -0.13424 0.51814 0.26082 0.54475 1.1461 0.43762 -0.40572 -0.062152 -1.0596 0.19736 0.50832 -1.2441 0.62786 1.026 -0.66238 -0.79177 -0.10436 
peppermint -0.48089 0.33155 -1.0581 -1.4104 -0.13326 0.56594 0.29492 0.34126 0.2266 0.65542 0.36224 -0.13494 -0.93031 -0.99325 -0.19044 0.65892 -0.77037 0.070725 -0.21479 1.7317 -1.336 -1.1081 1.6066 -0.036296 -0.66009 -0.26126 0.29337 0.34471 -1.3932 0.13337 0.48432 0.16821 -0.96657 -0.66522 0.22627 0.068868 -0.61503 -0.99185 -0.35812 0.2709 -0.55289 -1.6513 0.38273 -0.38879 0.79846 -1.4973 0.43984 -0.41116 0.46211 -0.56543 0.91123 -0.01904 0.72991 1.1231 -0.55047 -0.40218 0.38456 -0.1616 0.41697 -0.96762 -0.93668 -0.95039 -0.11102 -0.87529 -0.26135 1.4119 -0.70201 0.15886 -0.20821 -0.015419 -0.79319 0.91541 -1.3726 -0.19409 -0.14253 0.55405 0.65311 0.40292 -1.0507 0.51051 -0.84489 0.55769 0.50265 0.78154 1.1534 1.7154 1.2236 0.15897 -1.2505 0.68544 -0.047473 0.38222 0.57124 -0.62484 -0.76513 -0.41377 1.3785 -0.61885 0.76343 0.28012 
paint 2.7125 1.324 -0.12368 -0.98478 -0.188 -0.2219 -0.58361 -1.7967 -0.12018 -0.60067 0.079503 0.067371 -0.21771 -1.8118 -0.64197 -0.82087 -0.36527 -0.19569 -0.20177 0.26426 -0.49969 -0.11832 0.77722 -0.48161 -1.5701 0.34627 1.0258 -1.4329 -0.91871 1.225 -0.60011 1.162 -0.074255 0.52277 -0.076667 -0.57181 -0.52416 0.87354 -0.73118 -1.4871 -1.5207 -0.16729 0.27417 0.41393 0.61192 -1.451 -1.0197 -0.65286 -0.5856 0.18005 1.3446 1.1669 -0.41425 1.1726 0.056434 -0.35411 -0.073901 0.84266 0.71778 -1.0761 0.17064 -0.44853 0.55637 -0.077477 1.5581 0.86077 1.9231 0.28592 -1.2387 -0.34107 0.62993 -1.528 -0.65725 1.3526 -0.60528 -0.39482 0.40399 0.26992 1.1825 -0.35192 0.58405 0.70422 -1.0898 0.10793 -0.273 2.0193 -0.044375 1.7903 -0.47537 0.42848 -2.4101 -1.7437 1.3353 -0.27776 -0.24598 -0.66863 2.4129 -0.73097 0.97769 -0.79589 
detergent 0.051255 0.57072 -0.32644 -1.3381 0.5696 0.32318 1.0767 -0.8484 -1.3011 1.0281 0.28702 -0.2443 -1.2221 0.047033 -0.50658 -0.9275 -0.63354 0.036504 -0.23296 -0.66615 -0.77435 -1.024 1.0324 -0.22672 -0.35808 0.040159 -0.055658 -1.1829 -0.70989 0.023091 -0.80414 0.044693 0.73628 0.56299 -0.25201 -1.2742 -0.38103 -0.67043 -0.021714 -0.025307 -2.2779 -0.44271 -0.057777 -1.1914 0.25223 -0.048254 -0.43975 0.22198 -0.81341 -0.31562 0.45939 0.55493 -0.98425 1.5361 0.22506 -0.77234 -0.039998 0.72116 0.59387 -0.77248 -1.0178 0.17071 -0.55113 0.38896 -0.63628 0.31736 -0.4482 -0.73171 -0.8919 0.97912 2.2438 -1.2221 -0.29809 -1.1885 -0.51235 -1.4761 -0.32287 -0.30709 0.24999 1.525 -0.4494 0.51714 -0.54357 0.64196 -0.10692 1.167 0.83039 0.55462 -0.48571 0.21776 0.032737 -0.060753 1.3804 -0.31282 -0.99457 -0.24735 1.4118 -0.55852 -0.15163 -0.772 
celery 0.67271 -0.17767 -0.065409 -0.82053 -0.58442 -0.39403 0.14501 0.86764 -0.42196 -0.66595 1.702 -1.3159 -0.6763 -1.5183 0.37747 0.010966 -0.95404 -0.59846 -0.13906 0.80666 -1.0163 -0.52957 1.2227 0.15066 -0.28326 -0.049688 -1.055 0.28957 -1.317 -0.040811 -0.59255 0.96498 0.045075 -0.45444 -0.87071 -0.53557 0.11199 -0.047061 -0.14264 -0.16318 -0.53929 -0.86749 0.82715 -0.17317 -0.2553 -0.80408 0.21149 -0.96578 -0.060663 -0.382 0.35314 -0.057939 -0.29852 1.343 0.31817 -0.40332 0.51177 -0.26852 -0.93291 -1.3185 -0.34325 -0.8191 -0.29636 -0.16594 0.27716 0.75799 0.26449 -0.76318 -1.2313 0.75342 -0.89483 0.87637 -0.63273 -0.61493 0.97387 -0.43318 0.64202 0.35898 -0.18201 -0.057709 -1.2617 0.81605 0.025042 1.3922 1.2181 1.9222 0.67842 0.54112 -0.15686 -0.23183 0.3786 0.5149 1.0854 -0.96894 -1.3771 0.51839 1.4307 0.068212 -0.0080298 -0.72875 
blood 0.07567 1.8569 0.31792 0.38459 -1.6544 -1.0543 1.2184 -0.35314 -0.15125 0.63099 0.2577 -1.1779 -0.21648 -0.98311 -0.077912 -0.97585 0.71094 -0.45217 -0.80732 0.71157 -1.4709 -0.58379 1.2833 0.060729 -0.89748 -0.19141 0.23626 -1.9562 -0.1652 0.28117 -0.18608 0.97826 -0.22544 0.50498 0.36054 -0.19519 -0.35282 0.43636 -1.0414 -0.80506 -0.18407 -0.39242 -0.10321 0.29361 -0.44455 -0.58252 -0.39702 0.53364 -1.8153 1.2606 -0.50438 0.54839 0.10316 0.97968 1.0323 -0.70364 0.38841 0.91379 -0.2541 -0.47898 -0.033174 -0.5463 -0.27843 0.30691 0.47727 0.59517 -0.4316 0.23258 -1.2017 0.66436 -0.21152 -0.24359 0.20039 0.9909 2.056 -0.33337 -0.74516 -0.43808 -0.36526 -1.8808 -0.13504 0.5818 -0.81885 0.75066 -0.40612 0.69019 -0.054708 0.15055 0.67691 1.7412 -1.4709 0.087855 0.43026 -0.054496 -0.19599 0.26426 2.1524 -1.3144 -0.18858 0.43644 
birch 0.4191 1.5306 -0.66403 -1.104 -0.42546 0.063778 -0.23607 -1.554 -1.1904 0.91465 0.79875 -0.43236 0.31402 -0.30722 0.87894 0.13157 -0.74651 -0.44986 -0.38185 1.1652 -1.2004 -1.5833 0.35513 0.098636 0.22984 -1.038 -1.0563 -1.1306 0.71877 0.2853 -0.68162 0.26225 -2.0685 -0.80869 -0.27729 1.8996 0.66109 -0.17476 -0.97442 -0.7588 -1.1113 -1.7042 -0.59514 -0.035301 -0.55455 -0.09224 -0.8337 1.1694 -1.1124 -0.76647 -0.71255 0.50095 -1.518 1.1337 0.066107 -0.37002 2.0441 -0.92691 -0.4598 -1.1577 -2.394 -0.78111 -1.5829 0.61944 0.87283 0.96972 0.93505 -0.20507 -1.3224 1.1601 0.13131 1.6638 -0.78077 1.6804 1.9155 1.2429 1.1437 1.0098 0.77679 -0.0667 -0.90003 0.19992 -0.2184 -0.75552 1.3776 1.6561 -0.93832 0.21052 -0.73364 -0.19346 -0.82034 0.34022 -0.14537 1.1643 -2.1575 0.82369 2.1008 -0.38192 0.92549 0.97202 
vegetable 0.24873 0.75504 0.33072 -1.3973 -0.14067 -0.8719 1.0582 0.69038 -0.43735 -0.42114 0.6086 -0.3542 -1.4276 -1.2972 1.0385 -0.77351 -0.27018 -0.1388 -0.66971 0.80838 -1.1449 -2.0475 0.13903 0.39914 -0.74699 0.97532 0.40994 -0.69884 -1.1919 -0.64588 -1.6763 1.1275 0.14886 0.14511 -0.65998 -0.38937 -0.20134 -0.87586 -0.37109 0.67155 -0.094204 0.20998 0.028937 -0.59378 0.52754 -0.66648 0.99719 -0.4857 0.16867 -0.38449 1.0298 -0.93613 -0.51624 1.3714 -0.86594 0.59962 0.12235 0.26832 0.74882 -1.0587 -0.71767 -0.22222 -0.53599 -0.23841 -0.45051 -0.29669 0.11942 -0.56133 -0.45323 1.0456 0.33348 0.58184 -0.6967 -0.79212 0.30322 -0.60442 0.31048 0.30863 0.088819 -0.89975 -0.40405 0.71475 -0.38087 0.71646 -0.18411 1.5826 0.13951 -0.10529 0.38412 1.3075 0.24206 -0.43111 0.71022 -0.66957 -0.57161 1.286 1.9407 -0.066858 0.62698 0.13135 
carrot 0.021953 0.27212 0.27657 -1.3249 -0.76475 0.036879 0.12024 0.52615 0.47041 -0.18772 0.65956 -1.3902 -0.80096 -0.52005 0.9002 -0.9794 -0.48557 0.50521 -0.11409 0.96553 -1.5909 -1.303 0.79747 1.1917 -1.0617 -0.0068822 -0.65587 -0.081366 -1.5209 0.089969 0.026592 0.68885 -0.10703 -0.29065 0.3469 -0.035405 0.016388 -1.1642 -0.08927 -0.91462 -0.39987 -0.88202 0.20274 0.041128 -0.19763 -0.077493 -0.43797 -0.23351 -0.36047 -0.29436 0.63004 0.17735 -0.43588 0.77369 0.68301 0.68032 -0.68401 0.25106 -0.12853 -0.72845 -1.6368 -1.4212 -0.75774 0.37941 0.64227 1.0077 1.1656 -1.0513 -1.4761 0.24617 0.31728 0.35948 -1.6941 0.71141 0.79428 -0.24021 -0.21552 0.30182 0.25116 -1.1703 -0.32196 0.81421 -0.054123 0.94374 0.034571 1.7842 1.6206 0.25915 -0.15272 -0.0005572 0.84542 -0.16757 0.46382 -0.24362 -0.93647 -0.030682 3.3428 -0.074739 -0.075813 -0.46408 
bark 0.31607 0.7138 -0.39742 -1.7692 -0.39684 -1.158 -0.57878 -0.42161 0.97449 0.61841 1.1709 -1.7796 -1.0609 0.4118 -0.26843 -0.44882 -1.6292 0.63866 -0.79303 2.6023 -1.6084 -0.78407 -0.79659 -0.64574 -0.11197 -1.4293 1.163 -1.2055 -0.32343 1.1172 -1.2804 0.10299 -1.0991 0.44931 0.0039032 0.16248 0.70673 -1.5003 1.0973 -0.67187 -1.2205 0.70331 -0.63017 1.1532 1.0465 -1.0819 -0.019031 -0.79276 -0.26331 -0.70328 -0.0070774 -0.59939 -1.4825 -0.030302 -0.10642 0.16855 0.41543 1.6927 -0.10142 -0.50706 -1.603 -0.37334 0.27529 0.88491 0.6499 -0.73096 1.4065 2.2633 -1.0642 0.095838 0.020828 1.7225 -0.2956 1.7762 -0.5504 1.7087 2.038 0.12649 -0.30843 -0.11499 -2.0201 0.45349 -0.046105 0.87212 1.0631 1.8908 0.75493 -0.23446 -1.001 -0.24899 -1.5749 -0.4838 -0.19095 -0.37896 -1.4242 1.1568 3.989 -0.91355 1.7277 -1.14 
camphor 0.93856 1.4189 0.12767 -1.3142 -1.1024 0.34134 -0.18287 -0.26016 -0.16245 0.74385 0.20941 -0.3156 -0.38983 -1.0883 0.96943 -0.041936 -0.97489 0.83163 -0.82662 1.0942 -1.1867 -0.48261 0.93022 -0.091712 -0.59871 -0.41901 -0.92236 -0.40439 -0.68707 0.77562 -1.7905 0.27226 -0.7206 0.21426 0.20206 0.22637 0.61801 -0.017695 -1.0434 -0.93481 -0.88821 -0.65827 -0.34676 -1.2432 0.25641 -0.82531 0.47764 0.73736 -0.7337 0.059095 -0.33705 0.22361 -1.5195 0.61505 0.42209 -0.074714 0.60305 0.81211 -0.97452 -1.7007 -1.4624 -0.40538 -0.62548 -0.30399 0.49648 1.5719 0.8288 0.11783 -1.5864 1.1448 1.6134 0.4635 -0.76877 0.3923 0.88104 -0.031771 1.3023 0.7283 0.45943 0.98824 -0.71998 0.25179 -0.81299 -0.35353 -0.0083212 1.7153 0.70386 1.2622 -0.41254 0.30252 -0.39959 -0.22503 0.48699 0.017406 -2.3206 0.020445 2.1314 -0.94365 0.058724 0.11116 
vinegar -0.40513 0.44477 -0.90962 0.040509 0.19139 -0.61824 0.49197 0.68081 -0.44027 -0.47098 0.27143 -0.98061 -0.87801 -0.78172 -0.63277 -0.16237 -0.27372 1.2856 -0.14755 0.39415 -1.0061 -0.555 0.79118 0.14763 -0.31242 -0.3562 1.0677 -0.64985 -1.307 0.12043 -0.53886 1.339 0.52227 0.41577 0.0068555 -0.46426 -0.25355 -0.87888 -1.0041 -0.45758 -0.33826 -1.0482 0.82184 -0.63394 0.6814 -1.0856 -0.19215 -0.79215 -0.98005 0.64538 -0.098955 -0.3532 -1.3629 0.69682 -0.64843 0.037899 0.33064 0.39689 -0.31621 -0.86947 -0.54715 -0.47686 -1.4173 0.11749 0.75062 0.12334 -0.77386 0.4698 -0.41053 -0.63015 -0.78833 0.28845 -0.64602 0.066886 -0.35277 -0.44724 0.41489 0.28179 0.65667 0.46874 0.30512 0.097561 -0.012319 1.5855 1.0363 0.97487 1.0754 0.27612 -0.58331 -0.32916 -0.081513 -1.1532 0.21677 -0.83768 -0.54342 0.68096 1.5901 -1.0392 0.6489 -0.14443 
cardboard 0.31874 0.60056 -0.023205 -0.34447 -0.081789 0.078958 0.39441 0.12603 -0.20522 -0.60964 -0.61632 -0.65785 0.14249 -0.45758 -0.66511 -0.70392 -0.080889 0.11942 -0.23719 0.22249 -0.72141 -0.11729 0.99286 0.51736 -1.2576 0.050907 0.12619 -0.40445 -0.72229 -0.094675 -1.1998 1.894 0.29738 -0.53912 0.029766 -0.51775 -0.18803 -0.77443 -0.25345 -0.9634 -0.83699 0.020736 -0.37221 -0.57669 -0.6239 -0.63186 -1.3201 -0.21657 -1.1769 0.23501 0.18442 -0.35431 -0.52049 0.27295 0.15746 0.43425 -1.1166 0.35867 -0.48667 -0.35689 -0.84636 -1.105 -1.1039 0.6266 -0.012748 0.17689 0.82847 -0.31593 -0.93368 -0.1884 0.019472 -0.017607 -0.64777 0.69983 -1.0441 -0.38354 0.45169 0.58299 0.17484 0.1007 0.73396 0.50133 -0.11771 1.2093 0.19194 1.4752 0.54843 0.61603 -0.1123 0.13965 -0.60823 -0.31683 0.31255 -0.1517 -0.73863 0.43191 0.78621 -0.03584 0.62089 -0.2292 
ham -0.2247 1.1496 -1.8051 -0.80801 1.1685 0.68422 -1.2181 -1.0141 1.7896 -0.84685 0.24526 -2.204 -1.3883 -0.78251 -0.45533 -0.62309 0.3 0.49475 -0.045201 2.0527 -0.62437 -0.12479 -1.2118 -0.18581 -1.8482 0.47523 -0.17442 -1.2728 0.022801 0.64164 -1.1383 1.3969 1.6089 0.37109 0.025924 -0.97415 -1.0355 0.010407 -0.12547 -2.2846 -0.75808 -1.3613 -0.80826 -1.403 0.66796 0.27509 -0.77486 0.077343 -1.4082 0.19587 -1.1132 0.60983 0.95123 -0.70868 0.36492 -0.53896 -1.0612 0.56172 -0.23794 -0.67495 -0.65167 -0.65504 -2.1225 1.7796 0.36098 -0.26761 0.86998 1.1318 -1.3339 -1.4706 -2.0691 1.3132 0.70975 1.3288 0.94787 1.7603 0.82796 -1.9056 2.5907 -0.86316 -2.3553 -0.51263 -0.38382 1.4694 0.98463 1.3591 0.052787 -0.22346 0.37296 0.69999 -1.7319 -0.068301 1.2485 -1.4179 0.0053308 0.64619 2.3483 -0.1905 0.77452 -0.35778 
peanut -0.47303 0.4461 0.49639 -0.13879 0.5869 -0.62456 0.1906 0.85979 1.2268 -0.70343 0.15235 -1.3141 -0.68397 -0.35425 -1.0035 -0.62865 -0.97325 0.79237 -0.12953 1.3694 -0.12782 -2.1898 1.5692 -0.36477 -1.3825 0.33505 0.84566 -0.74233 -0.99824 -0.61637 -0.80555 2.2686 1.0871 0.56737 -0.41216 -0.53324 1.1096 -0.88481 0.50584 -0.051792 -0.1855 -1.7429 -0.05838 -1.119 1.4217 1.0246 1.0895 -1.6216 1.1117 0.10971 0.32632 -1.3081 -0.17214 -0.37179 -0.83471 0.10427 -0.46065 0.26868 0.22921 -0.20476 -1.7849 -1.0345 -1.1298 0.92046 0.3151 -0.89188 0.54751 -0.34692 -0.14203 -0.30159 -0.73912 0.35096 -0.7491 0.81385 0.70334 0.8401 -0.85085 -0.16809 0.20268 0.047735 -1.2888 -0.77935 -0.16856 2.0421 0.84662 2.9391 1.0907 -0.26123 0.064407 0.49314 -0.31101 0.53101 0.53355 -0.59541 0.5446 2.3292 1.5092 0.67362 -0.062034 0.056165 
garlic -0.049173 0.45762 -0.65778 -0.78355 0.77649 -0.57443 -0.07797 1.1716 0.36307 -0.14775 -0.8312 -1.3977 -0.52424 0.02309 -0.36494 -0.34299 -0.64029 1.2907 -0.024214 0.87339 -0.7803 -0.96515 1.3267 0.70216 -0.56475 -0.66127 0.60747 -0.83983 -0.63315 0.78031 -1.6042 1.6528 0.010146 0.89784 0.74527 -0.76024 -0.34362 -0.92111 -0.073447 -0.69316 -0.95173 -1.3661 1.4796 -1.3108 0.08272 -0.44046 -0.059419 -0.68678 0.22222 -0.13315 0.86863 0.44677 -0.16078 0.45352 -0.90449 0.29455 -0.33016 0.095669 0.32237 -1.0441 -0.05115 -0.98139 -0.51447 0.28984 0.21794 1.1758 -0.070433 -0.86482 -0.41959 0.048735 0.14427 0.2013 -0.31395 0.79781 -0.21137 -0.80015 0.34709 0.39509 0.68609 -0.50771 -0.2696 1.0221 -0.46999 1.123 -0.90467 2.404 0.97859 0.45429 -0.24852 0.76498 -0.26422 -0.26181 1.2299 -1.0698 0.11383 -0.22629 1.8928 -1.1744 -0.18813 0.20074 
glue -0.53106 2.2973 0.3568 -1.4142 -0.50193 -0.15094 -0.051203 -0.83447 0.022079 -0.28427 -0.4843 0.21681 -1.0623 -0.38823 -0.50748 -1.2516 -0.20656 -0.12311 -0.9216 -0.18486 -0.19587 -0.35019 0.58287 0.20236 -2.4901 0.15784 0.72685 -1.3725 -0.64394 0.40782 0.91248 -0.32202 0.88874 0.82897 0.6209 -0.19044 0.381 -0.23044 0.1417 -0.48191 -0.26207 -0.58479 0.40333 -1.2125 1.0794 -0.26855 -1.0443 -0.11626 -1.2079 1.0724 0.52536 0.33305 -1.0701 0.73428 0.56817 -0.31507 -0.31257 0.52499 0.65308 -0.92806 0.064314 0.098097 -0.7264 0.38076 0.28685 -0.059437 0.80471 0.34567 -0.90379 0.032492 0.40517 -0.92966 0.60866 1.541 -0.6759 0.39443 -0.070519 0.11895 0.20068 0.58861 0.96079 -0.55162 -0.19668 0.98776 0.058799 1.165 1.5237 1.1892 0.27852 0.99054 -1.0082 0.20214 1.1037 -0.77768 -0.47232 0.34307 1.9026 -0.77188 0.51569 -0.098741 
egg 0.18377 -0.070714 0.3694 -0.073722 1.0817 -0.71456 -0.25975 0.73639 0.34071 -1.6906 -0.033234 -1.2239 -0.82691 -1.071 0.46264 -0.5621 -0.29555 -0.48239 0.17963 0.2508 0.0062245 -0.29742 0.76078 0.7379 -1.1679 -0.0089723 -0.43286 -0.687 -0.11971 -0.94114 -0.17477 1.8943 0.61471 1.4809 -0.96167 -0.47815 0.12821 -0.80801 0.3447 -0.58864 -0.041655 -1.7318 0.72286 -1.1212 0.44635 -0.72925 0.098625 -1.1982 0.27994 0.15281 -0.054896 -0.73312 0.040369 0.27344 0.041904 -0.30716 -0.63847 1.2233 0.33568 -0.91351 -0.20099 -0.38946 -1.6749 0.68841 0.45404 0.37006 0.19668 -0.75959 0.097781 -0.78411 0.034301 -1.2408 -0.42849 1.1901 -0.039136 0.75891 -0.0081015 -0.96382 0.50185 -0.84888 0.4542 -0.083835 -0.23393 1.4228 0.19014 0.75618 0.44672 -0.17518 0.14111 0.98959 -0.13424 -0.02221 0.63802 -0.35122 1.0775 1.2473 3.2929 -0.76889 0.30255 0.231 
weed 1.6622 -0.76428 0.8643 -1.0546 0.61677 -0.80812 1.1651 0.27516 -1.5467 -0.3745 1.0318 -0.32011 -1.2781 -1.7516 1.6801 -2.4905 -0.58312 -0.26013 -2.9051 0.89285 -1.6972 -2.4275 -0.29114 -0.88356 -0.22848 -0.10437 -0.4697 -0.89429 0.26493 -0.17544 -1.3776 1.1566 1.4827 -0.02744 -0.58461 0.070075 -0.025579 -1.5496 0.19073 -0.18649 0.22981 0.38327 0.49086 0.97824 0.22906 -0.5075 0.33594 0.34627 -0.52249 0.19377 -0.051651 -0.67713 0.16148 1.3982 0.24801 -0.52458 0.83254 -0.60482 -1.3708 -0.87927 -0.38152 -1.2108 -2.5999 0.17771 -0.29431 0.52164 -0.12927 0.66566 -0.72529 1.7312 -0.59087 1.0914 -0.65019 -0.62628 -0.8329 -0.081724 -0.19169 -0.15167 0.43543 -0.60653 0.6153 2.0359 -0.070987 0.97345 0.34557 1.8321 0.21724 -0.27545 -1.0896 1.3615 -0.29745 -0.87618 0.43234 -0.40708 -2.1804 1.4649 0.92948 -0.37738 0.84095 0.87018 
ammonia -0.4859 1.1055 -0.29335 0.33725 0.45452 0.11054 1.474 0.49219 -0.66317 -0.4406 -0.077087 -0.64006 -0.47767 -0.51977 -0.19054 -0.12604 -0.42863 0.07865 -0.26011 0.037607 -1.4737 -1.0073 0.29541 0.65681 -0.021844 0.32606 -0.37386 -0.51355 -1.0139 -0.068691 -0.22541 -0.16648 -0.055169 0.37212 0.067928 -0.71128 -0.80875 -0.77848 -0.093376 -0.20716 -0.90897 -1.2985 0.37183 -0.51762 -0.41168 0.0057774 -0.22659 -1.2691 0.80456 0.70961 0.21504 0.21513 -0.5886 0.53347 -0.3088 -1.261 0.69662 -0.053813 0.35569 -1.4483 -0.58384 -0.34578 -1.0707 -0.29006 0.5303 0.42508 -0.55473 0.00022065 -0.5882 0.33279 -0.032166 -0.12216 -0.43058 -0.5702 -0.61222 -0.25404 0.14877 0.56554 0.080299 0.66768 -0.61655 0.52054 -0.29202 1.2162 0.38011 0.25596 0.28341 0.76394 0.35854 0.25877 0.062449 0.071387 0.339 -0.52256 -0.89596 0.13081 1.073 -0.6143 -1.1895 -1.0279 
bakery 0.045796 -0.54084 -0.5285 -2.2406 0.91106 -1.08 -0.053042 -0.752 1.142 -0.41657 1.0465 -1.4821 -0.30035 -0.47215 0.43857 -0.54099 0.32571 0.1218 0.92677 1.8929 0.21478 -0.79685 0.9444 -0.064374 -0.27783 0.79482 0.87448 -1.381 -0.05228 -1.0044 -1.3171 -0.45098 -0.20083 0.45259 -1.0899 -0.24101 -0.82672 -1.1659 0.37443 -0.61957 -1.4317 0.61491 -0.25611 -0.11063 0.88042 -0.02309 -0.3514 -0.94272 0.35257 0.19551 -0.41682 -0.73972 -0.39621 -1.281 0.26471 0.79353 -1.2596 1.1204 -0.80087 -0.64779 -0.25817 0.23054 1.3987 -0.089532 -0.44401 -0.51129 0.54928 0.59397 -1.745 -0.66139 -1.211 0.98235 -0.13068 0.80939 0.57102 -0.42594 0.019874 0.20903 -0.14712 -0.09381 -0.91898 -0.19256 1.2812 1.4217 0.67169 2.4792 1.6419 -0.16575 0.00016214 1.0193 -0.35933 0.99448 0.81596 -0.88225 0.17023 0.84456 1.6652 0.71056 0.20007 -1.2311 
potato 0.65815 -0.18565 -0.05589 -0.50624 -0.18278 -0.99691 0.52668 0.0095457 0.72082 -1.0944 0.16365 -0.46461 -0.26695 -0.79757 0.017739 -0.92457 -0.081645 -0.25687 -0.20821 0.34233 -0.54456 -0.89684 0.35347 0.80035 -0.70408 -0.03563 1.3418 -0.67248 -1.0845 -0.18413 0.11379 0.63489 0.46534 0.4569 0.18979 -0.73304 -0.37409 -0.458 -0.56515 -0.077515 0.13985 -0.75789 0.23005 -0.90846 0.58187 -0.91572 -0.64208 -1.4122 -0.43661 0.54804 0.50906 -0.45896 -0.15204 0.062542 -0.3612 0.81637 -0.39947 1.2806 -0.78319 -0.56753 -0.045143 -0.16683 -1.0978 -0.035866 0.19779 0.37276 -0.74946 0.70406 0.59864 -1.0237 -0.78177 -0.62069 -1.1663 0.64639 -0.82776 -0.35528 0.98541 -0.41738 1.0984 -0.75327 -0.021836 0.75975 -0.17017 1.3283 -0.474 1.5452 0.44873 -0.045407 0.022014 1.3502 0.6797 -0.15429 0.29248 -0.58185 1.1534 0.64185 2.0849 0.014324 0.77674 0.3911 
beer -0.10223 0.0045821 -0.074729 -0.92172 -0.70826 0.042038 0.20068 -1.4808 -0.11033 -0.35148 1.0168 -2.1416 0.053403 0.57705 -0.05342 0.097742 0.16057 -0.15098 0.58524 1.388 -0.77129 -2.2599 0.17086 0.6609 -2.7011 -0.63987 1.5789 -0.26939 0.050676 1.5013 -0.22272 1.1489 0.74247 1.3179 -0.74622 0.081508 -0.23626 -0.29425 -0.50542 -1.1591 -1.6659 -0.449 -0.34755 -1.1518 0.83406 -0.29807 -1.0506 -0.41529 -0.61734 -0.27412 -0.19319 0.73356 -0.19654 -0.68391 0.15313 0.87708 -0.64755 0.43974 0.30518 -0.6998 -1.0072 -0.58534 -0.22066 0.059664 0.063684 -0.54661 0.050949 0.36726 -1.371 -0.30437 -0.098168 0.18701 -1.0267 0.6042 0.49694 0.60593 0.1734 -0.3514 0.095421 -0.25534 -0.0070637 -0.3191 1.3661 0.8322 0.38713 1.2887 1.4901 0.49923 -1.1554 0.10799 -0.72105 -0.53723 0.033164 -1.0245 -0.28198 1.6312 1.0691 -0.72917 0.41135 0.393 
walnut -0.26231 -0.068102 0.23581 -0.44476 1.3203 0.073497 0.71144 0.19239 1.0786 -0.077882 -0.015457 -1.9671 -0.88486 -0.54633 0.022477 0.12294 -0.40267 1.4213 0.10034 2.6586 -0.74588 -1.2698 1.1037 -0.98656 -0.41154 0.67934 -0.28804 -0.38865 -0.084259 -0.2696 -0.42286 1.0106 0.48476 0.36463 -0.58936 -0.49868 0.19211 -0.92369 0.53549 0.075697 -0.63233 -0.9602 -0.22101 0.10125 0.66126 0.10275 0.35777 -1.0439 0.38708 0.010492 -0.20975 -0.97877 0.23705 -0.34686 0.022108 -0.25746 -0.69324 0.5555 -0.17825 -0.40963 -1.7561 -0.65004 -0.50809 0.88374 -0.47632 -0.73915 1.2853 -0.0746 -0.85175 -0.059416 -0.90592 0.34006 -0.73681 0.05891 1.0713 1.3391 -0.39757 0.47169 -0.5165 -0.32982 -1.1576 -0.7218 0.81942 2.2045 1.1577 2.2054 1.0721 0.2267 -0.56363 -0.021783 -0.40047 0.79908 1.1471 -1.2036 0.18668 1.895 1.8138 0.042121 0.81831 -0.30987 
onion 0.79522 0.82266 -0.31294 -1.3876 0.6275 -0.44447 0.98215 0.75385 0.2534 0.15566 -1.061 -0.12625 -1.4848 0.15509 -0.81058 -0.9255 0.20701 1.6044 -0.39892 0.95917 -0.76189 -1.1827 0.75522 0.1047 -0.5963 -0.42909 1.1427 0.32907 -1.0568 -0.22311 0.15982 1.3238 0.33897 0.52147 -0.29196 0.043524 -0.21776 -1.2826 -0.35604 0.40013 -0.46373 -1.0221 -0.47415 -0.17614 0.54009 -0.85129 0.076384 -0.45381 -1.2951 -0.46533 0.83445 0.83711 0.26913 0.35198 0.39285 1.0755 0.25358 0.3692 -0.091211 -1.1863 -0.40096 -0.79124 -0.30389 -0.49808 -0.21915 0.9787 -0.34163 0.96164 0.050118 0.45539 -1.2059 0.061117 -1.7282 -0.099518 -0.04096 -0.40493 0.062502 0.11601 -0.62719 0.094757 -0.28972 0.8331 -0.776 0.97381 -0.14677 1.1054 -0.24098 0.3204 -0.40285 1.0353 0.55912 -0.34636 1.1809 -0.12128 0.7642 0.78716 1.1464 -1.1914 -0.19633 -0.77494 
turpentine 0.43267 0.88452 0.24233 -0.26555 -0.264 -0.39481 0.20935 -0.14532 0.23471 -0.051273 0.34423 -0.62471 -0.77221 -0.79013 -0.090881 -0.57824 0.016374 -0.19263 0.024146 -0.016941 -0.88762 -0.33959 0.52539 0.10848 -0.75941 -0.20278 0.39484 -0.042584 -0.31531 0.77204 -0.79068 0.15468 -0.053 -0.020253 -0.036573 -0.58505 -0.38625 -0.38501 -0.28698 0.25914 -0.82139 -0.34203 -0.078783 -0.361 -0.26665 -0.25929 -0.35506 -0.27066 -0.66419 -0.16617 0.40606 -0.097737 -0.59749 1.0318 0.12987 -0.51152 0.96447 0.14764 0.18222 -0.88099 -0.83197 -0.29445 0.3124 0.479 0.49138 -0.0518 -0.28952 0.098975 -1.2635 0.79372 0.075031 0.029844 -0.6474 0.028313 0.60096 -0.07197 -0.044882 0.59613 -0.12838 0.17481 -0.53278 -0.048636 -0.2799 1.1734 0.93462 0.98843 0.61878 1.0118 -0.27626 0.22443 -0.27779 -0.5084 0.73311 0.10851 -0.12388 0.79661 1.2242 -0.062888 0.78368 -0.46949 
mothball 0.7191 0.30762 -0.63903 -0.87603 -0.11892 -0.021544 0.30441 -0.26761 -0.19886 0.58256 -0.29117 -0.58451 -0.2056 -0.67929 0.54576 -1.0706 0.13533 -0.1386 -0.92457 -0.33339 -0.3647 0.75577 -0.33492 0.047698 -0.057193 0.085892 -0.092257 -0.59339 -0.29715 -0.26242 -0.77906 0.67522 -0.35236 0.67081 0.16995 -0.51082 -0.30101 -1.0788 -0.38083 -0.81284 -0.88016 -0.18858 0.16864 -1.1858 0.33402 -0.34088 -0.88234 -0.86391 -1.5593 -0.30936 0.17 0.4238 0.44143 0.26254 0.3462 0.35044 -0.18773 0.36124 -0.262 -0.77975 -0.58604 -0.90062 -0.27734 0.50764 0.55979 0.57192 0.93123 -0.31031 -0.53741 0.12772 0.42288 -0.18385 0.17479 0.53853 -0.02463 -0.48789 -0.14902 0.30039 0.54501 0.63655 0.12944 -0.049342 -0.67218 0.22478 -0.25812 1.1119 1.4056 0.12581 -0.17598 1.0817 -0.22964 -0.51998 0.12757 -0.084436 -0.27163 0.1158 0.64928 -0.44304 0.038018 0.39873 
disinfectant 0.12343 0.85483 -0.23439 -1.3815 -0.45895 0.1961 0.62859 0.33033 -0.64442 0.62778 0.28973 -0.54368 -0.54574 -0.59737 0.29577 -0.52092 0.018816 0.64325 -0.17191 0.12677 -0.63163 -0.031397 0.33889 0.25348 -0.81852 0.17535 0.40429 -0.54663 -0.21884 -0.38344 -0.96884 0.55534 0.82987 0.2764 -0.058872 -0.62609 -0.30117 0.087593 -0.48075 -1.2394 -1.2611 -0.51734 -0.34969 -0.37981 0.0059223 -0.36224 -0.78772 -0.72858 -0.12675 0.20747 0.23575 0.044618 -0.077476 0.86219 -0.020497 -0.20156 0.32035 0.31111 0.14508 -1.7285 -0.57162 0.076947 -0.49135 0.10543 -0.082416 0.4852 -0.53148 0.063047 -0.52242 0.82829 1.2418 -0.066314 -0.37262 0.078637 -0.069793 -0.80943 0.35862 0.16062 0.42271 0.90372 -0.38517 0.17779 -0.91595 0.70568 0.5092 0.82152 0.20429 0.61053 -0.17571 0.27329 -0.18595 -0.42015 1.058 -0.15332 -0.42471 0.19244 0.72488 -0.73614 -0.40796 -0.32568 
varnish 0.80285 0.93414 -0.090104 -1.0941 0.58826 -0.37296 -0.034314 -1.2999 -0.56803 -0.33134 0.62985 -0.40675 -0.13626 0.13852 0.24903 -1.6696 -0.32001 0.098076 0.36407 0.39963 -0.81548 -0.66616 0.66075 0.25129 -1.0681 -0.00089274 0.14672 0.047736 -0.018784 0.89506 -0.78259 1.5306 -0.44527 -0.36689 -0.31964 -0.72958 -0.2377 0.10558 0.23462 -0.24872 -1.2428 -0.47249 0.20942 -0.31197 0.29821 -0.99527 0.38986 -0.60487 -0.34995 -0.21189 -0.61697 -0.37657 -1.2967 0.19343 -0.36317 -0.57405 0.37229 0.56697 0.57963 -1.0438 -0.41258 0.15003 -0.5242 0.59702 0.29309 0.12366 0.45029 0.29103 -0.92174 0.46857 0.28656 -0.1626 0.11328 -0.056294 0.32926 0.29051 0.27064 0.67749 0.25656 0.095716 -0.014251 -0.29543 0.12728 0.70089 0.042448 1.389 0.32194 0.88014 -0.16884 0.092265 -1.3073 -0.33756 0.81611 -0.1613 -0.79695 0.52365 0.95006 -0.94356 -0.16774 -0.21885 
kerosene -0.17267 0.49609 -0.20936 -0.17187 0.52429 0.55722 0.64985 -0.71708 0.42565 -0.076743 -0.40554 -0.73705 -0.51556 -0.24694 -0.55362 -0.071923 0.007522 0.42466 -0.34458 0.14207 -0.743 -0.64116 0.15529 -0.20222 -0.077984 0.28147 0.11397 0.0058847 0.09722 0.80239 -0.3205 -0.37299 0.076983 -0.31211 0.04611 -0.11937 -0.36151 0.98615 -0.57509 -0.47614 -1.0517 -0.28683 0.10374 -0.29079 -0.81007 0.063484 -0.17727 -0.12222 -0.82811 0.36712 0.17722 0.53622 0.082519 -0.63866 -0.037799 -0.27002 1.0581 -0.48454 0.31057 -0.74696 -0.70204 0.020331 0.13859 -0.54932 -0.048733 0.23021 -0.75176 -0.5148 -0.25286 -0.45196 -0.77096 -0.42304 -0.42869 -0.11084 0.24851 -0.2405 -0.50198 0.44366 -0.029509 0.15503 -1.3435 0.43703 -0.056974 0.71655 0.4213 0.25978 0.64527 0.43438 0.47128 0.16437 0.45627 -0.98845 0.68826 -0.56993 -0.072865 0.11409 0.81411 -0.68369 -0.080337 0.14736 
solvent 0.47303 0.21052 -0.24751 -1.6839 0.10586 0.25764 0.37955 -0.35033 -0.70334 0.30083 -0.20377 -0.5308 -0.8668 -1.0431 -0.041933 -0.30893 -0.21416 1.0015 -0.28492 -0.31815 -0.31899 -1.4937 0.072033 0.31312 0.019284 0.82486 0.30983 -0.46318 0.081423 0.49624 -0.57675 -0.44292 -0.39843 0.19022 0.23661 -0.28503 -0.15386 0.016741 -0.14628 -0.25891 -0.61486 -0.65993 -0.35 -0.43539 -0.51559 -0.32976 -0.31511 -0.28793 -0.57819 -0.5816 -0.42955 0.5139 -0.90391 0.74528 -0.62456 -0.42549 0.43885 0.2269 1.1392 -0.8553 -0.86916 0.29351 0.11558 0.16303 0.12031 0.58966 0.027555 0.0039637 -1.183 0.41046 0.95034 -0.38323 -0.23423 0.29849 0.48608 -0.62406 0.067231 0.75847 0.37573 0.39158 0.088728 0.26686 -1.3717 0.22532 -0.2489 0.95024 0.16007 0.91779 -0.4208 0.58352 -0.012855 -0.30319 1.476 -0.17905 -0.29946 -0.18913 1.0595 -0.33628 -0.010976 -0.082962 
mustard 0.22949 -0.022152 0.20272 -0.18472 0.67309 -0.14299 0.22772 0.68198 0.8548 -0.85211 1.5352 -0.90922 0.19763 -0.9084 -0.49119 -0.5101 -0.68606 0.11256 0.012162 -0.39197 -1.2225 -1.0595 -0.010463 0.40123 -1.4087 0.38692 0.27904 -0.057315 -0.092188 -0.35289 -0.41597 0.36197 -0.24899 -0.32635 0.14573 -0.6307 0.70368 -0.22068 -0.63844 -0.59496 0.27617 -0.092958 -0.39976 -0.59158 0.39828 -0.15247 -0.86983 -0.88542 -0.47176 -0.074077 -0.19912 0.53401 -0.89917 0.78646 0.68824 -0.47738 -0.39186 -0.37914 -0.56921 -1.4402 -0.84767 -0.3784 -1.253 0.087883 0.10381 -0.47215 0.12837 -0.57599 -0.49199 0.18467 -0.39165 0.79059 -0.87751 0.7479 -0.024467 -0.12865 0.41833 0.061507 -0.2102 -0.19398 -1.1867 -0.0062621 0.14478 1.2475 0.9771 0.85897 0.55137 0.85765 0.48072 0.23501 -0.30924 -0.98395 0.60692 -0.54796 -0.1909 1.4782 1.8411 -0.62915 0.4615 0.27687 
manure -0.040171 0.90883 -0.47477 -0.45046 -0.31562 -0.6056 0.77973 -0.82644 -0.032081 0.098835 -0.87821 -0.45918 -0.46902 -0.68538 -0.46036 -0.96596 0.51124 -0.459 -1.0579 0.053194 -0.70051 -1.2333 -0.20622 0.40219 -0.54991 -0.47043 0.37937 -0.26093 0.36207 1.04 -0.038629 0.50816 -0.27567 -0.54569 -0.98768 -0.48997 -0.23269 -0.91392 -0.79309 -0.31793 -0.63431 -0.033036 -0.66545 -1.0443 -0.45668 0.24033 -0.68767 0.44984 -0.25524 0.29322 0.21501 0.55475 -0.26548 0.62607 -0.32486 0.7523 0.37371 -0.31891 -0.39209 -0.53386 -1.1177 0.036113 0.4977 0.34568 -0.30426 0.31846 -0.40614 -0.30214 -1.0229 0.3336 -0.47038 0.6683 -0.54183 0.36928 -0.027919 -0.35377 -0.48736 -0.43743 0.52282 0.27633 -0.3924 0.5743 -0.55002 -0.11642 -0.78564 0.99912 0.41408 0.90288 -0.18345 0.14116 -0.7286 -0.75546 0.13183 -0.085758 -0.36772 0.39312 0.15859 -0.11782 -0.076784 0.28875 
rope 0.54944 0.84202 -1.0432 -0.1977 -0.21998 -0.22927 0.12685 -1.066 1.2508 -0.81847 0.16184 -1.5474 1.0437 -1.4274 0.25324 -1.6153 0.020301 -0.53388 -0.36771 0.34166 -0.27423 -0.94747 0.048349 0.89871 -0.5802 0.15338 0.0034949 -0.017024 0.059429 0.53713 -0.43867 -1.0692 0.66528 -0.69114 1.5028 0.54615 -0.28852 0.18689 0.94912 0.3545 -0.16556 0.60503 -1.1858 0.62595 -0.022308 -0.18661 -0.78317 -0.65805 0.1698 0.11589 -0.10913 1.0453 0.023997 0.60266 0.28095 -0.24624 0.42603 0.91215 -0.36375 -1.2004 -1.1527 -0.24966 0.70087 0.45928 0.241 -0.42152 -0.077608 0.26437 -1.8004 -0.94703 -0.8381 -0.038075 -0.95955 -0.72406 -0.78415 -0.1608 -0.19778 0.69237 0.4727 -0.88258 -0.35003 0.11957 -0.37168 0.50635 -1.242 1.3978 -0.0053615 0.036385 -0.89007 0.29548 0.051158 0.033833 -0.15537 0.53261 -0.42538 1.0479 2.0363 -1.2581 0.51556 0.26213 
creosote 0.11796 0.4303 -0.16267 -0.093455 0.17375 -0.04544 -0.19681 -0.8788 0.42168 0.22477 0.086962 -0.25352 -0.31032 -0.3714 0.54009 -0.15611 -0.092969 -0.030718 -0.28955 0.53587 -0.61841 -0.65056 0.30085 -0.098815 -0.28828 0.17737 0.20208 -0.36099 0.093392 0.37564 -0.39792 0.048448 -0.31742 -0.035146 -0.42325 0.13688 -0.3368 0.090311 0.019144 -0.21996 -0.73715 -0.5204 -0.20502 -0.11962 -0.040253 -0.41517 -0.61475 0.010086 0.0084969 -0.50891 -0.24145 0.30874 -0.44207 0.5444 0.25004 -0.38295 0.14691 0.14565 -0.015385 -0.82748 -0.29987 0.30359 0.12045 0.084373 -0.2623 -0.23552 0.21836 0.25649 -0.37558 -0.011319 -0.44211 0.43589 -0.31306 -0.14482 0.84143 0.33424 -0.0079511 0.54635 0.25833 -0.2548 -0.60833 0.20852 -0.027332 0.5148 0.15591 0.34618 0.20719 0.053552 -0.069045 0.11557 -0.65917 -0.053471 0.19336 -0.37098 -0.67906 0.30072 1.2938 -0.36473 0.34894 0.40337 
cork 0.49568 0.43979 -0.98367 -1.943 -0.16395 -0.44358 -0.382 -0.52629 1.0989 0.0076005 -0.26663 -0.89759 -1.6419 -1.5181 1.2128 -1.1332 -0.42577 0.65992 -0.61174 1.3831 -0.6594 -0.72073 0.36897 -0.16659 -0.47199 0.22265 0.33126 0.66893 -0.10678 -0.22157 -0.47811 0.21175 -0.81119 -0.60434 -0.16055 -0.059079 0.60384 -0.90562 1.3575 -0.22252 -0.38019 0.47926 -0.74282 0.94581 -0.93398 -0.45797 -1.4179 -0.71831 0.30346 0.33884 0.59837 0.11973 1.0088 -0.0053225 -0.24849 0.007086 -0.12469 0.59685 0.74019 -0.5756 0.24791 0.5485 0.72673 -0.55135 0.99912 -0.7303 0.89074 0.66945 -0.87352 -0.018193 -0.77125 1.4658 -0.6359 0.92743 0.49894 0.98056 0.2827 0.32968 -0.62687 -0.66252 0.43831 -0.23737 -0.76742 1.2542 -0.55128 1.1154 0.32959 0.30533 -0.20952 0.17035 -0.31456 -0.094865 -0.36256 -0.69437 -0.83803 0.50304 2.1479 -1.1101 0.37282 -1.2352 
mouse 0.89766 0.24946 -0.8605 -1.1812 0.62701 -0.461 0.19192 -1.2211 -0.12901 -0.09664 0.037829 -1.4535 0.042366 -0.93415 -0.29462 -0.91112 -0.23862 0.12407 -0.77164 0.44347 -0.26301 -1.0044 -0.80349 0.16507 -0.14549 0.39894 1.2753 0.23353 -0.15 0.13312 -0.35651 -0.31595 -0.39646 0.21751 0.49596 -0.065924 -0.40411 -0.67285 -0.58565 -0.21373 -1.0058 0.65664 -1.0394 0.28822 -0.34435 0.64725 -0.98144 -0.56513 -1.8217 -1.1201 0.054926 1.0146 -0.1904 0.443 -0.15191 -0.027688 -0.19159 -0.19105 0.28364 -1.3289 0.2215 0.11327 -0.092791 2.0856 -0.39181 -0.51964 0.19708 1.0332 -1.3778 0.38419 -1.6306 -0.2174 -0.2801 -0.3067 1.028 -0.46671 0.99352 0.3178 1.5102 -0.05169 -0.046551 0.39204 -0.63839 0.11001 -1.2212 0.38257 0.70937 -0.66898 -0.37995 0.39569 0.6723 -0.89698 0.95173 -1.1179 -0.29557 -0.1856 1.1694 -0.77436 0.29434 0.029432 
