96 100 
perfume 1.2148 0.43389 -0.64512 0.53411 0.01461 -0.46291 0.29291 -0.16597 0.73599 0.56403 -0.67148 -0.28425 -0.24235 -0.17746 -1.1525 -0.48214 0.58065 -0.21473 0.57577 -0.69544 0.65045 0.15045 0.68638 -0.34898 -0.082115 0.4208 -0.38619 -0.23641 0.20481 -0.12979 0.43014 -0.46605 -1.1551 -0.67691 1.001 0.076463 -1.1439 1.5279 0.61591 0.79668 -0.49466 0.6036 -0.34778 0.086058 -0.13693 0.95119 0.02297 0.89539 -0.63886 0.28918 0.099532 1.2675 -0.7902 -0.61076 -0.27064 1.2657 -0.054385 0.015753 -0.42759 -1.0563 -0.31187 -0.51127 -0.04118 -0.61356 -0.31628 -0.92111 0.30506 0.48069 0.21402 -0.052254 0.17273 -0.44871 0.023863 -0.3229 0.76434 -0.93903 0.5528 0.91862 0.94043 1.0382 1.202 -1.3058 -1.0494 -2.1268 -0.40199 -0.26319 0.68985 -0.077915 0.69026 0.33141 -0.7953 -0.53968 0.074656 0.15794 1.3444 -0.64121 -0.22213 1.1006 -0.21704 0.36117 
vanilla -1.9561 -0.11699 -0.56313 0.26291 0.17593 1.4385 1.4214 1.1148 2.6244 1.0826 -0.31022 -0.013216 0.11566 -0.55606 0.62302 0.86608 -0.48043 -0.45682 0.8384 -0.077847 -0.087299 -0.40844 1.5443 -0.43358 0.16033 0.93134 -0.62316 0.037563 -0.64663 -1.4452 -1.7541 0.42143 -0.197 -0.22105 -0.81165 -0.66037 -0.42435 -0.019963 -1.3494 -0.6047 0.41169 0.12213 -1.5313 -0.54149 0.12783 -0.17126 -0.24426 -0.83751 -0.29456 0.16967 -2.0301 -0.026925 0.27887 -0.12495 1.0993 0.24599 -0.36527 0.024302 -0.56997 -1.6048 -1.9422 0.2938 0.2038 -0.51003 0.58856 -0.090706 -0.36708 2.588 -1.0401 -0.28182 -1.0725 1.4865 0.61996 0.1394 1.3191 -0.56181 0.23875 1.5669 -1.0383 0.52147 2.1307 -1.2756 -1.0507 0.027689 0.71712 -0.41229 -1.222 -0.50505 -0.34585 -1.1184 -0.45021 0.24926 -0.95694 0.28239 -0.83869 0.67027 -0.95695 -0.31235 -0.70838 -0.7344 
citrus -0.26979 1.8179 -1.6193 -1.0984 -0.73112 1.206 1.8247 0.29222 0.7721 -0.85625 1.0309 -0.56804 0.46787 -0.37535 1.299 -0.15874 -0.40867 -0.76769 0.27484 1.2056 -0.18897 -0.82683 1.0292 0.20579 0.38359 1.1403 -3.0251 0.70516 -1.1503 -0.47351 -0.73011 -0.54668 -2.2519 -1.712 -0.11373 -0.11073 -0.91896 -0.22729 -0.54516 0.88856 0.59088 -0.52406 -0.018241 -0.26055 1.5519 0.11153 0.97283 -0.44102 0.096804 -1.699 -1.9288 0.31131 -0.34953 0.65954 0.039623 -1.3424 0.53844 -1.9219 2.0518 0.5009 -1.3948 1.1836 0.88309 -0.55855 -0.032139 1.5813 -0.73037 1.5106 -0.24493 0.58612 -1.4589 0.48656 -0.25105 0.66137 -0.70601 0.12663 1.4084 0.6347 -1.4523 -0.70356 2.2968 -0.1471 -1.7596 -0.48636 0.78545 -1.8354 -1.2293 -0.46246 -0.91065 -0.95433 -0.056505 1.0504 -1.3216 0.78754 -0.17475 0.03999 -1.0101 1.8478 -0.5627 -1.0314 
leather -0.65954 0.89957 -1.0487 -0.96519 -0.77168 0.72434 0.60077 0.43155 1.9909 1.0733 0.90639 0.33126 0.77013 0.60319 2.3173 -1.3693 -0.80604 -0.15097 0.72008 -0.014993 0.6973 -0.47002 1.4248 -0.89309 1.3773 -0.80932 0.97462 -0.60584 -0.45825 0.10496 -1.6332 1.5848 -1.1557 -1.177 -0.6805 -1.4188 -0.59215 0.17515 -0.43967 0.1177 0.20434 0.68283 -2.0955 -0.089111 -0.58265 -1.4516 -1.3075 0.69374 -1.471 -0.096281 -0.93739 0.098424 -0.55462 0.45453 1.3285 0.33046 0.51607 -0.096272 -0.47665 -1.2542 0.19648 -0.58873 0.66431 1.307 1.0203 0.82301 0.81717 1.1002 -0.28934 1.2657 -0.49188 0.72619 -0.17121 -0.40225 0.069565 -0.50458 1.2051 2.0775 -1.4563 1.3977 2.146 -0.78414 -1.2382 -1.0236 0.70356 -0.86014 -1.0137 0.91768 -0.43409 -0.89384 -1.6108 -1.2399 0.084931 0.68612 1.6806 0.021424 -0.88446 1.0523 -0.13018 -0.82888 
rose 1.0636 -2.0368 -1.4252 0.026653 -0.86804 -0.41658 3.279 2.3319 2.006 -0.28614 1.18 -0.48806 2.6502 0.59306 0.26179 1.7093 1.8094 -1.8208 -0.03835 -0.89407 -0.53502 -0.061017 1.4491 -0.20958 0.81062 -0.93379 0.029529 -2.806 -1.0355 1.6651 -2.8861 -0.63814 -1.8037 -2.6274 0.85194 -1.9442 -0.1037 2.1885 -0.54288 -0.13242 2.4636 -2.2651 0.29754 -0.90222 1.2183 0.30498 -0.66042 -0.47764 -0.10336 0.75041 -1.6472 2.2365 -0.87417 -0.27451 0.10656 -0.72464 1.8658 2.107 0.67033 -1.8326 -3.907 -2.6452 -0.84926 -0.82625 0.23444 0.75103 0.80676 1.1316 0.17086 1.0091 -1.5146 0.85744 -0.567 1.5027 0.30541 -2.8858 0.20134 1.7511 -1.0104 -0.12156 2.3466 -0.55266 -1.8783 -1.8668 -0.052073 -1.4948 0.028335 -1.9 0.11923 -1.65 -2.4812 -0.53278 1.4724 1.5051 2.102 1.7553 -0.40111 0.77661 0.45846 0.24488 
wine 4.5462 -1.5863 -3.5888 -0.52745 -2.2093 2.498 3.5549 -1.1504 2.9337 2.2817 2.3695 1.2779 -2.1887 1.742 0.43596 1.8298 -1.1514 -0.79626 1.5081 2.1711 0.3661 3.4156 0.58815 -1.1099 0.004689 -0.49471 0.89321 -0.66906 -1.4525 -0.023048 1.9603 -0.82719 1.7479 0.61617 3.0042 0.86255 0.48511 0.64559 0.22597 0.52528 -0.32476 0.55031 0.32018 0.90936 0.65652 -0.14349 -0.34996 -2.6806 -2.685 -1.3163 -0.40233 -0.91646 -5.0168 -1.5499 -2.6795 -3.0248 -1.989 0.92808 2.2803 2.0966 3.4179 0.943 1.7271 1.5936 0.44257 -2.4353 1.2287 3.034 -1.2205 -1.4948 -4.6694 1.5363 -1.3555 0.97982 0.77294 1.5259 -2.1261 2.1213 -1.1289 -1.3854 3.8806 -0.79476 -2.0818 -0.29112 2.7182 -4.2753 0.25103 -0.37339 -1.0347 -0.87951 -3.2022 -0.87719 -0.5103 2.4921 -4.4522 0.43702 -3.978 -2.0603 1.5562 -1.2072 
tobacco -0.76718 -0.11976 -1.1914 -1.1792 -0.50905 0.96731 1.6977 0.60427 2.0587 0.20304 0.17581 0.99425 0.89768 0.24563 2.976 -0.085891 -1.3989 0.1471 0.44651 0.64222 -0.1595 -0.21517 1.2162 -0.68967 1.184 -0.92041 0.16843 1.3549 -0.90145 0.23825 -2.7451 1.5185 -0.74671 -0.1675 -0.41042 -1.6275 0.42553 0.16701 -0.9545 0.30509 0.66824 0.8783 -1.4474 0.24449 -0.46424 -1.9507 -0.82062 0.6878 -1.1638 1.3189 -1.5914 -0.037974 0.18255 -0.10106 0.87856 0.53458 0.85037 0.055548 -0.188 -1.6234 -0.62419 0.5675 0.25732 -0.24004 0.56241 0.02538 0.28404 2.6715 -1.2711 0.92682 0.22759 0.92372 1.5648 0.8246 0.54004 -0.46995 0.13516 1.8557 -2.0369 0.058144 2.1991 -0.41466 -0.79163 0.20554 1.2612 -1.0065 -0.72031 0.67527 -1.0975 -0.31151 -0.37454 -0.89723 -0.92417 0.24489 0.65121 0.10749 -1.0799 0.63834 0.37802 -0.10942 
coffee -0.99072 -0.5959 -0.61498 -1.7912 -0.38782 -1.9238 2.6213 1.3362 0.22992 1.9541 -1.4399 -0.12618 0.41992 -0.67999 1.7589 1.1549 -0.57399 -0.35738 0.82652 0.6877 -0.80572 -0.50325 1.3847 -0.56989 0.10408 1.0816 1.8624 -0.32272 -2.6407 -0.42606 -0.93946 0.49089 -1.0928 0.96317 -1.166 -0.76109 1.3512 -1.2072 -0.61843 1.3 0.019504 2.2782 -0.74598 -1.0382 -1.9934 -0.87999 0.097902 0.63045 -0.82943 0.78028 -0.30007 -0.6574 0.63957 -0.99848 -0.14982 1.2998 -1.0173 -0.14145 -0.4027 -1.2749 1.2535 1.3815 2.2395 -0.63007 0.84543 -0.96607 -2.4964 4.6687 0.42109 -0.73375 -1.5251 1.1951 -1.4459 0.011707 2.1715 -1.364 -0.3317 0.61169 -0.73817 0.10733 2.9081 -0.30776 -0.19855 -0.86278 -0.56964 0.73704 0.54441 -0.87736 0.13432 -0.70666 -0.74232 -0.5138 -0.051618 0.086656 -0.2821 -0.16891 -2.2891 -0.31865 0.74295 -0.52736 
berry -1.463 -0.050985 -2.0002 -2.0705 -3.4629 1.0761 3.7086 2.8153 1.6626 1.6311 2.5986 -0.82317 2.1787 0.47533 1.2839 1.0263 1.5277 -0.49531 0.74212 2.1466 -0.17711 -0.10517 -0.54418 -0.22203 -1.3019 -2.1923 0.51998 -1.1197 -1.8207 -2.1661 -1.7932 2.2047 2.0417 -1.4132 0.094412 -3.0894 0.75619 1.2478 -0.90323 -0.019043 0.28613 0.0018509 1.1994 0.65382 3.5944 -1.6629 0.85559 -0.81962 -3.1256 0.78277 -0.8107 -1.034 -1.945 0.28432 -0.055757 -2.1461 0.86036 0.37331 -2.4137 1.8004 0.60259 1.5434 1.4831 0.3382 1.0759 -0.25513 -0.59955 4.3562 -0.45175 -0.36834 -3.6203 1.7911 0.18989 -0.81624 -0.59771 2.6797 0.82318 1.6511 -2.5909 -2.0239 1.2723 -1.5497 -1.9182 0.072067 1.7229 -3.5983 -2.5869 -1.1639 -2.3313 -1.8352 -3.3105 -0.74156 -1.796 1.4558 -0.65681 0.91126 -2.1967 -1.648 -0.34934 -1.4917 
cherry -1.0447 -1.2332 -1.6505 -2.1008 -2.1061 1.9192 3.5782 2.3652 2.3102 1.3588 1.0989 0.22342 1.5772 0.15593 1.0914 0.37447 -1.0792 -0.48903 1.1972 2.3361 1.0188 -0.32161 0.33568 -0.73557 -2.173 -1.2016 0.76989 -1.028 -1.4541 -1.8771 -1.3535 2.1736 1.3027 -0.988 0.43334 -3.0949 0.38461 0.87639 -0.48974 0.058567 0.63327 0.53763 1.6107 0.32089 1.5764 -1.6097 -1.9024 -1.0283 -1.4126 1.9403 -0.27452 -0.23001 -1.2564 -1.1632 -1.0659 -1.1986 1.1143 1.0507 -0.70306 0.78341 -0.32076 2.7608 0.76729 0.53224 -0.33093 -0.091521 0.28949 4.0203 -1.2981 -0.62543 -4.3564 1.6384 0.51605 -1.8762 -0.58099 2.4613 -0.97745 1.4233 -0.84379 -1.4245 0.53288 -0.10938 -1.4715 0.026976 3.2162 -4.0984 -2.042 -1.3043 -1.415 -2.3109 -2.6764 -0.20032 -0.41073 1.4253 -1.2867 0.66931 -1.6551 -1.4285 0.074061 -1.058 
incense 0.36618 1.7103 -1.4207 1.6038 -1.5104 0.65618 1.1321 0.51281 1.3106 1.8358 0.27343 0.015008 1.5815 1.7758 1.4482 1.3966 -0.89685 -0.74927 0.2659 -0.36622 -0.85678 -0.50916 1.5318 -0.64719 -0.13084 -0.70656 -0.24028 -0.5438 -1.0426 0.27785 -1.5722 -0.074081 -1.8025 -1.1542 -0.062536 -1.3646 0.45874 1.1598 -2.3326 1.175 0.80131 0.11847 -1.4622 -0.15213 -1.1084 0.31628 0.59863 -1.2865 -1.4387 -1.3527 -1.7928 0.14497 -0.56125 0.86169 1.2722 1.6908 -0.48923 0.45616 1.0883 -1.8537 -1.5979 0.38408 -0.91062 -0.9408 0.56141 1.0258 0.29369 1.6933 -0.45647 1.2874 1.3306 1.0431 0.33061 0.95132 1.0245 -2.2508 0.86387 1.9616 -0.81383 0.97537 1.1453 -0.97612 -1.1438 -0.79257 1.3206 -1.4968 0.078542 -0.58152 -0.73055 0.24505 -1.4428 0.36063 -0.43445 -0.34232 0.82143 -0.52815 -0.19542 1.0316 -0.20054 -0.053443 
tea 1.3365 -3.4215 -1.4537 -0.46409 -0.25842 -0.94814 3.0404 3.7008 0.53423 1.9805 0.41184 -0.057378 1.6835 -0.49815 0.89662 3.2184 -1.1241 -2.371 -0.94019 1.29 -0.38991 -2.6661 2.9547 2.1924 -0.77662 4.0978 2.1168 -2.339 -1.251 2.8351 -2.1717 0.87587 -3.049 -1.322 1.1968 -2.4196 0.47573 -0.43445 0.64592 0.92996 3.7688 -0.93108 0.80442 -0.42979 -3.1155 -2.703 1.5472 2.339 -1.3394 1.1599 1.7292 -1.1143 2.8701 2.6466 -1.5878 -0.032837 -2.0159 -2.1711 4.1706 -2.3579 -1.2896 2.5632 -0.51461 -1.6149 -0.70664 -1.0679 -4.9661 6.717 2.1875 -0.71876 -2.3138 1.607 -3.8175 1.0372 2.7305 -1.9568 3.461 -1.4949 0.59793 -2.1526 3.4576 -1.1861 -0.59975 -1.5984 0.57542 1.835 1.26 0.11758 -0.79367 1.0114 -2.1103 1.2599 3.6432 0.98408 0.39366 -1.7134 -5.9554 2.8376 2.897 0.74483 
lemon -1.0437 0.66278 -1.4541 -1.0363 -0.7684 -0.04387 2.7428 1.7893 0.95642 -0.80563 0.90193 -1.373 1.0189 -0.55689 -0.54588 -1.5925 -0.45841 -0.48491 -0.41259 2.1289 0.17314 -1.728 1.4707 -0.038335 -0.21801 1.3617 -2.0473 0.35729 -0.95193 -1.4069 -0.023909 0.42765 -0.87842 -1.2045 -0.38524 -0.6009 -1.307 -0.52573 -1.7102 0.45275 0.14917 0.11868 0.44851 -0.13967 2.0405 -1.5257 1.02 0.070896 -1.109 -3.5133 -0.72795 0.77809 0.65969 0.59386 -0.17163 -2.0267 0.75429 -0.4138 3.9326 1.2358 -3.4098 0.0071821 1.4725 -0.61539 -0.19141 2.5765 -1.4042 1.5584 -0.98131 -1.496 -2.3752 -0.16041 -1.2047 1.2786 0.40002 -0.23984 0.39183 -0.053045 -0.7391 -1.0902 1.7515 -1.007 -1.2707 -0.4938 1.641 -2.1752 -1.1277 0.5622 -0.31814 -1.888 1.6959 1.9887 -0.43129 1.3291 0.36692 0.80244 -0.97792 1.4353 0.17383 -3.4641 
cologne 0.051365 2.0498 -2.3453 -1.5302 0.99662 -0.82173 0.61433 -1.9535 0.35839 0.17046 -1.3327 -0.86546 -0.85364 -0.21475 -1.059 -1.31 1.5122 0.31293 -0.46828 0.39324 0.54131 0.55506 1.0903 -0.27086 0.8069 0.62482 -1.8672 -0.52207 -0.12087 -0.30089 0.25634 0.066771 -2.1825 -0.37517 0.17138 0.2332 -0.97475 0.73339 0.41978 2.625 0.16413 1.7222 0.84859 0.58634 -0.75456 0.50997 0.41009 1.0995 -0.57067 -2.0932 -0.7144 0.21773 -0.10877 -0.76048 -0.50471 0.20276 0.014392 -0.18316 -0.51393 -0.082305 -0.74378 0.53994 0.70586 -0.35796 -1.5521 0.90263 0.81391 0.42766 0.26117 0.1735 -0.52446 0.0066153 -0.15512 -1.0998 -0.94417 -0.098533 0.42702 -0.40203 0.79597 0.51034 1.7082 0.10111 -1.5635 -2.3894 -0.040094 -0.57703 -0.81523 0.66426 0.61687 -0.21003 0.01595 0.15796 -0.8334 0.14851 1.4465 -0.089416 -0.44137 0.95751 -0.29365 0.53167 
lavender -1.1483 1.2677 -1.4742 -1.4016 0.22553 1.1 1.1803 0.50724 1.8565 0.24917 0.086777 -0.48565 0.69851 -1.048 0.85956 -0.22508 -0.056386 -0.80836 0.088671 -0.12805 -1.1004 -0.95576 2.0763 1.0845 0.32774 0.18028 -1.2527 -0.62909 -0.80354 -0.76158 -1.7598 -0.29694 -2.2167 -0.74045 -0.67237 -0.7672 0.44445 0.61397 0.068668 1.5017 0.19484 -0.4108 -0.44645 -0.50181 1.395 -1.1623 0.72462 0.77292 -0.31811 -1.2874 -1.3914 0.61656 -0.024286 0.14335 0.30642 -0.61115 0.32597 -0.20717 2.191 1.1699 -1.4983 -0.84372 -0.27726 -0.42564 -0.71286 1.8512 0.34578 1.8752 -0.56705 0.87335 -0.024651 0.71566 -0.64995 0.68031 -0.37197 -0.26397 0.52403 1.4037 -0.23067 0.31096 2.3758 -0.64417 -1.4966 -1.1165 -0.31203 -0.29462 -0.71653 0.76727 -0.12986 -1.3014 -0.5643 0.75701 -0.44613 -0.16462 0.62203 0.024135 -1.2942 0.18144 -0.15546 -1.0473 
orange -0.18472 0.43273 -1.7767 -1.1241 -0.57441 0.86888 1.8193 0.55359 -0.063871 -1.2736 0.48585 -0.52867 1.8774 -0.49731 0.9395 -0.28067 -0.39698 1.0424 0.44888 1.4803 0.26099 -1.8298 1.101 0.014556 -0.67765 1.3317 -1.6362 1.0453 -1.0703 -0.54622 -0.14293 -0.24463 -0.8829 -0.23182 0.33498 -0.76477 -2.1466 0.29772 -0.56061 -0.31266 0.8823 0.14094 -0.049717 0.35674 0.5007 -1.1792 0.70769 -2.1459 -0.45178 -1.2539 -0.79171 1.9644 0.58006 1.5927 0.11112 0.27256 0.83509 -0.39813 2.8782 -0.065996 -4.4709 -0.3749 1.6277 -1.0432 -0.58444 1.1773 -0.45766 2.5321 0.32757 -0.4757 -1.4202 1.0925 0.057997 0.74576 0.15187 0.027531 0.96121 -1.3789 -2.9485 -0.31232 2.3416 -0.87266 -1.2504 -1.2214 0.48359 -1.1117 -0.43236 -1.2086 -0.47629 -0.18498 -0.728 1.079 0.048333 1.0604 0.8061 1.3767 -1.3376 1.0807 -0.6749 -1.4847 
cedar -1.9587 1.9765 -1.5412 0.24314 -0.76898 2.5074 2.4995 1.6331 3.0088 1.269 0.030808 -1.355 1.4967 1.3832 1.7699 2.2365 -0.71544 -1.6185 -1.1344 0.20504 -1.9658 -0.31934 3.0194 -0.62265 0.12457 -1.9966 -1.3699 0.041088 -1.6153 0.3227 -0.90415 0.21601 -0.2911 -2.2048 -2.7369 -2.2691 -0.93264 1.0335 -2.2553 1.1726 0.92991 1.3157 -1.0426 -0.36358 0.91954 -1.6935 -0.79342 -1.0643 -1.5374 -2.1412 -2.079 0.58755 0.6761 1.1989 0.67217 0.58821 -0.15022 -1.5824 -0.23202 0.24573 -0.8752 0.52031 -0.57051 0.4088 0.82356 1.7694 0.95751 1.6651 -2.2459 0.071438 1.7886 1.9741 0.5383 1.2753 0.6152 -1.4953 -0.13614 1.61 -1.8212 -0.093237 1.3364 -0.085317 -1.1169 0.1013 1.7587 -0.97873 -2.3944 0.061081 -0.30641 -0.55347 -2.0244 0.078537 0.1963 -0.40265 -0.7857 1.31 -0.56964 -0.10511 0.27702 -0.70662 
apple -0.2979 -0.99022 -2.246 -0.65442 0.51744 0.025915 3.1253 2.0534 0.044788 -1.4322 1.4602 -1.7128 1.1237 0.23851 -0.060486 0.29564 -2.4973 -0.26847 -1.2071 1.528 0.90888 -1.2216 0.75683 -2.6378 -2.5609 0.26117 -2.124 0.28693 -0.25857 -2.679 0.75866 0.28854 0.25066 -0.3522 -2.1786 0.57384 -0.93539 0.92125 -1.8232 -0.31771 0.16269 0.94759 0.98822 0.26405 1.4545 -0.15362 1.6418 -2.1048 -2.8855 -1.4026 -2.1386 0.7994 -0.0028907 2.1439 -0.45503 -1.6338 0.8014 -0.60367 2.6948 1.237 -1.495 2.1131 0.74674 0.54902 1.0689 -0.93562 -1.4086 2.4695 -2.0789 -1.3593 -4.0126 -0.24054 0.74676 0.96773 -1.1792 0.86 0.076566 1.5968 -1.3531 -2.127 2.6259 -2.9443 -1.1207 1.8572 1.016 -1.7544 -2.2841 0.33472 -1.3959 -2.2789 0.23963 -0.72797 -1.2539 1.2275 -0.80696 -0.30831 -1.4976 1.1188 -1.6993 -1.452 
peach 0.96953 -2.1904 -2.38 0.53787 -0.81021 1.1192 2.9821 1.6757 1.0443 -1.7143 0.67404 -1.1473 0.65428 0.095228 -0.21208 0.66253 -2.4256 -1.8568 0.31762 1.1291 1.6566 -1.3834 0.084992 -0.5441 -2.2636 2.7563 -1.4772 1.9204 -0.13046 -0.87399 -0.51639 -0.64224 -0.61553 0.42287 -0.92407 -1.76 -1.8201 1.8944 -0.14409 -1.438 2.1439 -0.14554 -0.97221 0.61525 1.7375 0.01795 -0.10182 -3.0923 -1.3863 -0.2553 -1.4391 1.5393 -0.33274 1.679 0.15543 -2.5166 0.68228 -1.2431 1.4811 2.0845 -1.8599 0.71589 0.27733 -0.5745 1.4543 -1.1081 -0.72995 2.1141 -0.78209 -1.1066 -4.276 -0.045685 0.48957 0.25651 0.12609 1.4839 0.51455 -0.14617 -0.28186 -0.055061 1.3249 -1.3358 -1.2476 1.7718 1.8613 -2.1678 -0.20506 -0.52352 -1.9416 -3.5311 -1.1603 -1.6913 -1.4606 3.7369 -1.7115 -1.1054 0.83502 1.4774 -0.51042 -2.2538 
honey 0.076645 -1.5719 -1.6563 0.66883 -0.1416 0.65843 2.1052 0.56922 1.6622 0.72837 0.49546 0.58288 0.37396 -0.41553 -1.141 0.37904 -1.5235 -0.56411 0.88653 -0.95593 0.6562 -1.5002 0.56442 -0.89542 -0.65334 1.1415 -0.48075 1.8841 -1.349 -0.69806 -1.4002 0.74315 -0.82782 2.0106 0.20268 -1.164 1.4284 -0.03475 -0.74719 -1.5715 1.0629 -0.26385 -1.6523 1.2729 -0.09775 -0.85331 -0.013234 -2.8413 -0.56293 0.38276 -2.7211 1.7079 -0.39135 1.2695 2.8789 -0.18166 0.96048 0.55107 0.9108 -0.0082111 -3.5271 0.14814 -1.133 0.1439 0.73675 -0.53817 -0.62524 3.7382 -0.18435 -0.87047 -3.0508 1.8271 0.77572 0.67233 2.3535 -0.92736 0.63088 1.4735 -1.2259 -0.59812 2.5518 -0.7379 -0.81592 0.86393 1.5683 -1.7712 0.63254 -0.073199 -2.5021 -2.9011 -0.28596 -0.22457 0.15272 2.5124 -0.51374 0.42711 -0.086765 1.3361 -0.39935 -0.29973 
violet -0.096519 0.056674 -0.12728 -1.2928 -1.0934 1.3598 2.3099 1.4395 1.8734 0.45951 1.7448 -0.53635 1.2669 -0.642 1.8513 1.9471 -0.067136 -0.78019 0.90089 0.44063 -0.2041 -0.95664 1.5878 1.8907 -0.65366 -0.47748 0.011132 -0.82296 -0.72786 1.1727 -2.8446 -0.43756 0.42291 -1.5067 -0.095953 -0.58999 -0.30281 1.7758 -0.72003 -0.014825 0.17063 -1.6983 -0.26801 -0.94071 1.3876 -1.6285 0.3083 0.29139 -1.3416 1.2647 0.5426 0.79888 0.22344 0.39665 1.0131 -0.83043 1.0577 0.43585 1.1253 0.41507 -2.1235 -2.1591 0.11805 -0.00061744 1.0844 0.91598 1.7984 1.7238 -0.98104 0.15928 -0.34843 0.22326 0.88365 -0.12133 -0.7804 0.0911 0.97521 0.51975 -0.49074 0.52549 2.0708 -1.1111 -1.2793 -2.12 -0.56036 -1.3843 -0.45552 0.12845 0.76802 -1.6033 -2.9975 0.36539 -0.78451 0.63672 -0.97924 1.4779 -0.38442 0.094653 0.049099 -0.25738 
cinnamon -0.4954 0.39766 -0.91805 -0.16282 -0.54766 1.4047 1.321 1.0636 2.16 0.61273 -0.59906 -0.11992 1.7218 -0.3381 1.2748 1.5296 -0.71431 -0.036538 -0.28505 1.1982 -0.49997 -0.7375 1.7059 -0.24721 -0.82271 0.0095629 -0.80843 -0.001183 -1.4348 -0.571 -1.0246 0.90559 0.10142 -0.98567 -0.19949 -2.2422 -0.47348 -0.13515 -0.60547 -1.2066 0.27067 0.0064136 -1.3211 0.38352 0.29604 -0.51282 0.96648 -0.45727 -1.0554 -0.46307 -1.4564 0.60892 0.01161 -0.36124 0.24414 0.76003 0.69722 1.3856 0.34184 -0.27851 -2.2329 -0.9305 0.4956 0.49219 0.19689 1.6277 -1.3405 3.1743 -1.7785 -0.21447 -0.97672 0.76342 1.1067 0.8821 1.0544 -1.0941 -0.88946 1.3299 -1.2926 -0.84063 1.4841 -0.90373 -0.28049 1.0487 0.94641 -0.78114 -0.10471 -0.5759 -0.68704 -1.2189 -0.34057 0.4168 -0.53503 -0.028188 -1.0037 0.94268 -1.8651 -0.22558 -0.12624 -0.43125 
smoke -0.10706 1.3693 -0.68349 -0.51795 -3.0089 1.1718 2.6952 -0.1513 1.2136 0.0091575 -0.47544 1.2917 1.7766 1.5337 1.8837 1.2144 -1.3279 -0.33269 1.262 1.5732 -1.3418 -0.57959 0.030351 -1.878 -0.55511 -1.734 1.3371 -0.10718 1.2838 0.033406 -2.1253 1.5204 -0.34384 -0.64954 -2.1942 -1.1463 0.73663 -0.74318 -2.7379 -1.1513 -0.1035 1.6877 -1.458 0.68314 -1.071 -1.8578 -0.61464 -1.2101 -3.8562 -0.32838 -1.1778 0.4697 0.35705 -0.71369 1.206 2.219 0.69924 1.4615 1.2494 -1.2621 0.48982 2.151 -0.38679 1.0068 3.4364 0.1901 -0.75321 3.1024 -1.3186 0.23672 -0.5375 1.5035 0.66259 1.0676 1.8396 -0.065142 0.05236 1.4152 -0.68625 0.80974 -0.52429 -1.2821 0.61483 1.4499 2.8593 -1.4687 -0.55353 0.75142 -2.4151 0.22021 -2.7378 -1.5096 0.17473 1.871 -0.010241 -1.6956 -0.46556 -0.59221 1.7644 -0.15055 
chocolate -0.99278 0.056669 0.76214 -0.80227 -0.60817 0.89273 1.8718 1.5405 1.4853 1.7462 -0.70661 -0.34304 0.60816 -0.72525 1.4712 -0.47153 -0.073414 -0.507 0.88948 0.62153 -0.93767 -0.45225 1.2545 -0.65466 -0.54108 0.60876 0.88515 0.18983 -1.4503 -0.80001 -1.3511 0.67511 -0.019653 -0.12469 -0.07916 -0.79141 -0.19658 -0.41704 -1.1672 -0.13459 0.45355 1.4423 0.32101 0.2729 -0.61981 -0.6489 -0.42564 0.0057154 -0.46281 1.604 -0.81003 0.88217 0.41042 -1.0786 0.49331 -0.040942 -0.64886 0.54619 -1.1794 -0.86923 -1.1746 0.75888 0.27692 0.17449 0.02884 -0.45297 -0.75039 3.1714 -1.4204 -0.89715 -2.1419 0.45173 -0.085558 0.12261 1.0867 -0.45253 -0.88595 0.60661 -1.2716 0.41996 1.5597 -0.65113 -0.43238 -0.54512 0.61952 -0.96384 -0.82418 -1.2845 0.025469 -0.96967 -1.231 -0.77576 -1.1251 0.4614 0.093415 1.1064 -1.6271 -0.87278 0.062321 -0.49435 
blackberry -1.3961 -0.46554 -1.8344 -1.3694 -3.0499 2.4972 3.2009 1.4593 1.7199 2.9644 0.83786 -0.90599 1.2721 0.31942 1.3261 0.74215 0.23975 -1.1861 0.92979 1.9156 0.1629 0.58504 -1.2888 -0.87688 -0.46565 -0.92728 1.444 0.039104 -1.6863 -0.98347 -1.0114 1.2895 1.1471 -0.99043 0.4827 -2.4695 0.35005 0.53723 -0.71777 -1.1652 -0.26378 0.68634 -0.64545 0.20461 1.5688 -2.2564 -1.2657 -1.424 -2.1802 0.23693 0.39373 -1.3326 -1.4781 0.22179 -0.34787 -1.7951 1.1388 0.78679 -1.6617 2.669 0.35293 1.4125 0.29874 0.83408 1.2084 0.023485 -0.36845 2.522 -0.78375 0.61579 -2.2945 1.8191 -0.26544 -1.3143 0.18958 1.1528 -0.50696 0.46368 -0.86353 -1.3862 0.92574 -1.2465 -0.19083 0.32294 1.5244 -3.2327 -0.75211 -1.208 -1.7172 -1.1466 -2.3106 -0.47674 -1.3695 1.2867 -1.3867 0.66321 -1.5377 -1.9518 0.38602 -0.73726 
mint -0.77989 3.1347 -0.92813 -3.0161 0.79723 1.7254 3.3024 1.805 3.4715 0.41603 1.0798 -1.1548 0.067659 -2.4657 1.3247 1.1391 -0.54031 -0.21225 -0.57948 1.8217 -2.594 -2.0299 4.8023 1.0323 -0.18413 -0.83508 -2.2806 -0.22952 -1.1024 -0.64017 -2.0238 -1.0478 -0.52552 -1.9849 -1.1734 -0.93688 0.32093 -0.80559 -2.7548 0.51446 0.78434 -0.17474 0.71226 -0.29377 0.84877 -2.977 -0.31102 2.9259 -1.7049 0.69923 0.16916 1.8309 2.0466 0.31468 0.24686 -1.7573 -1.8369 -0.49949 1.8872 1.9872 -0.32481 0.012641 1.3661 0.090456 -0.69965 3.2193 -1.7486 3.565 0.5803 0.015586 -1.1546 1.9571 -0.93521 1.4488 -0.16569 1.4438 0.21932 -0.3569 0.19137 -1.986 2.2342 -1.913 -1.177 -2.1685 0.96806 -3.2957 -2.0033 0.67077 -1.3979 -1.3285 -1.1874 1.1776 0.10824 0.81901 -0.25278 0.8554 -2.662 -0.66867 0.79437 -0.56003 
raspberry -0.26168 -0.60007 -0.90519 -0.87743 -1.9585 0.7558 2.7473 2.2633 1.5084 0.23471 1.2147 0.299 1.3228 -0.28305 0.47525 0.49718 0.45528 -1.3175 -0.41722 2.1915 0.90866 -0.96926 0.097258 0.022173 -1.1413 -0.4276 -0.41269 -0.61156 -1.4558 -1.6161 -0.9875 -0.14875 0.83423 -1.0703 0.020171 -1.6407 0.28791 0.29149 -0.12971 -0.026612 0.98245 -0.21837 1.0471 -0.7336 0.80973 -0.92279 -0.83518 -0.35969 -0.91113 1.0277 -0.8706 -0.49519 -0.46373 -0.14801 -1.0021 -1.8767 -0.53406 0.86395 -0.67744 0.19931 -0.26902 0.81104 0.92193 -0.017065 0.74916 0.52344 -0.30145 2.33 -1.7711 -0.20702 -2.8969 1.6667 -0.028644 -0.96996 -0.71876 0.86497 -0.33241 0.72259 -0.89149 -0.92768 0.46646 -0.88212 -0.95681 0.37595 1.8497 -2.5003 -1.2593 -0.56864 -1.2548 -2.3058 -1.9678 -0.63138 -0.87885 1.4784 -0.091644 0.77377 -1.1148 -1.0091 -0.26078 -0.90585 
oak -0.8496 -1.2097 -2.2928 -2.9605 -2.0277 8.8245 4.923 3.0342 6.4094 3.1495 0.44898 -5.9948 1.572 5.5318 1.0517 0.12191 -3.1868 3.0843 4.4944 -0.52437 1.1758 0.43685 1.5942 -3.7774 2.1953 -3.9235 1.357 -4.5206 -0.70039 -1.6553 0.59264 1.8692 1.0816 -0.039331 -2.0718 3.7061 0.48981 4.3796 -6.8075 -3.6677 -3.9772 -1.0814 -1.8709 1.9791 -0.85714 -0.81809 -0.88857 -2.4776 -5.9177 -1.6044 -0.96183 -1.815 -4.0867 -3.2524 1.8039 -5.7771 -4.3362 -1.4182 -3.1825 2.6133 3.724 2.2694 3.9237 3.0199 4.6014 -2.5048 1.737 5.7828 -0.38118 -0.52528 -3.7675 2.8205 -0.55436 1.9539 -3.2259 0.093949 -1.2045 3.0809 -5.958 -0.91749 4.4652 2.2946 -1.6149 1.6382 2.9531 -2.2444 -4.9054 0.43467 -3.2265 0.83172 -1.1802 -6.189 2.3641 -2.0774 -4.9367 0.69783 -4.6207 -5.2887 -1.1229 -2.6528 
coconut -0.58452 -0.11303 -0.52535 -0.596 1.395 0.29035 2.8396 1.3815 1.4097 -0.47096 0.036949 -0.66051 -0.55991 0.14584 0.30378 -0.15463 -0.78432 -0.69023 -0.28842 0.51125 -0.80526 -1.6751 2.6996 -1.3867 -0.021963 2.0568 -0.90883 0.97851 -1.2627 -1.898 -1.7249 -0.2039 0.26433 0.042423 -1.3628 1.6541 -0.65941 0.80994 -1.5871 -0.35243 -0.40689 1.1905 -1.7442 -0.14224 -0.50622 -0.94111 -0.452 0.077456 -0.52303 1.4723 -1.1883 0.63608 1.5876 -0.23115 1.3573 0.13285 -0.52605 -0.48473 -0.9297 0.32706 -0.74646 -1.5394 1.1625 -1.2363 0.89668 -1.1027 -2.0421 1.849 -0.75842 -0.65748 -2.5922 1.0287 -0.23563 0.20573 1.284 0.35449 0.047925 -0.69173 -0.89354 0.62959 0.582 -0.4856 -0.49614 -0.10961 -0.13453 -1.3962 -1.2069 -1.5342 0.17982 -0.45692 0.17346 -0.45673 -0.0081503 -0.32901 0.09397 -0.79231 -1.3784 -1.1816 0.57403 -1.6824 
grapefruit 0.40434 1.1691 -1.3795 -0.53328 -0.25337 0.7073 1.9651 0.90543 0.098177 -1.0328 1.0607 -0.78825 0.84144 -0.22243 0.11657 0.6197 -0.17191 -0.51918 -0.34898 0.89057 0.11218 -1.7596 1.1263 -0.18827 -0.72382 0.27446 -2.0688 0.69219 -1.6742 -0.51176 0.18627 -0.38321 -0.55952 -0.50704 -0.73273 -0.79481 -1.1716 0.20697 -0.26849 -0.033806 1.4712 -0.22309 0.87745 0.29185 0.63206 -1.0039 0.77932 -0.86497 -0.73315 -0.91246 -1.8258 0.95422 -0.018673 1.0137 -0.5859 -1.6994 1.2323 -0.89968 1.3539 1.062 -1.4623 1.5024 1.1811 -0.46027 0.85494 1.5031 -0.33409 1.0008 0.11417 -1.3175 -1.4243 1.0137 -0.83222 0.076312 0.17946 0.89857 -0.28044 -0.99126 -0.46807 -0.34972 2.0959 -0.27854 -0.36941 -0.23449 1.2752 -1.052 -0.4389 -0.59216 -0.77229 -1.1749 -0.90842 0.45555 -0.46611 2.235 -0.16093 0.54021 -0.84208 0.58583 -0.5854 -1.4634 
clove -1.4825 1.8943 -2.1903 -1.1224 0.058659 2.0777 1.912 1.3635 2.5389 0.30844 -0.49453 -0.47881 2.2969 -0.78735 2.1258 2.0812 -1.4466 0.58613 0.34567 1.9339 -1.8497 -1.8497 2.2803 -0.87772 -0.89065 -1.0239 -0.6109 -0.1622 -1.7132 -0.12203 -2.602 0.74387 -0.16901 -1.3757 0.1924 -2.8866 -0.0061846 0.58246 -1.1098 -1.4593 0.57965 0.30036 -1.8765 0.67237 1.5026 -0.52102 0.24756 0.01014 -1.5194 -0.33824 -1.9929 0.55634 -0.65958 0.21755 -0.66018 1.5953 1.2369 2.4718 0.86019 1.49 -2.114 -1.3571 -0.51853 1.6604 0.49132 2.8763 -0.2312 3.4325 -1.7582 0.38957 -0.76267 -0.086521 1.176 1.2331 0.48046 -0.98955 -0.91658 1.7764 0.038216 0.0019206 1.0911 -1.3726 -1.5878 0.50141 0.99008 -0.86787 0.5401 0.28694 -1.0727 -1.0037 -1.0106 0.81223 0.81421 0.84819 -0.20282 0.48503 -1.9364 -1.2428 -0.093712 0.049506 
pear 0.77456 -2.6438 -2.6558 1.278 -0.31838 1.0305 4.4024 2.734 1.7717 -1.2864 0.30204 -1.5395 -0.37624 -0.013784 -0.68389 1.2862 -3.6405 -0.3444 0.45752 0.68769 1.7014 -1.6562 0.10019 -1.2248 -3.2596 2.7364 -1.6048 2.6584 -0.031595 -1.9792 -0.30999 -0.54892 0.051005 -1.1236 -1.6242 -0.46614 -1.5537 2.4588 -1.7602 -1.2233 0.88779 0.97598 -0.53621 1.59 1.6638 1.299 1.6246 -3.7215 -2.8603 -2.3038 -1.9074 1.0264 -1.0708 2.0359 -0.13965 -3.7269 0.90824 -1.4699 2.0245 2.798 -0.68174 0.6064 -0.086796 1.1492 1.7447 -2.1192 -0.60815 2.4624 -1.1422 -0.0028252 -4.1807 1.5314 -0.17212 1.302 -0.29342 0.85668 -0.4342 -0.84436 0.1165 -1.7191 2.541 -1.5584 -2.4287 1.5716 2.0793 -2.7512 -1.0998 -0.35601 -2.0947 -4.7693 -0.86213 -0.84905 -1.691 3.9731 -1.2559 -1.6916 0.35588 2.5158 -0.54092 -2.9578 
soap 0.58868 -2.7533 -2.5027 -2.8639 1.4236 -0.80289 1.135 -0.23568 2.1803 -1.001 -0.56922 -1.7609 -0.57919 -0.80055 -0.12133 -1.8663 1.4575 -2.1573 -2.9102 -2.2146 -1.5371 -1.5303 1.4305 0.031289 -0.29388 0.50699 -1.7582 -2.3349 -1.0754 1.1304 -4.0302 0.75698 -3.0461 -0.23126 0.25253 -1.367 -1.1417 -1.03 0.76845 3.6283 -3.1146 1.6224 -1.1236 2.9862 2.1061 0.57559 0.71073 -1.2517 -0.72794 -2.6984 1.5701 0.18545 -0.15774 -1.7021 4.9621 1.0792 1.3494 0.0034712 2.9394 -0.62917 -2.5493 -1.8662 -1.8708 -1.3243 -0.93038 1.0306 0.54518 0.61179 -2.3555 -1.514 -2.8561 0.093004 -2.0538 -0.34302 -2.1097 -0.47415 2.4179 -0.697 2.4086 4.4357 0.33566 -1.2523 -1.8949 -1.2465 -1.4544 -0.70408 -0.095786 -0.081338 -1.4235 -2.6147 -1.917 1.1376 2.489 -0.10352 0.48265 0.74603 0.32082 2.9547 1.8684 -1.5955 
almond -0.6195 0.766 -0.14914 -0.16545 0.25363 1.259 1.6908 1.405 1.1237 1.5557 0.81209 -0.61757 -0.094455 -1.0497 0.72264 -0.64915 -0.84682 -0.66547 1.135 1.391 0.1363 -1.2801 1.8801 -0.054621 -1.5924 1.4507 -0.26782 2.2175 -0.1075 -1.4398 -2.9351 0.59064 -0.33047 1.3076 0.34529 -1.5844 0.22198 1.4211 -0.35204 -0.82314 1.2386 -0.3588 -2.1421 -0.70488 0.58268 0.30854 -0.94748 -1.3333 -1.2415 2.7904 -0.26613 2.4502 1.1547 0.044904 2.4425 -1.1912 -0.59875 0.20586 0.86536 0.60246 -2.8296 0.3001 -0.21432 -1.5447 0.9751 -1.4387 -0.75992 3.5175 -2.2994 -1.7763 -2.493 0.74483 -0.66601 -0.6088 1.3726 -0.88007 -0.40992 0.97238 -1.2072 -0.4936 1.4774 -0.63589 -1.8072 -0.89782 1.1387 -1.5652 -1.2262 -0.29998 -1.4228 -2.6886 -0.22494 -0.57866 -0.98232 0.63212 -1.4459 1.0961 0.22362 0.93447 -1.9656 -1.3914 
licorice 0.039078 0.86427 -0.59606 -1.3412 -0.56322 1.764 1.5868 1.2294 1.4191 1.5543 0.76207 -0.69658 0.98244 0.016402 2.2524 0.43443 -0.27948 0.98457 -0.57086 0.7617 -0.17373 -1.0306 1.8631 0.80767 -1.577 -0.62402 0.76379 1.3184 -0.87761 -0.43248 -2.6959 0.50748 0.22205 -1.102 -0.60897 -0.77747 1.0063 0.67246 -1.566 0.069328 0.53811 -0.36189 -0.79568 0.014149 -0.90528 -1.8579 -0.17622 -0.33756 -1.6191 1.664 -0.39101 0.20521 0.70269 0.25366 0.36288 0.18422 0.19361 1.542 -0.33406 0.43815 0.34883 0.69885 -1.4454 1.234 0.91477 1.1663 -0.40508 3.2671 -0.96308 -0.56845 -1.5928 0.78017 -0.11967 -0.38447 0.52095 0.80043 -1.2607 0.56397 -1.973 0.012579 1.696 -0.2898 -0.20982 -1.4102 0.64471 -1.833 0.36589 -0.042501 -0.42453 -1.9381 -1.6853 0.88871 -0.64869 0.038044 -0.72197 0.35012 -1.0771 -0.6901 -0.72814 -0.90536 
pineapple -0.036762 -0.070636 -1.4088 0.83988 0.13079 0.98033 2.0934 0.97812 0.72359 -0.63242 0.9152 -1.2656 0.51469 0.14744 -0.36737 -0.41545 -0.84845 -0.6585 -0.72535 1.3321 0.41717 -1.1175 0.20157 -1.1194 -0.50475 1.2489 -1.5104 1.514 -0.55635 -1.0297 -0.15604 -0.40791 -1.1227 -0.46206 -1.5126 -0.49027 -0.91148 0.72448 -1.5569 -0.66625 -0.1212 0.84195 0.097821 0.27992 0.27476 -0.97845 -0.096759 -0.78998 -0.6694 -1.0581 -2.0436 0.51119 -0.5363 1.8753 -0.4299 -1.0925 0.4644 -0.54406 1.6595 0.72944 -0.65774 1.5057 1.0041 0.13168 0.77146 -0.29589 -0.96219 1.2793 -0.96351 -0.30008 -2.1311 0.11626 0.70598 0.94839 0.013695 0.51859 0.40795 0.40862 -1.1381 -0.7785 2.1836 -1.3317 -0.96234 0.62345 1.6248 -1.2893 -0.90892 -0.6319 -0.65945 -1.0364 0.73623 -0.055274 -1.1413 2.6714 -0.051222 -0.51007 -0.54541 0.070541 -0.56128 -0.78658 
pine -0.73138 3.1087 -1.5277 -0.33822 -1.9448 1.0315 3.1447 1.4575 2.2001 0.84009 0.57283 0.36042 0.95789 -0.97084 0.05534 -0.18243 -2.8715 -2.2714 -0.83545 1.8931 -3.9808 -0.70027 4.3648 -0.018508 0.55689 -0.81654 -2.178 -0.31369 -0.71001 -0.40959 -0.81891 -0.049772 -1.6267 -2.0314 -1.3725 -2.2932 2.0071 0.60809 -3.8139 1.824 -0.11078 2.4358 0.038243 1.2714 0.50615 -1.634 0.28809 0.63033 -1.7051 -3.3017 -1.755 0.75444 -0.69767 2.4755 0.22475 -0.9251 -1.2027 -1.547 3.2714 1.6099 -0.20665 0.37714 -0.18628 -0.50133 1.1174 2.3415 -1.1958 0.71805 0.57415 1.3343 0.56625 -0.46922 1.1626 2.514 -1.7418 0.039825 0.7622 0.97485 -0.40134 -0.24943 3.2909 -0.80895 -0.25455 -1.5263 2.4014 -2.0195 -1.5032 -0.11136 -2.8461 2.6233 -1.4833 1.4462 3.3727 1.3538 0.1497 -1.5204 -0.66233 0.89289 -0.1574 -0.13207 
caramel -0.79864 -0.48043 0.52132 0.68883 -0.79372 -0.10331 2.229 1.9671 1.2435 1.7854 -0.37043 -0.89094 -0.71381 -0.78741 1.4444 0.74058 -0.88883 -0.2344 1.0695 0.4107 0.16168 0.18326 1.416 -0.57939 -0.97282 0.87869 -0.025656 1.2038 -0.84138 -1.5253 -1.1008 0.73293 -0.11562 0.7509 -0.45362 0.057258 0.30018 -0.53058 -1.3923 -1.5573 0.010089 0.93532 -1.0777 -0.25867 -0.65925 -0.17154 0.47845 -2.2116 -1.1796 0.4801 -1.7683 0.55147 -0.23295 -0.7289 1.564 -0.23949 -1.0249 0.82996 -0.72953 -1.1212 -2.3689 0.6435 1.2053 0.37914 0.78957 -0.83789 -1.0752 3.106 -1.0406 -1.6366 -1.3293 1.7442 0.2324 0.80322 2.2363 -0.35818 -0.40745 -0.20614 -2.0751 0.28885 1.1608 -1.0137 0.033622 -0.39136 1.15 -1.5786 -0.86819 -0.17772 -1.3775 -0.47714 0.0066924 -0.1629 -1.3331 0.9482 -1.0273 0.88827 -1.1676 0.037146 -0.83425 -1.3439 
strawberry 0.64365 -0.13918 -0.047558 -0.014314 -0.80094 0.98791 2.3093 1.6608 1.3434 0.22654 1.0999 -0.24388 1.0957 -1.3893 -0.35798 0.30344 0.059101 -1.1378 -0.018106 1.5577 0.47947 -0.95645 0.36253 -0.32672 -1.0692 -0.54833 -0.51059 -0.42571 -1.244 -1.1963 -1.1036 0.30759 0.91189 -0.60479 0.21623 -1.7175 -0.80309 0.3747 0.018759 0.2931 0.8547 -0.15379 0.75852 0.59181 0.86743 -1.4709 -0.48496 -0.3359 -0.98732 1.1965 -0.64887 0.088283 -0.44992 -0.23232 -0.65654 -1.3955 0.55628 1.0731 -0.094417 -0.0030036 -0.66346 0.79475 1.3237 0.06121 0.93088 -0.30563 -0.36573 1.576 -1.6197 -0.8755 -3.3194 1.1936 -0.29368 0.39957 -0.87063 0.57698 0.15418 0.16748 -0.10386 0.2664 1.8075 -1.1022 -0.31461 0.34013 2.1238 -2.3679 -1.6095 -1.6028 -0.99045 -1.8268 -1.2365 -0.36748 -0.49328 1.9786 0.032959 0.18997 -0.34123 -0.59512 -0.041108 -0.9371 
rubber 0.29379 1.816 0.23069 0.34215 -0.72148 0.6027 1.2386 2.4549 1.3575 1.0187 1.5316 0.37221 0.51528 0.036408 1.4013 -0.82464 0.1482 -0.44516 0.61772 0.66669 -0.19959 -1.0455 1.6801 -0.77918 -0.57594 -0.19723 2.1136 -0.35747 -1.7083 -0.33864 -1.4063 1.4568 0.5266 0.70594 -1.5622 -1.6408 0.65224 -1.0404 -2.6403 -0.012212 -1.4092 1.2632 0.44424 1.6564 -0.7681 -2.0471 -1.3972 0.84661 -2.1863 1.3245 -0.072289 -0.58753 -1.233 0.79652 0.65523 -0.515 -0.16632 1.8243 -0.12276 -1.7603 1.7598 0.14193 0.58386 1.2212 4.0003 1.7791 -0.31533 0.46957 0.072673 0.26629 -0.68492 0.15401 -1.8469 0.32626 -0.23837 -0.2032 2.8067 1.4622 -0.30116 1.0908 0.0028256 -0.64919 -1.2542 -1.6298 0.76738 -1.4617 -0.16244 0.74285 -1.5442 -1.0511 -1.2451 -0.4519 -0.61172 0.62277 1.5928 -0.57405 1.0313 0.52342 -0.89782 -1.9222 
geranium -0.12207 1.4172 -1.1202 -2.3898 0.031376 1.621 1.4585 1.5394 1.8263 -0.3852 0.79838 -0.16288 1.5057 -0.78007 0.60137 1.3434 -0.60321 -0.94112 -0.96887 0.16756 -1.4413 -1.4716 1.9078 1.3022 -0.5672 0.022328 -1.1351 -0.2581 -0.72554 0.21424 -1.8985 -0.28541 -1.5419 -1.2377 0.1269 -1.3025 0.12882 0.77348 0.64733 -0.75151 0.41596 -1.9238 -0.72843 0.044897 1.639 -0.79021 0.33362 0.45608 -0.37578 -2.0369 -0.92556 1.3843 -0.51071 0.47766 0.35102 -0.69982 0.67765 -0.1183 1.1457 0.3696 -1.6118 -0.94121 -0.36742 -0.98376 -0.11875 2.1743 1.2714 0.88269 -0.44243 0.36458 1.5372 0.92979 -0.15772 0.78184 -0.73081 -0.096612 -0.48125 1.7201 0.0017977 -0.07368 1.5805 -0.84138 -1.2304 -1.1945 -0.21058 -0.94645 -0.058587 0.56171 0.80047 -1.2562 -0.73715 0.35832 1.2359 1.0839 0.2867 0.73776 -0.80314 0.158 0.84557 0.13589 
grape 2.7574 -0.52163 -1.364 -0.28198 -1.5256 1.3406 3.0315 1.1617 2.365 -0.18113 1.612 0.4568 0.23888 -1.4127 -0.59552 0.23296 2.0468 -0.43981 2.2886 1.4777 -0.10158 0.88722 1.4067 2.0208 -0.40827 -0.24648 0.30363 -0.36314 -1.4666 2.8414 -0.020051 -2.3164 2.4678 1.3297 0.99304 -1.4793 -1.8891 0.59028 -0.059002 1.91 0.75005 0.41628 1.0685 1.7692 -0.061445 -1.0058 -1.2336 -0.12686 -3.6278 0.72437 0.63985 1.7493 0.74427 0.60319 -0.96382 -0.50612 0.66696 0.089489 1.9396 1.0512 -1.0417 0.20896 2.9511 -1.0378 1.9606 -0.6459 -0.82865 0.93998 -3.8772 -2.6659 -1.0357 1.9929 -2.2529 -0.92225 1.7749 3.5339 0.74742 0.10097 -0.50612 -0.48971 4.4306 0.25815 -1.3637 -0.26126 1.3509 -0.57402 -0.5102 0.19998 -1.5813 -0.64496 -2.266 0.13271 0.2571 2.2812 -2.9091 0.081454 -1.0831 -1.3304 -0.3419 -1.8609 
anise -0.39816 1.5461 -1.1281 -0.97577 -1.1347 2.8601 0.92165 2.4666 1.9174 0.66666 -0.25762 -0.85164 0.02924 -1.802 3.2935 1.902 1.0741 1.0681 -0.78035 1.4369 -0.60847 -1.2136 2.1619 2.3121 -1.4459 0.5291 -0.336 1.2694 -1.1163 -1.4925 -2.8491 0.58743 -1.2748 -2.7094 -0.65788 -1.7417 0.54605 0.75808 -1.0014 -1.1964 1.4717 -1.9355 -0.70085 -0.37108 0.070905 -1.3979 1.3457 0.39868 -1.5268 -0.0034286 -0.14109 1.1661 0.56565 -0.29938 0.50536 0.47395 0.41237 1.0652 1.0037 -0.16281 -1.3202 -0.45449 0.33401 0.70378 0.61498 1.6884 -2.2082 1.9486 -1.3988 0.41355 -1.3854 0.79142 -0.89079 0.5618 1.1414 -0.42245 0.026203 1.6616 -0.94791 0.38532 3.7452 -0.64774 0.31237 -1.5709 0.51166 -0.89112 -0.76906 -0.8693 0.075226 -2.3028 0.017631 1.1516 -0.93333 0.37047 -0.51082 1.4742 -1.092 -1.0211 0.96055 -0.93203 
hay 0.78541 1.43 -0.68783 -0.74271 0.25532 1.2291 2.9241 1.0079 0.62936 2.0788 2.607 2.5812 -3.1246 -0.85569 1.8614 -1.2921 -3.1618 -4.8768 -0.84186 -0.96918 -1.5108 -2.6711 4.3421 0.82961 -0.39336 0.34107 0.48862 1.7445 -1.4248 -0.59495 -3.78 1.453 -1.3721 5.8345 -2.6566 -1.5308 1.9492 -2.244 -1.1306 -1.1158 1.8509 2.6985 -2.3226 0.027616 3.103 -3.2744 1.5057 -0.62979 -4.9375 1.426 -2.3128 1.4758 1.8201 1.9493 3.3445 -2.7652 -0.12571 -1.7324 3.8968 -0.58101 -0.24917 -1.4334 -0.52185 1.9963 1.6014 -1.9484 0.67292 2.8955 0.64088 0.40202 -1.1541 1.7121 2.3742 3.4163 1.2019 0.98587 1.1624 4.1912 -0.22623 -1.9878 2.8759 1.4015 -2.2997 -0.068533 0.86104 -0.087421 -3.8106 1.9971 -0.66506 -2.1667 -1.1469 -1.6392 3.0861 2.868 0.73675 -1.2367 1.8749 1.5054 0.016466 -2.1266 
grass 1.4205 2.0771 -0.88873 -0.60262 -0.16726 -0.091802 3.2248 1.2443 -0.94864 -0.26104 1.6983 0.20483 -0.34096 0.083012 0.65693 -0.62052 -2.368 -3.2068 -1.2851 0.88267 -1.1612 -1.5827 1.5436 0.12521 -1.5547 0.14697 -1.8453 -0.13795 -2.09 1.1168 -1.5241 -0.071292 -1.0821 1.8838 -2.1804 0.76421 1.3258 -0.93772 -0.34082 0.87665 -0.17916 1.6529 0.53707 1.1335 2.4058 -1.5287 0.54666 0.99462 -2.9773 -0.28016 -1.3931 3.1897 0.35767 2.0509 0.85526 -1.8573 -0.14799 -0.10475 3.2344 2.5575 0.1677 0.382 0.56967 0.41818 1.4488 0.69919 1.509 0.83123 0.3194 -0.66827 -0.29606 0.49948 0.17811 0.58779 -0.32336 1.0158 1.2419 -0.74936 -0.89851 -2.7677 0.7512 1.5427 -0.35007 -1.0283 0.42424 -1.2211 -1.1486 -0.0027618 -0.62913 -1.4598 -2.811 0.23831 2.1098 2.6664 0.031661 -0.28898 1.0074 1.0487 -0.29776 -1.0521 
rum 2.3388 -0.11832 -3.7492 0.65382 -1.189 0.0050244 3.3557 2.2571 5.3656 1.536 -1.6391 0.64793 1.7818 0.46639 3.2031 0.17967 1.7513 0.31817 -0.87057 1.4071 -2.5121 -1.6092 6.0476 -1.6003 3.0312 1.0478 -1.4455 2.7638 -1.6192 -1.1589 -2.9608 2.3957 -0.74234 0.18765 -0.63055 -1.2394 1.9278 -4.4034 -2.7277 -2.8226 -1.659 -1.3166 -1.2461 3.1804 -1.248 -4.4302 -3.4124 2.6528 -2.0382 -3.7109 -1.2462 -0.44221 0.27033 -2.3941 2.1622 1.9278 3.2961 -0.34823 1.6215 -1.2239 -5.649 0.239 -1.5511 0.3496 -1.8651 -0.95712 -4.1411 4.1016 -3.17 2.0337 -0.36939 0.059908 -0.54159 -0.0032529 2.2923 0.56096 -1.7574 -0.59474 -2.1742 -2.5038 3.1181 -1.3873 -0.48155 1.3106 0.80906 -0.55223 -0.34981 1.3111 -2.2982 3.3834 3.7743 -2.1209 0.05961 0.41995 -2.4755 2.9341 -2.5599 -5.2918 1.0898 -0.73558 
animal 1.1808 0.34525 -0.099167 0.10735 -1.6284 0.39831 0.91872 0.048383 1.4603 -0.3589 -0.0021808 2.1036 -0.031297 -1.2505 0.79586 -1.3155 0.19709 0.56531 -1.2297 -0.52254 -0.50933 -0.49239 -0.59542 -0.46847 0.62854 -1.9481 2.1631 -0.15698 -1.0143 -2.0752 -0.53135 1.8907 -1.0837 0.14045 0.73455 -0.91906 0.23616 -0.35857 -0.43926 -1.9167 -0.12028 0.15781 -1.6997 0.1172 -0.34129 -0.59308 0.46211 1.0357 -2.8319 0.79262 -2.3635 0.0404 -1.0852 2.2848 2.2536 0.43825 0.62831 -1.6054 -0.48243 -0.83202 -0.34418 -1.7709 0.9132 -0.22618 1.2683 0.89334 -0.069239 0.59674 -0.83612 1.488 -0.89727 -0.23686 0.82038 1.9677 2.0002 2.2129 0.68492 2.9242 -0.82405 1.7485 0.8259 1.4115 -0.84511 0.50605 0.2998 1.293 -1.0343 -0.27047 -0.39186 -1.6221 -2.771 -1.7568 -0.74282 0.68917 2.6166 0.12836 0.77209 0.70177 -0.073251 0.12151 
tar -0.29661 0.86788 -0.47829 -0.2442 -2.1927 2.8225 1.8339 3.4251 1.4396 1.9612 2.655 -0.48975 1.3513 1.4855 5.4912 -0.9882 -2.1352 0.43831 0.96524 2.6719 -1.578 0.60093 3.2058 -3.2425 -1.9221 -1.9597 3.5036 -0.86477 -1.9806 1.3317 -2.1701 1.0104 0.27456 -0.87982 -2.9366 -3.9347 2.2336 -0.56437 -4.999 -0.61486 -0.29501 4.3806 -0.13055 1.3169 -2.2379 -5.5397 -3.9928 0.75066 -3.7916 -0.041099 -0.81737 0.72164 -1.5903 1.1943 0.95739 -1.4921 0.92723 2.6205 1.4411 -0.27794 1.9414 1.2806 -3.2128 1.3572 3.8841 2.6269 -1.2228 4.1642 -1.599 2.6671 -0.21613 1.6532 -4.6873 1.0055 -0.45448 -0.83524 2.279 1.968 0.96533 1.3063 0.51162 -0.89424 2.1308 -1.5731 3.9562 -2.0413 1.3751 1.4377 -1.4258 -0.065589 -2.1449 -1.6182 -0.41703 3.7855 0.62824 -0.9469 1.6197 -0.94244 0.54059 0.25633 
banana 1.2017 -0.78804 -1.2763 1.1799 0.69574 0.42782 2.0177 1.7299 -0.57321 -0.63903 0.43282 -1.5619 1.4635 -1.3061 -2.0475 -0.85879 -2.3895 0.5019 0.48468 0.65096 0.77078 -0.99428 2.3778 -1.3843 -1.5794 2.7131 -1.4722 1.4739 -0.49879 -0.29875 -1.295 0.25229 0.13468 1.1159 -2.0887 0.048201 -1.1047 1.0705 -0.23971 -0.75315 -1.4529 1.2196 -0.68097 -0.31468 0.10023 -0.87079 -0.71324 -1.5083 -1.8377 0.60963 -0.80063 -0.13121 0.21515 0.79923 0.45935 0.4319 0.51391 -0.46948 0.499 0.68133 0.29372 -0.15468 1.9176 -0.35394 1.2903 -1.4885 -0.41349 0.52736 -0.82835 -0.93166 -1.9267 1.1272 0.76573 0.93031 -0.37164 0.46976 1.8841 -0.67086 -0.65055 -0.62114 1.7235 -0.042486 -1.3304 1.5126 1.5728 -1.4214 -1.749 -1.3535 -1.1158 -1.1909 0.44651 -0.087667 -1.0888 1.0494 -0.96163 0.14164 0.33983 0.6105 -1.1838 -1.5588 
fish 0.9226 -0.66012 2.0919 -0.63579 -0.80036 0.1786 4.5215 0.32088 -0.69589 -3.4641 -0.28792 -0.3177 0.037468 0.40092 -1.604 -0.38978 0.83016 0.65157 -2.0268 -0.24296 -2.7807 -2.3729 1.5557 -0.66608 0.74145 0.72984 -0.1254 -0.87266 -2.2996 0.41669 -0.9981 -0.35048 1.4574 0.26988 -0.99511 0.83694 0.12229 -1.2416 0.46906 0.14543 -0.61147 2.1682 -2.9101 0.41314 -2.4258 -0.47259 0.5256 -0.74616 -1.5419 0.68382 -1.0705 -0.44177 0.80725 0.81763 -0.01747 0.3046 -1.1363 0.36632 2.0349 1.7326 3.0136 -0.28548 0.091014 1.3498 1.3231 -0.27867 -2.1422 1.7427 -1.0378 2.0657 -3.7952 -0.06253 -2.1609 3.6425 -0.2617 3.4893 -0.6713 0.24569 -0.79483 1.3497 -0.78232 1.6252 0.96749 1.4494 -3.8866 2.2751 1.7572 -0.99643 -0.98208 0.28776 -1.3426 0.19141 2.1365 0.45758 1.988 -1.1935 -0.42286 0.97508 1.7749 0.41899 
raisin 0.58754 -1.753 -0.51509 -1.7048 -1.0493 1.2603 2.213 2.488 1.3993 1.848 -0.57173 -0.42407 -0.073442 0.84214 1.5892 -0.86025 -1.8007 0.33379 1.205 2.2536 -0.079038 1.2969 0.41334 -0.017378 -3.061 0.51995 1.6016 0.479 -2.7463 -0.092813 -0.59732 1.7896 2.9897 1.006 -0.89809 -1.0378 1.8311 0.49916 -2.3172 -1.7996 0.1327 2.3544 -0.89365 1.3204 0.40426 -2.0256 1.0397 -0.47064 -2.0217 0.28565 -1.3388 0.66895 -0.87292 0.0052793 0.42199 -0.55568 1.414 0.18003 -0.73431 -1.1794 0.036968 -0.36953 1.5383 -0.35033 0.028202 -1.4183 0.95653 1.7968 -1.0967 -0.14362 -1.8084 2.0352 1.5079 -0.084765 0.78795 1.0773 0.083505 -0.15073 -0.94017 -0.92146 0.49112 -0.68206 0.32376 -0.29097 0.88701 -3.7319 0.24965 -1.3193 -1.0996 -0.62795 -0.31999 -1.6789 -1.3301 0.29418 -1.1825 1.2233 -2.1323 -0.44016 -0.19437 0.13512 
mushroom 0.27023 -0.29885 0.48993 -0.7509 -2.1134 1.5234 2.6127 1.2309 1.6806 1.3921 1.3428 1.3908 0.42889 0.57819 0.088942 0.11167 -0.80815 -0.7786 -1.3148 0.021349 -1.7232 -1.1785 0.099601 0.03864 -1.868 -1.124 0.81363 0.7403 -0.34711 -0.62915 -1.3808 2.3722 0.23984 0.71007 -0.94592 -1.4885 1.5525 -0.27346 0.43679 0.52705 0.12724 1.7248 0.1235 0.75313 -0.075136 -0.65187 0.3319 -0.047624 -1.6602 0.33526 -0.94114 0.61548 0.66373 0.29916 -0.19041 0.1561 0.16137 -0.29338 -1.0874 1.1339 1.0268 -0.94339 -0.020094 1.2351 0.52918 -0.29736 0.66089 1.6553 -0.77315 -0.40607 -2.7558 0.63201 -0.030057 -1.0003 0.42556 1.3005 0.64184 0.83956 0.18398 0.24787 0.10289 1.8838 -0.46177 -0.28059 -0.041583 0.26654 -1.4763 -0.5669 -1.1174 -2.4868 -3.9335 0.12684 0.54567 1.1685 -0.5387 0.69345 1.2912 -0.62939 0.22402 -0.82519 
eucalyptus -0.092804 1.9763 -0.91116 -0.81238 -0.1494 1.296 0.96701 1.1939 1.3384 1.0037 0.38462 -0.51412 0.48814 -1.051 0.71428 0.53631 0.0052554 0.19615 -0.71412 0.97126 -1.8535 -0.85095 1.7505 -0.26134 0.21911 -0.89282 -0.45629 0.2698 -1.3017 0.70731 -2.0761 0.61502 -0.13408 -1.0144 -0.19609 -0.15122 0.48807 -0.45606 -1.5122 -0.076619 0.20724 -0.2772 -0.1112 0.91048 0.4339 -0.60575 0.037734 0.48792 -1.4054 -0.34704 -0.49267 1.0389 -0.047927 0.41041 0.34513 0.47853 -0.17763 -0.56374 0.76344 1.3514 0.44335 -0.59915 0.30538 -0.48436 0.085094 0.88551 -1.7238 1.2442 -0.9889 0.22704 -0.071128 -0.55844 -0.17617 0.069435 -0.34155 0.93219 0.55251 0.40828 -0.78159 -0.33729 1.1123 -0.66548 -0.6391 -0.97246 1.8869 -1.3421 -0.6766 0.75666 -0.55128 0.061928 -1.1447 0.1436 0.3123 0.048227 -1.0667 -0.2759 -0.59162 -0.30367 0.48992 0.024308 
bread 2.1649 0.25001 0.80104 -0.45207 -0.1101 -0.60792 3.149 1.0094 -0.90323 1.3913 -1.7037 -1.2252 -1.5029 -0.092188 0.036578 -2.2241 -1.1333 -1.3807 -0.03041 1.0793 -1.2479 -2.0489 1.7893 -1.487 -1.5909 0.27998 -0.48573 1.2373 -1.1576 -2.6253 -1.845 0.081241 2.7373 0.63671 -1.3683 -1.4369 -1.3295 1.2737 1.6073 -0.60855 0.83935 2.3859 -1.4377 -0.45528 0.5607 1.1487 1.6603 -0.76994 -2.783 -1.1331 0.34586 1.1881 1.1849 -0.073165 0.92713 0.32012 -1.579 1.4897 -0.75137 -0.92008 2.2963 -2.0774 0.10724 0.64377 0.50494 -0.67739 -1.9276 3.0862 -1.479 -1.0168 -3.1931 0.0026176 -0.94105 0.38318 2.3538 -2.1919 -0.27228 0.82979 -0.18648 -0.57462 2.8128 -0.99608 0.9764 2.0265 -0.89557 -1.2095 -1.4495 -0.55269 -0.3759 -2.8793 -0.43486 -0.1843 0.32822 0.41531 -1.1359 0.93052 -0.62019 0.23669 0.33993 -0.7831 
urine 0.82548 0.58428 0.43812 0.59574 -0.45901 1.1548 3.6542 0.80521 0.81114 -1.3792 -0.58153 -0.10741 -0.94629 -0.34582 -1.634 -1.6349 0.34985 -0.79439 -1.5431 0.7155 -1.6124 -2.5287 1.4301 0.16074 -1.7132 -1.0634 1.6603 1.0006 -1.9069 -1.476 0.063556 2.1171 -0.073989 1.6554 -0.088658 -0.94916 0.44148 -0.51423 -0.0048281 -0.82621 -0.7906 0.96165 -0.5673 1.7079 -0.75892 0.89241 0.86865 -0.19644 -0.70765 -2.4212 -1.0824 -0.42106 -0.35185 -1.7218 1.5237 -0.66478 0.19056 -0.87527 1.1438 -0.73114 -1.0937 0.98579 1.0761 0.15731 1.5658 1.2796 -0.67868 -0.6602 0.18484 -0.39251 -1.595 0.67066 -0.91892 2.1484 1.4546 1.4558 1.1103 0.83352 0.91063 1.3794 -0.021916 1.1341 0.10379 -0.96779 -0.65573 1.609 -0.43305 0.37067 0.50869 -0.73852 -1.3088 -1.1657 2.0142 1.5035 1.9152 0.45499 2.3461 1.1621 -1.0053 -0.61147 
cucumber 0.67865 0.58794 -0.39994 -0.78896 0.22235 0.47648 2.324 0.62675 -0.38673 -1.3636 0.38927 -0.98172 -0.9419 -1.3128 -0.13288 0.98296 0.42558 -1.3931 -0.67949 0.76783 -1.281 -2.0808 1.1876 0.42348 -0.78302 -0.0033244 -3.0493 0.85534 -0.95945 -0.12271 -1.7269 -0.32044 -0.76915 0.36753 -1.1369 -0.062951 -0.79405 -0.62773 0.18903 -0.12132 -0.48913 -0.13325 0.28521 0.63847 0.31229 -0.97642 1.555 0.48741 -0.84216 -0.49844 -0.98681 0.58126 1.0611 -0.095523 0.53074 -0.089261 -0.60136 -0.747 1.6316 0.98959 -0.017014 -0.89342 0.48069 -0.50931 0.27893 -0.19779 -0.3012 0.15044 -0.20017 0.3976 -1.0122 0.36007 -0.48136 0.97344 -0.49759 1.1519 0.6797 -0.52803 1.0147 0.65131 1.995 -0.33664 -0.11577 -0.036874 0.43029 -0.023514 -0.26006 -0.61461 -0.42844 -0.21452 -0.59424 1.2564 -0.18258 0.55771 -0.151 0.22902 -0.65349 1.7782 -1.0284 -0.90404 
popcorn 1.219 0.19401 -0.13089 0.50952 -0.41755 -1.3205 1.8725 1.2363 0.32255 1.0918 -1.9168 0.1722 -1.7313 -0.89308 0.064901 0.16348 -1.6529 -0.62039 -0.029867 -0.13985 -0.36207 -0.87745 0.98555 -1.1125 -2.5008 0.88874 -0.27006 0.54179 -0.45597 -3.2451 -0.2575 -1.023 1.2705 3.0969 -0.86437 1.2066 -1.0838 -0.77882 -0.29162 0.42184 -1.6159 1.7357 -0.65963 -0.3827 -1.7827 0.5511 -0.12528 -1.5171 -1.7423 -0.72959 -1.8736 -0.76352 -0.68468 0.07477 -0.26402 -0.12468 -0.35741 0.70365 -1.4222 0.24674 2.4524 -0.89901 2.459 0.41653 2.5808 -1.5587 -1.1459 1.6733 -1.0101 -1.5073 -1.9386 -0.46074 -0.73545 0.58226 0.92213 -1.0728 -0.45152 0.040234 -0.62493 0.17728 0.85305 -0.17853 -0.070476 0.92563 -0.33492 -0.083605 0.7412 -0.20233 0.19732 0.66646 -0.034537 0.31505 1.0472 0.96833 -0.38063 0.19848 0.55902 -0.93665 -1.0381 -2.1429 
syrup -0.092992 -0.21575 -0.53419 1.3341 0.71279 1.3036 2.7857 2.3513 0.97409 -0.24811 -1.0229 -0.92713 0.53905 -1.9605 0.64374 0.12362 1.3878 1.1543 1.5976 0.68937 -0.52795 -0.41965 0.99313 0.46287 -1.799 1.0277 -0.34054 0.36594 -1.744 -2.0866 -1.0352 -1.4957 1.0249 1.8195 -0.081177 -0.73489 1.61 -0.69676 -1.1257 -0.32784 0.38842 1.5074 -0.53451 0.6393 -0.46631 -0.32297 -0.85065 -0.40622 -1.2334 0.18499 -0.81121 0.96123 1.201 -0.8633 0.53173 0.38311 -0.20261 2.1842 -0.053395 -1.2898 -0.53997 -0.26972 0.49953 -0.36724 -0.76444 -1.012 -1.9206 2.1986 -2.7123 -0.053499 -2.7822 1.0887 -0.64288 1.734 1.3473 0.91048 0.45927 0.32033 -1.3249 1.8369 1.8168 -1.4177 1.7296 0.55214 1.3578 -1.4803 1.0333 -2.178 -1.4361 0.30849 -0.48756 -0.49611 -0.7431 0.77811 -1.6326 1.996 0.43942 -1.6259 -1.4883 -0.69226 
cheese 2.054 0.1633 1.6961 -0.29117 0.2227 1.375 2.4968 2.1097 -0.30564 -0.79556 1.2674 -1.0793 0.87493 0.67237 0.93025 -1.9124 -1.7903 -0.31961 -0.049238 -0.53912 -0.78582 -0.99564 0.41947 0.45263 0.53759 -0.6114 1.3 -1.7876 -1.8764 -0.95522 -0.025429 1.6119 1.9794 1.0013 -0.42326 -1.6273 -0.38277 -0.56125 -0.3545 -0.66418 0.67107 0.78182 -0.43022 2.0336 -0.093775 0.28192 -0.8432 -0.43417 -0.88339 1.0113 -2.1855 1.6541 -0.3056 -0.17107 -0.047245 -1.1003 -0.68705 0.65095 -0.50211 -0.46258 0.69687 -0.83533 0.87461 2.4927 1.3267 -0.40566 -0.42517 0.13575 -1.0586 -0.1998 -4.4747 0.36923 -1.3757 0.25984 0.10984 0.92488 0.63441 1.2342 -0.53516 -0.22871 0.05508 -0.2397 -0.40814 0.62983 -0.60847 0.87927 -1.3519 -1.3696 0.46737 -0.66796 -0.81001 -2.1162 -0.079809 1.6796 0.26948 0.43411 -0.59531 1.2993 1.5771 -2.0128 
gasoline 1.4939 1.6821 -1.0671 -1.3161 -0.27127 0.70301 1.0764 0.98665 0.79632 -0.20933 0.66215 -0.28679 -0.83502 -0.11449 -0.35586 -1.3339 0.48709 -0.02241 1.0181 0.39136 -0.5619 -0.45187 1.8529 -0.46155 0.044679 -0.35662 0.71425 1.3356 -0.5854 0.36803 -1.4183 0.75393 -1.1121 0.65663 -1.1464 -0.15169 -0.31739 -0.48468 -1.889 -0.95944 -1.3098 0.26498 -0.98708 -0.052242 -0.60815 -0.21813 -1.0898 0.86479 -1.51 -0.69764 0.19117 0.16749 -0.8611 0.32349 1.0978 -0.49938 0.80539 0.61738 0.90301 -1.2029 -0.066234 0.037487 -0.096995 0.25308 1.6602 1.938 0.98397 -0.40895 1.7028 0.32562 -0.68772 -0.62366 -0.68218 1.0198 0.36497 0.28495 1.8398 0.56674 -0.2307 1.7427 0.57598 -0.70613 0.16214 -2.5266 -0.27013 -1.5266 1.0183 0.99016 -0.58429 0.27888 -0.14246 -0.10808 1.0302 1.4214 0.46467 0.080992 2.0189 0.38837 -0.57019 -0.77719 
peppermint 0.57242 1.2499 -0.58889 -1.594 -0.18179 0.96069 1.2391 1.1639 1.0926 0.27513 -0.41217 -0.15303 0.50929 -1.2601 0.87668 1.1177 -0.095635 0.080116 -0.47823 1.5641 -1.5151 -1.252 2.1241 -0.046181 -0.86521 -0.48038 -0.8717 -0.10224 -1.2581 -0.081427 -1.6624 -1.0327 -0.71381 -1.083 -0.51299 -1.1075 -0.37449 -0.56033 -0.28536 0.29593 0.43992 -0.85478 0.13529 -0.29432 -0.75952 -1.2944 -0.10188 0.33768 -0.59039 0.45457 -0.1725 0.53786 0.86302 0.45472 -0.44143 0.44817 -0.521 -0.21399 1.4037 1.2884 -0.26634 0.43802 0.63996 0.20241 0.35039 1.6289 -1.0414 2.1737 -0.13099 -1.1337 -1.1635 0.64544 -0.2415 0.77745 0.25925 0.64876 -0.16136 0.22982 -0.1954 -0.44776 1.1746 -0.77942 -0.73124 0.13988 0.77278 -1.1361 0.004782 -0.41115 -0.83827 -0.36025 -0.79446 0.51831 0.97308 0.59076 -1.1273 0.42893 -2.1384 -0.97509 0.61421 -0.6464 
paint 2.5718 2.1512 0.26282 -0.87437 -0.83408 1.1524 1.9983 0.41726 0.99551 0.09221 -0.48247 -1.0241 0.84512 0.3235 1.1121 -0.46587 0.61498 -1.0624 -0.45582 -1.2436 -0.56025 -1.4377 0.9565 -0.98894 -0.78529 0.12169 2.2107 -1.1253 0.38782 -0.64127 -0.3359 -0.093363 1.0114 1.2117 -2.1876 -0.91698 -1.5038 0.60528 0.49971 -0.16347 -0.47821 0.45257 1.7935 -0.098189 0.2261 -1.639 -1.9987 0.95377 -1.1715 -0.60145 0.62318 3.1653 -2.0188 -0.10628 0.074756 -1.2391 -3.2883 3.1154 1.7366 -0.13755 -0.32697 0.57047 0.0020929 -0.40694 0.80021 0.96127 1.2294 0.45815 0.35515 0.82118 0.50851 -1.8948 -0.42164 2.0753 1.3775 1.5365 1.1917 -1.4701 0.16625 1.8329 0.063746 -1.4339 -0.65034 0.59551 -0.2568 -0.94231 -0.93473 1.3648 -0.24056 -0.91702 -2.5277 -1.3466 1.7772 -1.2329 1.177 -0.67119 1.4167 -0.10282 1.3947 -1.2594 
detergent 0.81508 0.96026 -1.0297 -0.2758 0.056345 0.28944 0.59312 -0.27551 0.559 -0.4002 1.0312 -1.2243 -0.55188 -0.72017 -0.70108 -0.50797 -0.6488 0.38918 -0.85124 0.27754 -1.7303 -2.1399 1.2058 -0.88593 -0.0030203 0.29059 -1.5115 -0.60057 -0.41476 0.68516 -1.7104 0.51498 -0.82182 -0.87302 0.50275 -0.62568 -0.67705 0.29407 -0.14809 1.9041 -1.2061 1.2623 -0.5535 0.7038 0.17311 0.2968 0.50754 1.7531 -0.39662 -0.72812 -0.048791 0.26272 -0.21726 0.17338 1.5182 0.47836 -0.023151 -0.60854 1.6412 -1.3714 -0.18337 0.007816 0.18528 -0.78723 -0.66976 1.9889 0.40039 0.068953 -2.1241 0.24888 -1.6088 -0.24667 -1.4763 0.42352 -0.15276 1.6243 1.5337 -0.26358 0.80484 2.0387 -0.37549 -0.91306 -0.086211 -0.2855 -0.78899 -0.60412 -0.22011 -0.06706 -0.5213 -0.9221 -0.90114 -0.23493 -0.037888 -0.61221 -0.070554 -0.48584 0.45245 0.83808 -0.82901 -1.4084 
celery 1.0425 1.2298 -0.13815 -0.7736 -1.0779 1.2556 1.4545 2.3303 0.45089 -0.90827 1.068 -0.78617 0.0054501 -0.88762 1.1094 0.25533 -0.81996 -0.44848 -0.9353 1.1767 -1.6893 -0.58004 1.3059 1.4023 -1.3064 0.17965 -2.1439 0.67269 -1.633 -0.17608 -1.3582 0.41218 0.43686 -0.24547 -0.96617 -0.48705 -0.062912 0.69673 0.092174 -0.96 -0.65232 -0.19587 -0.2972 0.31626 0.3472 -0.21655 1.2411 -0.1615 -2.5506 -1.3065 -1.1631 0.30578 0.27054 -0.12859 -0.36097 0.50654 -0.6665 -0.89276 2.0239 -0.27317 1.336 0.031048 1.5243 1.0089 0.62801 0.5202 -0.46781 0.29494 -0.4405 0.4127 -0.40537 -0.39656 -0.10285 1.5685 1.8301 1.3439 0.71942 0.2839 -0.74046 -0.47709 1.3761 1.0288 -0.048243 -0.26722 0.42371 0.15494 -0.29559 -0.5215 -0.89454 0.14254 -0.3337 1.0353 0.51288 0.92881 0.11922 0.24457 -0.75837 0.28925 0.45974 -1.5921 
blood 1.8152 0.54946 0.12037 0.88606 -0.86164 -0.27443 2.7431 0.42375 -1.0216 -0.27473 0.23712 -0.5323 0.73042 0.89789 0.35367 -0.77945 0.86961 -0.65239 -0.15174 0.87403 -0.046742 -1.5567 0.21239 0.54168 -1.0165 -0.17432 1.2043 0.30919 -1.4175 1.8248 0.93749 1.776 1.2673 -0.41781 0.25011 -0.9658 -0.54773 0.14463 -1.0548 -0.99814 -0.3945 0.75014 -0.39507 0.68214 -0.94606 -0.10796 -1.005 1.3544 -3.1253 0.062772 -0.85035 1.8358 -1.1705 0.4137 0.56878 -0.13535 0.19659 1.3233 1.3637 -0.53562 -0.21842 -1.6156 0.26763 -0.95712 0.49741 0.092735 0.26384 0.28475 -1.7788 1.7954 -0.21461 0.25744 0.21052 1.2314 2.0292 -0.24624 2.8371 -1.6019 -0.22861 -1.625 -0.86029 -0.41131 0.44976 -0.16806 -0.5445 -0.065146 0.89082 -0.15912 1.0979 1.4379 -2.0479 0.10574 -1.5451 0.52853 1.3932 -0.033711 0.6781 -1.2477 0.48158 -0.23238 
birch 0.015017 1.3663 -1.0667 0.49129 -0.27513 0.81335 0.90379 1.4509 0.13864 0.46296 0.52554 0.024559 1.1344 0.84323 2.7545 0.2089 -1.4366 -0.66456 0.038994 0.83559 -1.053 -2.5611 2.3505 -0.12734 1.0625 -0.72117 -0.055251 -0.07839 -0.091984 0.26505 -0.84012 1.4955 -1.5335 -2.0415 -2.7458 -0.93739 1.0434 0.25864 -3.0592 -0.3548 -0.36162 -0.57577 -1.9543 1.2154 -1.7949 -1.8561 -0.2171 -0.45092 -2.1194 -1.7509 -0.9339 1.1012 -0.82685 1.7511 0.7008 -0.47139 1.6491 -1.7514 1.4796 -0.70119 -0.8937 -1.201 -0.35037 0.40217 0.29049 1.6467 0.069597 0.6678 -0.27669 2.3406 1.7971 0.49559 0.04397 1.4208 1.0534 -1.7127 0.82021 1.7624 -1.9484 0.50503 0.72158 -0.99239 0.089079 -2.2642 2.1456 -0.44674 0.028773 1.3544 -0.47487 0.80479 -1.359 -0.16153 2.251 0.050877 -0.42745 0.46158 0.28095 0.79493 0.93551 0.796 
vegetable 0.99401 0.91281 -0.18893 -0.85382 -0.73975 0.29448 1.121 1.4903 0.16265 -0.21236 0.19517 0.35296 -0.99445 -1.7451 0.93881 -0.71984 -0.73259 -0.23756 -0.56386 0.4978 -0.61093 -1.3871 -0.058423 0.27723 -0.73702 0.28001 -0.89322 0.78054 -1.2639 -0.3655 -1.9269 0.22896 -0.17492 0.31118 -0.44816 0.26658 0.16988 -0.69429 0.25682 -0.010975 -0.031591 1.1893 -0.84105 0.1881 0.20627 0.16677 1.1585 0.41761 -2.1512 -1.169 -0.79154 1.7997 0.22706 0.89191 0.49992 0.67304 -0.6485 0.14886 1.351 -0.29315 0.85277 -0.15979 1.2199 0.73976 0.51413 -0.93365 -0.4403 1.0501 -0.88132 0.60508 -1.6613 1.2251 -0.26741 0.82729 0.35399 1.2193 -0.0085731 0.2605 -0.58898 -0.78272 0.031226 0.79182 0.36921 0.75884 -0.4138 -0.17837 -1.2128 -1.5149 0.67708 -0.0048076 -2.0843 -0.58607 0.29587 1.1377 0.74396 -0.38588 -1.1049 1.3431 -0.80472 -1.312 
carrot 0.18981 1.0452 1.3096 -1.1174 -0.50921 0.42775 2.2672 0.50327 -1.0261 -0.024915 1.0002 -1.1418 -0.21894 -1.0367 0.83021 -0.39228 0.2412 -0.57576 -0.079548 -0.79557 -1.6496 -2.3726 2.1227 1.0036 -1.2234 -0.59822 -0.9474 1.0244 -1.5064 -0.070398 -2.0228 0.27106 0.39103 0.064371 -1.0469 -1.374 -0.14275 -0.45039 0.58611 -1.6896 0.38126 -1.0375 -1.3279 0.12679 -0.58544 1.0071 0.32924 0.45266 -2.8511 -0.47152 -0.13209 0.29277 -0.2953 -0.23036 1.1178 1.1426 -0.28908 0.55335 1.5276 0.70007 -0.53777 -0.98386 0.92264 1.4806 0.33427 1.2141 0.87094 1.0913 -1.2003 0.59741 -1.7095 0.13929 -0.24296 -0.10198 1.4491 -0.48863 0.5783 0.29767 -1.1545 -1.1063 0.38499 0.46673 0.00072735 -0.26641 0.18836 0.43718 -0.64483 -1.2749 0.44815 -1.2093 -3.2394 0.15118 0.66628 1.1481 0.022035 0.92471 -0.041071 0.081439 -0.5326 -1.5527 
bark 0.12611 -1.2308 0.072798 -2.011 -1.4725 1.9084 0.82796 1.108 -0.61695 2.5713 0.78573 0.18287 0.63422 0.6155 1.5423 -1.6608 -2.0546 0.24119 -1.792 1.2014 -3.0504 -2.1489 0.50205 -1.329 -0.486 -1.4757 1.0244 -1.2557 -1.5603 0.49771 -1.8923 1.0146 -0.77859 -0.13891 -1.1079 -1.465 0.68746 -0.9002 -1.1665 -0.5697 -0.66694 1.4742 -1.6771 1.6289 1.2681 -2.0429 -0.75956 0.060641 -3.4764 -0.45267 -1.7307 1.3252 -0.91616 1.3764 1.4912 0.2045 0.056715 0.38407 0.45823 1.2344 -0.4783 -0.59115 -0.022916 1.4404 0.8448 0.79758 1.8635 3.0559 -1.196 -0.11128 -0.1549 1.7085 0.22924 -0.26831 0.65727 0.10154 -0.26836 1.6804 -3.0362 -0.0074124 0.71614 0.19456 -0.39965 0.3027 1.7879 -1.3507 -0.6684 -0.70735 -1.3994 0.41065 -2.1799 0.24411 2.3527 -0.71502 -1.7466 -0.43263 -0.67988 -1.1198 2.5584 0.49719 
camphor 0.51942 2.85 0.23195 -0.92888 -0.87895 1.3672 0.77659 1.2444 0.66856 0.39107 0.18797 0.24046 0.95332 -0.55765 1.5 -0.67127 -0.78776 0.78934 -0.75087 0.71581 -1.8134 -1.9207 2.4576 0.93806 -0.40721 -0.93595 0.057415 -0.14718 -0.75799 -0.35273 -1.8359 0.71432 -0.098939 -0.10109 -0.45602 -0.72575 1.281 -0.31364 -1.2369 -0.65953 -0.68041 0.60305 -0.90219 -0.59076 0.33886 -1.1175 -0.26785 0.74663 -0.85022 -1.8244 -0.66405 0.37372 -1.2073 0.6825 1.544 0.070791 -1.5093 0.77088 1.5592 -0.90443 -0.00016967 -0.53046 -0.97395 -1.6467 0.33696 1.4908 -0.58491 0.68376 -1.7989 0.6563 1.0142 0.23693 -0.50428 1.322 1.2893 0.75786 0.93173 1.1103 -0.48129 1.3203 0.47488 -0.037225 -1.3418 -1.6584 0.95104 -0.11299 -0.45719 0.404 -0.34449 0.83852 -1.8945 0.20234 1.604 0.11287 0.83078 0.61687 0.023325 -0.2051 0.026352 -0.40996 
vinegar 0.74831 0.15962 -0.83077 -0.38417 -0.29626 0.78374 2.0481 0.9543 0.64407 -1.0879 0.41062 -0.43016 -0.025696 -0.040571 0.30703 -1.4199 0.16208 0.087929 -0.035185 1.6952 -1.6079 -0.14292 1.4006 0.61718 -0.71386 0.059522 0.41386 0.18312 -1.9718 0.34112 -0.59416 0.184 -0.20046 0.61088 0.62491 -0.39248 0.41438 -0.55519 -1.2491 0.30095 -1.1129 0.33403 -0.10043 1.2749 -0.34426 -0.70097 0.21042 0.72194 -1.4818 -1.0042 -0.24458 0.061532 0.57732 0.038059 -0.36824 0.92986 -0.83142 1.0381 1.3973 -0.30039 -0.11366 0.013161 1.22 1.0964 0.1753 0.41088 -0.93736 0.5414 -1.1288 -0.39488 -2.5037 0.87456 -0.89802 1.3721 -0.074693 0.19143 -0.03086 0.33204 0.078086 0.69598 -0.0063014 0.63675 -0.17506 0.13999 0.80616 0.50264 0.12079 0.75128 -0.37399 -0.57852 -1.2794 -0.94072 1.5339 0.81754 0.07452 0.69156 -1.2235 0.070367 -0.096849 -1.4849 
cardboard 0.78446 0.96424 0.88247 0.25321 -0.77853 -0.27629 1.5747 0.68215 -0.71598 -0.24562 -0.51625 -0.79321 0.29114 -0.32981 -0.82286 -0.53897 -0.34595 -0.83236 -0.31944 -0.20528 -1.2367 -1.3773 2.1406 -0.2293 -1.2387 0.66333 0.48459 1.0389 -0.93492 0.079909 -1.2954 0.10019 0.68287 1.108 -0.28183 -1.4598 -0.87924 -0.84959 -0.32796 -0.60909 -1.8439 0.61631 -0.14996 1.0338 -0.6412 -0.79236 -0.25229 0.1953 -1.4123 -0.86701 -0.10229 0.074296 -0.52536 0.26292 0.29275 0.97474 -0.84562 1.4388 0.49258 -0.65087 0.87651 -0.20955 0.09349 0.22052 0.1513 0.33615 1.0669 -0.40922 -0.24384 -0.27396 -0.5576 0.40451 -0.53109 1.0617 -0.1629 -0.37212 0.45853 0.49099 -0.1761 0.87694 0.77962 0.31573 -0.22413 0.33772 -0.49171 0.63818 -0.10783 0.3609 -0.40834 -1.3073 -0.79374 -0.45448 0.4547 -0.54289 1.0881 0.77529 0.12095 1.3777 -0.039209 -0.96285 
ham 2.3808 -1.5521 0.092031 1.0816 -0.071563 1.7471 2.9043 2.0859 0.57902 0.76882 -0.11588 0.12179 -0.2284 -0.63886 0.78532 -1.1405 -0.82797 0.61681 -1.0819 0.92374 -0.57471 1.3497 -2.0223 -1.4924 -1.4951 0.60236 0.94969 0.068684 -1.1678 -1.3397 -1.363 3.5103 1.4629 0.1275 -0.19121 -1.5073 0.44646 -0.22606 -0.95684 0.024273 0.69443 1.5613 -0.90479 4.0015 -0.10265 -1.5357 -1.0014 -0.55962 -4.9045 1.1092 0.11091 0.12119 0.43764 0.86028 1.7596 0.31639 -0.68358 1.9615 0.19215 -0.53942 0.18725 -0.11541 -3.0646 2.5485 2.1097 0.11568 -0.76957 3.5574 -2.5291 -0.83695 -0.13982 -0.72621 0.38411 0.70652 1.3231 -0.42119 -0.89999 -0.0040708 3.094 0.82073 -1.161 -1.8296 -1.3578 0.22274 2.1946 -0.57352 0.37316 0.19326 -1.2265 1.114 -0.2148 -1.5762 1.4722 -0.60248 -2.3473 -0.5368 1.4642 -0.45226 2.231 -1.3632 
peanut 0.43344 -0.080847 1.578 0.45094 -0.62894 0.51996 2.1617 2.6072 0.098348 0.55855 0.057378 -1.6161 -0.093184 -0.3937 -1.6578 -0.63699 -1.6553 0.37554 -0.88705 0.40146 -0.68715 -1.3535 1.2348 -1.3963 -1.1433 1.0548 0.73688 0.94736 -1.439 -1.5629 -1.374 0.81266 1.6392 1.8396 -1.5163 -0.051035 0.067526 0.136 -0.55979 -0.86542 -0.31606 1.5651 -1.9075 -0.22527 -0.91399 -0.30379 0.82106 -1.2027 -2.7402 0.75445 0.35257 0.84353 -0.61911 0.96166 0.9928 1.2427 0.3366 0.94845 0.1926 0.81958 1.1399 -0.10948 0.039577 1.5442 2.2438 -1.8854 -1.9835 2.2501 -0.38716 -1.6862 -2.4045 0.46278 -1.2816 0.22147 0.012621 0.65669 -1.3498 0.74813 -1.3508 -0.33841 0.39603 -0.65981 -0.52758 0.32697 -0.27272 -0.59128 0.32611 -0.43788 0.097148 -1.6622 -1.1092 -0.78685 0.085303 1.113 0.085128 0.17741 -0.03158 1.2068 0.19856 -1.1405 
garlic 0.76827 1.0801 -0.25963 -1.4864 0.34663 0.99362 1.808 -0.016218 0.82222 -1.0011 -0.43843 -0.44021 0.9427 -0.70465 0.30631 -0.54201 -0.037725 0.23527 -1.0204 0.68465 -0.68579 -0.95447 0.99897 0.86286 -0.73937 -0.58359 0.076932 -0.21126 -1.4583 -0.17874 -2.7823 0.28253 -0.77737 0.50127 -0.46793 -0.65011 -1.1688 -1.5578 -0.15344 -0.56505 -0.58589 0.53516 -1.377 1.5757 -0.87383 0.69773 0.3255 0.21714 -1.5023 -0.72392 0.66444 0.44171 -0.27765 -0.2091 0.26301 0.024974 -0.97058 0.48032 1.4792 -0.81133 1.2791 -0.02881 -0.039157 0.63322 0.35673 1.2419 -1.2869 1.8864 1.074 -1.6886 -2.4146 0.55558 -1.8828 1.4931 0.73859 0.47513 -0.16196 0.16665 0.19674 0.59966 0.4624 0.91146 -0.19819 0.079897 -1.4026 0.63944 1.1098 -0.97971 -0.018068 -0.94684 -2.7543 -0.62459 1.3786 0.14919 0.93884 -1.3592 -0.80124 -1.5007 1.19 -1.2971 
glue 0.8866 2.448 0.9598 -1.1558 -0.71646 0.53437 1.5966 0.07217 -0.611 0.20944 0.034675 0.24159 -0.25601 -0.934 -0.59199 -1.6763 -0.50458 -0.95605 -0.47113 -1.1768 -0.80694 -2.3663 0.86235 -0.38703 -1.8726 0.40102 1.7512 -0.36074 -0.71898 0.49 -0.14376 -0.19541 1.4817 1.8072 -0.78364 -0.92689 0.015063 -0.46214 -0.29472 0.54593 0.55791 1.6172 0.24881 -0.064396 -0.1138 -0.8327 -1.9467 -0.31255 -2.3528 1.1082 1.0403 1.7669 -1.0346 0.87762 1.2254 1.3718 -1.4111 1.6059 1.1862 -1.0588 0.28255 0.4008 -1.2257 0.2315 1.4388 1.0003 0.28771 0.2873 -1.1185 -1.3792 -1.2973 0.26665 0.085549 1.4345 -0.18898 0.75231 1.0315 -0.11583 0.092961 1.7294 0.99934 -1.4791 0.76877 -0.69963 0.44571 -1.3519 0.95483 -0.25315 0.95257 -1.277 -1.0104 -0.24828 0.76336 -0.82771 0.50462 0.41848 1.7433 -0.39726 -1.0653 -0.24065 
egg 1.9077 -0.1005 1.856 -0.1059 1.2813 0.79878 3.4597 2.1583 -0.67716 -1.8093 0.52761 -0.90415 -0.31693 -1.1305 1.051 -0.95275 -0.85816 -2.1561 0.21279 0.10445 -1.6204 -0.58112 -0.54361 1.1668 -0.89817 -0.67658 -0.0010018 -0.70199 0.2047 -1.0897 -0.30016 2.4355 1.9706 3.2749 -1.4605 -0.93292 -0.93574 -1.0054 0.63862 -0.8889 -0.11984 1.3366 -2.0644 2.0411 -1.306 0.40399 -0.18092 -0.27218 -2.1826 -0.94476 0.27311 0.26636 1.291 0.76074 0.42116 -0.0066863 -1.8503 1.7813 2.1421 -0.63635 1.4873 -1.1729 0.034259 0.68863 0.77906 -1.2784 -2.8085 1.2747 -2.3832 -0.89958 -3.714 -0.023221 -1.0481 0.4155 1.0683 -0.050999 0.13761 -0.68252 1.1087 -1.2933 -2.0785 -0.12241 0.60158 2.8264 -2.3131 1.0914 1.0214 0.33499 0.92592 -1.0151 -1.1093 -0.14355 1.2108 -0.017421 -0.34232 0.73489 -0.09188 -1.1721 -0.43153 -1.7031 
weed 0.98987 0.67853 0.3632 -1.5318 -0.17532 -0.68928 2.1201 0.46606 -0.68776 -0.18016 2.5261 -0.45588 -0.94632 -0.54978 0.23183 -1.9935 -0.81124 -1.3521 -1.6203 1.7437 -1.525 -1.155 1.1744 -0.24971 0.3806 0.62799 -0.89092 0.5142 0.042101 1.0263 -1.1138 -0.26158 0.56574 0.35454 -0.38965 -0.52646 0.99247 0.3576 -0.06827 -0.94158 0.21695 1.8403 0.25567 1.2612 -1.3908 -1.3323 1.4536 1.6436 -3.5578 -1.1147 -1.3069 1.7653 1.7432 0.72965 1.1456 0.048802 -1.1276 -0.76397 0.91803 1.3186 1.8732 -0.71028 1.0455 0.90118 1.2207 -0.0058375 0.23069 1.0315 0.61973 1.3395 -0.18151 0.23844 1.5014 1.9268 -0.3802 1.4304 0.45803 0.17108 0.083574 -0.058993 0.64986 1.1286 0.51219 -0.72174 -0.46424 1.5997 -0.59301 -0.94975 -0.33204 0.85218 -1.7015 -1.4931 -0.22559 1.5648 1.672 -0.0050781 -0.60048 0.78703 0.49615 -0.26114 
ammonia 0.14709 1.1825 -1.0318 -0.93576 -0.058723 0.85878 2.5676 0.72705 1.0132 -0.78876 0.33459 -0.95474 0.085233 -0.83323 -0.22944 -0.92448 0.7901 0.44748 -0.51701 -0.10172 -1.2506 -0.69293 0.87074 0.50245 0.41754 -0.17086 -0.89277 0.10036 -1.7639 0.15641 0.39042 0.37596 -0.26425 0.62148 0.57949 -0.063905 -0.9233 -1.1449 0.13481 0.76928 -1.2304 -0.71811 -0.060263 0.56967 -1.4016 -0.49883 -0.52369 -0.68908 0.052179 -0.15946 -0.69671 0.90234 0.8501 -0.28793 0.69239 -0.20202 -0.567 -0.68052 1.2004 -1.4494 -0.49253 0.62739 1.2151 -0.15556 0.79744 1.9688 -0.43592 -0.13356 -0.86419 0.70799 -1.0014 0.11735 -0.67368 1.7122 0.31709 1.2054 0.135 0.54829 0.15229 1.2003 -0.73539 1.0647 0.15623 -0.017723 0.085396 -0.53074 0.59557 -0.10537 -0.14204 0.11451 -0.20657 0.47828 -0.30703 0.60352 -0.59378 -0.00090368 0.027566 -0.10407 -2.0053 -1.6161 
bakery 0.40885 -0.18229 -0.35873 -0.21114 -0.24102 -0.18588 0.74881 0.39276 -0.15821 2.3848 -1.2155 0.043788 -0.80187 -0.44889 0.032346 -0.56821 0.47957 0.24704 0.54374 0.81323 -2.1086 0.031265 0.7177 0.32261 -1.1903 0.8191 -0.6078 -1.7066 -0.82422 -1.8465 -2.1301 0.65916 0.87443 1.6703 -0.86697 -0.36333 -0.17881 -1.2117 0.71199 -0.52914 -0.95639 2.8123 0.38324 0.53749 1.4732 0.29819 0.67711 -0.39204 -1.8598 0.16638 0.75463 0.20681 0.27324 -1.116 0.41523 0.71513 -0.80484 1.2595 0.43547 -0.98332 0.18073 -0.048331 1.0408 -0.084525 1.0978 -1.6994 -0.44512 2.9967 -1.4069 -0.16106 -1.3609 0.074303 0.63314 -0.47395 1.7925 -1.2546 -0.53676 1.0379 -1.6529 0.43127 1.9728 -0.84695 0.66603 0.6367 0.41209 -1.955 -0.43717 -1.3114 -0.67284 0.23593 0.40798 0.29825 -0.46149 -0.79297 -0.59734 0.496 -0.050991 0.63639 1.0244 -1.6995 
potato -0.42914 -0.52737 0.14503 -0.21853 0.30382 0.18746 0.57279 -0.49334 -0.31989 -0.46052 -0.57247 1.1068 0.057652 -1.0145 0.61052 -1.9889 0.64227 -0.54494 -0.35526 0.85086 -0.50449 -0.28403 0.74095 1.7572 -0.93752 0.70423 0.33369 -1.4192 -0.98762 0.3585 0.49353 -0.48164 1.0732 1.5748 -0.64828 -1.6305 0.70128 -0.69521 0.23047 -0.0047076 -0.44192 1.5501 -1.88 0.55969 0.13364 0.01927 -0.30278 0.57427 -2.7576 -0.12333 0.12984 0.70535 0.90565 0.2123 0.060285 0.77553 -0.74124 1.7174 1.3188 0.29226 1.4957 -0.46349 0.57969 -0.044117 -0.54843 -0.76509 -1.4361 2.0542 -0.84297 0.003242 -2.2396 0.46272 -1.6567 0.97039 0.59903 0.16938 -0.31403 0.6324 0.070705 -0.68311 0.80731 0.86807 -0.01664 2.3085 -0.55759 1.5472 0.12595 -0.42438 1.3262 0.32984 -1.7088 -1.1613 1.0457 0.45218 0.24964 0.096541 -1.0327 0.35985 0.052869 -0.18205 
beer 0.43665 -1.1498 0.1918 -0.2769 0.22405 0.46245 1.4343 0.071909 -0.90523 0.48313 0.47109 -1.4601 -1.2772 -0.54907 0.82397 -1.6318 -1.5108 -0.029559 -0.33603 0.20011 0.088948 -2.5529 2.2258 -0.45688 -1.5087 -0.9213 0.59311 0.22418 -1.0073 -0.72056 -0.092576 1.8125 1.3098 1.5008 -1.5768 -0.61159 -0.63736 -0.36619 -0.83455 0.25894 -0.2663 0.89028 -1.1051 2.6002 -0.32023 -0.9166 -0.10956 0.52346 -1.5733 0.12665 -0.44225 -0.32736 -0.49464 0.46443 -0.45223 1.7969 -0.46291 1.5966 0.98501 -0.75414 1.1609 0.089053 0.5041 -0.25237 0.15831 0.99953 -0.4243 3.185 -1.4444 0.49092 -0.24873 0.38263 -0.31965 0.095762 1.0751 0.41196 -0.44729 0.27645 -1.4417 -0.62398 1.8678 -0.56063 0.83447 -1.055 1.3584 -1.3821 -0.074224 0.71586 -1.0693 -1.8338 -1.2293 -0.71382 -0.24627 -0.59792 -0.51369 -1.9454 -0.3891 -0.27396 0.20142 -0.026886 
walnut 0.098051 0.30904 0.36241 -0.19143 0.45429 0.23988 1.8636 1.9377 -0.043891 1.3709 0.06532 -1.2625 -0.974 -0.69098 -0.60287 -0.1131 -1.4572 0.19079 -0.39019 1.1931 -1.024 -0.44781 2.1 -2.4676 -0.2644 1.2666 -0.41385 1.2879 -1.5271 -1.6357 -0.99636 0.94717 0.10429 0.69743 -1.5632 0.14826 -0.35677 0.27568 -0.35987 -0.99155 0.10156 1.0095 -1.3474 -0.063902 0.070896 -1.1575 0.58349 -0.82005 -2.657 -0.028842 -1.1646 0.63408 -0.3119 0.68094 1.5538 0.795 0.18575 0.52715 1.2547 0.62336 -0.45252 0.788 0.1819 1.0299 1.2624 -1.2072 -1.209 2.8331 -0.88076 -1.1149 -2.283 -0.59267 -0.24601 -0.96534 0.78485 -0.60039 -0.60754 0.61977 -1.9256 -0.93003 1.2493 -1.0649 -0.97999 0.15242 0.73414 -0.26578 -0.11608 -0.014972 -1.5067 -1.9661 -0.16151 0.088083 0.61596 0.74349 -1.1221 0.75952 0.11483 0.3943 0.94319 -1.2426 
onion 1.2984 1.3729 -0.70294 -1.7268 0.00010904 0.17679 1.6978 1.4972 0.838 -0.96197 -1.0707 0.65081 -0.16428 0.33544 -0.44123 -1.1513 -0.15804 1.6587 -1.4656 2.4846 -0.98631 -1.2114 0.10191 0.75024 -0.44134 -1.4185 0.28487 0.88831 -1.3247 -0.27472 0.45382 0.38451 -1.4816 -0.12033 -0.80289 0.17124 -0.74467 -1.0554 -0.27222 0.20145 -0.53629 0.46111 -2.1004 1.1795 0.68827 -0.43897 0.27483 0.9732 -2.0827 0.096162 -0.14637 1.3088 0.46346 -0.3175 0.82015 0.11858 -1.2915 0.51153 1.6595 0.24968 1.3988 -0.46717 1.3227 0.44151 0.3427 0.92746 0.13574 1.7308 -0.23885 -0.015479 -2.4137 0.16967 -1.5735 0.82072 0.3058 0.14953 -0.18119 -0.63293 0.44147 0.21961 0.49869 0.35169 -0.59789 1.0772 -0.92484 0.91672 0.43879 1.1886 -0.17371 -1.1141 -1.0932 0.66666 -0.16541 0.8669 1.0713 -0.53023 -0.55383 -0.40087 0.57098 -2.1033 
turpentine 1.0201 1.9887 0.073882 0.29529 -0.62253 0.30986 1.3197 0.48667 0.83008 0.4538 0.19496 -0.30296 0.7249 -0.040362 0.60266 -0.64085 -0.20135 -0.60171 -0.050382 0.64181 -1.4 -1.4981 0.98104 -0.70216 -0.81702 -0.18116 -0.15022 0.34892 -0.65053 0.030735 -0.22837 0.50476 0.053628 0.9339 -1.0864 -0.77608 -0.8797 0.31537 -0.74447 0.58411 0.19149 0.79287 -0.29996 0.74583 -0.43214 -0.54329 -0.60526 -0.17529 -1.1996 -1.1514 -0.28443 0.74605 -0.35397 0.7165 0.34679 -0.15669 -0.21565 -0.38289 1.4936 -0.64788 -0.108 -0.19496 1.1796 -0.61582 1.0247 0.18819 0.8372 -0.038817 -0.62551 0.14439 -1.0004 -0.62673 -0.78448 0.81975 0.22815 0.25851 0.48049 0.48941 -0.14489 0.40898 0.86668 -0.6783 -0.42445 -0.48403 0.67251 -1.0938 0.21566 0.049701 -0.31906 -0.11564 -1.0872 -0.45227 0.20467 0.96229 0.62682 -0.34447 -0.077897 0.2631 0.49213 -0.4333 
mothball 0.14426 0.88124 -0.18177 0.49614 0.088595 -0.17223 0.16295 0.71945 0.015173 0.88666 -1.2618 -0.46962 0.64202 -0.90104 -0.064142 -0.92874 -0.61055 -0.61389 -0.56 0.0090699 -1.2259 -1.2601 1.0837 0.10444 -0.80905 -0.66056 0.89652 -0.11249 0.10328 -0.38874 -0.60472 0.68202 -0.24775 0.96395 -0.32765 -0.65887 -0.025065 -1.0823 -0.48222 -0.36364 -1.189 0.717 0.05626 0.31904 -0.29771 -0.21863 0.29244 -0.32344 -0.85571 -0.83602 -0.3426 -0.30705 0.80818 -0.43557 0.25767 0.37705 -0.99937 0.91355 1.2951 -1.0434 -0.38007 -1.0298 0.52572 -0.14985 0.82799 1.3443 1.1977 -0.17646 -1.2024 -0.37993 -0.82055 -0.91829 0.59438 1.101 -0.24032 0.73788 0.93816 -0.12346 0.80044 1.8118 0.038502 -0.10912 -1.073 -0.83093 -0.44608 0.35043 0.70492 -0.8583 -0.66689 0.14898 -1.3907 -0.51018 0.29788 -0.26637 0.79399 -0.26824 0.93797 0.15218 -0.00091731 0.076344 
disinfectant 0.5567 0.3141 -0.044992 -0.2943 -0.84934 0.33631 0.72393 0.70958 0.52609 0.63144 -0.12647 -1.1385 -0.1229 -0.62781 -0.49465 -1.3519 0.25819 1.2906 -0.67429 0.53572 -1.3744 -1.0879 0.78493 0.1176 -1.0447 -0.16862 0.037639 0.012764 -0.49671 -0.68883 -0.68639 -0.090776 0.24623 -0.1372 -0.1798 -0.82594 0.19206 -0.30576 -0.40693 0.36017 -0.65846 0.25507 0.14944 0.9765 0.38397 -0.0086317 -0.034488 0.22436 -0.91138 -0.95655 0.1299 -0.14705 0.21477 0.57578 0.39283 0.054681 0.58766 -0.29732 0.84739 -1.0342 0.22401 0.068175 0.36185 -1.1062 0.16088 1.5863 0.29989 0.10137 -1.0787 0.29004 -0.72485 0.081583 -0.71529 1.2501 0.56688 1.4867 0.88374 0.43736 1.2095 1.0468 -0.81488 -0.44692 -0.49798 -0.66845 -0.16953 -0.41934 0.30871 0.7604 0.19656 -0.60521 -0.83994 0.13772 0.20461 0.23359 0.85642 0.36667 0.65185 0.43579 -0.45665 -0.65183 
varnish 1.1099 1.1895 -0.56755 -1.1222 -0.055089 0.41876 1.713 0.842 0.27475 -0.70622 0.49927 -0.58181 -0.11948 0.50441 0.83438 -1.1586 -0.47403 -0.011218 0.10448 -0.31088 -0.50019 -1.5628 0.53118 -0.64717 -0.55164 0.6497 -0.16451 0.44618 0.45821 0.25253 0.074291 1.7858 -0.39539 1.1073 -0.58619 -0.553 -1.142 0.31887 -0.18185 -0.25109 -0.22977 1.2984 -0.4919 0.91264 0.12809 -1.457 -0.34177 -0.051808 -0.90982 -1.8086 -0.64555 0.2664 -1.4621 -0.21344 0.52506 0.64299 -1.3522 0.42421 0.87983 -1.561 -0.80229 0.1343 0.17397 0.66522 1.1345 1.0844 0.2842 0.53723 0.41608 0.63849 0.34541 -0.28378 -0.041638 0.96309 1.0916 1.1547 1.182 0.78041 -0.82479 1.9337 1.4233 -0.75426 0.17775 0.92655 0.12199 -1.9063 0.18897 0.35756 -0.78259 -0.11581 -1.3393 -0.7423 1.9267 -0.38394 -0.38371 1.1176 -0.20269 -0.286 -0.34695 -1.4585 
kerosene 0.36654 1.1292 -1.0608 -0.50382 0.27233 0.67848 1.8789 0.96968 1.0344 -0.14044 0.10279 -0.19787 -1.1307 -0.49018 -0.72674 -0.085755 -0.090344 -0.44942 -0.87865 0.42735 -0.026989 0.47643 0.4381 -0.95417 -0.49803 -0.31797 -0.077413 0.19109 -1.0434 -0.24991 -0.80733 1.174 -0.41726 -0.44533 -0.025731 0.31417 -0.42345 -0.29016 -0.89389 -0.80115 -0.29731 -0.55186 -0.21218 -0.16329 -1.1396 -0.26956 -0.48036 0.25571 -1.5244 -0.51301 -0.11718 0.8861 -0.29019 -0.67198 0.24286 -1.4735 0.79411 0.21556 0.30039 -1.1161 -0.75209 0.059853 0.17038 -0.86502 0.39207 0.50398 -0.1714 1.1214 0.29974 0.80174 -0.49685 -0.87103 -0.36016 0.3061 0.38132 -0.10371 0.39191 -0.48941 1.2366 -0.44657 1.1311 -0.60364 -0.051298 -0.97086 0.44592 -1.1468 0.75917 0.46025 0.16558 -0.20387 0.26929 -0.97058 0.44688 0.43999 0.061112 -0.74541 0.68837 -1.1164 0.28255 -0.27936 
solvent 0.38489 0.88945 -0.60686 -0.70501 -1.0205 0.91144 1.1699 0.25892 0.38567 0.16691 -0.78564 -0.54337 -0.36356 -1.6591 -0.22993 -0.2916 -0.45964 0.78853 -0.24798 -1.125 -0.94792 -1.9641 1.0248 -0.049818 0.36036 0.014643 0.27678 -0.1511 0.35259 -0.064524 -0.43073 -0.44557 -1.136 0.22378 0.26704 -0.12074 0.44068 0.89617 -0.74 1.0003 -0.29928 0.36979 0.21149 0.2248 -0.1832 0.45078 -0.79316 1.5881 -1.1828 -1.9449 -0.1401 1.104 -0.12126 0.08582 0.84783 -0.22899 -0.49506 0.054978 1.1217 -1.6834 -0.20412 0.19045 0.86703 -1.1859 0.20168 1.1291 0.88955 0.71885 -1.2306 0.072171 -0.85015 -0.47062 -0.054297 1.2618 1.0063 0.46769 0.72134 0.8724 0.17044 1.1467 -0.26243 -0.8261 -0.059022 -0.82384 0.28355 -1.1909 0.53045 0.069229 0.21642 -0.097411 -1.7958 0.21241 1.0965 0.26258 0.70732 -0.18952 -0.44491 -0.048858 -0.34632 -1.4419 
mustard 0.17917 0.26918 -0.11141 0.12306 -0.0094471 0.15132 2.1196 1.5783 -0.39895 -0.34394 0.76002 -1.0559 0.24415 -0.60359 0.36233 -1.5017 -1.1003 -0.3268 -0.61225 -0.24842 -0.37008 -0.22247 0.23677 0.41702 -2.2954 1.0492 0.39527 0.82686 -0.81583 -0.4363 -0.65598 0.70652 0.54972 0.79591 -0.87075 -1.136 0.71113 -0.4323 -0.64875 -0.58063 0.3087 -0.14321 0.37603 1.3818 -0.68614 -0.015661 0.63966 -0.82164 -1.5133 -1.3978 -0.77155 -0.11957 0.30162 0.83663 0.92582 -0.34054 -0.61576 -0.15886 1.603 -0.30362 0.098408 -1.3449 -0.24715 0.1911 0.98893 0.082023 0.048324 0.7212 -0.35743 -0.12661 -1.6745 0.08967 -0.73288 0.061539 1.2316 0.10762 0.49423 1.3177 0.27948 -0.31264 1.1452 0.14982 -0.66529 -0.14931 0.25124 -0.055007 -0.43742 0.071838 0.88989 -0.63816 -0.77765 -0.16404 0.24788 0.82508 -0.48685 0.33063 -0.16417 0.64983 0.31628 -0.31602 
manure -0.098319 0.60957 -0.4929 -0.42854 -0.58191 -0.6227 0.85464 0.093695 -0.28043 -0.17897 -0.21706 -0.15785 0.21613 -0.9205 -0.026464 -0.66037 0.39099 -0.49839 -0.41879 0.42401 -0.13196 -0.66724 0.48165 0.30697 0.79402 -0.87006 0.83812 -0.024081 -0.46232 -0.077841 -0.48787 1.2669 -0.88291 -0.20023 -0.43414 -0.68448 -0.28048 -0.10911 0.053795 -0.70698 -1.4499 1.0822 -1.1355 0.62447 0.076946 0.45288 -0.1792 0.59684 -1.8468 0.18613 -0.80113 1.0518 -0.27365 0.93019 -0.13464 0.99488 -0.35314 -0.41293 0.79021 -0.60049 -0.28798 0.10784 0.39586 -0.23331 0.98162 0.72795 1.1231 0.60911 0.3559 0.6352 0.21006 0.52368 -0.38084 1.3567 0.48946 -0.14994 -0.13599 0.75661 0.79238 0.91659 1.6711 -0.32411 -0.31652 -0.56493 -0.54086 -0.20036 -0.089552 0.44071 0.45923 -0.39649 -1.127 -0.47625 -0.022088 0.54466 2.2941 -0.2175 0.82925 0.65524 0.11737 -0.78231 
rope 0.40201 -1.5269 -1.0815 0.034519 -1.0212 -0.29719 1.5724 0.23404 0.84736 0.87231 0.060237 -0.06636 1.1314 -1.0909 0.82307 -1.7935 -0.083494 -0.63869 -0.51402 -0.0034633 -1.2069 -1.287 0.88852 0.64898 0.079791 -0.029185 0.40268 -0.09717 0.31606 0.46832 -0.84458 -1.6854 0.80329 0.17034 1.2971 0.0020819 -0.55516 0.63818 2.2977 0.85003 0.13468 0.58248 -0.59289 1.1443 0.68301 -1.1016 -0.48121 0.51823 -1.1965 0.50982 -1.1935 1.4068 -0.97899 0.73912 0.91878 -0.91752 0.21403 0.98526 0.89224 -0.68309 -0.5434 -1.0157 1.0502 0.35871 0.86077 -0.12367 0.61646 0.53962 -0.88724 0.83366 1.0438 0.6576 -1.7038 -0.49809 -0.57149 -0.086112 -0.80377 1.4966 -0.080544 -0.37843 1.8616 -0.51642 -0.51221 0.28092 -1.5783 0.72158 0.53576 0.047617 -0.20217 -0.18038 -1.1163 0.055933 0.41536 0.29735 -0.65621 1.7922 0.88222 -1.794 1.2875 -0.50979 
creosote 1.2579 1.071 -0.39059 0.093594 -0.34307 -0.041283 0.81083 0.91138 0.50897 0.98716 0.022375 -0.18412 0.4579 -0.088033 1.2909 -0.25171 0.093724 -0.33912 -0.60631 0.38057 -0.87865 -0.25979 0.37076 -0.38246 -0.38622 -0.39054 -0.046299 -0.010457 -0.55574 0.41565 -0.52739 0.7948 -0.22671 -0.26855 -0.97933 0.26986 0.5345 0.14165 -0.45614 -0.21246 -0.39455 0.46016 -0.15462 0.0085417 -0.32667 -1.0058 -0.63397 -0.20491 -1.2648 -0.43094 -0.22593 0.88891 -0.1342 0.05955 0.86781 0.14201 -0.29075 0.021887 0.32735 -0.34342 -0.5112 0.25668 0.5081 -0.13403 0.036443 0.16565 0.70944 1.0282 -0.071644 0.93858 0.12395 0.32148 -0.32651 0.076401 1.1176 0.05522 0.26923 0.13957 0.4674 0.24283 0.27622 -0.29306 -0.098576 0.27648 0.41449 -0.86477 -0.040179 -0.16959 -0.44552 0.13303 -0.67986 0.057305 0.70236 0.095458 -0.73172 0.42763 -0.06322 -0.47222 0.15113 -0.77016 
cork 0.97949 0.52017 -0.66678 -0.81862 -0.23121 0.2234 0.78008 1.282 -0.41863 1.2024 -0.69318 -0.89827 -1.0676 -0.2584 2.201 -0.11742 -1.8201 0.52751 -0.13926 -0.95959 -2.0413 -1.2061 0.34354 -0.14877 -0.27949 0.2368 0.15205 -0.38668 0.093316 -0.86533 0.10569 -0.54126 -0.36773 0.24977 -0.33719 -1.2802 1.0022 -0.10926 1.4015 -1.0318 -0.020174 0.6136 -0.55928 1.3808 -0.88985 0.10253 -1.8584 -0.89398 -1.7326 -0.035172 -1.5782 1.62 -0.77347 0.72421 -1.3672 -0.57911 -0.69513 1.4987 0.25352 0.53647 1.3953 0.95366 0.56059 0.3134 2.0233 0.35606 1.1796 0.95429 -1.7532 -0.84689 -0.17929 1.1115 0.5069 -0.65397 0.71753 0.42113 -1.3316 0.36615 0.0016915 0.52598 0.76245 0.13409 -0.25989 0.87062 -0.10014 -0.50317 -0.8603 -0.58324 -1.3796 -0.17534 -0.89436 -0.47043 0.17508 -0.83769 -0.80822 0.58072 0.31085 -1.0167 0.90184 -1.9035 
mouse 0.57528 0.62012 -1.0115 -0.62231 -0.2718 -0.59523 0.88579 -0.74442 -1.1486 1.064 -1.1083 0.33552 1.1553 -1.0766 -0.18228 -1.5248 -0.75828 -0.52755 -0.55418 0.042582 -0.43715 -1.2902 -0.30092 0.074023 -2.0114 -0.14805 1.632 0.27107 0.73511 -0.36203 0.51006 0.51321 -0.82298 -0.63409 0.5434 0.65485 0.87099 -0.13553 0.50902 -0.045764 -0.70824 1.1106 -0.59437 0.81857 0.20535 0.099615 0.0019069 -0.33068 -2.1097 -1.3702 -0.52434 1.1186 0.98795 -0.53311 -0.28317 -0.93778 -0.12693 0.58358 -0.12508 -0.7078 -0.15987 0.09386 -0.15478 1.3469 -1.0903 0.72548 1.6098 0.90283 -1.1988 1.2511 -0.82993 -0.62948 -0.18848 0.59753 1.8036 1.3181 0.14942 0.11045 0.85172 0.29976 0.73473 -0.84854 -0.64794 -0.94249 -0.70443 0.043332 1.1751 0.72072 0.51268 -0.18905 -1.9658 -1.3678 0.49109 -0.099424 -0.71323 -0.33906 -0.25646 0.051111 0.87421 -1.6014 
