96 100 
perfume 1.267 -0.41744 1.0519 1.3168 -0.030119 -0.26295 -0.31268 -1.166 0.2965 -0.30804 -0.31248 0.59811 0.30605 0.15329 -0.24516 1.3612 0.62934 -0.42991 0.32242 0.14753 0.095954 -0.77184 -0.10107 -0.36052 0.60192 -0.016815 -1.3384 -0.38534 0.2029 0.22197 0.151 -1.3597 0.27706 -0.27043 2.0772 -0.12121 0.50833 0.52562 -0.034469 -1.0126 -0.45477 1.8614 -0.78177 1.3074 -0.051489 0.11185 -0.31309 0.30679 0.8063 -0.41179 -0.40918 -0.11439 -1.0019 -1.769 -0.39202 -1.3036 0.32537 -0.88879 -0.86324 0.00035327 0.61288 -0.57423 -0.2759 -0.39224 -1.1578 0.58032 0.91054 0.54349 1.0152 -1.2934 0.49556 -0.42321 0.24608 -0.16189 0.090458 0.094697 -0.30507 0.58373 0.41716 0.472 -0.36356 0.32805 -0.2512 -0.41694 0.85152 0.15371 -0.78633 0.89781 0.62995 0.47226 -1.2309 0.1353 0.080428 0.64248 0.18546 -0.80988 2.5086 -0.91162 -0.40221 -0.49854 
vanilla -3.314 -0.39334 0.53103 0.69583 0.65524 0.57499 -0.42219 0.022229 -0.23382 1.2387 -0.66695 2.8456 0.34654 -1.7235 -0.75248 0.080454 -1.3002 0.26712 -0.10196 -1.5565 0.56196 -0.21338 0.064273 1.4701 -0.19208 1.4391 2.2984 0.72339 -0.37883 -0.53606 -0.89051 -0.4044 0.16205 0.45392 0.91965 -0.51108 -1.1462 -1.031 -0.85863 1.107 -0.3705 -0.68601 -1.9098 1.5749 -1.2077 1.065 0.027894 -1.5953 0.15361 -0.064041 0.79732 -0.19845 -1.4366 -0.66709 0.19605 0.49901 -0.53846 0.78875 -0.6973 -1.6987 -1.8113 -0.81964 -1.348 0.43529 1.6248 0.7864 0.067642 -1.3051 -1.0439 -2.687 -2.6126 0.89534 -1.1009 0.54352 1.7617 0.34779 -1.3589 2.3269 -0.61135 -0.49666 0.96769 -1.166 0.7364 0.60311 -0.90874 0.36266 -0.14929 -0.12358 0.60355 -0.13681 0.6872 -0.99471 0.33189 -0.76241 -0.37724 0.69605 0.14389 0.33931 -0.32952 1.2057 
citrus -2.6516 0.83812 -0.14209 1.609 -0.82956 -0.06339 -0.16044 -0.64825 -1.615 -1.0073 -1.6956 1.3596 0.39452 -0.83734 -1.8612 -0.46779 -0.48532 0.0025321 -1.6715 -0.48017 1.1533 0.31853 0.44811 0.84369 -0.31781 0.60168 0.54414 1.6933 -2.4049 -1.4782 0.59646 2.6831 2.5968 -0.18673 -0.25304 -0.069787 -0.88841 -1.0995 -1.1769 0.60839 -0.35928 -0.66222 2.098 0.64067 -1.7331 0.024283 0.72964 -1.5564 0.076877 -1.0782 0.80466 -0.054869 -0.039625 0.38538 -0.51067 -0.35553 0.90964 -0.27817 -0.25109 -1.5187 -1.1151 -1.2164 -0.98536 -0.52251 0.95986 2.0747 -0.5323 -1.1175 0.81776 -0.29489 -1.7901 -0.62659 -3.9621 -0.017544 -0.016206 2.806 -0.39918 -0.018758 -3.3693 -2.0895 -0.4321 -0.95777 1.2853 0.74684 1.4563 -2.3534 -0.56097 -0.58172 0.37395 -0.99854 0.081062 -0.54366 1.6356 0.93521 -1.7417 0.17667 0.69174 2.7048 -0.43027 0.69639 
leather -0.85409 -1.8981 1.007 -0.5042 -0.5999 -0.52042 -0.26724 0.50821 -0.18898 1.3213 -0.19658 3.237 0.19205 0.45519 1.3418 -1.1809 -1.1063 0.13234 -1.7198 -1.7655 -0.79954 -0.23445 -0.82437 -1.206 1.1708 -1.3291 1.1906 1.4734 -1.3643 0.92832 0.45822 -0.20096 0.63163 -0.86418 1.4318 -0.61221 -0.36497 -1.0917 -1.9895 -0.016202 0.29467 0.25072 -1.6601 1.6146 -1.2336 -1.624 -0.36213 -1.6686 0.83807 -0.19734 -0.089512 -0.47431 -0.88101 -0.69603 0.59453 0.74958 0.2335 1.3597 -2.0099 -1.2902 -0.11984 -0.59267 -0.20069 0.99283 1.3673 2.4592 1.691 -0.67093 -0.38479 0.28854 -1.3774 0.92302 -0.54689 -0.49067 0.22305 1.3206 -1.4994 1.8175 -0.62966 -1.3695 0.11009 0.41722 0.48383 -1.1498 0.55813 -1.9076 -0.50012 0.69608 -0.041621 1.4239 1.8501 -1.6389 1.2204 0.074302 -0.4403 1.675 0.28682 0.14871 0.60248 0.76198 
rose -1.0547 -1.1193 -0.90842 0.63091 1.2293 -0.60182 -1.6289 -2.9934 -3.3504 0.32064 1.1994 3.9145 2.7926 -1.7474 -1.6572 -1.4914 -0.31208 0.35133 -0.2137 -0.029631 -1.6961 -2.6017 -2.3033 0.84669 1.4112 -0.51134 2.6053 -2.2513 -1.2201 1.3246 0.65042 -2.3541 1.3511 -1.2934 0.5577 -1.0663 -1.6397 0.24168 -0.006898 -0.46708 3.1128 0.59475 0.45495 2.3508 -0.7101 -0.14514 0.5321 -1.1585 1.6396 0.32331 -0.20153 2.0288 -1.2663 -0.67903 2.0038 0.91951 1.4994 2.1847 -1.054 -1.9193 -1.4335 -4.7382 0.16313 0.99733 0.69585 3.1118 -1.2983 -0.91267 2.6762 -4.0066 -2.0551 -0.33015 -2.0882 2.4798 -0.32575 2.7828 -2.9153 3.4131 0.71853 0.38457 -1.0192 1.1878 -0.12753 0.40491 0.92787 0.40499 -0.060011 -0.8709 0.9721 -0.15884 0.62604 -0.21263 3.0947 1.3738 -0.50201 0.47999 4.4398 0.25 -0.36165 1.9056 
wine 2.0436 -0.63106 -1.3194 1.7975 -3.5523 -1.1278 2.4688 -2.9432 0.90641 2.6967 4.0166 3.2032 -2.5451 7.744 -0.92253 -0.93035 -0.43563 -3.0624 1.1606 -0.14981 -0.4316 4.4908 -0.12932 -3.4103 0.3081 -0.48862 0.87048 1.6924 -3.0157 -0.12089 -0.99749 2.3738 3.0868 -2.2692 3.7494 1.7961 -4.451 -1.8572 1.9906 6.0027 3.5156 0.46176 0.80109 3.8554 -2.8115 -0.4266 -1.1928 -1.59 -1.9149 0.53582 3.95 -0.20975 -1.0235 -0.096472 -3.0325 3.1016 0.45187 0.75851 -0.93284 -3.9353 2.2397 1.6162 -2.3604 -4.931 0.72596 -1.1 -3.1571 2.0937 -1.9703 -1.4763 -3.9031 -0.74652 -4.1606 0.25923 0.73319 2.9224 -2.5586 0.095839 -0.39543 -1.1565 -4.5161 0.32855 3.9531 3.8923 -0.53577 3.677 2.3527 0.70792 0.71235 -0.77977 -0.42986 0.30294 0.84271 1.1741 0.91521 -0.15737 -2.4849 -0.066426 2.8841 -0.10324 
tobacco -1.8583 -1.2003 0.53661 -1.2984 0.21334 -0.18268 0.16506 -0.84033 -0.24003 1.3606 -0.97675 3.3705 0.39878 -1.1368 0.77519 -1.1547 -0.65862 0.62235 -0.86251 -1.4821 -0.1279 0.058644 -0.87325 0.58528 0.75278 -1.4017 2.8148 1.2762 -1.7308 0.18296 -0.88495 0.4313 0.3805 -0.27744 1.421 -0.84791 -0.69304 0.29749 -1.6801 0.18816 0.66752 0.1678 -1.4114 1.569 -2.599 -0.62702 0.12702 -0.41841 -0.12686 0.85888 -0.23616 -1.3744 -1.0419 -0.60596 0.86659 1.41 -0.12209 0.70814 -1.9766 -2.4823 -1.7008 -0.54157 -1.396 0.6331 1.3818 1.1144 0.85859 -0.12575 -1.4919 0.44433 -1.5251 2.3369 -0.81992 -0.45881 1.4597 2.0992 -1.129 1.6444 -0.5931 -1.9043 1.0741 0.42469 0.52417 0.46929 0.35199 -0.61096 0.36112 -0.58727 -0.34591 1.6934 1.4615 -1.4697 0.74417 -1.4217 -0.39766 1.2451 0.064769 1.3194 1.0136 1.8056 
coffee -3.3264 -0.66345 1.6827 -1.784 0.34782 -1.2468 0.46138 -0.38998 -0.78376 1.6 -0.10978 0.85078 0.84351 -1.8243 2.1353 0.47404 -2.3382 0.39568 0.3296 -0.85692 -0.32572 2.0723 0.8089 -1.1707 -1.0921 -0.12554 0.79576 0.76296 -1.1552 0.40603 -2.3974 1.6791 -1.3337 2.0138 0.97334 -0.47184 -0.36512 -2.1019 -0.048576 0.46308 -0.82148 2.0716 -1.6725 3.3937 -1.7263 1.5573 -0.54646 2.2112 -0.70508 1.2766 1.5784 -1.9693 -0.83166 -1.5218 -0.16702 1.2255 -0.9027 2.19 -1.6099 -0.93234 1.2526 -0.21504 -1.3603 1.1655 -0.22968 -0.20041 -0.70119 1.1974 0.80315 -2.2163 -2.0322 -0.35993 -1.8591 0.52936 2.7812 -0.28679 1.235 0.98015 -0.41666 -1.7148 0.55297 1.4267 1.7099 2.0933 1.1631 2.2102 0.068466 0.45634 -1.0215 2.1656 0.098247 1.5482 1.8446 -2.5424 1.2683 -0.53418 -1.8243 -1.2864 0.22621 -0.13605 
berry -3.0147 -0.52098 -2.3545 -3.1131 -3.9938 1.6317 -0.90308 -0.84224 -0.76647 3.0597 3.5092 3.808 0.72868 0.77245 -2.0652 -2.8475 0.67547 0.17543 0.83597 -3.1848 1.1277 2.3283 -2.431 0.78511 -1.41 0.29238 0.65596 2.3273 -4.111 -0.068589 -0.8369 5.0462 2.8327 -2.9709 0.98144 0.23758 -3.9491 -1.7022 -0.53323 3.4994 1.983 0.66912 -0.71858 4.2666 -0.41465 -0.23669 -0.78391 -0.060725 -2.6453 1.192 2.0483 -0.8698 -1.1512 2.8575 -1.053 3.8569 0.17127 5.3884 -3.6166 -2.7336 0.66606 -1.7227 -0.96633 -2.2912 2.9245 1.7826 -1.0236 -0.53527 -1.6481 -1.8982 -6.1429 0.55186 -2.2981 -1.7639 -0.32004 2.7148 -2.9535 1.587 -1.0871 -0.76494 -0.80806 0.11013 -0.73816 1.4771 -2.4691 0.93159 1.9787 1.0375 -1.3789 -1.0919 0.72122 0.38631 -0.32521 -1.5356 -1.1306 0.89663 -1.9286 3.4979 0.15465 2.034 
cherry -3.0015 -0.4479 -3.1356 -2.1204 -1.215 0.34353 0.78106 -0.85762 -0.65089 2.4457 3.8037 3.6172 0.32097 1.3403 -1.5032 -2.6626 1.0547 1.3054 1.2718 -1.5049 1.1023 2.6625 -0.61431 0.54959 -0.99665 -1.495 0.84874 2.0117 -3.4169 -0.59574 -1.4151 1.9816 2.1649 -1.5789 1.4711 -1.0166 -4.1477 -1.4597 0.42171 3.0231 2.703 1.6022 -1.6594 3.9468 -1.8175 0.78042 -1.3577 -0.94361 -1.9803 1.1984 2.1253 -0.14993 -1.7421 1.1791 0.086649 2.6651 -1.0574 4.0273 -1.8621 -3.0322 -1.6644 -1.3091 -0.84772 -3.0343 3.0817 -0.23146 -0.49218 -0.76071 -1.4788 -0.64087 -5.5631 -0.69851 -2.8994 -1.7509 0.74198 1.0173 -3.1773 -0.65705 1.3476 0.025231 -2.5786 -0.32541 0.1309 1.4144 -1.5562 0.15338 0.61144 1.811 -1.2877 -0.2219 1.2596 -0.2639 -0.41685 -2.5446 -1.276 0.84618 -2.3316 3.6893 1.9363 2.4312 
incense -0.33651 -0.073158 -0.80583 1.8844 -1.8972 0.13213 -0.26755 0.63515 -1.0942 2.3851 0.44522 2.6557 0.52918 -1.2238 0.0039333 -0.0025329 -1.525 -1.1536 -1.8696 -0.54361 -1.8761 -1.3878 -1.4513 0.12608 0.2473 -1.2286 2.5695 -0.92118 -1.2483 -1.3639 0.1002 -0.59479 -1.0036 -0.71776 0.60962 0.32308 0.43106 0.4896 -3.4641 0.16998 0.0096764 1.0962 -0.79441 1.4487 -2.67 -0.14183 1.708 -1.0549 0.55857 -0.17659 0.090496 0.49405 -1.7959 -0.81464 1.9693 0.06579 -0.24249 0.02152 -0.46555 0.22256 -1.0916 -0.70826 -1.9268 1.6072 0.87693 1.634 0.48612 -0.50614 0.59696 -1.6301 -0.60562 1.2652 -1.6275 0.84009 0.94799 1.7445 -0.84758 3.9098 -1.0666 -0.056117 0.89033 -0.033023 1.2399 -0.11692 0.35189 -0.97243 -0.79306 -1.0744 0.18871 1.3865 -0.62372 -1.7238 1.8746 -0.98248 -1.5944 0.63011 1.781 -0.59921 -0.089049 1.4535 
tea -3.24 -1.7947 1.1862 -2.8119 1.3737 -2.6163 -2.5684 0.55697 -5.5189 2.4349 0.80177 1.2053 1.9776 -3.294 0.61516 0.52409 -2.8957 0.29994 -0.89844 0.36821 1.0688 -1.0869 3.8281 1.3768 -0.98792 -3.5843 1.5828 -4.3371 -2.7155 0.32703 -1.5645 1.9914 0.72416 1.2629 -1.0875 -0.84914 -3.4912 -2.8542 -0.52529 -1.496 2.2044 2.8174 -0.78496 1.8517 -2.2737 0.6892 -2.5933 0.77423 0.62708 -0.18078 2.6331 -2.8288 3.4204 -0.19257 -0.26922 -1.7091 -2.4068 0.45697 -0.26805 -4.7117 3.4714 -1.6752 -4.9681 2.6733 0.30382 -1.5207 -3.1737 -0.36761 6.4815 -2.8862 -2.8493 -0.30369 -4.632 3.9182 4.1756 6.5567 2.6915 1.7109 -0.056271 -1.2855 0.083842 2.2518 -0.077803 1.0314 6.9701 5.1301 -0.70964 -0.59502 0.36217 0.86982 -3.1608 4.4263 4.4188 -4.7357 0.22684 -1.0812 0.37534 0.41184 1.6854 0.98818 
lemon -2.8964 1.0245 -0.88081 1.5115 0.35616 -2.2699 1.4384 0.7787 -0.54869 -0.0026141 -1.4945 1.1459 0.74222 -1.8452 -3.085 -1.6418 -1.1884 0.74714 -1.4119 0.054936 1.8466 -0.92766 1.7999 1.1911 -1.5961 0.98394 1.6704 3.0955 -1.9783 -0.91574 -0.20271 3.1444 3.9175 -0.11646 -0.10888 0.63448 -0.87215 -0.10982 -1.9848 1.5937 -0.059956 0.01481 1.3629 0.28465 -0.42728 1.3903 0.53262 -1.5911 -0.73652 -1.8847 3.6535 0.51116 2.0707 1.4014 -0.74783 -1.4443 0.032915 1.3929 1.688 -0.41084 -1.2597 -3.379 -0.80786 -0.35518 1.4298 2.4273 -0.9795 -1.7184 0.50867 -1.0421 -1.521 -1.0967 -5.1498 -0.36265 0.95121 1.8883 -1.4988 -0.48859 -1.4608 -1.1529 0.037859 -0.82046 1.0307 0.62397 1.2215 -1.4793 -0.3928 1.0521 -0.8589 -2.671 0.081126 0.051631 2.9808 0.94939 0.19883 1.6177 0.59417 4.0064 0.75374 -1.4246 
cologne -0.037717 0.014058 -0.37499 0.52616 0.65667 0.46689 -0.076373 -1.7393 0.73467 -0.45166 -2.3069 0.61794 0.22315 0.27939 0.36073 0.41236 0.060983 0.13839 -1.5439 1.087 1.6272 1.0924 1.4755 -0.88853 0.46559 -0.058907 -0.7759 0.59837 -0.52645 0.19494 0.15911 0.40766 0.89066 0.33558 0.77449 1.3728 1.6365 -1.2763 0.69452 0.43985 -0.93852 1.2082 1.4448 1.0205 -0.52729 -1.6155 -1.4807 0.52352 -0.018509 -1.4416 -1.1236 -1.1106 0.3292 -0.48871 -1.0343 -2.3603 0.63665 0.13309 -0.94349 0.7464 -0.60774 0.13339 0.76446 -0.60644 -1.4375 0.77173 0.88755 -0.088899 0.82855 -0.75008 0.98054 -0.68876 -1.9857 -0.34636 -0.85565 0.8373 -0.28558 -1.051 -1.0049 -0.42679 0.81914 0.84102 -0.74084 -1.2568 1.6361 -2.0099 -1.218 1.0034 -0.76361 0.36436 -0.97699 -0.57774 -0.68428 1.7396 0.13502 -1.9149 2.1048 0.039117 0.58067 -1.4017 
lavender -2.8815 -0.86991 0.18396 0.40404 0.35529 -0.038046 -0.83752 -0.93617 -0.1674 -0.66556 -1.4489 2.8414 1.0876 -2.1193 -0.98937 0.2693 -1.8521 -0.49893 -1.2095 -0.020812 -0.16903 -0.98234 1.0046 1.2982 0.83793 -0.62063 -0.17074 1.3531 -2.0734 -0.030919 -0.19615 0.63886 1.6667 -0.51514 -0.68781 -0.33878 0.67272 -0.090131 -1.6052 0.43032 0.23588 -1.1954 -1.1017 0.91805 -1.7196 -0.10739 -0.58668 -1.7582 -0.14151 -0.053535 -0.16216 -0.20768 -0.60184 0.5679 0.54994 0.7507 0.05079 0.49694 0.43493 -0.95677 -0.92202 -2.2404 -1.2491 0.017951 0.52226 2.4467 -0.42496 -0.41588 0.21568 -1.082 0.06706 -0.9743 -2.7168 1.1829 -0.51985 2.1144 -0.91168 0.60791 -2.4722 -0.71731 0.38295 -0.56428 -0.19957 -0.085504 1.0573 -1.4928 -0.97355 -1.2174 -0.32083 -0.88228 0.99616 -1.3355 2.5485 0.33372 -1.1075 -0.80411 0.28365 1.3106 0.9784 -0.74291 
orange -2.2765 -0.06399 -0.59321 0.70124 0.21177 -1.1539 1.172 -0.25458 -0.9832 0.41419 -1.0489 0.92053 0.9653 -1.2559 -1.9052 -2.3957 -0.51839 1.5047 -0.9415 0.47879 1.5604 -0.96201 -0.28535 0.81609 -1.1076 1.0079 3.0497 2.3675 -0.83803 -1.1241 -0.086926 0.9404 3.4801 1.7595 1.6269 -0.36048 -1.6046 -0.37407 -1.0536 -0.74356 -0.34744 1.1191 1.65 -0.05453 -0.96312 0.77055 1.6832 -1.3194 -1.0017 -0.83673 2.1509 0.11547 -0.0034577 1.1489 1.0977 0.16865 -0.70979 -0.078066 -1.4161 -0.29625 -1.1342 -3.2371 -0.83221 -1.2215 -0.026308 0.63264 -0.48738 -0.69281 2.9845 -1.097 -1.8801 -1.1251 -4.3023 0.85177 1.3282 3.0559 -1.5138 0.4924 -2.0297 -0.13386 0.48033 -1.0683 -0.16539 -0.19088 2.2322 0.098224 -1.4752 -1.113 0.78423 -0.85296 -0.19884 -0.79326 1.5862 0.44916 -0.39329 2.1588 1.0165 1.8704 -0.62592 -0.24547 
cedar -4.0223 0.47729 -1.4282 -0.20229 -0.67282 -0.39054 -1.3446 -0.7148 0.037676 1.6992 0.88854 2.7236 0.1962 -2.039 -0.64073 -0.55321 -0.5774 -1.1793 -3.4749 -1.5297 -0.81599 -0.36932 -1.2785 0.9422 -1.5133 0.15655 2.4869 1.4422 -3.3588 -0.0050411 -0.10646 2.3588 -0.67987 -1.2322 -2.101 -0.36171 -2.0731 0.57983 -4.1482 0.98906 -0.3069 0.3152 -1.4561 2.2343 -3.1667 -1.5467 -0.32701 -2.84 -1.4011 -1.0026 1.5496 0.48689 -1.946 0.076759 0.47636 1.0786 -0.52978 0.65106 -0.0045409 -0.47807 -2.8144 -1.5603 -2.2134 3.2076 2.859 1.8349 -0.036171 -1.1196 -2.3779 -1.345 0.0051737 0.63043 -2.5498 0.60328 -0.84191 0.9574 -1.7827 4.1833 -1.4666 -1.059 1.0951 -0.15975 -0.060523 -0.85911 -0.80805 -0.05616 -1.3617 0.40922 -0.43104 1.0947 1.8357 -3.3945 3.2802 -0.99592 -0.59921 1.1947 -0.54477 1.3316 1.0101 1.6488 
apple -2.3145 -1.1291 0.56027 0.79076 -2.1604 -1.2344 3.4972 0.27023 -1.4593 -0.61542 0.59932 -1.1263 -0.40034 0.82879 -2.3073 -1.6817 -1.4633 1.2143 -1.4685 -2.6614 2.4228 -1.7257 0.26844 -0.9975 -3.6784 1.0613 1.1205 2.9946 -3.4656 -2.752 -0.025945 4.3932 3.0686 0.45541 -0.23279 0.6217 -1.1851 -0.32526 1.4231 1.9876 2.0387 0.47492 0.15243 0.92503 -1.2253 0.94265 -0.67389 -1.5136 -1.6892 -0.21503 2.5238 -0.87889 -0.011039 1.8963 -0.64131 -0.27255 -1.0034 1.9428 0.67263 -2.1891 -0.97487 -2.4399 -3.4 1.0449 1.6393 0.37495 0.4564 -2.9637 -0.87293 -1.1786 -5.5738 -1.1527 -1.9611 -1.085 0.59882 1.8003 -1.8061 -1.3662 0.68286 -1.8412 -1.8432 -0.89976 0.31098 3.6713 1.3898 1.3936 0.65696 0.7716 -0.0097707 -2.5168 -0.88344 -1.9241 1.4862 0.97813 -1.678 1.898 0.38682 3.6146 -0.2504 0.71927 
peach -2.1368 -0.41131 -0.055207 2.8425 -0.22036 -2.7216 3.0708 -0.55305 -2.1548 -0.1148 0.80524 -0.10411 -4.185 0.5071 -3.7136 -1.6446 -0.30679 0.9297 -0.56 -3.1214 3.5047 -0.84009 -0.29777 0.15117 -1.674 2.3399 1.3918 1.92 -0.73451 -0.12781 -0.88629 2.2592 3.3612 -0.81704 1.4016 -2.9094 -3.2079 0.31251 0.46943 0.11353 2.6241 0.72634 -0.58272 2.4979 0.33641 2.3402 0.11766 -2.3559 0.2513 0.55318 1.8825 1.6575 0.23302 1.1235 1.7258 0.48973 -0.51729 0.3897 0.81326 -5.1174 -0.72207 -1.6277 -2.7537 -1.1489 1.4881 -0.71524 -2.0374 -2.8788 0.72781 0.081218 -5.2481 -1.0155 -2.7181 0.11231 0.3165 1.6394 -1.2308 0.38521 -0.34344 0.15834 -3.6076 -0.48466 0.64645 3.7021 -0.5891 0.66382 -0.65235 -0.41565 0.86462 -2.2875 -1.7645 -1.1173 0.46909 0.37298 -1.6183 2.4867 -0.66559 4.1213 -0.65397 1.5987 
honey -1.7212 -1.0837 -0.13208 1.3796 -0.23036 -1.1704 0.75313 0.31999 -0.68935 2.4935 -0.71493 2.9416 -2.0019 -0.4204 -2.0087 -1.2972 -1.5203 0.17114 0.31311 -3.7924 1.17 -1.3858 0.74279 1.9734 -1.2622 0.91586 4.0709 1.7659 -0.77585 -0.11299 -1.3487 0.31642 2.2109 0.0027205 2.4 -1.0723 0.49977 -1.1467 1.9729 0.044027 0.94318 0.011485 -0.78912 1.9762 -0.48866 1.4639 0.7068 -1.4861 0.59495 0.3089 -0.25996 1.214 -0.19015 -0.33253 2.2527 1.7312 -0.23288 0.70995 0.077783 -3.3826 -1.3381 -0.87916 -3.185 -0.10636 0.53465 0.93211 -1.3678 -2.1562 -0.5277 -2.7615 -3.0784 0.77271 -1.5525 2.3512 3.5662 1.1433 -1.7216 1.3665 0.060673 0.13094 -1.0498 -0.67686 1.0484 1.7248 0.30898 0.18148 -0.1168 -1.9952 0.87636 -1.6818 -0.080864 -1.8405 3.0342 -1.3626 1.4462 2.6454 -0.68602 2.6924 0.58548 1.1611 
violet -1.9877 -1.1919 1.3729 -0.82729 0.24308 0.61471 -0.15629 -1.288 -1.1436 0.25439 1.5156 3.351 -0.79359 -1.0792 -1.1596 -0.56084 0.099282 0.95467 -1.0219 -0.70751 -1.4348 -2.2671 -0.25665 1.7066 -0.59632 -0.7416 0.33628 -0.53881 -2.9199 1.7104 -0.99702 -1.4638 1.3665 -0.8942 0.19472 -0.58909 -3.013 0.1982 -1.8043 0.3091 1.4711 -0.89685 -1.0864 0.93352 -0.78884 -1.2395 0.57019 -0.98256 -0.77153 0.57487 2.0566 1.3493 -1.1354 0.68484 0.82689 1.3498 1.17 1.2159 -0.083096 -2.0672 -1.4104 -3.9532 -1.4811 -1.0243 1.6056 1.7112 0.39484 0.23039 0.40451 -1.1121 -2.5905 -1.7663 -1.7475 -0.22641 -1.9575 3.1147 -1.0154 2.8375 -0.19099 0.0093072 0.014031 -0.53103 -0.6978 -0.15113 -0.51939 -1.2961 -1.059 -1.063 1.4694 0.094789 0.98437 0.1689 1.1528 1.3207 -0.45376 -0.64086 0.9509 0.1377 0.25657 1.7264 
cinnamon -3.2689 -0.096086 -0.3101 -0.22749 0.6528 0.57321 0.55818 0.1863 0.58282 2.2048 0.58277 1.7997 0.18063 -1.1455 -1.4884 -0.87276 -1.2621 -0.91321 -1.2401 0.40311 0.55279 -0.52774 0.71892 1.3761 -0.70313 0.92421 3.5489 0.5636 -0.95282 -0.79915 -1.0816 0.37383 0.60749 0.16985 0.065319 -0.715 -2.2444 -0.22692 -0.66307 -0.52047 0.29337 -0.025128 -2.2466 1.544 -2.5784 0.36205 0.29978 -0.38208 -0.50546 -0.56736 1.1204 0.95545 -1.3257 -0.077035 0.63974 1.9108 -0.46385 1.5226 -1.1342 0.43601 -1.2725 -1.6484 -2.334 0.72366 0.53995 1.6598 -0.96204 -1.2132 -0.15515 -1.3735 -1.5865 0.23941 -2.3253 -0.16253 1.5628 1.3798 -1.9821 1.5409 -0.34873 -0.39094 1.6078 -0.36899 0.30517 1.2728 -0.01599 1.8616 1.0824 -0.34038 -0.10816 -0.40244 0.68103 -1.1713 2.0419 -0.44113 -1.2647 0.89565 -0.96438 0.92403 0.32666 1.7791 
smoke -0.18943 -1.1369 -1.4583 -0.96433 -2.6864 -1.2303 4.0698 1.8421 -0.59335 2.5945 1.414 3.2852 -1.4617 1.4623 1.3373 0.58493 0.33405 0.46216 -0.92853 -1.1718 -1.2282 -0.23375 -1.856 0.85245 -1.9543 -1.4531 4.0528 0.20613 -0.83674 0.095451 -2.414 2.1611 -0.1808 -1.1554 -0.45721 -0.71053 -1.0968 -0.054846 -1.9624 0.37717 1.2447 1.9499 -2.1471 2.5984 -0.51687 -1.2047 1.7776 -0.28866 -2.0154 1.3107 2.0707 0.41945 -1.4825 -2.3377 1.2519 2.4213 -0.6544 1.6864 -0.79588 -2.2189 1.4758 0.037247 -1.748 1.5276 5.3723 2.3296 1.0706 -1.7669 -3.2504 1.6089 -1.0458 2.3143 -0.55019 -0.39961 2.8212 1.1735 0.38788 1.745 0.9508 0.73341 1.5616 0.58733 1.4603 0.76711 0.026091 -0.99556 -0.58431 0.60706 -1.7457 1.7312 -0.62997 -1.1574 2.1357 -3.5342 -1.6545 1.918 -1.0999 0.17104 2.0769 2.7662 
chocolate -2.1295 -0.68155 1.6221 -1.3234 0.069153 0.27981 -0.66485 0.43855 0.19979 1.403 0.72258 2.0296 0.21828 -1.4403 0.28694 -0.9459 0.14413 0.041819 1.1789 -0.90243 -0.083857 0.58512 0.27972 0.89752 -1.8885 1.1072 1.5005 1.2792 -1.3953 -0.0083333 -1.8253 0.39242 -0.013007 1.0198 0.8111 -0.222 -2.6104 -2.179 0.47493 0.6517 0.95543 1.2301 -1.721 2.1229 -1.5602 0.94923 -0.48325 0.14772 -0.1261 0.46464 1.3777 0.084436 -1.2336 -1.8597 0.45822 0.48385 -0.84089 1.9385 -1.2796 -1.0278 -0.014118 -0.027133 -1.1037 0.41884 1.0837 1.1393 0.1923 -0.0087858 -1.1839 -2.0393 -2.5876 -0.50513 -1.7449 0.39091 2.3474 0.34279 -1.8243 0.49879 -0.061735 -0.64851 -0.2293 -0.55111 0.35365 0.99739 -0.8011 0.11907 0.1562 -0.37033 0.11962 1.6678 1.3261 1.2289 0.6366 -1.3923 0.24075 1.3121 -0.97325 0.025533 0.55824 -0.23737 
blackberry -2.8412 -0.76596 -2.1757 -1.4204 -1.6085 1.7545 0.21075 -1.933 0.72236 3.6276 3.4699 2.2048 -0.89179 0.40067 -1.4586 -1.8353 0.73217 0.39464 1.2733 -2.5193 0.1673 1.6307 -2.1951 0.25234 -0.87926 -0.37043 0.57683 2.3621 -1.6317 0.92022 -1.5934 2.6291 1.8049 -3.1443 1.1112 -0.17892 -4.5196 -1.3646 -0.87003 1.8949 1.6008 1.2288 -1.0321 2.7919 -0.69029 -0.48296 -0.81168 -0.73755 -1.5852 1.5052 3.1829 0.29829 -0.93474 1.7236 -0.17563 3.0065 -0.78552 2.8949 -2.0853 -2.0562 -0.43995 -0.13856 -0.7715 -1.5622 0.95606 1.5236 -0.7811 -0.71867 -1.529 0.73577 -3.3658 1.2172 -2.0607 -1.2726 0.18737 1.5429 -2.1093 1.0303 -0.65963 0.32303 -1.2593 0.38809 0.32544 1.7059 -1.7297 -0.020002 1.5803 0.65927 -1.0907 0.32102 0.51992 -0.039714 -0.65407 -2.113 -0.25519 0.020018 -3.5335 2.2908 2.1847 1.3723 
mint -5.5688 0.27911 -0.322 -3.2745 2.0274 -0.49185 -0.44955 0.48815 -0.86281 0.20269 -1.0865 4.0519 -0.52673 -2.5458 -2.4666 0.80657 0.37296 -0.36469 -1.416 0.791 -1.1016 -1.3325 3.2899 1.5325 -1.8164 -1.8785 -0.2323 0.69327 -4.677 -1.1467 -3.3119 3.2712 2.2423 -0.49317 -1.2124 0.87362 -0.80752 -1.5319 -3.1623 0.54491 0.41559 -0.31192 -0.7849 1.9803 -2.6329 -0.18052 -0.95154 -1.1405 -3.4211 0.54637 3.0163 0.014919 2.2863 0.71185 0.74997 0.045568 0.24289 0.00024247 -0.53017 -0.73654 1.0948 -3.6931 -0.62633 -3.1125 3.3752 3.7043 -0.88297 -1.3216 0.30101 -1.978 -1.5769 -1.2977 -5.1452 -0.48826 -0.83743 4.5697 -3.0482 0.12289 -2.4969 -3.8215 1.398 -0.49035 -0.24033 0.59145 1.7148 -1.5096 -0.45878 -0.70918 -1.2096 0.23119 1.0676 0.51242 2.7874 -1.9738 -0.36568 0.1128 -1.6062 1.0664 1.1431 0.17015 
raspberry -2.1975 -0.073669 -1.5965 -0.64919 -1.2405 -0.29654 -0.19837 -0.5846 -0.86714 1.0407 1.9233 2.9219 -0.017867 0.27417 -1.5046 -1.3359 0.61638 -0.75036 0.36613 -1.2376 1.5521 0.56779 -0.87205 0.42414 -0.50072 -0.35694 0.42523 1.6941 -2.3298 -0.95944 -1.2945 1.6111 1.2577 -0.85221 -0.24206 -1.1188 -3.6742 -0.38616 0.357 1.5843 2.0893 0.69759 -1.1634 1.7125 -0.78087 -0.066743 -0.35421 -0.023818 -0.86904 0.8086 1.6493 0.7378 0.21424 0.98776 -0.27099 1.213 -0.61115 3.9848 -1.3259 -2.7713 -1.2001 -1.6265 -0.57476 -1.2835 2.9956 0.83071 -1.3336 -0.87844 -0.9079 -0.92208 -4.0314 -1.0835 -1.9218 -0.80992 -0.12407 0.44995 -1.7727 0.32057 -0.055837 -0.5038 -2.0143 -0.046508 0.086875 1.5849 -0.74274 0.033082 1.2257 1.1172 -1.1428 -0.64489 0.70352 1.1005 -0.011347 -1.1497 -0.44887 1.0293 -0.92157 1.7113 0.30349 1.8394 
oak -5.5769 -4.5611 -2.2253 -5.2816 -8.3187 0.94608 -2.2529 -2.6634 1.4693 3.5386 1.2705 3.5023 -3.8481 7.3129 -3.3652 -4.6796 -4.6257 3.4219 5.8514 -6.496 1.0775 1.5554 -0.99618 -9.0377 -1.4683 1.2718 3.2629 0.29174 -8.5555 -0.77323 0.83519 5.5526 -0.27897 -2.8897 2.9395 9.1506 -6.7709 -0.84997 -3.2432 7.3396 2.9798 1.2493 -5.3668 4.958 -7.0727 -0.21839 -2.3292 -5.3826 -9.8198 1.1027 1.397 2.204 -3.4991 -6.3348 -0.54173 3.3229 -2.6218 -1.4463 -0.64736 -2.2334 3.993 0.18238 3.6978 -1.1482 4.8183 2.3773 -0.11391 -0.88272 -2.9676 -2.8976 -4.7881 2.6446 -1.2796 1.6945 1.5119 2.2616 -7.2078 3.6781 -2.2642 -2.4385 -2.8232 0.2244 3.8828 2.9576 -4.9927 5.9342 2.8147 4.7344 1.8199 2.4887 4.1773 -9.344 -0.68651 -0.012008 -1.6941 -1.3588 -7.0256 0.65836 3.0918 -2.8493 
coconut -2.6372 -0.57928 2.9767 0.526 1.5081 -0.17839 -0.30227 -0.45302 -1.6034 0.64159 -1.0584 1.445 0.19185 -1.443 0.071212 -0.44698 -1.0595 0.42206 -0.10298 -0.82662 0.7507 -0.61509 0.31568 0.0055997 -0.72229 2.9258 0.84402 1.262 -0.4617 -1.4199 -2.2729 1.7532 0.80203 2.0346 0.11471 1.1891 -1.8695 -0.57802 -0.85852 0.91357 -0.0055445 0.46857 -0.5761 2.1564 0.27568 1.2822 -0.21906 -1.9163 -1.6881 1.1142 1.9952 0.45418 0.99947 -1.6613 1.6714 -1.8022 -0.64892 -0.16681 -0.55812 -0.49776 0.87595 -2.463 -0.79653 0.0621 0.8009 0.082319 -0.74358 -0.91768 -0.87535 -2.2708 -3.0722 -0.17505 0.30134 -1.2168 0.51435 0.41547 -0.83989 0.93787 -0.68592 -1.488 0.88864 0.89294 -0.28345 2.746 -0.56658 0.21677 -0.51611 0.69213 -0.61227 -0.9997 0.01244 0.31345 0.48391 -2.9093 0.59264 1.9305 -0.83607 -1.3306 -1.6185 -0.45524 
grapefruit -1.6124 1.1978 -0.13394 1.1316 -0.26158 -0.34375 1.0379 0.0020057 -1.5202 -0.25715 0.43776 -0.16949 -0.094018 -0.45614 -2.5509 -1.4982 0.27584 -0.11279 -0.99743 -0.3693 2.7657 0.053546 0.37544 1.0294 -1.6265 0.25275 1.1043 2.269 -1.6349 -1.2895 -0.13967 2.1717 2.0356 0.13277 -0.76258 -0.42459 -1.129 -0.43408 -0.28532 0.70068 0.34825 0.8209 1.1245 0.14501 -1.2776 -0.3 0.61435 -0.93045 -1.2715 0.1866 2.098 1.6641 0.70567 1.473 0.19904 -0.10265 0.52032 0.85938 -0.36405 -1.4418 -0.31929 -2.1384 -0.81176 -0.23215 2.0527 1.1179 -0.34151 -2.5115 0.89048 -0.72038 -1.4598 -1.2017 -3.8733 -0.22398 0.22376 0.89312 -0.3046 0.69001 -1.9715 -1.0713 -1.5812 0.052676 0.47342 1.731 0.51349 -0.66296 -0.90902 -0.57809 0.062514 -0.82303 0.15551 0.17265 1.2646 0.78915 0.26292 1.0614 0.1435 1.2244 -0.42318 0.35722 
clove -3.5676 -1.3511 -1.1969 -0.63916 1.2946 2.2547 0.68427 0.69618 0.9424 2.3913 0.36972 2.0244 0.32647 -0.68829 -0.98376 -1.4441 -1.0398 -0.20448 -2.0134 0.76 0.32795 -1.1104 -0.029666 0.71063 -0.1642 0.47496 3.2922 -0.074905 -2.0471 0.57719 -2.1297 1.6654 1.2053 0.24347 1.4157 -1.1004 -0.97353 0.97598 -3.0274 -0.76242 1.608 0.41374 -3.1339 2.8278 -2.9664 -2.0804 0.39832 -1.2412 0.10219 0.24986 1.9993 1.1656 -1.7278 0.17256 0.31847 2.8428 0.053486 1.3234 -0.85504 0.41102 -0.9821 -2.5453 -3.1236 1.0862 1.0485 3.3888 -1.8741 -0.84809 -0.23085 0.09577 -1.8478 -0.40713 -2.1012 -0.34498 0.29553 1.5629 -3.4523 1.3653 -0.52734 0.48139 2.0873 -0.70287 -1.8782 1.2693 0.21462 1.6721 0.33776 -2.4216 -1.293 -0.37181 1.7245 -2.7152 4.0905 0.19986 -2.2174 0.42131 -1.2617 1.5587 1.0434 2.8351 
pear -3.6452 -0.75027 -0.034646 3.3364 -1.828 -2.1048 5.1611 -1.5615 -1.6703 -0.11758 1.023 -0.61163 -3.7 1.9484 -4.3428 -1.1742 -1.2251 1.8219 -1.4726 -3.9694 2.8527 -1.4581 0.43244 0.37985 -2.6428 2.0185 0.85831 3.4469 -3.508 -1.9738 -2.5452 2.8823 4.3686 -0.91499 1.2724 -1.74 -1.7532 1.0158 0.41839 1.4042 1.814 1.9761 1.4098 1.9742 -0.49798 3.5328 -1.5549 -3.4751 -0.90933 -0.7344 3.138 1.2907 1.0925 1.622 -0.62818 0.35209 0.55353 2.2901 0.30571 -2.7532 1.687 -2.2877 -4.4212 -0.3745 0.13833 -0.56215 -1.5392 -6.1944 0.053051 0.16354 -7.3195 1.2911 -1.5275 -0.81587 -0.045007 2.6908 -2.5102 -0.72608 0.30741 -0.97403 -4.7498 -0.40065 -0.033763 2.3432 -0.54415 2.5184 -0.18974 1.1233 1.9026 -5.3447 -1.9977 -2.4037 1.5685 0.50289 -1.3655 2.0815 -0.96548 3.5736 -0.24141 2.1131 
soap -1.2494 -4.9786 -1.5992 1.8763 1.557 -1.5197 1.2 -1.829 0.55755 -0.47075 -2.6213 2.5768 -2.7393 -1.6005 0.4086 -0.36137 -0.9042 2.1596 -2.7011 -0.40721 0.81503 -0.80829 3.4508 -0.41452 -0.67255 0.98078 0.14656 -2.6064 -2.2406 1.6275 -3.0021 -2.4355 1.4 -0.84037 -0.22888 1.0243 -0.42541 -1.2683 1.7211 1.9239 -3.2011 -1.1208 3.3831 2.6734 2.394 0.94012 0.38054 -2.2623 3.9597 -0.39053 0.54637 -1.3375 -0.20244 -1.4711 1.4045 -1.8608 -0.95291 1.311 3.1754 -2.0986 0.38175 -4.0285 -2.3891 1.7108 0.068674 3.2689 0.55019 -1.4276 -0.52647 -3.0408 0.3217 -1.5174 -1.2079 -2.0973 -3.5942 3.088 -0.077879 -1.3034 -0.6409 5.3446 2.5453 1.3565 -2.698 -1.9815 1.1955 -2.5895 -4.3448 -0.37165 -2.9109 -2.6471 1.0715 -0.60692 4.0134 -0.71358 -1.6166 1.2672 2.8544 1.0484 1.4433 -4.8343 
almond -2.3697 -0.5093 0.5394 -0.07814 0.45926 0.26614 0.11331 -0.86681 -2.583 1.0954 1.0169 2.8021 -2.3215 -2.4786 -2.1384 -0.80371 -1.2791 2.227 1.4788 -3.3083 -0.64373 0.1174 1.8058 2.6529 -1.6065 1.3672 1.1346 4.3012 -1.2306 -0.44614 -1.7854 -1.1073 1.4845 1.7154 1.9878 -0.7337 -2.8686 0.18177 -0.36236 0.54407 -0.41976 -0.85133 -2.4036 1.677 0.16122 1.1933 0.20376 -1.5766 -0.46027 0.18906 2.2938 2.5545 -0.07406 0.15995 1.6019 0.21708 0.31244 1.0522 -1.3132 -1.6418 -1.0201 -0.017442 -3.7321 -1.1869 1.7338 -1.5812 0.5803 -1.0293 0.076193 -2.5293 -3.919 0.53992 -2.3719 0.48473 2.142 0.91895 -2.0458 0.2334 0.58376 -0.66581 -0.078535 -0.70952 -0.011568 1.7034 -1.8225 -0.62235 -0.56862 -0.4528 1.7763 -1.6724 -0.41269 -0.3195 2.2339 -1.0902 -0.34281 1.6232 0.062973 1.9372 -0.61833 -0.69759 
licorice -1.2428 -1.4581 0.41497 -1.5737 0.12996 1.6738 -0.63618 0.65823 -0.90436 1.9658 1.6838 3.4135 -0.46201 -0.16373 0.0076725 -1.6291 -0.40157 1.0396 -1.1675 -0.21052 0.079023 0.086896 0.6534 2.3286 -1.4501 -1.2346 0.61657 1.3029 -2.1211 -0.24834 -1.2927 0.019227 -0.18775 -0.12967 1.2165 0.4099 -2.6147 -0.89144 -2.0467 1.0707 1.7326 1.7489 -2.5471 2.2356 -2.4279 -1.272 0.736 -0.91844 -2.2581 0.74422 0.96493 0.79385 -0.095555 1.0156 1.5604 1.8592 -0.16113 1.0906 -0.44281 -1.0061 0.8705 -0.20104 -2.5655 0.23173 1.6063 0.91667 1.3063 -0.75955 -1.3032 -1.0824 -2.5432 0.21225 -2.3207 -0.3706 0.17052 1.0154 -1.6869 0.6565 -0.53505 -1.4461 0.646 -0.49791 -0.50085 1.152 -1.1901 -0.076649 1.2005 -1.1383 -0.030081 -0.24461 1.4309 1.0282 0.27856 -1.991 0.27225 -0.71348 -1.5935 0.68525 0.49896 0.72626 
pineapple -1.6694 -0.43732 0.84348 1.4615 -1.0772 -1.1544 1.5345 -0.35128 -0.19121 -0.52634 -0.056318 -0.41544 -0.51342 -0.88175 -1.8673 -1.5936 -0.24898 0.56971 -1.6028 -1.6921 2.5401 -0.79953 -0.19889 -0.66159 -1.3772 1.2797 1.7417 1.6505 -0.98971 -2.4057 -0.19344 3.1777 2.391 -0.53994 0.25153 -0.46141 0.38495 0.22846 -0.11834 0.06335 0.93767 1.3025 0.37277 0.68478 -1.0001 0.43346 -0.60579 -2.2677 -0.63333 0.66794 1.6655 0.045761 0.46833 0.83751 0.44451 -0.070128 0.11922 0.80524 1.0065 -2.0018 0.014148 -1.9797 -2.1349 -0.20918 1.6586 1.3331 -1.341 -1.8186 -0.071858 -0.60303 -3.8869 0.4486 -1.69 -0.47512 0.79149 0.6768 0.19916 -0.24734 -0.70955 -1.2159 -1.2175 -1.2359 1.0385 1.6167 1.0512 -0.27209 -0.076019 0.58426 0.073199 -0.79565 0.050431 -0.19347 0.089453 0.40809 0.12118 1.267 -0.095123 1.0799 1.2714 1.3076 
pine -3.4025 1.5062 0.025678 -0.95566 -3.8197 -1.7806 -0.61158 1.4352 -0.69709 -0.22624 -0.15646 3.2037 -0.79245 -2.511 -0.57648 -1.7254 -0.24136 -1.564 -3.1204 -0.33359 -1.4474 -0.93958 3.0901 -0.54496 -0.73626 -3.2701 1.8552 1.1322 -3.5915 -0.92217 -0.5038 4.568 1.7923 -0.7014 1.1125 0.16599 2.8585 1.0616 -6.2849 0.81272 -1.0291 1.2514 0.85824 0.36323 -1.6863 -0.72374 1.3462 -1.5047 -3.0285 -0.59009 2.037 0.1346 -0.21028 -1.6229 0.86565 -0.37321 1.3056 -1.5524 1.2551 0.054068 0.55395 -3.018 0.044659 0.26269 3.6248 1.9648 -2.3407 -1.869 -1.4381 -0.74867 -1.0832 -0.23381 -1.8524 1.1096 -1.0419 3.1732 -2.635 1.5724 -0.82709 -2.6909 1.5732 -1.7538 0.95577 -0.57342 0.71902 -0.30839 -1.0532 -2.5751 -3.8555 1.5895 -1.0102 -2.8104 4.8563 0.22821 -1.7257 -0.39556 -0.11928 1.7185 3.4463 0.10492 
caramel -2.3778 -0.45361 0.63065 0.20074 -0.34094 -0.47476 0.67766 1.3999 0.22674 2.5631 0.46824 1.2336 -1.9398 -1.7467 -0.35206 -0.82185 0.032687 0.54541 1.0112 -2.2153 0.18495 0.21684 -0.37979 0.66926 -2.001 1.8359 2.4885 1.3345 -0.48694 -1.1366 -2.0981 0.95422 0.1937 1.3781 1.2899 0.44259 -1.7543 -1.2332 0.64672 1.4822 -0.63019 -0.62281 -1.9986 1.0362 -0.97515 0.90755 0.56675 -0.36747 -0.49107 0.42447 2.0593 0.32412 -1.6319 -1.6742 0.92918 0.37072 -0.22471 2.364 -0.88636 -1.1328 -0.61257 -0.99191 -2.8737 -0.37463 0.63581 0.93722 0.052168 -1.5485 -1.1964 -2.7174 -2.912 1.8425 -1.2378 1.2345 3.1071 0.23237 -1.243 1.5431 -1.0925 -0.9306 0.40406 -0.35607 1.8166 0.14089 -0.86558 1.7597 0.65414 0.42763 0.95997 -0.53766 0.15891 0.1387 -0.47957 -1.135 0.3424 2.1182 -1.1244 1.066 -0.80112 0.50716 
strawberry -1.7746 -0.16012 -0.098685 -0.75399 -1.2561 -0.18212 1.3997 -0.44043 -0.94039 -0.20942 1.364 1.8835 -0.15401 -0.32264 -2.8131 -1.4113 1.2316 -0.99436 0.60927 -0.59871 2.2348 0.16255 0.055169 0.63911 -0.81194 -0.0039029 1.0538 1.2747 -1.3853 -0.95263 -1.1472 0.82488 0.77623 -0.39718 0.25162 -0.83951 -2.9636 0.27426 1.206 1.184 2.3282 0.78453 -1.1765 1.774 -0.082321 0.27383 -0.44219 -0.96824 0.051922 0.29771 2.0193 0.65922 -0.49524 -0.33993 -0.26328 0.097348 -1.1786 3.0559 -1.299 -2.5073 0.26268 -2.093 -0.91556 -1.3724 2.7994 1.0354 -0.93707 -1.2734 -0.99525 -0.7745 -4.3463 -0.18416 -1.6279 -1.3387 0.17452 1.3162 -1.5064 0.064888 -0.076656 -0.78643 -1.3305 0.027156 0.099421 1.1378 -0.018375 -0.40055 0.36522 0.2329 -0.36808 -0.010371 0.20397 1.1628 -0.10564 -1.2383 0.16213 0.077389 -0.66023 1.3934 0.39829 0.83571 
rubber 0.51814 -0.27113 0.59532 -1.5507 -2.2813 0.52718 1.4954 3.1499 -1.7079 0.74292 2.0612 2.1154 -2.3062 -0.06972 -0.52703 -2.2093 -0.63088 0.68876 -0.1377 -1.2228 -0.004049 -0.16027 0.39157 -1.8723 0.32134 -1.456 1.0296 1.0107 -2.8737 0.27804 -0.56801 0.70011 -0.33827 0.034908 -0.42511 1.2327 0.4334 1.4453 -4.2505 0.5466 -0.60598 1.6099 -0.73996 2.3592 0.47833 -1.3686 -0.69708 0.36077 1.464 1.3288 2.3332 0.30892 0.54505 -0.5033 1.3678 -0.42683 0.99141 4.3611 -1.6437 -0.47016 0.93792 -0.89634 -0.15863 0.60594 3.6996 3.8363 1.1231 -0.95778 -0.81936 0.2102 -3.7054 1.4162 1.1828 0.26958 0.052864 1.3085 1.3707 2.6447 0.52389 -0.58568 0.97688 -0.014039 -1.1857 -0.1896 0.76048 -1.117 1.0584 2.0539 0.19768 1.3657 1.8186 1.616 0.3579 -1.3968 0.81035 2.4831 -2.0246 -0.96302 -0.60237 -0.41138 
geranium -1.536 0.14811 -0.19964 -0.75765 0.82912 -0.10598 -1.254 -0.5116 0.39277 0.21715 0.47013 1.9395 0.41989 -1.9042 -1.9774 0.056824 -1.5004 -0.066727 -1.2938 0.371 -0.71549 -1.2132 0.67179 1.9856 0.73552 -0.54036 0.9127 -0.079111 -2.1243 0.30021 -0.77972 0.17139 1.5729 -1.7503 -0.21583 -0.94315 0.39002 0.62622 -1.4509 -0.62147 -0.033891 -2.1408 0.20542 0.46909 -2.451 -1.1414 -0.11307 -0.90173 -0.76574 -0.41904 1.7408 0.60609 -1.2328 0.71432 1.6474 1.1497 0.14101 -0.38024 0.19148 -1.7277 -0.9829 -3.6127 -0.74614 -0.58366 -0.40589 2.5698 -0.6196 -0.39445 1.5154 -0.27808 0.97819 -1.2991 -2.1872 1.6434 -1.8994 0.63875 -0.82979 0.99974 -2.8288 0.00035571 0.18859 -0.71937 -0.63182 0.56678 -0.2104 -1.2154 -1.1349 -0.75995 -0.20748 -0.89401 1.1953 -1.9585 3.1271 1.1555 -1.0323 0.55206 1.0942 1.1458 1.1244 1.3535 
grape -0.15664 -1.4015 -1.3648 0.6886 -1.0966 -3.409 1.4006 -1.9824 -0.9101 0.18125 2.0486 -1.3452 -0.68864 0.37068 -2.2397 -2.2097 1.1102 -0.14555 2.1361 2.214 2.1857 0.95164 3.0003 1.9155 0.62205 -0.20047 1.7382 1.8726 -0.38919 1.8512 -1.9808 0.18166 1.9102 0.99001 1.8498 2.7101 -3.1961 -1.1077 -0.21501 2.7808 2.2626 0.61793 -1.493 4.0255 -1.096 -2.9251 0.37882 -2.0622 -2.8537 1.8243 1.7386 0.68231 1.3575 1.181 -2.5859 0.34084 0.25643 2.7823 0.30138 -3.4892 0.29915 -2.8751 -3.3476 -5.8569 4.5001 0.053433 -1.4835 1.5684 -2.4509 -0.96821 -1.9643 0.76088 -2.7241 -2.5988 -0.25946 3.1192 1.0014 2.9084 0.10008 -1.1594 -1.7417 0.75431 -0.9916 1.4565 0.71694 1.725 -0.48964 1.5525 -0.9316 -0.40803 -1.6117 0.65155 2.6838 0.2654 -0.38296 -1.3333 1.3495 -0.25634 0.92119 -0.8136 
anise -3.0569 -0.99303 -0.075788 -2.4259 1.5055 1.4174 -1.3739 0.84223 -1.3085 1.3114 -0.85773 3.3829 0.92129 -2.3748 -1.0925 0.17644 0.23431 0.17542 -1.7354 1.5719 -0.17248 -1.327 0.84048 3.0109 -1.1843 1.1249 1.3488 1.8225 -0.87898 -1.3322 -2.8147 -0.53481 -0.35321 -0.74622 1.0306 0.021144 -1.832 0.65625 -1.6355 -0.5962 1.4203 -0.55447 -2.3929 2.2408 -3.5027 -0.64738 0.58653 -1.8617 -2.22 0.15946 2.4092 0.75007 -0.37502 1.4246 1.1702 2.1351 -0.64834 1.2796 -1.4326 -0.75462 -0.50241 -1.6388 -3.1386 -0.51144 1.1314 3.13 1.0983 -2.2738 -0.24526 -2.5786 -2.7246 -2.0089 -3.6638 0.033763 -0.23051 1.4506 -0.73143 1.64 -2.6313 -3.2202 -0.10931 -0.28754 0.78812 -0.11333 -0.29105 0.1386 0.79856 -2.7259 0.70655 -1.506 0.87388 0.22956 2.287 -0.37669 -0.10286 0.059532 -0.98379 0.013653 1.3503 1.525 
hay -2.8507 -0.017993 3.2159 0.45287 -4.4177 -3.1144 0.30543 3.9818 -2.4708 -1.6245 0.51797 3.8948 -5.6074 -2.5793 0.78249 -2.0983 -5.7384 -3.5825 -4.7719 -4.044 -0.93966 -0.48009 5.3918 0.17701 0.81907 -1.7029 1.895 2.25 -3.6484 0.96609 -1.0421 0.68213 2.8637 2.6383 0.17786 0.49207 1.5536 0.59967 3.1385 -2.0957 -1.0484 -3.772 -3.2943 1.724 1.2494 1.0578 -0.93101 -1.6596 1.1532 2.7492 -0.38032 -1.913 -0.18389 1.482 2.7892 1.3784 0.60174 3.1585 1.3536 -6.6346 0.29299 -3.4344 -1.3154 -1.6658 3.6666 -0.73463 2.133 0.12243 -1.7815 -0.44029 -3.4448 3.3872 0.82407 5.0354 1.8712 1.9768 -2.1244 0.34577 -3.0245 -6.3226 -2.6534 -0.013087 -1.1426 1.9865 -0.75919 0.34968 -3.3879 -1.5323 -1.2546 -0.27933 -0.042675 -5.0933 7.3757 -3.8409 3.9724 1.2681 -2.4704 4.936 3.5435 0.035172 
grass -1.0525 1.0486 0.26571 -0.9353 -1.8698 -1.8683 1.9853 -0.58713 -2.8802 -2.4522 1.7218 1.5614 -2.6845 -0.53107 -1.4312 -2.182 -2.0481 -1.2707 -1.6377 -1.1065 -0.15417 -0.011376 1.7917 0.52902 -1.7835 -0.42037 -0.63333 2.3575 -5.3377 1.6002 -0.42342 4.0273 3.3098 0.88175 -1.8813 -0.049435 -0.016571 0.90584 -0.22395 0.018806 -1.7533 -0.42252 0.082185 0.6463 2.2473 0.10946 1.6463 0.30042 -1.5864 0.47446 1.3062 2.5027 1.7051 1.381 1.8596 -0.19288 0.90089 1.9437 2.236 -2.3667 0.90148 -2.7315 0.089081 -0.091085 2.1345 -0.16622 1.3117 -0.10343 -1.5974 0.7488 -2.3814 1.3348 -2.1311 2.5713 -1.0494 1.894 0.72905 0.51753 -0.95123 -3.4635 -0.44095 0.26177 -2.6648 1.0052 2.246 -0.9107 -2.9057 -2.4275 0.36774 0.84916 -1.3852 -1.8857 3.9511 -0.41395 2.1024 1.3274 -1.3359 1.0485 1.8416 -0.10213 
rum -2.8295 -1.3174 -1.6296 1.4158 1.9047 0.30573 -0.43147 3.2492 4.5246 6.2483 -4.5295 -1.3358 4.8955 -6.1847 -3.1772 -5.8314 0.62532 -1.0677 -0.70781 1.9165 0.48047 0.22663 2.1682 0.012826 1.3974 0.25907 4.5795 2.5524 2.0023 0.45857 -2.9258 3.8983 2.0553 1.843 3.4561 1.4748 2.4804 -1.41 2.0172 0.65137 1.4232 -4.1699 -1.9511 -0.41459 -6.4133 -1.7982 -4.1067 -0.97896 -3.4049 0.28481 5.1352 0.02475 -2.0582 -0.76313 1.4002 -1.6491 -2.2795 -1.0825 -4.0087 -3.7753 -2.8757 -3.2478 -5.2649 0.3657 -1.3662 1.1466 -1.0214 1.8881 -2.3846 -1.3149 -3.6445 1.5912 -3.2939 -0.79535 7.1914 3.831 -6.5281 3.4785 -2.5023 -2.5923 1.9639 0.21119 -0.19193 -0.27712 0.96095 0.086933 -0.96619 1.9949 -5.0984 0.84246 -0.63745 -3.5282 2.1212 -4.6758 -0.51938 5.4279 -2.538 -0.93679 1.0242 2.7435 
animal -0.21305 -0.0069402 1.6566 -0.83713 -3.1178 0.008127 -0.41168 0.42573 0.40547 -0.93091 -2.2733 2.2676 0.21801 1.4188 0.39021 -1.8716 -1.4617 -1.7565 -1.0041 -0.5234 -2.094 -1.1179 -4.1078 0.26411 0.90835 -0.94413 1.3082 2.2344 -0.46527 1.231 -0.093828 -0.82931 -0.10073 0.96497 1.5346 -1.7793 -0.010475 -1.9931 0.16921 -2.8108 -1.0893 1.1909 -0.95874 0.91562 0.97809 -0.63464 2.3914 -0.35788 -0.60634 -1.2123 -0.87575 -0.39232 -0.090586 0.40642 1.1725 1.1436 1.9975 2.0769 -3.4209 -1.6893 1.0959 -0.71343 0.53641 -0.80054 1.3676 4.6162 0.68989 0.32134 -2.5927 -1.3571 -0.48075 0.21419 2.535 0.64946 0.24481 1.42 -0.50922 0.74359 1.1892 -0.96144 -1.0537 0.7571 -1.0554 0.51655 -1.3441 -0.34807 -0.38436 0.46951 -1.5734 -0.31921 -0.053592 -3.3417 2.3939 -2.2895 0.026383 2.8415 -0.37907 0.37889 -0.076089 -0.32056 
tar -3.0959 -1.3253 -0.76128 -0.67407 -2.3101 0.52605 0.10614 3.8442 -2.1363 4.9094 5.3297 3.1282 -4.4439 0.71566 2.1774 -6.4784 -0.22508 -1.217 1.5196 -2.5236 -2.0873 1.2817 5.0398 -1.9072 1.1121 -5.5802 1.1349 -0.36975 -3.9836 -0.29141 -2.4488 0.7089 -0.62286 -3.5048 -1.2922 -1.8635 1.3711 0.41558 -5.9138 -1.2726 0.34823 4.7082 -3.3346 7.1434 -2.9358 -4.1889 1.4972 -2.5783 -1.9393 4.0013 3.42 3.6297 3.9975 -2.5214 3.5588 3.8354 2.5708 4.5423 -0.90932 -0.65877 2.9988 2.2311 -3.9379 1.3082 3.8231 6.2076 0.60969 0.098102 -3.9032 1.5217 -4.1286 3.3375 -3.0887 1.1904 -2.3276 1.6453 -1.6887 5.2156 3.4619 -0.2325 0.29836 -1.1754 -1.0734 -1.5415 0.85524 -3.3774 2.6507 5.0128 -1.3449 2.0778 0.4278 -0.22328 -0.98304 -5.9711 -0.39495 1.6501 -4.3308 0.18214 2.2632 4.1953 
banana -0.15706 -1.6378 0.36 0.33775 -1.9934 0.46755 2.0332 -1.239 -0.78451 -0.70498 0.23994 -1.3518 -0.5373 -0.60227 -2.2979 -2.646 -1.2025 1.6559 -1.2798 -1.4159 2.4448 -0.66061 1.7782 0.046908 -0.99468 4.6769 0.93865 1.7975 -1.0376 -1.3046 -1.0929 2.4869 1.0714 1.4964 1.4097 0.10573 -0.47825 0.73494 0.47492 -0.47828 1.158 1.6816 -0.4603 2.0662 0.5428 0.81053 -0.11603 -2.0765 -0.29552 0.44914 3.3781 0.28708 1.2688 -1.1076 0.48291 -1.0378 -0.12664 0.33666 0.74134 -1.5898 -0.73157 -2.6919 -1.18 0.29294 -0.31168 -0.79704 -0.33909 -1.0999 -1.3822 -1.2674 -4.4263 0.15309 -0.97367 -0.55513 0.8581 1.1645 -0.10072 0.11957 -0.49029 -2.1206 -0.71445 -0.28019 -1.7106 2.0297 0.69949 0.96838 -0.016642 0.29996 0.61479 -0.82908 1.4679 -1.4861 -1.5016 -1.1651 -0.22987 1.7458 -0.039246 0.70574 -2.2618 -0.89891 
fish -1.2582 1.2325 1.6464 0.49519 -0.62391 -2.3004 1.5525 0.13107 -0.033808 -3.3696 -0.30565 -3.1257 -2.0497 1.8778 2.0498 -1.3324 0.20181 -1.8202 -0.053043 0.1941 -0.070732 -0.31296 0.20569 0.65042 -1.2041 -0.70964 0.76699 -2.0881 1.395 -1.6713 1.4687 1.3315 2.1874 2.4615 -3.5057 2.6449 1.3661 -1.4332 1.5742 -2.0535 0.90694 2.9908 1.0466 2.1232 1.2764 1.6123 1.1551 -0.79617 -1.4208 1.0739 1.6213 0.28208 1.3157 -1.3117 1.5699 -0.052359 -1.0138 -0.045924 -0.03622 -1.7325 5.986 -4.1865 0.98516 3.8048 -0.33122 3.9598 -1.5799 -1.0326 -3.0472 0.56266 -2.2984 0.20706 -2.0537 0.81828 -2.6532 1.476 1.1229 -1.3397 0.93176 2.7765 1.4197 3.9491 1.7439 1.1649 -0.83721 4.1653 0.54174 -0.73242 -0.75937 0.18401 3.5892 1.2045 2.9951 -5.7137 -0.52108 0.628 0.22268 -3.0465 -1.0356 -0.83835 
raisin -1.5345 0.1873 1.4608 -3.2961 -0.13283 0.40652 0.85706 0.16052 0.78762 2.7568 2.6768 2.222 -0.30399 2.4658 -0.10788 -2.6355 -1.6759 0.83346 2.4775 0.082397 0.56599 0.54186 -0.47749 -0.383 -0.32466 3.7936 2.1042 1.9096 -3.3198 -0.87239 -1.9619 2.315 1.0225 -0.54564 2.2715 0.47461 -1.5213 -0.74179 -1.3868 0.62109 1.3457 1.0144 -2.4153 2.8175 -0.4612 -0.67311 0.18753 1.3142 -1.5339 -0.41927 1.7447 0.55405 -1.574 0.18173 2.4314 1.4745 -1.8882 1.7192 -0.86397 -2.8459 -0.61147 -0.80129 -1.4059 -1.4474 -1.235 -0.72747 1.0845 -0.99921 -4.6779 -1.8455 -3.0905 1.4177 -1.24 -0.92599 0.31543 1.635 -2.3972 1.7017 0.23033 -0.30517 -0.52681 -1.1109 -0.29821 1.4889 -0.04685 0.14043 1.5377 0.8021 -0.22052 0.010412 -0.27539 -0.76146 -1.4476 -1.0481 1.2291 1.0813 -3.0752 2.88 0.62829 0.92808 
mushroom -0.54504 -0.6017 0.23417 -1.6666 -1.7904 0.42202 -0.73372 1.3746 -1.921 0.049576 1.6059 1.4619 -1.6877 2.0163 -0.76872 -2.811 1.1123 -0.5854 -1.8871 -1.2229 -0.99255 0.023173 1.9406 1.9092 -0.88406 -0.5225 -0.0065314 1.4535 -2.0322 1.5022 -2.2876 -0.19256 0.25692 -0.052562 0.0093915 -2.1424 -1.2663 -0.57792 0.92618 -0.014479 0.36812 0.23495 -0.73644 2.3809 0.24123 1.4249 -0.085809 0.25672 -0.66221 -0.64 0.39411 1.9552 0.16599 -0.28336 1.0288 2.6555 -0.074324 1.5208 -0.049349 -3.4551 -0.35349 -0.68068 -0.34749 -0.31814 1.5259 0.82056 0.10569 -1.0187 -3.5505 1.4501 -4.1441 -0.32555 -0.79515 -0.39925 -0.46958 -0.48887 0.27311 0.83159 0.3029 0.44651 -1.2746 2.3551 -1.4356 0.98087 -2.7773 0.43186 -3.0177 1.2135 -1.5871 1.9491 0.26121 -0.15468 1.3846 -2.2984 0.58124 -1.0575 -1.1021 -0.39489 1.493 1.7191 
eucalyptus -1.3436 0.37212 -0.034042 -1.5042 -0.43611 0.75004 -0.82025 0.46804 0.28619 0.66427 -0.44742 0.21535 0.39465 -1.4613 -1.277 -0.39821 0.39541 -0.72691 -1.3894 0.1236 -1.8703 -0.17434 1.4502 -0.28321 -0.77024 -0.92072 1.6314 0.063183 -3.0295 0.35023 -2.0005 1.9463 0.69349 -0.64217 1.6196 0.18302 -0.36409 -0.2738 -2.1796 0.53113 0.5447 -1.1388 -0.35557 1.3656 -1.5666 -0.94587 0.86124 -0.63814 -1.6709 0.24798 1.7674 0.93052 0.33347 0.37794 0.30856 1.0376 0.44917 -0.65704 -0.29543 -0.13476 0.566 -0.83576 -1.213 -1.4032 1.7699 0.68822 -0.34475 -0.80902 -0.88124 -1.0828 -1.5243 -0.71263 -1.1655 -0.13099 -0.79033 1.538 -1.2335 -0.19046 -0.77498 -1.4737 0.17768 -0.76231 -0.34453 -0.19578 0.34733 -0.35991 -0.93422 -0.7233 -1.2759 0.36964 1.0896 -0.53952 1.2849 -1.6333 -0.36258 -0.25372 -1.1156 0.83082 0.07487 0.13326 
bread 0.16147 -2.0941 2.7004 -0.073736 -3.0857 -0.66641 2.9047 1.5727 -0.0072694 1.5895 0.52072 -0.45471 -3.6186 1.9282 0.12955 -0.073587 -2.0891 -0.27588 0.11515 -1.528 1.2869 -1.2497 3.6345 -1.3536 -0.97309 2.2903 -1.2688 0.96663 -0.98739 -0.20012 -2.1837 -0.79168 0.8202 1.8147 -0.16286 0.33382 -1.3476 -0.94114 2.657 -1.3971 1.2593 0.23622 -4.231 2.8119 -0.75348 2.1399 1.2107 -0.4819 0.84936 -2.4104 2.1921 0.043855 0.37193 -1.1797 1.6024 2.4048 -3.4884 3.2567 0.26834 1.1733 1.5612 -2.0754 0.46957 1.4543 -0.55614 -0.25666 -0.14399 0.60525 -2.1575 -1.2816 -4.3142 -0.73539 -2.1301 -0.28669 1.4192 -2.4958 -1.9974 -0.31018 -2.0731 -4.0752 2.9759 2.8309 -1.6093 3.9671 0.042401 1.6993 0.72327 1.7312 0.15943 -1.2408 1.0281 0.48377 4.2932 -0.33548 0.98678 -0.56177 1.7968 0.81938 -0.63449 1.0777 
urine -0.5299 1.188 -1.6574 -0.64083 -1.0421 0.82028 -1.0737 1.5562 0.12981 -1.9623 -0.34681 -0.64899 -1.4759 0.3813 -0.37274 -2.5253 -1.7836 0.8448 -1.0199 0.51779 -0.13195 0.85486 2.5971 0.13298 -2.2372 -0.65138 1.6178 2.1207 -0.12378 0.69129 -0.057329 0.2409 0.30207 1.8413 -0.0013581 1.3402 2.0841 -1.5643 2.9813 -2.5717 -1.4148 0.34674 0.53336 0.04571 1.8167 0.50575 1.0293 1.0933 -0.72962 -1.3358 3.068 0.04164 -0.15646 -2.2392 1.5346 -1.3337 2.1455 2.0157 -0.078601 -2.4015 0.86934 -1.6899 1.9237 1.3015 0.55218 4.3228 -0.80527 -0.19938 -1.3288 -1.8036 -0.424 -0.50277 -0.34067 1.2235 0.18781 -2.2492 -0.59772 0.89795 0.64875 2.4091 -2.2247 -1.0984 -0.071567 1.2832 -1.0507 -0.21585 -1.7616 0.67724 -0.94012 -0.068095 0.50725 -0.5859 5.1383 -2.9836 1.3165 1.6709 0.24445 0.71664 -0.30964 -2.1929 
cucumber -1.0777 -0.047225 0.25025 0.36057 0.0033789 -0.28669 0.4554 -0.28628 -1.4185 -1.9318 -1.3012 -0.97765 -1.2356 -0.9376 -0.95087 -0.35666 0.25988 -1.0577 -1.8351 0.73182 1.1383 -0.52857 1.1233 0.78805 -1.9389 1.1695 -0.60272 0.098776 -1.2009 -1.1086 -2.1625 2.2191 0.37876 0.24724 -1.6733 0.62766 -0.41394 0.93346 0.52095 -1.0698 -0.37219 -1.1774 0.4572 -0.85712 -0.19028 -0.74575 -0.084221 -0.26193 -0.42129 0.40472 1.233 -0.26897 1.5517 -0.43549 -0.17 -0.61744 0.35526 -0.63693 0.83233 -2.2443 0.1057 -2.811 -1.2107 -1.0869 0.75858 0.92172 0.011742 -1.3396 -0.51555 -0.07283 -2.3447 -0.68324 -2.0373 -0.19236 -2.0545 2.0607 0.86258 0.71929 -0.7723 -0.69498 1.5934 0.38019 -0.023978 1.198 1.1057 -0.49481 -0.57807 -1.5918 -0.47736 -0.48432 -0.51196 0.78246 1.6849 -0.88725 -0.22176 1.1499 0.87472 0.39771 -1.0049 -0.77356 
popcorn 0.57649 0.18981 0.76256 0.46239 -1.8193 -1.7051 2.9263 2.149 -0.28531 0.10965 0.071129 -1.3755 -2.7725 0.81016 1.6829 -0.52894 -1.5084 0.18615 0.025224 -2.9467 0.14523 -0.38013 0.3365 -0.68407 -2.4926 2.7395 0.18868 -0.085307 0.18376 -2.2375 -2.9937 -0.48779 0.13661 0.92529 2.7895 0.501 0.06932 0.15515 0.34826 1.9619 -0.78166 0.79415 -0.57992 1.1683 -0.7137 2.6925 -0.95783 -0.054491 -2.4119 1.0478 0.86416 -1.5198 -0.005578 -2.6099 -0.30724 0.77998 -1.1941 2.1458 -0.71402 -0.41023 1.746 -2.2599 0.30665 -0.18679 0.33955 -0.015772 -0.56527 -0.72264 -1.3703 -0.51762 -1.9284 -0.13268 -1.336 0.80151 1.3466 -1.8879 1.727 -1.3656 -1.1805 -1.3583 -0.43204 0.56456 -0.58903 1.1978 -0.82614 2.5756 0.89915 2.5834 0.69084 -0.51401 -0.6115 1.1509 0.81659 -1.9824 1.9452 1.6965 0.066724 -2.0158 -1.6046 -1.1697 
syrup -3.4543 -2.1495 -1.4832 0.78025 1.0366 1.1261 1.7058 1.6636 -1.1202 1.0382 0.5933 2.7979 -0.60644 -1.0894 -1.5888 -1.6415 0.91395 -0.80513 4.1933 0.60438 2.0379 -0.43828 1.3341 0.24931 -2.5967 2.32 2.5061 1.8646 1.1056 -0.89527 -3.8894 -0.78908 -0.7078 1.5224 3.1692 1.5369 0.67052 -0.73912 0.53506 0.27744 1.5892 1.3287 -2.2134 2.4076 -0.35488 1.6728 2.6651 -0.64707 -0.59833 -0.10345 1.6823 0.91239 -0.34054 -0.94003 0.66002 -0.42132 -2.3344 2.6932 -0.11359 -3.0742 1.8227 -1.7836 -1.8798 -1.3429 0.42102 1.5162 -0.27134 -1.4654 -3.1183 -1.6343 -2.6352 0.38497 -1.5961 1.0933 1.2172 -1.1615 -0.049737 1.8338 -0.062724 -1.0743 1.2217 -3.4913 0.35979 0.95236 -0.6259 1.6339 0.72049 -0.59344 -2.2878 -0.18846 -0.42702 1.1874 0.060412 -1.616 -1.1481 0.80724 -0.20146 -0.83878 -1.5559 -0.42908 
cheese 0.1689 -1.0838 2.1723 -0.22569 0.29216 -1.1185 1.4634 2.9874 -0.39168 -0.85632 2.6055 -0.40564 -1.2254 1.742 0.54331 -2.8117 -0.38706 -0.33346 0.51961 -0.38151 1.692 1.5715 -0.58315 -0.63659 1.7621 0.94245 1.6728 0.12228 -0.11665 0.46775 0.65913 1.692 1.3897 -0.92213 -0.084339 0.58859 -1.6989 -1.6092 1.0062 -0.47725 2.6803 -1.2843 -0.92392 2.8516 2.0328 -0.3091 -0.73557 0.75556 -0.031173 -0.53167 -0.40603 1.5874 -1.5769 -0.42945 -0.011673 -0.63734 -2.9504 3.1738 -1.7622 -2.7211 2.6846 -0.87251 -0.074802 0.8958 1.4477 3.7511 1.006 0.41893 -1.903 -0.73031 -3.3182 -2.2021 -2.2572 0.37649 0.63692 -2.0699 -0.55577 0.20958 0.68007 -3.1937 -1.4222 0.47876 -1.5584 1.7689 -2.1594 1.946 -1.3016 1.0357 1.3432 0.6823 3.8654 -0.58142 2.6444 -0.51923 0.2734 2.5432 -1.3369 0.26601 0.24094 -2.201 
gasoline 0.97317 -1.0925 0.032833 0.042893 -0.51828 0.54995 0.62808 1.0167 -0.0033842 -0.41041 -1.9007 1.0612 -1.353 -0.86193 -0.56138 -1.5441 -0.70482 1.278 -1.3903 -0.6449 -0.98977 0.38125 2.7292 -1.5952 -0.39912 0.02834 0.65118 1.2008 -1.4286 1.1704 -0.79116 0.33717 0.13198 0.19131 2.0696 1.5242 1.2548 0.78145 -2.5758 -1.5519 -0.65399 1.0059 -0.25401 0.72743 0.375 -1.1354 0.039981 -1.8624 1.1418 0.54533 2.8313 0.18867 0.7663 -0.55732 0.78321 -0.81186 2.7957 1.2243 0.42771 -2.154 0.58358 -1.6939 0.05306 0.18316 0.36169 3.0831 0.80013 0.060015 0.62211 0.83183 -1.4635 0.52189 0.57776 0.84158 -0.70019 0.28507 0.17418 0.60324 -1.2377 -0.29616 -0.035568 -1.3044 0.62156 -1.2551 1.2543 -3.1438 0.17291 0.61138 -1.3072 0.55857 0.13333 -0.26738 0.35233 -0.31462 1.7126 2.879 0.93127 -1.1712 0.36487 -0.44343 
peppermint -2.1408 0.75279 0.090858 -0.69888 0.082636 -0.1092 0.33586 0.59269 -0.96151 0.38329 -0.51343 0.94182 0.078117 -1.5131 -1.0416 0.14924 -0.12778 0.17154 -1.1038 0.94695 -0.67736 0.93992 1.5876 -0.38192 -1.5566 -0.2123 0.49537 0.12861 -3.0433 -1.0241 -1.8254 0.61731 0.97655 0.84489 -0.0093645 -0.58908 -1.4079 -1.3536 -0.84383 0.33852 1.434 0.17261 -1.4813 1.7491 -2.1164 -0.064443 -0.3152 -0.42288 -1.8804 0.17816 1.8699 0.7563 1.1752 -0.095981 0.45341 1.0888 -0.065294 0.41562 0.26919 -0.09303 0.92488 -1.5682 -1.2146 -1.5637 0.97872 0.35994 -1.177 -0.78974 0.83782 -0.54428 -1.5745 -1.1093 -2.9352 -0.47044 -0.37738 2.048 0.29757 0.29095 -0.87574 -0.59913 0.30713 -1.2465 0.2941 0.39468 1.3628 0.42474 0.088142 -1.3228 -1.3357 0.32914 0.33562 0.82659 2.3908 -1.5863 -1.1812 0.80381 -0.78111 -0.45463 0.81983 0.32259 
paint 1.1322 -1.9257 -1.5594 -0.40703 -2.0434 0.31555 1.6429 0.17787 1.0952 -0.94958 2.7399 2.0333 -1.3799 -1.4711 -1.8606 -2.2146 1.5955 0.05096 0.68805 1.2925 -1.1531 -1.4701 0.44379 -3.1332 0.013186 -2.2843 -0.74402 1.9196 -0.91266 3.5022 0.65578 1.2797 1.0489 -0.1101 -2.6071 0.79734 -2.5246 2.3065 -2.763 -0.92491 1.7073 2.7429 0.81088 -1.3148 -1.791 0.55098 0.55646 -1.7354 2.1041 -1.3838 1.6601 -0.11693 -1.5181 0.81815 2.2688 -3.5511 -2.8713 0.57449 -1.9234 -1.4918 2.851 -3.9291 1.8555 -2.2353 1.1726 1.2712 2.8412 0.72854 -0.3247 0.14387 -0.56276 -3.1929 1.1796 3.2858 -0.083394 1.1082 0.91714 0.36237 -1.5292 0.78065 1.3146 -0.43296 -0.34068 -0.65964 0.16133 0.66259 -2.2803 0.56159 -0.59644 2.0935 0.52017 -0.27716 0.9171 -3.5671 0.20806 3.1733 0.93159 -0.51057 0.13731 -1.6312 
detergent 0.12645 -0.85434 -0.81184 0.44541 0.033767 0.68952 0.54032 -0.56721 0.50731 -0.92661 -0.25629 0.49584 -0.92341 -0.23937 -0.28279 0.78068 -0.32586 0.10576 0.050682 0.9624 -0.0073195 -0.18089 0.8649 -1.5547 -0.45492 0.52802 -0.89827 0.69643 -0.67475 0.10922 -0.15414 -0.25842 0.78283 0.49471 -0.076119 0.60347 0.76518 -1.1333 -1.1219 0.056163 -2.8561 0.85174 0.8114 0.66 -0.73071 0.48218 0.99464 -1.9584 1.1101 -2.0518 0.10019 0.98373 0.58286 -0.70848 2.0327 -0.65588 0.34462 0.62037 1.5332 -2.2309 0.23353 -0.43613 -1.1219 1.3647 -0.071313 2.4572 -1.2815 0.66989 -1.5022 -1.5896 -0.55531 -1.5286 -0.24987 -1.9004 -1.143 2.607 -0.16992 -0.59973 -0.45981 1.3131 1.3426 0.017612 -1.5279 -1.0125 0.83907 -1.8548 -1.252 -0.81679 -1.9396 -0.024996 0.88184 1.08 2.3289 -1.7938 -1.8048 0.39143 1.751 0.39342 -1.7692 -1.4986 
celery -0.58862 0.32624 1.3594 -0.15148 -0.35551 1.2017 0.60015 1.7942 -0.93561 -2.1041 0.53637 -0.99213 -0.63834 -0.44641 -0.10658 -2.2761 -0.38486 -0.90804 -2.2112 1.0841 -0.25031 0.62686 0.64604 1.9865 -0.87408 1.6824 -0.15575 1.8787 -2.4102 -2.346 -0.84063 3.6236 1.2586 -0.046083 0.41003 1.8494 1.2339 2.8327 -0.6773 -0.14381 -0.76792 0.33438 -0.26962 0.26469 -1.224 -1.8068 1.2371 -1.4743 -0.92662 0.70716 2.519 -0.10748 -0.31223 -0.24214 -0.80196 1.7708 0.0026231 0.050287 1.0535 -0.8268 1.4657 -2.3668 -2.1398 -0.12334 -0.013368 2.865 1.3098 -1.646 -1.0406 -0.033581 -2.4463 -0.12253 -2.2102 -0.79392 -0.6471 0.38181 1.4215 1.0557 -1.9891 -2.8253 -0.40533 1.7827 0.8448 -0.49905 -0.26627 1.4596 -1.0507 -0.47687 -1.06 -1.2811 -0.86671 -0.54092 2.1099 -1.2934 0.30688 0.67935 0.78086 1.5808 0.92279 0.60779 
blood 1.5029 -0.94962 -1.4747 -1.4789 -1.0356 -0.21347 2.6634 -1.0421 1.8512 -1.0654 1.7856 -0.602 -0.28385 2.2286 1.4525 -3.5219 1.5314 -1.2125 -0.3434 2.4543 0.14269 -1.0965 -1.7049 0.29327 -0.78211 -1.352 2.109 -0.67878 1.6063 0.21545 1.2684 1.0167 0.34593 -1.1442 -0.7697 0.91377 -0.62959 0.32094 0.44795 -1.9792 -0.098703 -0.11646 -2.546 0.38203 -0.81324 -1.8011 1.0427 0.21068 0.39189 0.10228 3.0491 1.3029 2.1486 1.6294 4.0849 -0.55688 -0.1316 1.4376 0.33328 -0.12944 0.073831 -3.3817 -1.3457 0.073013 0.52532 2.598 -0.96803 0.99605 -1.0479 0.76762 -1.4613 -0.33078 0.32855 1.7297 2.5667 1.3269 -0.38605 1.3506 -0.36508 -0.019774 -0.95932 1.4108 -1.2787 -0.038334 1.2044 0.23334 0.55732 0.11753 1.341 2.1048 -2.2672 1.65 2.7982 -2.0794 1.5665 3.1019 0.60731 -1.3898 0.77546 -1.4509 
birch -2.3998 -1.14 2.4461 -1.9316 -1.4845 -2.1901 -0.89401 -0.082902 -0.91226 2.4379 1.2218 -0.2608 -0.1269 -1.194 1.7349 -2.0073 -2.1449 0.46146 -2.8028 -2.0919 -1.0033 -4.8448 -0.65538 -1.2353 0.98982 -1.9353 1.9888 -1.2824 -1.8197 -0.66307 0.46201 1.5961 -0.90237 -1.8496 -0.29255 1.262 3.0075 0.13912 -4.3653 -0.72651 -0.12686 -1.054 0.30897 -0.24879 -1.8359 -2.0125 0.82656 -3.1049 -2.3892 0.1079 1.8236 -0.11796 -1.0707 -0.51949 1.3609 1.4298 0.43004 -0.99686 -0.16558 0.15917 0.43744 -0.41412 -2.3066 0.36528 2.4424 1.3704 -0.03025 -1.4923 -0.23377 -0.34283 -0.14833 0.069553 -1.6207 2.0898 0.73166 0.76845 -1.573 2.7749 -1.7195 -1.4722 -0.71433 -1.7393 1.1924 -2.72 3.0414 -2.1034 -1.9468 1.0962 -0.53543 0.17951 0.69279 -2.1619 3.333 -1.8867 -1.2781 1.5236 -0.36688 -0.060535 2.6726 2.3865 
vegetable 0.022139 1.0789 1.7475 0.62117 0.012043 0.82744 1.1577 0.96024 -0.72588 -1.3959 0.26572 -0.51024 -0.61831 -0.017484 1.2877 -0.76408 -0.81378 -1.9654 -0.64478 0.81659 0.45235 -1.5295 -0.18174 1.0453 -0.13659 0.99943 0.24249 0.5625 -0.83019 -1.8246 -0.71439 1.8822 1.2611 0.82724 -0.1169 0.23335 -0.57115 -0.86122 0.024038 0.19628 -0.60211 0.16732 -1.0801 0.70928 -0.041834 0.34303 1.7869 0.36049 -0.083558 -0.90882 -0.12705 1.0508 0.78192 -0.4503 0.11778 1.2019 -1.3549 1.5174 0.38834 -3.0112 1.4368 -1.2322 -0.71485 -1.0931 0.031984 1.2706 0.59216 -0.27246 -0.94567 -0.0046341 -2.3782 0.95612 -0.91729 -0.11426 -1.8739 0.65476 0.94709 -0.57505 -0.51859 -2.9976 -0.2424 1.6004 -0.21741 0.08445 0.41526 1.101 -1.7362 -1.5527 0.13073 1.2177 0.3744 -0.813 2.2992 -2.6796 -1.1848 1.0742 -0.18682 0.75003 -1.2702 0.043723 
carrot -1.1766 0.35989 2.2915 -0.93838 0.39595 1.5971 1.7374 0.72686 -3.564 -0.90377 1.846 -1.4491 -2.5716 -0.2129 -0.52431 -0.49374 -1.7323 0.27364 -1.2569 0.56061 -0.057599 -0.45065 -0.1987 3.0826 -1.5852 1.6264 -0.6193 0.37814 -0.94848 -0.23157 0.0026616 0.60798 0.29822 -0.19462 -0.062483 0.28122 -2.3657 -0.44481 2.1169 -0.66009 -0.40382 -1.4117 -1.7149 1.0474 -0.80137 -0.98424 0.88243 0.63613 -1.0681 0.98625 2.1749 2.1773 -1.2359 0.55512 2.5895 3.9538 -0.081305 1.1302 0.45343 -0.17909 0.24676 -2.7228 0.78668 0.71482 0.36719 2.7952 0.14293 -0.23611 0.44072 0.32438 -2.3313 -0.33465 -1.7819 -1.2704 -1.9281 -0.081584 -0.89761 2.2305 -1.73 -1.3957 0.6312 0.64037 0.3881 -0.30191 -0.066056 -0.16482 -2.1209 -0.77192 -0.78985 0.81056 -0.39263 0.57456 4.1966 -2.5206 0.44567 3.5703 1.8656 -0.3734 0.74296 -0.088007 
bark -2.9259 -1.5279 1.5222 -1.9031 -0.67332 -2.3552 -0.16958 -1.0233 0.034329 2.9095 2.7046 0.98362 -1.6471 1.9368 -0.39961 -4.393 -2.3725 -2.5993 -0.037887 0.31704 -1.5627 -2.5045 -0.73507 0.61333 -2.3606 -2.1965 3.5012 1.2202 -5.88 2.2174 -0.59644 1.5762 0.64121 1.4966 -0.2046 0.30138 -1.9863 -0.98783 -2.9378 0.077402 -1.2637 0.30467 0.041462 2.0435 -1.4064 0.082594 0.91891 0.1361 -4.8255 -2.5153 1.2904 2.2403 -0.38593 -0.91193 0.47298 4.0948 -3.0941 0.99814 -1.6011 1.4232 -0.40622 -2.4304 0.3099 1.1867 1.5958 0.33478 2.9132 0.71803 -1.7293 -0.26589 -1.4359 2.2447 0.34109 -1.8754 0.66147 1.4621 -0.090865 1.9397 0.51622 -0.62058 1.4385 -0.084851 -0.62855 -0.52757 -0.85929 -0.5432 -1.304 -0.41985 -0.6349 2.287 2.2789 -0.35369 3.7421 -2.8981 -1.9428 1.0823 -0.38558 0.9797 4.7952 2.4472 
camphor -0.20317 0.0024873 -0.13935 -0.40499 -2.4803 0.96023 -1.0766 0.74332 -1.4199 1.3193 -0.080761 2.7813 -0.57017 -0.79878 0.81929 -1.0394 -0.3069 -1.1609 -2.4159 0.49608 -2.1576 -0.53865 1.3479 0.77422 -0.1284 -1.6909 2.204 1.2236 -2.3657 -0.287 -1.0536 -0.20263 0.26548 -1.039 0.23171 0.22802 -0.047438 0.83941 -3.0837 -0.40272 -0.37323 -0.64113 -1.445 -0.83247 -1.9295 -1.0422 1.3273 -0.45624 -0.91632 -1.0279 1.6788 1.378 0.012636 -0.61705 1.5841 -0.16523 0.93697 0.26852 0.21232 -1.6641 1.5662 -1.4792 -1.2718 -0.21017 1.2584 2.4572 -0.35622 0.74112 -0.9529 -0.35755 -0.55668 -1.0361 -0.37009 0.099084 0.42243 0.63633 -0.27879 -0.63123 -2.1033 0.028857 2.0757 -3.0275 -0.65799 -1.9782 -0.18813 0.078664 -0.48432 -1.7207 -2.3324 1.5093 1.0258 -0.19097 3.9391 -1.6475 -0.38727 1.7773 0.13395 -1.2014 -0.87063 -0.47725 
vinegar 0.025111 -0.44516 -1.4499 -1.3834 -0.85055 0.59112 -0.0722 2.1221 -0.474 0.70518 -0.38105 -0.50599 -0.37813 1.371 -0.12725 -2.0308 -0.62255 0.8905 -0.10572 1.8202 0.49538 0.58606 1.0412 0.58078 0.11243 0.85081 1.3189 0.6981 -2.5253 -1.4654 -0.7313 0.79865 1.5655 0.37548 -0.098746 1.3479 -1.0696 -0.80629 -0.46401 0.70003 0.97785 0.82981 -0.21334 2.3126 -0.22429 -0.96339 1.6717 0.55544 -0.14037 -1.0341 1.1201 1.0803 0.21137 -0.15942 0.1015 -0.6433 -0.58202 0.98617 0.061872 -1.9021 2.7594 -2.926 -1.6143 1.9386 -0.79643 2.845 -1.1918 -0.18694 -0.9376 -0.56396 -1.5164 0.23139 -1.121 -0.7684 -1.292 -0.3997 0.79854 0.33721 1.3861 0.38853 0.73111 0.79247 0.26941 1.4337 0.7881 0.40034 -0.46235 0.42611 -1.7638 0.67295 0.19634 0.4269 2.7286 -1.5483 0.39806 1.1802 -0.89334 -0.41044 0.064347 -1.996 
cardboard 1.5249 0.18398 0.70304 0.20073 -1.5482 -0.60026 0.63051 2.2892 -0.29919 -1.1203 0.70379 0.49 -2.1708 -1.0235 -0.24557 -1.3217 -0.987 0.37911 -1.1016 1.4421 0.6218 -2.0632 2.0868 -0.6262 -1.4154 0.5281 0.10147 0.48391 -1.8516 0.20896 -0.15734 -0.18747 0.20633 -0.079091 -0.13686 0.6293 -0.42481 0.48319 0.72706 -0.68868 -1.1899 0.47269 -1.338 0.44768 0.22518 0.10123 -1.1762 0.49454 0.38706 -0.18173 1.182 -0.91443 -0.80556 -0.43687 0.076516 -1.1483 -0.021231 1.642 0.33494 -0.61517 1.0125 -1.002 -0.62859 1.1002 -0.59097 0.27402 -0.12272 0.062222 -0.67958 0.092661 -2.1432 0.16726 -1.177 0.1332 -1.2389 -0.45635 -0.58972 0.47362 -0.22184 1.3005 1.4123 -0.72553 0.52814 -0.77873 -0.37706 0.60965 -0.69339 -0.20588 -1.2094 1.4807 2.3979 -0.1131 1.7028 -1.737 0.6233 1.5995 0.34641 -0.84049 0.01109 -0.95467 
ham -0.78444 -1.1336 -0.61006 1.4135 -3.5605 1.5756 4.9858 0.92949 -0.10974 6.2642 3.5793 -1.2768 -7.4192 2.4188 -1.0835 -3.4317 5.2395 -2.3839 -1.361 -4.1691 2.4344 -3.1446 -1.9212 -1.0059 -0.27674 -1.6319 2.8586 -1.5774 -1.7019 2.7553 -3.6783 -0.39962 0.70202 -0.92948 2.5781 0.35072 -1.4138 3.4135 -3.8982 -2.3578 3.395 -2.0887 -1.4774 4.3384 -1.811 -3.1191 1.0673 2.0738 2.2721 5.0398 3.0879 -0.99948 -2.0284 -0.37939 3.0572 -0.11081 -1.4728 1.0671 -3.0355 -4.4133 4.2095 2.6962 -5.9433 0.55656 0.76906 0.91839 3.1033 -1.9102 -2.9195 0.91736 -2.0272 1.4212 -0.77044 -2.7571 3.064 -2.0276 1.3119 -2.9034 5.1583 0.02696 1.0279 2.7938 -2.2716 0.80927 -2.9321 3.8787 1.1481 -3.0051 1.0569 0.39021 -0.73684 -1.9173 4.0502 -3.2598 -1.5872 4.8725 2.1588 0.33338 5.3748 -1.3905 
peanut -0.67118 -0.20843 2.3105 1.2507 -1.2137 -1.4865 2.2913 1.2382 -0.095781 0.53276 2.723 -0.0081803 -2.2248 -0.66405 -1.5323 -1.5404 -1.6289 0.32266 0.18422 -2.3832 -1.0531 0.52397 1.1563 0.5399 -1.4433 1.3304 -0.095562 0.81631 -1.6471 -1.1521 -2.3356 1.7317 0.036973 1.5866 1.9306 0.3186 -1.5906 -0.040344 2.1268 -0.94013 0.87675 0.43213 -3.5888 2.1597 0.36469 1.2057 1.5206 -0.0099549 -1.7226 -1.6991 4.2102 0.326 -1.0411 -0.34627 1.4601 0.68773 -1.0654 1.3071 -0.63429 0.39733 2.0325 -1.1671 -1.7769 0.75637 2.3163 0.14193 -0.075774 -1.2926 -1.3409 -0.72533 -2.9919 0.39381 -0.045906 0.063756 -1.2036 -1.6585 -0.032475 -0.84029 1.7586 0.70224 -0.28 2.1629 -1.7649 1.3466 -1.4105 2.1318 1.5924 0.4124 2.4467 -0.68504 2.333 0.43451 0.67444 -2.6132 3.2372 2.1532 0.43837 0.39408 0.79984 -2.4311 
garlic -1.3586 -0.60091 0.62623 -0.19281 -0.17999 -0.047167 3.4132 0.93498 -0.42874 -1.3399 -2.0738 -0.66659 0.11664 1.6125 0.3188 -1.2336 -1.6999 0.3341 -2.21 1.7072 1.693 0.97167 2.0547 1.3524 1.8829 -0.13998 0.41185 -0.99496 -2.6827 0.65971 -0.92885 0.027359 2.1831 1.4255 0.18283 1.1991 -1.7409 -2.8466 -0.022258 -0.082942 -0.49259 0.077337 -0.77381 2.0164 -0.57296 -0.69157 1.3857 -0.1498 0.018089 -0.63258 1.3143 1.3379 1.0131 0.10427 0.95847 0.15602 -1.0702 1.8069 -0.37355 -1.1911 4.9848 -1.4192 -0.6082 0.83585 -0.49592 3.0698 -0.77764 -1.1503 0.22325 0.41607 -1.1509 -0.91479 -0.90455 0.77744 -0.4729 -0.84401 0.92715 0.37869 -0.35976 -0.44027 1.869 2.8351 -1.3618 1.7781 -1.5457 1.0487 0.84652 -0.025496 -1.8543 0.89492 0.54999 0.080705 2.9123 -3.4135 -1.0165 0.12869 0.27359 -1.3724 0.14616 0.16442 
glue 0.19286 0.50406 -1.6172 -0.79057 -1.0709 -2.4702 5.0334 1.6251 0.68325 -1.7798 1.2803 2.0724 -4.1924 -2.8712 -1.0896 -0.30542 -0.69125 -0.45914 -1.1393 0.17712 -0.29658 -1.668 2.2943 -2.7561 -1.4243 -0.27703 -0.92257 0.55002 -1.5819 3.2184 -0.69123 -2.2016 0.6712 3.1681 1.3687 -0.057834 -0.45583 -0.85961 -1.3354 -3.6474 0.94084 2.828 -1.1433 1.4766 0.0031174 2.8974 -0.3643 -0.86478 0.28671 -2.2796 1.5875 1.4308 -0.15388 0.64422 0.95755 0.89759 -2.0521 2.0664 0.40658 -0.75152 0.76108 0.28656 -1.9842 0.71662 3.1782 2.8169 1.3471 0.23084 -1.3649 -2.8827 -1.2274 -0.59272 2.5704 0.12519 -1.6597 -1.7237 2.693 -0.36619 -0.94658 -1.5223 0.65004 -3.1601 1.0638 -1.2592 -0.002583 -1.3293 -0.55077 -0.65449 0.1345 1.064 1.0225 0.41797 0.76764 -1.4153 2.466 2.7555 1.6218 -0.77253 -0.39668 -1.4267 
egg 0.44909 -0.78686 0.68382 -1.2719 2.8297 -2.6967 4.8492 6.4034 -2.2084 -1.7945 2.3501 -1.6923 -7.2655 1.6085 3.9842 -2.1406 -0.26374 3.1201 1.3012 0.68938 1.7685 -1.0838 -0.83158 5.0421 1.0098 -2.7808 1.6588 -2.0723 2.187 -3.9144 -1.0506 2.6039 1.5251 5.2155 -2.2171 3.0901 -2.9065 -0.42633 -0.17739 -0.51995 -1.3524 -5.5189 -5.6131 4.869 0.51034 4.5031 -0.2869 -0.95935 2.1404 1.0959 0.51507 2.343 -0.41941 3.6924 -0.16601 0.060256 -3.8984 3.6266 1.9774 -2.1616 4.2307 -1.2739 -1.3716 1.6418 -2.0047 0.46533 -2.5362 -1.6361 -5.0238 2.9076 -4.1045 -3.4001 -1.774 -1.4608 0.70158 1.5385 3.2265 -0.13861 -1.4889 -3.7671 2.4976 0.52687 -1.7352 3.8028 -2.1242 4.7701 -1.1057 6.7688 1.6988 -0.54534 -1.7513 -3.1566 7.2017 -2.8751 0.083569 0.45657 1.827 -3.1596 -1.8023 -0.75683 
weed 0.20413 0.84618 2.7256 -2.0662 -4.0794 -1.3029 -0.054093 0.44885 -0.66245 -1.8639 0.78688 -0.70574 -2.7771 0.22696 1.7276 -0.38766 -1.2728 -1.8571 -1.8089 0.6082 0.18632 0.71012 -0.19684 0.14406 0.7641 -0.62642 -0.9868 0.6856 -1.2419 -0.20506 -1.8584 4.6079 0.090132 1.1093 0.5329 0.81115 1.3963 1.6874 0.97917 -1.4135 0.52671 -0.37281 0.37242 0.49207 1.1393 -0.96873 1.6591 1.9997 -2.8399 0.10326 -2.0005 -1.7191 2.3125 -0.37643 1.8342 1.1579 0.81276 1.273 -0.30738 -2.2784 4.2141 -4.2916 -0.8495 -0.89302 2.0649 3.0652 2.0202 0.55803 0.32399 1.0882 -1.8101 0.68819 -0.45278 1.0739 -1.2353 1.7638 0.60125 0.052314 2.9871 -1.1239 1.1335 2.0512 -0.23301 0.4271 1.8629 -0.33356 -1.9457 -1.1857 -1.7421 0.28317 -1.8343 -2.1047 1.9739 -0.6164 3.3525 1.3234 -1.3709 0.39 1.5879 0.28438 
ammonia -1.6398 0.99497 -1.0534 0.8001 -1.119 0.83694 0.51619 1.2173 1.1766 -0.67686 0.33689 0.37864 -1.0996 -1.2312 -1.2099 -0.48243 0.5775 -0.95627 0.85612 0.72519 -0.61991 0.85099 0.30068 0.57283 -1.1377 -1.9913 1.8612 0.59117 -0.70072 -0.010367 0.13556 1.5232 0.74383 3.0852 0.36055 1.8939 0.11137 -0.82257 0.96718 -0.035549 -2.2858 0.3343 1.4711 1.6061 -1.5891 -1.1829 1.2725 -1.3766 0.34243 0.21539 -0.16255 1.0828 2.1394 -0.33259 0.26865 -0.8174 0.041051 0.64472 1.6473 -1.5527 -1.5936 -0.99348 -1.4361 -0.83262 0.05884 3.7911 -0.88328 -1.1419 -0.55197 -0.63745 -0.053412 -2.2621 -0.27246 -0.12973 -1.1028 -0.85619 0.0051632 1.1105 -0.18926 0.86428 -0.57809 -0.48165 1.6862 1.3326 -0.5476 -0.55289 -0.38864 -0.3805 -2.7413 0.5797 1.5723 0.5113 1.7248 -2.1449 -0.87999 0.20581 0.73778 -0.070799 -1.2707 -1.5551 
bakery 0.59835 0.18913 0.94053 -0.21211 0.4763 -1.7129 1.6282 -0.91225 -0.3485 3.2262 1.7299 0.9757 -0.3551 -1.5129 -1.4186 1.0126 -0.063421 0.93208 0.77778 1.4208 -1.5223 2.1049 3.2042 -0.12945 -1.2515 2.9794 1.5353 -0.94777 -1.2588 -1.2192 -1.8986 0.0078515 1.2185 2.2632 2.4097 -0.73638 -0.10367 -1.0827 1.9194 1.9383 -1.1016 1.4728 -1.0953 2.2334 -0.56293 2.3521 0.31389 2.0777 -0.0049083 -0.51176 2.2983 -0.98463 -2.1776 -0.61176 -0.87059 1.0172 -1.8698 2.5052 -0.63814 1.5442 0.72002 -1.0714 -1.4012 -1.4315 0.67088 -0.20777 1.6685 1.1688 -3.5531 -2.0712 -3.6082 0.68598 -1.4001 0.81433 3.0128 -0.15225 -1.2579 -0.38313 -0.58909 -1.7202 3.8945 0.033298 -0.4783 0.10486 -0.33689 0.54764 -0.75721 -0.40107 -1.6864 -0.54171 -0.027277 1.5026 1.4311 -0.85758 -0.38993 0.25071 0.99775 0.25345 -0.22842 -0.68544 
potato -1.162 0.37265 0.63931 -0.19478 2.3717 -0.90077 0.72407 2.1794 -1.7276 -0.37191 0.62075 -1.0894 -2.9083 1.8372 3.0076 -0.75277 -1.6161 -1.1883 0.37533 1.6777 1.0136 -0.78881 2.4943 2.0971 -0.53717 1.9044 0.62077 0.46049 0.85284 2.2874 -0.88022 0.89806 1.0098 1.0032 -0.56856 2.3212 -0.80834 -3.2026 -0.40196 -1.4464 -1.9174 0.73547 -3.1164 2.1309 1.1297 0.7481 2.4166 0.95519 -1.5486 0.010973 -0.60703 0.3008 0.90796 -0.37258 -1.9544 1.5864 -1.9604 0.15021 -0.30701 -0.7134 2.3066 -0.18226 -0.83224 1.1238 -0.11199 0.35607 0.016555 3.9306 -0.37468 1.1792 -0.7767 -0.40332 -1.2843 -0.44211 -0.55978 -1.4408 -0.41513 -0.95904 0.42484 -2.2568 1.1503 0.43873 0.84888 1.1363 -0.60786 2.4267 -0.08346 -0.85671 2.193 1.1217 0.074631 -1.1789 1.5271 -2.8541 -0.046814 3.2928 -0.72126 1.3777 1.1576 -0.98643 
beer -0.57268 -3.9786 1.6415 -1.0487 1.085 -0.33181 -0.069508 2.4601 -0.80465 0.57457 1.557 -1.8488 -2.7585 2.1124 0.083526 -3.6638 -0.61424 0.81494 -0.43127 1.2355 1.0667 -0.96526 1.5803 0.76241 -2.9747 -2.4677 1.5251 2.9847 -1.4256 1.441 -0.35574 -1.6675 0.40458 1.3908 2.71 0.60177 0.33138 1.0952 0.32966 0.35412 -0.12655 -1.9253 -1.5729 -0.94966 -2.0687 0.82165 -0.80576 1.1452 0.26483 -0.41475 2.1422 -0.71706 -1.475 -1.3491 -0.90538 1.2375 -2.3433 -0.22974 1.5352 -4.0956 1.9562 -2.1039 -1.0829 -0.28334 1.3975 1.5604 0.12775 0.32764 -0.37124 -1.8242 -1.6709 1.4513 -2.395 0.1298 2.5051 -1.4927 -0.74906 -1.7111 -0.25248 -2.3245 1.1175 -1.3261 0.71245 1.4264 2.1596 -1.1882 -1.4266 1.2498 -3.2487 -0.651 0.57006 1.3369 0.53137 -4.4408 1.4297 1.162 -2.1168 0.76213 -0.40821 0.27151 
walnut -2.2986 -0.18153 1.3483 -0.15382 0.66821 -0.96217 1.2876 0.5578 -0.22516 3.2219 0.092782 0.027939 -3.7584 0.76102 -1.1761 -1.4353 -1.9098 2.1628 -1.1122 -1.4516 -1.176 -0.18128 2.1098 -0.21253 0.65601 2.2079 1.5779 0.97002 -1.651 1.5985 -0.86306 4.061 1.2152 0.24061 1.9485 -1.4027 0.91195 0.68614 0.39006 0.72866 -0.70932 -0.54088 -1.9001 2.7101 -0.71523 1.9583 1.9272 -0.42615 -2.0275 -0.56952 3.076 -0.7184 -0.02976 0.046065 0.076057 0.17732 1.8605 0.74554 -0.010654 -0.81526 0.82092 -0.9692 -3.2844 2.3749 0.62049 -0.65621 0.94331 -2.3714 -1.2491 -2.6955 -4.6356 0.55175 -2.3383 -0.85897 2.0776 -0.064997 1.2344 -1.7053 0.80208 -0.063425 0.66808 0.40425 -0.40773 0.4464 0.71478 1.7707 -0.8211 1.3305 0.8483 -0.75679 0.55463 0.79361 0.46949 -0.26588 2.1933 3.9278 -0.23587 0.9101 1.5166 0.24234 
onion -1.5344 0.007823 -0.59787 -0.52876 -0.88228 -1.6483 3.0922 1.7043 0.58068 -0.73265 -2.5142 -2.2041 0.59516 3.5712 -0.57773 -1.9707 -1.3038 1.2121 -1.9241 2.4976 -0.53897 0.75814 0.75262 1.7245 0.82355 0.24805 0.38667 1.9419 -2.1709 -1.654 0.1593 2.6099 -0.88832 0.31716 -1.5152 -0.73642 1.3964 -1.3088 -1.2151 -0.84733 -0.39628 -0.21988 -0.91217 2.0863 -0.16038 -1.0237 0.15336 0.82145 0.32256 0.92141 0.79156 2.2791 1.4844 -0.29048 1.4275 2.1551 -0.3877 3.1176 0.80336 -2.029 2.8398 -2.0288 0.32464 -0.18159 -1.1266 2.5943 1.0008 -1.0698 0.30188 -0.18536 -2.755 -1.392 -0.021522 -0.19907 0.054997 1.7263 1.1434 -1.0556 0.031793 -1.0259 0.014521 3.8112 -1.0935 2.5884 0.46305 0.80306 1.7981 -1.259 -0.9742 0.98103 -0.9968 -0.46436 3.3054 -2.8649 -1.0784 1.0411 0.40648 -1.9328 -0.27151 -1.4838 
turpentine 1.2876 -0.11176 1.3502 -0.32828 -1.557 -0.5954 1.4189 0.56062 -0.71946 0.058694 0.4319 0.32528 -0.677 -0.1859 -1.3974 0.13238 -0.7211 0.3318 0.031926 -0.15377 -0.57848 0.62511 0.079423 -0.48106 -0.50792 0.52482 1.0559 1.7316 -1.6786 0.1291 0.06005 1.0649 -0.71599 1.0883 0.10188 0.69712 0.33339 0.59212 -2.5949 -0.46276 -0.14404 0.49655 -0.030808 0.92901 0.35753 -0.15889 0.70026 -1.6577 0.83924 -1.1411 2.0604 0.56502 -0.46959 -0.5531 0.86894 -1.26 -0.38865 0.43274 -1.0533 -1.9835 0.71296 -1.6338 -0.1132 0.83323 1.7505 1.6107 -0.045635 -0.14405 -1.3955 0.42332 -1.0339 -1.462 -0.79622 0.073241 0.15977 0.68174 -0.020407 1.4237 -1.4619 0.43338 0.021201 -0.17908 -0.18934 0.38355 0.52122 -0.83602 -0.37489 -0.76788 -0.82781 1.054 -0.075402 -0.29055 2.2083 -0.48109 1.2907 0.70729 -0.40637 0.45405 0.84271 -0.27951 
mothball 0.42602 -1.4899 -0.12737 0.61166 -0.92287 1.5732 0.98619 1.8686 1.8859 0.48228 -1.9063 -0.11387 -1.2232 -0.58347 0.072326 -0.30361 -1.4388 0.28215 -1.4045 1.3178 -0.72364 0.41423 0.98797 -0.41208 -0.045658 -0.48178 2.0329 0.85498 -0.88283 -0.11348 0.6934 -0.10132 -0.74172 0.253 -0.011885 0.56082 0.66395 0.83962 -0.071043 -0.12191 -0.83949 0.77556 -0.75795 -0.34687 -0.47343 0.51382 0.40857 0.4729 1.8418 0.7847 1.6901 1.1439 0.42698 -0.84061 0.027468 -0.93601 -0.071473 1.6876 1.9492 0.20164 0.95098 -2.9266 0.31603 0.54736 1.0819 2.8721 1.6098 -0.20578 -1.0395 -0.71339 -1.3815 -1.678 0.90895 0.45918 -1.1322 -0.59464 0.60297 0.17325 0.43206 2.777 -0.10461 -1.1484 -0.79744 -1.7894 0.6957 -0.15506 -0.84428 -0.52682 -2.1933 1.5084 -0.34422 -0.19778 2.3713 -0.24052 0.416 -0.20845 -0.25067 0.44909 -0.32487 -0.13229 
disinfectant -0.91789 0.16188 0.55955 0.61057 -1.9594 0.69504 0.65379 1.1251 0.46645 0.0046215 -0.27282 -0.41699 -0.70881 -0.49754 0.25861 -0.28983 0.36365 0.79132 -0.85092 0.24952 -0.70245 0.1149 0.16236 -0.78567 -0.89094 -0.95643 0.52581 1.5265 -0.023452 -0.92837 -0.92605 -0.57081 -0.030128 -0.61052 0.24925 1.3153 0.45767 1.5331 -1.5458 -0.84648 -2.18 0.36635 -0.14742 0.70336 -0.23757 0.30412 -0.12998 -0.78305 0.96191 -1.4456 1.109 -0.4762 1.4256 1.1381 1.4233 -0.34394 0.024399 0.97915 1.0713 -1.6515 0.91033 -0.95992 -0.06719 -0.1113 0.5681 3.0351 -0.45976 -0.53722 -0.61757 -1.5409 0.081158 -0.63354 -0.30617 -0.28576 -0.84052 1.1138 -0.45087 -0.38269 0.91509 0.60653 -0.27733 -0.48174 -0.31281 -0.85809 -0.35414 -0.99008 -1.7238 0.15869 -1.0778 -0.061816 0.8686 0.88441 1.6648 -0.98184 -0.5587 0.00077091 0.14331 0.82682 0.25894 -1.7162 
varnish 2.3053 -1.3288 0.010529 -0.54804 -0.56963 -0.74752 1.0509 0.73224 1.219 0.95969 1.7965 1.1963 -1.8874 -0.14854 0.68246 -2.5906 -1.6486 0.86757 0.071693 0.7639 -0.32953 -0.98696 1.7514 -2.2337 -0.58625 1.3046 2.4657 2.1698 -2.0275 2.9622 1.1739 3.4184 -0.075174 1.9408 0.016942 -0.26431 0.42512 1.1866 -0.79898 0.78654 -0.22457 0.53967 1.0642 1.6807 -2.0084 -0.245 -1.0589 -1.2618 0.50232 -1.2964 1.5693 -1.2015 -0.45837 -1.9622 1.4755 -1.2107 -0.77158 0.037311 0.47176 -2.1385 0.060629 -0.83798 -0.40261 -0.0038594 -0.43828 2.3204 1.5257 -0.093316 -0.073212 -0.33333 -0.99103 -0.16355 -0.27762 -0.27926 0.7327 0.50332 0.059782 0.65983 -2.9564 0.40416 -0.59029 -2.5426 -0.99071 -0.53347 1.4415 -1.7517 0.56472 0.8964 -0.51258 1.3663 -0.34031 -1.6765 3.0641 -1.2039 -1.365 4.1157 0.72086 -0.87972 -1.0242 -0.26998 
kerosene -0.30455 1.2456 0.40166 -0.81917 1.1563 1.3498 0.78802 0.56616 1.5838 -0.28255 0.10884 0.66033 0.42396 1.0638 -0.78326 -1.4742 -0.30697 -0.28167 -0.51826 -2.3775 -1.7636 -1.0499 0.81714 -2.2968 1.5675 0.46119 0.20119 2.7313 -0.027121 1.483 -1.4964 0.36072 0.38508 -0.037052 1.1426 1.9591 0.74135 0.6763 -0.59599 -0.21425 -0.21783 0.047273 -0.18533 -0.42359 -1.7044 -1.2318 -0.072089 -0.19494 -0.18652 0.059547 2.3465 0.76833 1.1541 -1.8842 0.19965 -1.5436 0.22977 2.2814 -1.068 -1.4952 1.5559 -0.60449 -1.2779 0.80529 0.20832 2.0859 1.1498 -1.2542 -0.9039 -0.23189 0.22742 -1.1565 -0.99674 0.47479 1.9229 1.6451 -0.21835 1.3166 0.38295 -1.2906 -1.8314 -1.8141 -0.47291 1.0412 1.1983 -0.63806 1.1463 -0.1099 -0.56532 -0.88187 -1.0197 0.081468 0.72707 -1.7167 1.8968 0.028975 2.6077 0.6108 -0.14113 1.242 
solvent -0.28105 0.67437 -0.61768 -0.83121 -1.1904 0.89447 0.66361 0.67799 -1.6056 0.31353 -0.35787 1.7104 -1.7523 0.12541 -0.21232 0.41962 -0.13336 1.4828 -0.18395 0.47586 -0.35834 -0.91327 0.7703 -0.42839 0.06063 -0.8986 0.95803 1.0015 -1.2825 0.86701 -0.77814 0.85112 -0.14797 1.159 2.1651 -0.18594 0.84595 1.1333 -2.3415 0.62852 -1.0296 1.5921 -1.4806 0.98093 -1.0269 -0.19533 1.202 -1.301 0.77347 -1.3485 0.77897 -1.3471 0.63917 -1.998 0.23552 -0.38864 0.044843 -0.028041 0.73189 -1.3561 1.2286 -0.10546 -0.74445 -1.1905 0.95715 2.1376 -1.3087 1.4168 0.31511 -0.4634 0.069074 -3.6241 0.65295 -0.2444 0.26229 0.13388 0.013657 0.40413 -0.60728 1.7966 -1.3027 -1.5506 0.19775 -2.283 1.096 -1.1141 -0.004973 -0.69425 -0.35119 1.2847 0.27942 0.25873 5.1252 -1.6651 -1.7888 2.2884 0.52623 -1.5148 0.70069 -1.7497 
mustard -0.06734 0.037491 0.52678 -0.070004 -1.1983 0.69471 1.252 2.0641 -0.59089 -0.13357 1.4791 -0.9031 -1.0189 -1.6056 -0.50693 -2.2332 -1.9499 -0.13073 0.31508 -1.5241 0.34015 -0.78477 1.0118 1.0248 -0.63601 0.21195 0.65646 1.7894 -1.2628 0.84776 -1.2771 0.79337 0.80778 0.09251 -0.33804 1.6683 -0.47643 0.51246 -0.30512 0.16795 0.54145 -0.80135 -0.05327 2.188 0.67141 -0.037479 0.20017 0.1568 0.19574 -1.3953 2.0902 -1.1948 0.60641 1.9335 2.2469 0.78122 -2.0589 2.1108 1.143 -1.3401 1.3748 -2.1057 -0.26925 0.54051 0.60757 2.3931 -0.59919 -2.6403 1.2186 0.93014 -2.4531 -0.92117 -1.3137 -1.0396 -1.0459 -0.78894 1.2682 0.5869 -0.11593 -1.2031 -0.23783 1.0813 0.49939 0.93022 0.38732 0.46762 0.80208 -0.028623 0.63104 1.0079 -0.94418 -1.4742 3.1939 -0.46706 0.70729 0.8212 -0.31145 0.50374 1.4754 0.24274 
manure 0.38681 -0.53862 0.32613 0.99957 -0.13979 -0.89251 0.35375 -0.63424 0.82772 -2.3985 0.245 0.16247 0.99922 -0.39011 -0.4566 0.084835 -1.0008 -1.4207 -1.0781 0.7104 -0.73946 0.43016 0.42833 0.35518 -0.49094 -2.9823 1.0498 1.3588 -0.37539 1.6085 0.11505 -0.65858 0.080668 0.63831 -0.0075108 -0.51827 2.2452 0.16743 0.63941 -3.2012 -1.8548 -0.36077 -1.0988 0.32279 0.30674 -0.31839 -1.1131 0.087782 0.65606 0.91591 0.64689 -0.63715 0.33151 -1.0977 -0.31201 0.78856 0.64842 2.0845 -1.9987 -1.4096 2.0398 -0.83611 0.80242 -0.59971 0.69875 3.4225 0.71678 -0.31215 0.43816 -1.903 -1.2546 1.3654 0.77383 1.538 -0.72087 0.63733 -0.77659 1.2828 1.7454 -2.0414 0.073958 0.1151 0.51159 -0.9135 0.28953 -1.7886 -1.4099 -0.028789 -2.2493 1.1559 0.26112 -0.94147 2.5901 -1.4618 1.2297 1.9835 1.6367 -0.8556 0.67484 -1.2735 
rope -1.4517 -1.3818 -0.39346 1.3894 -0.37218 -1.3671 -0.85099 0.32534 1.4703 1.7784 3.0219 0.36705 -1.2784 -0.010547 -1.4684 -1.9833 -0.65404 0.1927 3.5961 2.0566 -0.98364 -1.0468 0.13367 0.18444 0.089131 -0.85349 -1.3482 0.47556 0.87505 3.626 0.52687 -0.25143 3.9685 0.83979 -0.41823 1.2132 1.4158 -0.26596 0.38945 -0.58107 -1.3348 -1.382 -0.17734 1.2606 -0.33641 -1.0899 -0.24377 -1.9484 0.060346 -1.6128 -2.0746 -0.70292 0.83686 -0.28868 0.40208 0.23749 -1.2888 1.2659 -3.5499 -1.3152 0.1193 -4.524 -2.3575 0.33158 0.89389 -1.1342 0.45244 0.76518 -2.9102 0.05538 -0.61019 0.66317 -2.5561 0.39621 -1.3616 -1.0297 -0.85102 -0.51403 -0.78022 0.74795 -0.59829 -1.5633 -1.1527 1.2287 -1.098 0.20473 -1.8317 -2.8471 0.061061 1.0041 2.212 1.3635 1.9347 0.47513 -0.30374 3.7565 -0.6852 -2.4729 2.3161 -0.97563 
creosote 0.81345 0.98877 -0.13215 0.30133 -0.29452 -0.83555 0.69216 0.31585 1.7398 1.6845 1.5099 2.2241 -0.05482 -0.97004 -0.3129 -0.18004 0.017296 -0.29871 -0.46938 -1.8857 -1.9208 -0.0058912 -0.56268 -0.84795 -0.20215 -0.30101 0.012919 0.78276 -1.1032 0.67789 -1.2576 0.67026 -0.055717 -0.87253 -0.14095 -0.040837 0.47926 0.0014327 -2.5771 -0.14377 0.33313 0.10782 0.038752 -0.066346 -1.0921 -2.0369 1.7408 -0.89881 -0.12246 1.5655 1.4215 0.35747 1.204 -2.1661 1.8858 0.55368 0.098067 1.3663 -0.44211 -1.1579 -0.4335 -0.29719 -0.20397 -0.65688 0.70662 0.98251 0.55839 0.70979 -1.5245 -0.9498 0.93602 1.0822 -0.39952 -0.27469 1.8933 0.6451 0.58685 -0.017654 -0.22574 0.045044 -0.98531 0.068078 -2.1215 0.67413 1.7863 -0.83212 -1.4355 -0.58831 -2.0783 -0.21125 1.1031 -0.19597 1.9668 -1.4702 -0.24294 1.5101 -0.6181 -0.076772 0.65873 -1.3662 
cork 1.0699 -1.8261 0.84205 -0.67544 0.052101 -1.3217 3.3955 1.1726 0.99944 0.73722 2.3592 -0.46123 -2.5241 -1.514 -0.89245 -0.93918 -0.58337 2.6423 -0.33925 0.16651 -0.9002 1.5874 -2.5812 -0.46224 0.88042 0.25784 2.1487 2.3464 -0.89839 1.5757 -0.54432 0.52482 1.3651 0.64041 0.027496 0.096009 -0.26484 2.1684 -1.7949 1.3297 1.3318 -0.88684 0.040445 2.261 -3.5811 -0.086522 -2.1118 -0.8364 -0.28363 1.0748 0.65679 1.4727 0.18604 -0.13931 -1.7198 0.9339 -3.6875 1.2654 -0.36679 1.3016 2.6441 -2.0968 -0.12536 -0.30042 1.2798 -0.98197 -0.0107 -0.75284 -4.1198 -1.9406 -0.92075 -0.095821 0.81983 -0.18903 0.73272 -0.84011 1.894 -2.5057 -0.58239 -1.0564 -0.6171 0.79428 -0.70868 1.1805 -1.303 -0.25051 0.53387 -0.17652 -1.0868 1.0174 0.029072 -0.43399 1.2824 0.50146 -2.2207 3.0607 -1.4432 -1.0068 0.38295 -0.077073 
mouse -0.89551 -1.2273 0.95015 0.00048281 -2.1872 1.3209 1.2843 2.8385 1.3227 0.47422 1.9521 0.70697 -0.30017 1.5437 0.89373 0.4474 -0.27936 -0.55968 0.14711 2.1662 -0.16724 -0.0096112 -0.63815 0.24687 -1.0668 -1.5083 0.75429 2.1545 -0.26842 1.1194 0.038694 -0.76878 2.0661 -1.2302 0.16548 -2.0929 -0.16068 0.41202 1.0948 -0.14092 -1.898 -0.73009 -0.51793 2.0357 -0.053273 -0.97318 -0.29167 0.83051 -0.9705 -0.90438 -0.33138 2.6514 2.6335 -0.034118 1.4368 0.10551 -0.05004 -0.10922 -0.68151 -0.49928 -1.3072 -2.1378 0.049148 1.1793 -1.2818 0.81364 2.4628 1.4784 -1.9103 0.87617 0.30844 -1.8371 0.44173 -0.036728 1.0361 -1.3171 0.97084 -1.9494 0.85961 0.46923 -2.2275 -1.6264 -0.56226 -0.080965 0.59496 1.2188 -0.7229 -2.1592 -1.4301 -0.19151 -0.80296 -2.4349 2.3062 -0.53826 -0.51157 0.075541 -2.2148 0.64943 1.2188 -2.3538 
