95 100 
parfym 0.05002 0.10584 -0.60715 -0.86436 -1.2574 0.37376 0.1112 0.39321 1.5377 0.45948 -0.73572 0.39604 -1.2994 0.59069 2.1526 -0.35254 1.4373 -0.31931 -1.373 1.2674 -1.8226 -0.13197 0.72193 1.1103 0.65219 -1.2806 -0.42496 -1.7429 -0.41994 -1.1805 -0.9878 0.044885 -0.66582 0.18894 -0.66814 -0.51352 -1.1768 0.62282 -1.5187 0.3208 -0.13009 -1.4844 -0.40267 0.35565 0.7735 -0.5684 0.47847 -0.092333 1.1272 -0.82419 1.1849 1.4439 -2.7296 -0.40392 0.47259 -0.4111 0.14301 0.55322 -1.8425 -0.62846 -2.7948 0.5185 -1.1271 0.61438 1.4075 -1.1352 -0.221 -1.9532 -1.051 -1.0585 0.28547 0.92307 0.67492 0.9874 0.10427 0.73093 -0.046371 1.4926 -1.3039 0.079274 -2.9971 -0.5024 0.40223 1.5203 0.33689 -0.66281 2.4557 0.19159 -2.0601 0.42586 1.0868 -0.21018 -0.18232 0.87651 1.7174 -1.1757 -1.912 1.6348 0.9281 0.89224 
vanilj -1.4451 -1.3434 0.73146 0.1843 0.072069 -0.25317 -0.39522 0.50348 -1.0794 -0.17873 -0.40562 -1.3356 0.37003 0.43659 1.6444 0.60428 0.85894 -0.24547 -1.592 1.3917 -1.5064 1.146 0.40987 0.86503 2.4074 -0.34904 0.22184 -0.021026 -1.2375 -1.5149 -0.89658 0.80701 -0.26629 1.9165 1.1718 0.035838 -1.3321 -1.0198 -2.9939 0.8498 0.81626 -0.55939 1.1267 -2.3186 0.34948 0.21024 -0.9366 -0.81318 0.24366 0.5136 -2.023 1.5384 -1.7385 0.39875 1.6684 -0.6652 -0.20588 -1.1353 -2.502 0.69746 -1.2244 0.73812 -0.26524 -1.7858 -0.74171 0.074031 0.73939 -1.2813 0.22085 2.8916 -1.1784 1.8033 -0.16758 2.514 1.6936 1.4528 0.047558 0.35313 1.1274 -0.41047 -1.5234 0.53484 0.55857 0.71246 -0.10473 -0.91298 0.0087056 1.2447 -1.1408 1.6633 -0.32954 0.72144 0.87282 0.060879 -0.36435 0.93884 -0.72418 0.25624 -1.6028 -0.61258 
rök -0.37573 -2.5961 6.067 2.4496 -0.93485 1.0328 -2.5432 3.046 -5.6129 1.7959 2.7178 0.432 0.44461 -2.7659 0.40466 2.6234 1.8678 1.6173 -1.9927 3.1025 0.32321 1.7014 0.27613 2.4008 1.7413 4.335 2.495 -0.96068 -0.66485 1.2046 2.8154 0.040913 -0.79764 -1.8201 0.99441 -3.2687 0.91763 1.8375 1.4117 2.2666 0.014703 -3.8086 -1.512 3.4988 -0.98841 1.0565 -0.096463 -1.0217 -3.0101 -2.4117 1.3698 2.0858 5.2016 3.9902 -0.26424 -2.7127 1.4334 0.49391 -0.15482 -2.8048 0.12928 -3.538 1.0258 2.0497 1.819 5.1613 0.97957 0.62535 -1.4952 -3.6823 -0.27863 -2.0801 -1.8586 0.435 1.0459 -4.4429 2.4452 2.135 -4.8343 0.53314 -1.8948 0.52221 3.0292 -2.0537 -2.6553 2.3525 1.0518 -0.17668 -4.1696 -3.8365 1.2104 0.85401 -4.2688 0.00756 2.1703 2.0278 -3.4049 -3.1603 1.8445 2.3179 
kaffe -1.6977 -1.8112 2.0235 1.0147 -0.85862 -1.7163 -0.89167 -0.041871 -1.795 -0.21665 0.50062 -2.05 0.29887 -0.56202 0.69066 4.6597 1.5045 -1.3432 -2.9606 -0.46934 -0.13056 -0.18789 -1.707 -1.2943 1.1594 1.0456 0.089174 0.33987 -0.64192 -1.8749 -0.36979 0.18957 0.84079 1.3727 -1.7618 -0.93806 -1.0021 0.088664 0.8097 -0.11158 1.7303 -0.078299 0.28826 0.90427 -1.1231 0.4284 -0.73739 1.1801 0.24436 0.75931 -0.99673 0.072793 1.7993 1.8481 1.0255 -1.5117 -1.1856 -1.6534 -0.024427 2.5271 1.7408 0.86745 2.8237 -0.13603 -1.7238 0.2093 2.1127 -3.0397 2.3676 2.7931 1.8614 2.6622 -0.69879 1.5888 0.098361 -1.0989 2.4079 -2.4462 1.0704 0.026601 -1.481 0.0056555 0.046765 -1.5871 -3.4923 2.4832 -0.90225 -0.65577 -0.84316 -0.45517 -1.8909 -1.1358 -0.44943 -0.83348 -0.43557 -0.16874 0.11547 -1.9135 0.86269 0.23652 
choklad -1.2416 -0.34076 0.96751 1.3621 -0.43276 -1.3834 -0.40418 1.157 -0.50499 -1.2578 -0.22052 -1.6272 0.71928 -0.21174 0.4864 2.3719 1.0784 0.52102 -1.2145 0.79231 -0.81459 0.69141 -0.017903 -0.046954 1.233 0.97445 -1.6729 0.80056 -2.4062 -1.2463 -0.6451 0.45997 -0.0059557 1.803 0.66594 0.026567 -0.80597 -1.2417 -1.0332 0.86048 0.22682 -0.90477 -0.24721 -1.0179 -0.08756 -0.37962 -1.9273 -0.29922 -1.3143 0.51702 -1.2023 1.5567 -0.74604 0.518 0.93121 -0.60104 1.2156 -1.2226 -1.0613 0.3957 -0.19923 2.0623 0.49627 -1.6174 -0.69647 1.2803 1.3186 -2.5117 1.7324 3.1411 1.1039 1.1789 -0.72705 1.8426 0.59806 0.38907 0.86346 0.89687 1.2662 -1.2625 -0.53515 -0.35634 0.33745 0.22298 0.29737 -0.56693 -0.28353 0.38238 0.032938 2.3659 -1.0862 -0.54116 0.40363 1.021 -0.76668 1.6279 -0.15672 -0.25666 -0.099996 -0.69706 
vin 2.4197 -2.3137 2.0109 1.2609 1.808 0.93289 -4.3923 -3.1647 -2.292 2.5474 2.0073 -2.9257 -1.1216 5.5687 4.202 1.4292 1.8048 3.8605 1.4516 -3.5546 1.1869 -0.91875 -3.3388 2.4391 -6.0023 -1.0541 -0.011968 -1.9734 -8.3422 2.8598 -3.5117 -1.0909 3.9855 1.337 0.095885 -4.0402 -0.49291 0.1181 0.13368 -1.4426 1.285 0.89735 5.108 4.4622 0.13416 -1.9467 3.3426 2.4249 -4.7618 -2.9725 -0.85243 1.829 0.21493 0.53756 2.8823 2.4715 0.4932 -2.3783 -0.92721 0.4656 -3.1358 1.0462 2.2142 2.4101 3.5199 4.2598 -0.97662 -5.8506 2.9561 5.0118 2.6424 4.9822 4.2076 -3.3781 0.69231 2.3175 6.0575 -1.536 1.8292 -0.60925 1.1929 5.0462 -3.0909 -0.04347 1.1211 1.1443 -1.4596 -0.52041 -2.8276 -1.1253 0.33541 2.1864 -4.2309 1.1826 -0.85511 -3.6824 -3.0553 -2.9336 -1.6766 -3.6674 
gräs -3.2273 -3.5226 5.5603 0.055309 1.9052 1.9698 -0.46851 1.5836 -0.43493 -0.99062 1.3496 0.51214 -0.44732 2.6044 -0.30889 1.1835 -5.5115 -0.75086 0.2325 -0.62507 0.72515 -2.0349 -1.7545 -5.3687 0.56052 -0.38811 -0.45113 -0.11189 3.4816 0.64592 0.30003 -4.0158 1.9916 4.0237 -1.436 0.59613 -0.23618 1.0979 2.2453 4.1936 2.0608 -0.35648 1.1288 -0.76779 0.68721 -2.8053 -1.1269 0.16676 -0.98268 0.96021 -0.75597 -2.0014 2.3547 3.3433 -3.3141 0.09797 1.2874 -4.4268 2.5078 2.8787 -3.5041 0.83626 2.1624 1.8794 -1.3256 0.072017 -0.93406 3.9111 1.74 -1.4989 -0.74838 -0.99243 -0.1107 1.5572 -3.9526 -3.5128 1.6793 -1.8587 -0.86591 0.67715 -0.52702 0.45577 -0.29949 0.35598 1.175 -1.1309 1.3229 -1.0477 -3.2904 1.398 -0.63005 0.39906 -2.4398 -0.26609 -0.25784 2.8392 3.1001 -2.608 -1.3383 -2.784 
ros -0.13871 -4.435 -2.1184 0.93253 2.4799 0.67857 -3.2005 -0.56758 3.0771 2.9798 -0.45133 -1.9436 0.19716 1.4607 0.85037 -0.31101 -2.0969 -3.0383 -1.3816 1.989 -2.0907 0.61205 -1.4451 1.5393 0.35904 -2.706 -3.2678 -0.28637 -2.6741 -2.5653 -0.72337 0.10747 -0.0026619 3.8013 4.5612 -1.1644 -1.7306 1.6687 -1.7717 2.5018 3.6632 -0.43713 0.67934 -3.3104 1.8991 -0.50621 0.91344 1.3893 -1.4303 4.1572 -3.2834 1.8097 -2.6805 -5.4104 0.98889 0.31357 4.6232 -3.095 -2.52 0.91034 -0.65468 0.8318 -2.6891 -1.2611 0.21848 0.88668 -1.4475 2.393 0.17006 4.38 -1.2066 2.1698 2.3074 2.2113 3.164 2.8973 -2.4605 1.8848 0.77445 0.10922 -4.6316 0.39231 4.6853 -1.4078 1.5715 -2.4904 1.7875 3.7755 -0.59092 0.41797 -0.21221 1.3472 -0.69686 3.665 0.25506 -0.25814 -3.4808 -3.78 -3.4691 -1.9635 
bröd 0.23372 -0.56297 3.3431 2.3855 1.4341 -0.73218 -2.2387 -0.32036 -1.5476 -0.045498 1.8746 -4.3979 0.46944 1.3526 1.8086 4.941 0.44886 -1.2292 -1.3315 -0.28678 -1.9897 -0.075729 -0.37024 -0.81593 -1.5169 -1.9278 -0.72172 -0.19193 -1.9006 -2.2506 2.826 0.65607 -1.5125 -1.5589 1.5508 -1.7488 1.1934 0.58352 1.1124 -0.44714 2.7997 -0.47967 2.1872 -0.74347 -0.51755 -1.1113 -4.3063 3.1441 -0.54592 2.2058 2.6022 -0.95415 -0.6609 5.1573 -2.0703 -2.5607 -2.4878 -2.5563 2.8296 -0.51083 -0.37243 -0.77057 1.6038 -2.9351 -1.6802 -0.11664 4.5549 -2.1055 2.824 2.4118 2.1015 1.705 1.2497 0.88032 -2.9653 -2.3964 3.4986 0.25215 0.67543 -0.50364 -0.82158 1.9952 -1.3008 0.27158 -3.0983 1.6929 -2.6091 -3.2588 -1.122 -3.2754 -1.5532 -0.2569 0.11031 -0.58963 0.97704 0.20351 2.7433 -0.27063 -3.1807 -1.981 
citrus -1.1222 -0.21036 1.6708 1.283 1.186 0.6364 -1.3421 0.060333 -1.3014 2.036 -0.035907 -2.8574 1.0958 1.5684 1.0857 0.30934 0.0053897 0.76506 -0.055229 0.61756 -3.2764 0.8396 -0.85687 0.8624 1.6311 -1.5503 0.86927 -1.2879 0.0039803 -1.6262 -0.18697 -0.99701 -2.4286 4.1688 0.61885 0.5355 -0.6139 0.10157 -0.76088 -0.77398 -0.39683 0.50932 1.975 -2.5628 1.8037 0.0995 -1.8035 0.45266 -0.93873 0.70299 -2.932 0.86384 0.54049 -0.48226 0.62542 0.91908 1.2392 -3.2364 -1.9574 1.4116 -2.8676 1.4605 -0.75584 0.70368 -0.2327 2.3777 1.468 0.35923 2.1632 2.376 -1.4454 0.30267 2.0629 1.352 -0.56438 2.2173 0.64042 -0.77933 -0.48898 0.25307 -1.0214 0.38907 1.3067 -0.96415 1.9478 -3.6753 -3.2358 0.54079 -2.4146 1.0009 -1.2063 3.5188 0.96103 -2.4387 -0.021658 1.4337 1.1146 0.44183 -1.0582 -2.7592 
tvål -0.89667 0.14821 -4.7484 -1.4193 -0.7459 0.46567 -0.0068079 -0.15217 0.46432 1.4691 -1.9121 -4.1316 -2.385 0.28533 1.7699 -0.11472 1.9655 -0.44783 -0.43689 2.9417 -3.123 1.6761 1.8112 -0.73176 1.5063 -1.9547 -2.8127 -1.9767 -1.5315 -2.1146 -0.51522 2.1107 -2.1178 -0.45866 -1.2635 2.0194 -2.5704 0.57969 0.36521 2.7764 -1.9017 -2.1867 1.3756 0.28354 1.7798 2.2538 -2.7446 -0.76253 -1.8824 -0.037167 -3.4284 0.68954 -2.1909 0.028562 0.58651 -1.9706 3.7695 -2.2371 -0.3434 -0.58833 -0.21485 0.83711 -3.362 -0.11089 -0.98194 0.90599 0.42388 -2.4021 -1.124 -1.0956 0.36327 1.2298 0.12985 2.6805 -0.85727 0.87887 1.6563 -0.53604 -3.2918 -1.6847 -4.7342 0.81556 0.9003 0.93534 0.047458 0.44409 0.87787 0.37762 2.1156 2.1917 1.6677 -0.020192 1.4948 1.6679 -2.0748 -0.76504 -0.38122 0.74141 -2.823 -0.30056 
lavendel 0.31105 -1.9832 0.021063 0.41249 0.58298 -0.68041 -0.91834 -1.4094 -0.071029 0.57925 -1.5587 -1.8577 0.48476 1.5169 -0.9342 0.23379 0.95019 -1.453 -0.98183 1.1277 -2.6572 0.80327 0.25386 0.38909 1.6484 -0.004409 -0.84083 0.065413 0.82623 -0.31802 -0.84697 0.11617 0.18163 1.0127 0.43286 0.71177 -0.26143 -0.14058 -0.69515 1.8689 1.8014 -0.40037 1.1497 -0.72067 1.9142 -0.31109 -0.80468 1.312 -0.6222 1.6688 -2.2806 0.11439 -0.60751 0.36923 0.62205 0.10159 1.0427 -1.7944 -0.4636 0.43338 0.048342 -0.74178 -0.58107 -1.1799 -0.085969 -0.070501 -0.30254 0.69258 1.0496 1.5032 -0.77677 0.66713 1.4896 -0.4634 -1.4894 1.2156 -0.33733 -0.39667 -2.3263 0.70626 -3.0198 0.76402 1.9473 -1.6406 -0.7426 -0.51031 -0.60735 0.78439 0.66428 2.2153 0.091539 -0.28751 -1.7658 0.97026 -0.31362 1.0579 0.11878 -0.34831 -1.1264 -1.1325 
fisk 1.5473 -2.3491 -1.0088 -0.80748 0.90378 -0.13706 -0.27182 0.12279 -1.6158 0.54934 -0.60346 0.69082 0.011174 -1.4449 0.91863 0.84117 -1.2207 1.0788 -1.2731 4.1311 -0.15393 -0.067955 -0.67981 1.9472 -4.7887 2.5007 -0.30216 1.2618 -0.012874 1.1748 -0.043228 -1.0712 0.86147 1.2947 0.93245 -3.1301 0.36726 -1.0911 0.69152 0.34952 2.7454 0.083987 1.033 3.2938 -0.67536 -1.5518 -2.1877 -1.2374 -4.71 1.0468 0.46606 -0.31361 4.1243 1.0305 -0.7509 -0.33984 1.5986 0.7645 1.8673 0.6871 -0.74616 -0.82198 -2.1469 0.33508 -0.19118 2.1997 1.5291 0.033819 0.88823 0.64981 1.6854 -0.99822 0.91491 -1.2551 -5.335 0.91383 3.905 -0.69947 -2.0872 1.3689 2.7662 2.352 -1.6892 -0.58239 -1.2544 1.7468 -0.91783 -0.24108 1.3371 1.1821 0.68156 0.41252 -0.14173 0.93035 3.4656 0.62615 -1.3836 2.7531 -1.1104 4.0097 
äpple -0.98463 -0.18743 2.6266 -0.22618 1.6867 1.9858 -3.0484 0.97503 0.5402 -0.0061336 0.63016 -1.4586 -0.1005 0.92322 1.4234 0.81501 0.6796 1.4391 -0.20674 0.70145 0.33507 2.8295 0.063832 -0.76097 0.28762 -2.4004 1.1157 0.24782 -0.8309 -0.67112 -1.6643 0.17033 -0.49327 2.3537 2.1309 0.84994 0.50983 2.0794 -1.7831 1.1236 1.8906 0.39556 1.1829 -0.50344 1.2741 0.98588 -0.91503 0.047421 -1.739 0.63301 -2.4979 -0.83428 -0.51169 -0.21458 -0.56832 0.56949 1.8112 -4.3386 -1.7167 3.8172 -1.7026 0.10607 -1.6277 -1.2451 -1.1451 -0.19348 1.7055 0.024181 0.56256 3.9779 0.56183 0.99843 0.64955 1.8951 -0.18201 1.2626 1.1616 1.6882 -0.43893 -1.3276 -1.0334 0.75699 -0.26408 2.0278 -1.0625 -2.3074 -2.3947 -0.60368 -0.81371 0.43299 -0.41886 3.5752 0.9826 -1.5616 -0.99176 1.7558 1.348 -0.9031 -1.4653 0.32475 
citron -0.30076 -0.72554 0.22249 1.2643 0.31065 0.45001 -0.7139 0.091829 -1.1705 1.5678 0.34313 -1.8074 1.1657 0.33823 0.12178 -0.28235 -0.055688 -1.2238 -0.54153 2.4108 -2.7182 1.1422 0.50701 0.60076 0.49504 -0.88055 1.011 -0.30056 -0.96881 -0.69269 -1.4694 -0.40369 -3.5894 2.5147 0.094246 1.1876 -0.37116 1.3294 -0.85962 -0.20505 0.64362 0.32379 0.99845 0.099141 0.61609 -0.72612 -1.9397 0.84454 -1.448 0.51848 -2.8944 0.090842 0.62927 0.35294 0.37742 -0.46636 2.0098 -3.0489 -1.1291 2.4183 -0.50981 0.79959 -0.69379 -0.51883 -1.0452 1.031 1.1964 0.42416 0.76162 2.1754 -0.75232 1.5415 1.9031 0.42809 -1.0876 1.8232 0.48573 -0.48301 -0.82166 2.1463 -2.4656 2.3899 -0.22718 -0.010155 1.1743 -2.9891 -1.4819 0.23015 0.052834 1.8208 0.51176 2.8407 1.3415 -0.39352 -0.18019 0.66224 1.6856 0.63366 -0.41747 -1.0094 
öl -0.64794 0.88285 3.2782 3.8967 -2.055 1.8172 0.34348 0.51012 -6.6024 1.1642 2.3104 -0.59711 -2.1792 -1.5811 8.889 1.6536 -6.0447 3.2608 -3.4814 1.5449 5.0256 -2.3005 0.96109 4.1142 -3.4815 -1.2725 0.52897 -1.7246 -7.948 -2.1649 -0.57844 -3.2939 -0.53966 0.91579 -7.4237 -6.3694 -0.81511 -3.4206 6.061 -2.1929 -0.10554 -0.43462 1.395 3.1244 -4.7988 -1.8716 1.7427 3.3578 -2.2411 -10.625 -0.7955 1.1404 5.1701 1.4204 2.7416 1.6502 5.5936 -3.1106 -1.4768 4.0011 -1.9136 2.3224 2.5257 1.6821 1.4581 8.7968 7.5362 -5.1333 2.65 3.6066 3.9519 1.4362 -0.023203 2.3359 2.1923 0.77689 10.14 -2.6099 -4.9065 1.7165 -3.0654 1.493 -1.3275 -1.0024 -4.6624 6.4801 0.71705 0.39343 -1.1505 -6.2646 -0.37355 -1.0914 -5.0004 -3.6288 -2.0724 -2.0333 -8.8495 -1.277 -0.82429 -0.68717 
kanel 1.117 -2.2282 1.7721 0.45428 1.7553 -1.0013 -2.4536 1.4352 -3.208 -0.92617 -0.23031 -0.067007 1.0834 0.65681 0.5343 1.1261 3.1766 1.8103 -2.3497 0.5087 -2.353 1.7275 0.45626 -0.6613 1.5196 -0.14107 -0.087793 1.5812 -1.9339 -2.54 -0.90843 0.80569 0.014877 1.8845 0.78078 2.1018 -1.3055 1.0816 -3.9311 0.34631 0.77261 0.39286 0.47395 -0.55651 -0.32851 -0.43882 -0.87387 -1.3287 -2.2182 -0.25733 -2.7965 0.23177 -2.1045 2.2888 1.1865 -0.58378 -0.59343 -0.41448 -1.6987 2.1212 1.4393 -1.3335 -1.1823 -3.6766 -1.4353 0.24581 2.3245 0.00058339 2.7624 3.4502 -0.26269 4.3839 -1.3755 -0.17848 0.69768 -0.29501 0.42381 -1.4996 0.058958 -1.249 -3.489 -0.058452 0.71963 -0.22438 0.27604 1.6848 -1.2792 -0.035642 0.86179 0.95484 -0.30349 2.7835 1.958 -1.5551 -0.60976 0.50427 1.3244 -1.013 -1.1098 -0.83676 
apelsin -1.0408 0.59502 0.63219 1.2579 0.51858 0.53074 -1.554 -0.23742 -2.3695 0.69252 -0.043849 -1.3649 -0.13167 -0.43863 1.0562 2.0305 1.4548 0.7879 -1.7265 0.96749 -1.5923 1.0962 0.23597 -0.67542 1.5876 -0.36098 -0.49576 0.21133 -0.96896 -0.71284 0.12498 -0.60499 -1.2714 2.4731 1.623 0.62553 -0.33588 1.5202 -1.4512 0.63608 0.86658 0.12459 0.36428 -1.9048 1.154 0.47969 -0.69594 -0.11171 -0.40395 -0.049003 -1.7691 0.66763 -0.027361 0.17393 1.3232 -0.16164 0.94818 -2.3829 -1.0265 2.5945 0.39173 -0.45269 -1.856 -0.66367 -0.56207 0.7481 0.95638 -0.34002 0.57843 4.0933 0.52621 2.2283 0.24702 0.77983 -0.25264 1.7452 0.37381 -0.42705 -0.48642 0.23439 -2.0531 1.0351 -0.053459 0.10008 1.2849 -1.2151 -1.2275 -0.29958 2.1104 1.0558 -0.091663 1.2251 1.4651 0.14676 -0.14816 0.6719 1.2366 -0.4253 -0.52277 -2.3018 
te -3.1825 -3.5363 2.9789 -1.2776 0.28147 -2.2383 2.5045 0.53127 5.6934 2.1152 0.90341 -1.8883 -3.1676 -0.11741 0.49665 9.0793 1.9287 1.1361 -7.2924 -2.8724 1.5645 7.4191 -0.57003 0.81686 6.0911 -1.7097 0.1763 5.359 -2.9017 -5.1361 -8.1109 2.8194 3.3739 -1.2755 -7.7225 -2.4589 -5.2323 6.438 3.0286 1.0232 2.4583 -1.0179 8.1113 1.4411 -4.0738 3.7594 -4.2964 1.7761 -3.9538 4.8039 -4.3029 4.0916 -2.8365 -3.6872 3.7342 -3.3241 2.4517 -9.277 -1.0649 10.183 0.15288 -0.60024 1.241 0.67772 -4.3241 1.3407 3.7128 -7.6176 9.729 8.5971 0.4087 4.7832 0.39363 4.8887 -1.3626 -0.41947 4.7905 -1.453 2.7429 -2.125 -7.3312 -0.94713 -0.23953 -2.3484 -5.643 4.4268 0.071385 -0.81977 0.71298 -1.516 -0.53326 -0.94534 0.27151 -1.5771 -4.4048 -4.6185 -0.0069239 -4.1707 2.2461 6.7297 
vitlök 2.6335 -1.0857 1.7428 1.1508 -0.18727 -0.99463 0.39547 1.6211 -2.7426 0.26947 0.12192 1.553 0.13957 0.4948 -0.14246 1.185 -0.28697 -1.3839 -2.0334 2.2214 -1.1308 2.0691 2.0763 -0.55555 -2.5027 2.9197 0.011544 -0.96143 -3.3424 1.237 1.3553 0.43931 -0.35785 0.34049 1.0201 -0.53073 0.93267 0.25321 1.2827 -1.5349 1.8518 -0.082309 0.31702 1.7079 -1.0781 -0.87504 -1.899 -0.070939 -2.8165 -1.1153 0.37635 2.3171 2.2992 0.72011 -0.7068 -1.349 1.225 1.283 1.4143 1.1476 0.81171 1.0279 -0.48407 0.51074 -1.9584 0.19732 1.6091 0.15173 1.8831 1.1418 0.48409 0.58999 3.5443 -0.37918 -1.3823 -0.46778 1.0357 1.1838 -1.6362 1.3214 -2.0307 1.3632 -1.4956 0.58248 -1.3245 -1.1745 -1.7139 0.87074 -1.0381 1.8764 1.8838 1.4228 0.028012 0.099007 3.6021 0.17423 0.45933 -0.65556 0.85121 0.99813 
honung -0.85465 -1.2829 1.5463 1.3803 1.1455 0.58824 -1.9271 0.84301 -0.77453 0.47729 -0.91165 -1.845 0.90934 0.62301 0.55718 2.3149 -1.1255 -1.0726 -0.0059021 0.93234 -0.95565 -0.32292 -1.1016 -0.15246 0.95128 -1.1345 -0.96294 -0.64898 -0.57632 -1.8874 1.1034 0.66675 -0.23103 2.7 0.89985 0.73096 -1.181 -0.029028 -2.199 1.4208 0.834 -0.27879 2.4559 -1.9021 0.015808 -0.85513 -1.2001 -0.79307 -0.6804 -0.3916 -4.0887 -0.29384 0.037021 0.46265 0.29915 -1.0955 0.73275 -1.7247 -3.1369 -0.19653 0.65884 1.3544 1.1749 -1.5675 -0.83226 2.0268 0.074034 -0.68839 1.5722 2.4913 -1.4811 0.0020188 2.0655 0.25715 -1.554 0.34515 0.32916 0.3367 -0.20248 -0.28268 -1.9261 0.26518 -0.96363 1.0294 2.1998 -2.6477 -3.0584 1.433 -0.76948 0.64142 -1.1351 0.87104 0.72018 0.22379 1.5515 1.2749 -1.1983 -0.1387 -1.9848 -1.0342 
körsbär -0.73293 -0.32707 1.7469 0.75739 1.3071 -0.14444 -2.9224 1.4618 -0.57054 0.045056 -0.4994 -2.4884 -1.6283 1.4471 1.8855 -0.77967 1.3429 1.8179 -0.71155 -0.62595 -0.52623 0.98461 -3.4226 1.4308 1.3672 -0.079783 -0.58526 -0.25694 -1.8969 -0.058715 -0.95006 0.40174 0.47481 3.7529 -0.012983 -0.50673 0.49995 -0.76918 -0.43487 1.8016 1.5237 -1.1137 -2.0656 -2.5621 1.4709 0.051837 -1.3669 0.70653 -2.3944 1.0291 -2.4052 1.8252 0.74742 -1.1581 1.7482 2.1183 -0.074274 -2.4134 -2.5084 0.97252 -1.4322 2.3914 -0.065859 -0.45378 -0.93075 1.3612 0.73109 -0.27444 -0.57329 3.235 -0.37927 1.8836 0.12217 -0.27734 0.65295 0.36557 0.32788 -1.3827 0.26381 -0.69199 0.36451 2.3964 -0.013244 1.3527 0.80701 -2.0154 -0.024848 0.8606 -2.1648 2.206 -2.9608 -0.66487 2.0555 -0.37217 -2.0868 1.8093 -0.23598 -2.079 -0.38319 -1.3012 
bensin -0.043047 -0.18684 2.326 1.0287 -1.6648 -1.2013 -0.082002 1.9434 -0.0084463 -1.0147 0.12142 0.40816 0.045679 -1.6714 0.077324 0.61691 0.4079 -0.84902 -2.1705 2.0392 1.2027 -2.02 -0.0035717 -0.37281 0.26729 0.40681 1.0051 -0.43959 -0.00093207 -0.054784 0.71963 -0.72188 -0.25018 1.2491 -0.42954 -1.4595 0.87317 0.56547 0.78106 -0.14934 2.0402 -1.6655 -0.28393 2.1229 2.3247 -0.38996 0.18775 -1.7806 -0.20191 -0.20471 -0.50495 0.36625 1.0965 2.0146 2.9847 0.46787 1.5865 1.1558 -0.49081 -0.14345 0.10986 -0.5415 0.8705 1.0598 -0.76193 0.63231 0.10158 0.37526 -1.5606 -1.0811 -0.71638 -1.4968 -2.0539 -1.6503 -0.86449 -0.44056 0.92022 -1.6894 -1.6238 -1.0897 -3.1474 1.0809 0.26877 0.97361 -0.36225 0.030756 0.92758 0.19307 -0.42761 -0.18429 -1.7437 0.14042 -0.95911 -0.017444 1.042 -0.28593 -0.60406 0.0073325 0.75878 0.26704 
djur -1.0908 0.52665 0.50956 2.3649 0.26124 -2.6161 2.1948 1.5655 0.94824 1.4968 1.9045 0.57629 0.0025341 1.5864 -1.2215 1.5226 0.062185 4.1981 -0.42778 1.7586 -0.24895 -1.1282 0.2594 -0.33849 -2.0047 -0.55089 -2.7923 1.9877 2.6647 4.0441 2.2523 1.2718 1.9301 3.0966 -0.44603 -2.6673 1.1898 -0.99296 -0.029405 1.7335 -0.96556 -2.0054 -0.0023881 0.16158 3.2299 -0.58078 -0.41339 -1.2908 0.66551 3.8542 -0.65761 -2.387 1.2199 -1.2109 -1.6245 -0.88639 -2.095 -2.0848 1.5086 -0.50602 0.35493 -2.9272 1.654 2.34 1.1574 -0.4652 -0.49535 1.1245 -1.0841 -0.072683 -0.57381 -2.8217 -0.29699 -4.1395 -2.5701 -5.0244 2.8082 -0.84815 -3.2544 -1.7859 2.0548 1.2519 -2.8781 -0.70125 1.7727 2.2582 1.3607 1.6829 -2.7882 2.2192 3.7805 -2.5838 -1.5155 -0.5733 0.40958 0.9521 -0.30648 1.9995 -0.11797 4.3837 
persika -1.3044 0.62591 0.9605 0.8173 1.5425 0.62179 -0.95409 1.3547 -0.11869 1.6983 -0.040788 -2.3476 -0.52447 0.90546 1.731 1.2208 -0.0057917 -0.6198 -0.34532 0.72987 -1.2399 1.1964 -1.1285 0.52902 1.5705 -2.017 -0.814 -0.82249 -1.7981 -1.0818 0.043783 0.30049 -0.15466 2.757 1.0541 -0.070934 -0.0036096 1.0342 -1.335 1.4229 0.45285 0.80437 1.6275 -1.8818 -0.22408 1.147 -1.9119 -0.15607 0.84457 0.27339 -2.4347 -0.086118 -0.033915 0.38764 0.55112 1.2041 0.69143 -1.1488 -1.7033 2.3344 -1.2534 1.233 -0.5872 -0.23131 -0.51859 0.98707 0.35649 0.30843 -0.17938 1.4011 -1.1031 1.1372 1.9337 1.824 1.1371 1.6395 0.38174 0.53377 0.15713 0.007402 -0.058212 0.19655 -0.44711 0.83467 2.0925 -2.1804 0.096541 0.47287 -0.20988 1.9938 0.31801 2.2062 0.6036 -0.59079 0.68 -0.068279 -0.31458 -0.5124 -1.9225 -0.46618 
ägg 1.4976 -1.5474 -0.51539 -2.2432 1.0167 1.2502 0.67462 -0.12937 -3.2548 -2.6118 -0.98845 4.4472 -2.1428 -0.90918 3.7242 5.3876 0.76627 0.47701 -2.3202 3.4378 3.7348 2.9838 -2.7061 -4.4417 -3.3152 0.95952 1.8184 1.2681 -1.8148 -4.1308 -1.0433 -0.60827 3.1974 0.4086 4.0253 -1.4238 3.9776 -2.7946 -4.2897 1.0308 5.9491 -0.60462 2.1718 2.6053 -2.267 0.32957 -3.4849 -1.0869 -4.0882 -1.3904 -2.4895 -4.0652 6.4998 1.5691 0.56428 -1.2918 -0.5912 0.31779 3.3512 2.2895 1.153 0.77127 -2.775 -1.0054 0.63417 0.63151 5.0016 -0.81921 0.95847 0.29225 1.4827 -1.3959 0.96079 0.61147 -3.2988 -1.5118 2.5417 -1.4949 0.79668 -0.79986 2.1993 2.5142 -3.9067 2.4496 -2.9696 1.2892 -3.4747 -2.3746 -0.78021 1.605 2.7026 -0.26476 1.5363 4.4866 2.414 2.6019 -1.2115 -0.80322 -0.8609 4.3561 
mint -2.9091 -3.0255 1.9214 0.87532 -0.97328 0.39083 -1.4975 0.73984 -2.3517 2.0264 -0.42025 -2.6364 0.52338 -0.044025 1.611 -0.87746 -0.13801 0.57569 0.19138 2.2165 -4.5244 2.0149 -0.44822 -0.92025 0.49917 3.0047 -0.33964 -1.3726 -2.3951 -1.4296 -1.4051 -2.7936 -1.5814 3.1214 -0.10574 1.3394 -2.3803 -0.01352 -0.45957 1.6132 -0.64383 -2.0839 1.9505 0.45043 -0.81564 2.6008 1.0166 -0.34057 -1.6918 -1.2324 -3.3653 3.1085 0.96236 -3.3535 1.7209 0.90067 1.9344 -2.9092 0.48601 2.041 -1.8957 0.92055 -4.2565 -0.71677 -1.1543 1.6397 2.8973 -0.2259 0.78748 2.9207 -2.489 0.1053 -1.0463 1.1117 -1.1337 1.4583 -1.5398 1.4122 0.50826 -0.097604 -0.59039 0.96972 2.9225 -1.3627 -0.37839 -3.2422 1.5518 0.85233 -1.0664 2.3319 0.42252 1.5262 0.71302 0.72267 -2.1205 0.88809 0.32347 0.75286 0.85194 1.1097 
blod -1.5725 -1.5354 2.9116 5.2343 1.9957 -0.92114 -2.1349 -1.5181 0.50658 -1.6293 1.1168 -2.5262 -3.4333 -1.9109 2.164 -1.0586 -1.0987 4.5928 -0.644 3.0629 -0.20591 0.67872 -1.6982 0.82171 -2.8412 1.514 -0.48087 1.5057 -0.50243 -1.9235 0.46657 -0.62031 -0.6004 2.5106 0.54782 -0.23498 0.31281 1.7118 1.3531 -0.12934 2.7661 -0.73427 -1.0662 -0.070256 1.3074 -3.2204 -2.3944 -2.1536 0.82305 -1.3134 -1.7477 -1.5587 4.0143 -1.1515 2.5926 1.6241 -0.99595 0.65604 0.85411 -0.72074 -0.29791 -3.2504 1.5851 1.8081 -0.17524 -0.99178 -0.65856 0.5971 -0.77637 0.3957 -0.52039 -2.514 -1.554 -2.4293 -2.6632 -1.5008 2.2829 3.0144 -1.5801 -1.6851 -1.2469 -0.026914 0.60584 -0.087718 0.82033 1.2433 -1.3223 0.27497 0.12482 1.6568 0.24506 -2.114 -1.448 1.9823 2.4772 1.6482 -3.2869 1.6225 1.1507 0.36279 
ost 1.3909 3.145 -3.4398 -0.44228 4.1987 -4.4059 0.036622 0.40403 -5.5143 1.2463 -2.5246 -1.1098 2.3514 4.3037 4.1484 3.1231 0.89072 -2.2296 -3.6281 3.143 2.3609 3.3598 -0.93272 -2.6051 -5.1948 0.2861 -1.9119 2.3081 -3.1402 1.4687 0.74598 0.6123 6.1888 -1.2488 -2.1652 -1.3799 0.38393 2.1794 0.68858 -1.7857 5.4397 0.56804 -0.053439 3.4594 -1.4387 -2.2212 -3.2982 3.114 -5.9793 -0.4773 3.0142 2.2997 -0.14251 4.6939 -1.812 -1.8739 3.186 -0.49541 0.68559 2.5299 -0.86307 -0.73079 0.51596 -3.0902 -1.6612 4.1795 5.1962 -4.5764 4.3144 3.285 2.6694 0.041092 3.113 1.2148 -4.8204 0.10735 4.2755 1.9537 0.40443 -0.66061 2.6606 -0.65377 -3.5931 1.6526 2.5099 0.18506 -4.2795 -1.4931 -1.5196 2.5579 0.41864 -0.55645 -0.27182 2.1054 3.9647 -0.33986 -1.7474 -1.8261 -1.3711 1.2541 
lakrits -1.8351 -2.0724 1.8925 1.299 1.4482 -0.47099 -2.2319 0.69622 -0.98286 0.61814 -0.89387 -2.5824 -0.86708 0.86949 2.1759 0.82039 0.066704 1.146 -0.94507 1.0109 -1.1009 0.91356 -1.0283 -0.49498 0.47466 3.032 -0.66757 1.2338 -1.947 -0.24475 -0.58174 -0.15062 0.40344 3.0109 -1.5192 -0.42081 0.09023 -0.15567 0.52246 0.9105 0.28982 -0.59026 -0.88564 -0.90613 1.0551 -0.57745 -1.2878 0.78499 -1.4441 0.27525 -2.2274 2.5052 0.64931 -0.23569 1.476 0.15755 0.31587 -1.6183 -2.2886 0.22592 0.95328 0.86094 0.49396 -0.59923 0.010842 1.0105 0.52261 -0.52994 0.76074 2.7724 -0.14675 0.54868 -1.1276 1.3262 -1.2094 1.3607 0.13644 -1.1843 0.24801 -0.48281 0.95453 -0.053863 0.49372 -0.19866 0.25662 -0.68134 -0.52742 0.83695 -1.8556 2.1376 -2.1788 0.12492 1.4288 -1.6615 -0.031019 0.65548 0.51241 -0.82131 0.043279 -0.22074 
lök 4.6343 -4.3435 2.2027 1.1973 1.6543 -0.65752 0.41391 -2.2283 -6.3459 0.0052135 -0.62767 1.1323 -1.362 2.1902 0.50632 2.5159 -2.335 -2.0317 -4.3823 4.5545 -1.273 0.72979 1.704 -4.3841 -2.7571 4.9051 1.3533 -1.9975 -2.7167 1.0596 2.9813 1.3748 0.75067 -0.052867 2.8774 1.6643 2.3764 2.5514 0.97769 -3.6237 2.1527 1.7923 0.888 3.2763 -0.99236 -2.6889 -4.3824 -1.4622 -7.1011 -0.57092 1.0789 0.70469 5.3872 0.8102 -5.0495 -3.7494 1.3348 -0.4831 0.93214 0.021585 0.22965 -0.27806 -2.3947 -1.1372 -2.3204 -0.98603 3.5068 3.0877 0.023954 2.64 -0.59266 1.8926 4.1142 -1.2109 -1.5815 0.38984 3.3126 0.89256 -3.7323 -0.95383 -3.0228 4.4154 -1.1164 -0.82884 -1.7086 -1.1666 -2.5695 -0.54256 -3.0747 0.77193 1.6792 3.4503 0.50998 1.6909 6.8035 0.059524 2.0071 -0.10371 -2.0247 1.5756 
tobak -0.42549 -1.0538 3.9721 2.9325 0.69867 -1.4355 -3.7964 1.4423 -1.6514 0.74093 0.033731 -3.4772 -3.4994 -1.1165 1.5131 -0.50624 2.1223 0.70148 -1.7502 2.4203 -2.1337 0.65317 -3.2096 0.99028 -1.5213 1.2911 0.42864 0.76814 1.0518 1.2143 1.6261 0.25474 0.24159 3.7654 -0.61591 1.9493 -1.7798 1.6287 0.5423 0.67443 0.26532 0.49696 -2.1562 1.0486 1.0491 0.93509 -0.022572 -0.063172 -2.5265 -0.47957 -1.7778 3.1441 2.2074 -0.12209 -0.11327 -1.1669 0.86228 -2.4114 -2.6167 -1.1608 -0.51916 -0.12508 2.8222 -0.72866 0.78396 2.3666 1.6144 0.62607 -0.97492 2.202 -0.35016 0.94673 -0.18839 2.6518 -2.1696 0.334 1.0475 1.6479 -0.30321 -0.98328 -0.59308 0.93697 0.32146 -0.44061 -2.291 -0.22007 -0.45317 -0.74484 -3.9897 -0.5078 -3.1354 -1.5215 -0.34106 -1.2197 -0.52654 -0.78992 -0.50314 -1.3778 0.46765 -1.6929 
grapefrukt -1.2794 0.29458 0.98764 1.1004 0.77201 0.9388 -1.3836 -0.76676 -1.387 1.524 0.090539 -2.0293 0.77689 0.48413 1.1948 0.11709 -0.25511 -0.18036 -0.37782 0.29091 -1.8064 1.5299 -0.23197 1.5701 1.3599 -0.75394 -0.61338 -1.9969 -0.75213 -0.92198 -0.67676 0.58663 -1.7334 3.7501 1.1679 -0.10714 -0.83337 1.1352 -1.1127 -0.46084 0.59675 1.1509 0.35653 -0.72912 0.97427 0.7175 -0.52866 -0.31841 -0.59402 0.66296 -2.0779 0.94217 0.32911 -0.11484 0.52102 0.0142 0.57643 -2.3732 -0.98355 1.5062 -0.86406 1.9754 -0.58492 -0.78158 0.98821 2.1574 0.69465 0.29374 1.3004 2.1635 -1.3726 -0.035889 2.0438 1.4412 0.113 1.7441 -1.0875 0.56261 -1.2493 0.89916 -1.0369 0.73018 0.5103 -0.38004 1.5582 -2.5044 -0.37395 0.90527 -0.35359 0.29617 0.11073 2.0137 0.61425 1.2049 -0.6948 1.7378 0.18454 -0.76602 -0.60915 -1.484 
urin -0.68048 -0.8071 2.2896 2.4892 0.60444 -2.3614 -1.2901 0.89067 -0.91429 1.3549 -1.3221 -0.16577 -2.003 1.7473 1.5326 2.0049 -0.75639 1.5062 -3.8721 5.2237 -0.13328 0.16175 -1.5039 1.501 -3.9297 -0.63049 0.14876 -1.1548 -1.1931 -0.032441 1.8471 -2.7358 0.60604 1.713 0.11131 2.3714 1.5817 0.30951 1.2055 1.8782 2.2894 -1.19 0.71851 1.6057 0.4792 -0.61693 -0.060392 -1.2295 0.08049 -4.4125 -1.8962 -2.5046 2.3369 0.3076 1.8281 2.1807 -2.779 0.55166 1.1333 1.3322 -1.4713 -2.1171 1.8104 2.0839 -1.4771 2.0306 0.71395 -1.0544 -2.1769 -3.2911 -1.0036 -0.28291 0.52375 -1.7774 -0.19697 -1.8647 2.1776 -1.0056 -3.1535 0.88561 0.30363 -0.3905 1.6001 -4.389 -2.7145 0.60869 -1.525 0.76414 0.44281 -1.0676 1.4062 -2.1022 -0.93582 -0.37762 -0.41901 1.0158 -5.8889 0.47207 3.1471 0.6005 
läder -0.33094 -0.61949 4.7234 2.1288 1.5674 -1.0403 -3.7408 0.88651 -0.63036 -1.1647 -1.8261 -3.9797 -1.4525 -0.9771 2.2712 2.3574 3.1082 1.8501 -2.1144 1.1696 -1.1539 0.1803 -4.5476 -0.44144 1.2744 0.93682 0.37457 -1.8563 1.2492 0.58237 1.4895 0.64997 0.73267 2.6255 -2.2307 2.8773 -0.61018 1.6756 -0.21908 0.070131 1.9884 0.49395 -2.1728 -1.4597 4.1648 0.33949 -1.3408 -1.3018 -2.297 0.45892 -1.3355 3.5981 0.72378 -0.89133 2.2592 -0.34715 1.1203 -3.5228 -3.8726 -1.1748 -1.3593 -0.071419 2.4732 -0.044435 0.36814 0.98183 -0.66921 -0.97083 0.14381 1.3212 -1.95 2.4447 -1.7237 -0.35179 -1.0049 -0.11995 0.72676 -0.77858 0.087164 -0.61848 0.41144 0.41629 0.34003 0.27005 0.30432 1.0042 -0.25363 -0.47009 -1.5298 0.15285 -1.738 -0.7138 -1.1614 -1.0871 -0.26063 -1.407 1.1831 0.1977 -0.0033363 -0.23005 
hö -1.569 -6.1332 4.9786 -2.2844 6.8386 -0.25565 1.1356 5.9482 -2.3813 2.3553 -0.40427 -3.6977 -4.4758 1.1112 -1.9871 3.4568 -3.8462 -2.6104 0.59646 -2.804 9.2461 1.9219 -4.803 -2.2518 -0.35795 -8.7234 0.32018 -4.5034 6.654 4.0445 5.3612 -2.3983 2.9071 9.0013 -5.8543 6.3555 0.48888 -0.067601 1.3579 4.8743 4.7541 -2.3124 8.7358 -2.3187 3.2491 -2.0195 -3.8432 -4.0237 0.24211 6.1457 0.8479 -3.1457 7.8638 4.0351 -2.7758 -2.496 3.2836 -3.1942 0.90077 6.7509 -6.0737 2.6834 4.7908 4.0772 -0.65473 2.1063 2.528 -0.76491 -0.30016 -0.90373 -3.0346 2.2937 -2.005 -0.51325 -9.0747 -12.436 1.6358 -6.1566 -0.45582 -0.91793 -3.7529 1.6554 -2.4768 2.1342 -0.3721 -0.70004 -4.0491 -2.088 -4.0616 3.1572 -2.5257 -1.0012 -7.1296 -3.2173 -2.7373 5.799 5.5544 4.547 -3.8123 2.2054 
tjära -1.5018 -2.65 2.9987 0.51706 -0.64641 -0.27183 -1.4945 1.49 -0.90959 -1.473 -2.5585 -1.5317 -2.7004 -1.9797 1.2293 1.8701 0.25398 1.0018 0.31904 1.5054 -1.8799 -0.43092 -4.8926 0.58001 -0.10495 1.8454 -0.86377 -0.39469 0.62138 -0.049976 2.076 -0.59766 1.9675 0.72746 -0.83856 -2.4502 -0.043977 -1.1511 2.0886 2.4453 0.96723 0.23024 -1.3167 -0.1684 1.0224 0.46165 -0.186 -1.2252 -0.95992 1.0917 -2.6186 1.5198 1.781 0.86438 2.7691 0.27184 1.2446 -1.6222 -0.92104 0.31075 1.9466 -1.364 0.25586 -0.09188 1.0597 2.2206 -1.0036 0.47715 0.92424 -0.0060464 -1.0856 0.19619 -1.9689 -1.206 -2.9416 -1.6318 2.8087 -0.30514 -0.8894 0.69151 -0.74091 1.4251 1.0212 -1.5408 -0.97964 0.36247 0.015099 1.7147 -3.1219 0.5394 -2.9795 0.0096824 -0.22409 0.24148 0.31526 0.042067 0.68931 -0.25423 -0.81119 0.099526 
svamp 0.64936 -0.20157 1.5771 1.7141 1.5098 1.1233 -1.6126 -0.98737 -0.75733 0.44846 -0.37492 -0.61421 -0.97578 1.4036 0.44975 1.4949 0.12118 -0.13169 0.51641 1.0836 -0.27786 0.78268 -3.4046 -2.3304 0.10468 1.5084 -0.94597 -0.49546 0.24878 -0.52788 -0.44427 0.3546 1.3885 2.9224 -1.3194 3.6065 0.32743 -0.40187 -0.49185 0.91259 0.88922 -1.0082 -0.63831 0.63996 2.7377 0.19968 -1.5972 -1.0484 -4.7247 0.98344 -0.57367 1.1804 2.8625 0.17418 -1.9865 -1.9039 0.010913 -2.0754 -1.1654 1.2322 0.28674 -1.0286 0.0011707 1.6848 -0.88112 -0.11148 0.13979 0.54764 0.2984 1.3004 -0.060744 -0.014813 -0.27557 -2.2108 -1.0209 1.0832 1.6207 3.0503 -1.2813 -1.2649 1.1406 3.3579 -2.3177 -0.52913 -0.26154 0.77536 -1.5896 0.01542 -1.2114 -0.86049 0.07499 1.105 1.0355 1.6954 1.2849 0.64982 0.033098 0.61817 -1.0079 0.46869 
hallon -1.8775 -0.044864 0.29332 0.60879 0.80793 0.67563 -2.4782 1.1816 0.34525 -0.22921 0.23305 -3.2869 0.23868 1.8801 2.5204 -0.29152 0.92836 0.023194 0.49434 0.50853 -1.6022 2.9359 -2.1352 1.1005 1.7052 -0.63652 -0.86217 0.3889 -2.5536 -1.5655 -1.636 -0.35176 -1.1496 3.0751 0.8091 -0.10068 -0.022783 -0.42523 -0.11105 1.6414 2.0785 -0.60282 0.75571 -0.27467 1.5578 0.3367 -1.7752 0.73285 -1.6282 1.1577 -1.9755 0.52969 1.2522 0.29688 0.73137 -0.26573 0.31664 -0.73708 -1.0629 1.2266 -0.87368 2.7285 0.20321 0.29906 -1.2109 0.15383 0.67172 -0.1807 -0.85133 1.5228 -0.12698 1.8889 0.4045 0.52316 1.5531 -0.25942 -0.68779 0.46895 -0.18254 0.14163 -0.30613 1.1168 -0.33179 0.94112 0.75848 -0.18883 0.67894 0.29682 -1.0737 2.3613 0.51474 0.11491 1.1379 0.64938 -0.89616 0.81557 -1.0496 -0.25191 -2.0128 -0.67602 
mandel -0.90095 -1.2155 0.74561 0.33716 1.0153 -0.13869 -1.304 0.36374 -2.183 0.55008 -1.6073 -2.9422 2.2199 0.87794 0.55212 2.8038 0.39752 1.1791 -0.16376 2.3812 -1.4988 0.70876 -1.9475 -0.88998 -0.57926 -1.365 -0.19437 -0.87819 1.0935 -1.4097 2.2069 0.37261 1.2395 1.2941 0.95625 1.2222 -0.75425 1.4992 -2.9607 0.13363 0.16561 0.036817 1.3183 -2.0434 1.2542 -1.195 -2.4663 -0.023503 0.021006 1.2447 -2.1952 0.25758 0.19258 2.0996 0.98327 0.24889 0.2153 -3.6041 -2.5706 -0.19856 1.4501 2.1408 0.72885 -2.1166 -1.3359 2.5497 1.3191 -1.4396 0.79752 4.0574 -1.9441 1.1063 1.4181 0.76901 -1.5202 1.6673 0.66392 -1.4811 0.34447 -0.88623 -2.0441 1.2978 0.018675 0.061004 2.2609 -1.4349 -1.3455 0.28784 -2.0305 1.924 -0.66882 0.65223 0.62201 -0.29976 1.3796 0.82536 -0.019275 -0.85616 -1.1115 -3.311 
björnbär -1.4722 -0.2484 1.841 1.1662 1.0368 0.047589 -2.6931 0.71489 0.26828 -0.44731 0.5939 -1.6241 -2.1776 0.072982 2.0222 0.3926 0.040545 2.3741 -0.21606 -1.4515 -0.93557 1.4557 -2.9746 1.7366 1.7032 1.3365 -0.2014 1.0508 -0.80945 -0.33839 -0.18951 1.4432 0.31966 4.2393 0.77289 -0.39743 -0.045133 0.71338 0.12527 1.2569 1.3094 1.8318 -0.56785 -1.6797 1.9312 0.025283 -1.1374 0.25246 -0.49273 1.0197 -2.329 2.3282 0.25128 -1.5167 -0.23887 0.3193 -0.65411 -1.7277 -1.7002 -0.31707 0.026865 2.315 1.9643 -0.51453 -0.10853 1.6244 -0.70201 -0.9506 -1.2912 2.3027 -1.1781 2.261 0.47048 0.95565 -0.57929 1.3801 -0.21149 -0.4974 -0.39137 -1.7631 -0.40731 2.9041 0.064372 -0.45139 0.54232 -1.2179 -0.1613 0.92101 -2.3761 2.5332 -1.4674 -0.036017 2.1588 -0.71886 -1.5884 1.514 0.16403 -2.7275 -0.46212 0.13802 
kola -0.5206 -2.1513 2.3335 1.4153 0.17286 -0.33202 -0.028907 1.5085 -2.3298 -0.62532 -0.36079 -1.5535 0.70263 -0.083739 2.3009 2.4978 -0.0047438 2.4353 0.35564 1.7444 -0.44403 1.5752 -1.7787 -1.7607 1.108 -1.3587 -1.4856 0.20583 -2.5494 -2.1057 -0.56358 -0.33799 0.24958 1.3585 0.70139 0.69851 -1.5048 -2.9261 -2.6247 3.1838 0.098833 -0.89582 0.17429 -2.7604 -1.0824 0.19295 -3.5589 -0.75804 -0.29936 -0.43333 -2.1706 2.2982 -0.89856 0.81387 1.517 0.32599 -0.40155 -2.2216 -2.3289 -1.6525 0.79515 2.1656 -0.22658 -0.83553 -1.8985 0.50602 1.1436 -2.2242 1.3066 4.6795 2.352 0.76731 -0.88364 2.5456 1.3014 -0.56816 1.1301 -0.70371 1.9162 -1.1601 0.5533 0.11167 -0.28192 -0.012075 -0.37296 0.56963 -2.8784 0.67382 -1.5293 0.70556 0.21363 -1.2455 1.2201 -1.6064 -0.5953 0.66391 -0.18167 1.711 -1.0152 1.4514 
rökelse -0.26811 -1.1014 2.4438 0.36718 0.2791 -0.18548 0.48397 -0.12343 -1.4563 1.6496 -0.89526 -1.3668 -0.022038 1.334 -0.61399 -0.54289 2.326 1.5305 -1.7381 1.7244 -2.078 -0.58464 -0.77896 1.3155 0.83992 1.8137 0.19012 0.18354 0.58702 0.86309 1.3063 2.6606 0.065381 0.97747 0.85789 -0.61272 -1.0253 2.2679 -0.74093 1.0307 1.2555 1.1423 0.34076 -1.3246 2.1324 0.35499 0.56718 -1.2713 -0.59394 1.035 -1.4979 0.51298 -1.023 0.52799 1.8742 -1.3989 -0.25356 -0.79269 -0.82776 -0.91039 1.0634 -2.6768 -0.65195 0.020384 -0.03203 1.2345 -0.62066 -0.88118 1.4092 0.81707 1.049 0.82156 -1.2661 0.17369 -0.046333 -0.015211 2.1335 -0.084273 -2.3726 0.40865 -4.1106 -0.030892 1.1599 -1.3536 -1.8916 0.862 -0.26912 0.89061 -2.244 0.24455 0.28562 1.597 -0.94557 -0.24435 1.3728 -0.062214 -0.9775 -0.51218 -0.48332 0.23783 
gummi 1.2507 0.023027 2.6272 -0.3784 -0.98196 -1.246 -1.7813 0.94952 -0.38771 -0.43334 0.13796 0.27633 0.56339 -1.5654 1.6364 2.4334 -1.589 -0.86626 -0.67517 3.7787 0.2182 1.5379 -1.5871 -1.2607 -0.93572 0.66525 1.0564 0.41411 0.0063044 0.24514 1.9395 0.0041409 0.26908 -0.0039563 -1.0366 -0.84107 2.1218 -0.22455 0.30292 1.0352 0.062951 0.37391 -0.56808 1.0748 1.9705 -1.0116 -0.8415 -2.3809 -0.77443 0.84502 -0.70761 2.2614 3.3538 2.2381 2.4301 1.0619 1.1147 -2.4983 -2.1584 -1.8673 -1.8671 1.4246 1.2391 0.94427 -0.0066875 0.95906 1.4765 -0.20073 -0.18664 0.06822 -1.4155 -1.7666 -3.3359 0.8175 0.16692 -1.0914 0.58154 -1.3398 -1.2135 -0.417 -1.4561 0.93436 1.3918 0.78827 2.8496 -0.25139 -0.95585 0.22521 -2.4593 1.7209 -0.4521 1.7969 0.8701 -0.65165 0.53286 -0.041187 0.23843 -0.6252 0.15692 -0.35273 
rengöringsmedel 0.29054 0.42431 -0.35703 0.39907 -0.25311 0.20658 -0.3852 0.74443 -0.25826 0.8277 0.32589 -1.0638 0.42369 0.46395 -0.40698 -0.48095 1.4945 -0.27702 -0.97732 2.2871 -1.2747 0.47946 -0.034316 0.041256 -1.0875 -0.048175 0.70808 -1.7179 0.26928 0.31945 -1.2896 -0.37567 -1.6346 0.10533 -0.60815 0.93243 0.96142 0.28262 -0.75522 0.30725 -0.11813 -0.75354 0.57924 0.078776 0.21873 -0.2909 -0.055987 -0.95481 0.2178 -0.35665 -1.0191 -0.56541 0.65941 0.80458 0.84665 -0.73973 -0.044104 -0.25038 -0.78661 -0.23833 -1.2002 -0.11969 -0.23806 0.61586 -0.56498 0.2586 0.42767 -0.70774 0.26626 -1.0463 0.62874 -0.10091 0.21505 0.21933 -0.059474 0.087968 1.6087 -0.92582 -2.024 -0.27638 -2.1434 1.5745 0.63604 -1.4125 -0.63654 -0.71464 -1.4775 0.055741 0.54478 0.53167 0.78629 0.56952 1.0679 -0.23605 0.11895 0.25977 0.77334 0.059383 0.43825 0.29755 
potatis 0.98889 -0.72892 0.18539 0.32711 0.22641 1.1085 0.15235 0.3766 -1.9928 -1.3047 0.72516 0.52446 -2.3871 0.66411 1.6437 1.0525 -0.89867 -0.095812 -0.72534 -0.36919 1.6918 1.7545 -1.4639 -0.69548 -0.083953 1.8154 0.72554 0.702 -1.0324 -0.3496 0.75863 0.62786 0.58819 -0.179 1.3444 0.9186 0.8803 -0.43815 -0.595 -0.9588 2.4856 1.629 0.43813 0.75635 0.25779 -2.0276 -3.7235 1.8885 -2.3485 0.61659 1.0598 0.83108 1.8246 0.75714 -0.81038 -0.85267 0.54975 -1.0392 2.2126 0.10308 0.61777 0.79101 -2.6679 -0.80185 -1.8025 -0.13002 2.4109 1.5176 0.90942 1.2651 1.048 1.0722 0.75199 -0.52898 -1.7927 0.54292 2.6465 -1.1528 -0.3462 -0.60479 -0.0391 1.6213 -2.0674 -0.73758 -1.4134 -0.35755 -1.1643 0.19794 0.37569 0.75381 0.57472 0.84003 1.205 0.39187 1.5922 -0.48192 1.6587 1.0049 -0.46542 0.96696 
päron -0.68032 0.21201 2.4584 0.10089 1.5318 2.7621 -2.0631 2.9873 0.24858 2.3679 1.3336 -2.8621 0.62139 1.0734 4.198 1.5831 -0.64671 0.38226 0.8443 1.5862 0.88017 1.3499 -1.0601 0.41172 -0.23689 -1.0238 1.6248 1.2352 -1.9712 -0.58574 -0.4452 -0.24571 -0.82578 3.4817 1.3241 -0.99086 -0.23883 1.313 -1.2998 2.8356 1.932 0.99241 1.7407 -1.3699 1.0389 0.30402 -3.3108 0.013337 -1.0435 1.8844 -3.0193 -1.7294 -1.0867 -0.48814 0.60293 0.45566 -1.8932 -3.4784 -0.71151 2.9374 -1.6003 0.028515 -1.3713 -1.2776 -0.54266 0.23573 1.1451 0.58683 -0.41177 2.2348 -0.0037274 -0.42796 1.7544 1.1477 -1.1868 2.3795 0.48804 -0.015504 -0.17644 0.31189 -0.36319 0.10432 0.71053 1.111 1.0716 -2.5025 -1.7613 0.086449 -2.2474 1.6529 -0.3354 3.3179 0.37191 -2.0334 0.47878 -1.4295 -0.48728 -0.25606 -0.18409 -2.4792 
russin 0.45741 -0.02667 1.5394 1.3373 3.4832 -1.0242 -2.8006 0.52059 -3.4383 0.88294 -0.53545 -2.311 0.85955 -0.80717 1.5338 2.919 0.35951 2.7677 -0.65615 1.7121 -0.38628 -0.041454 -2.5169 -0.096439 -1.3207 0.68745 0.49048 0.41326 -2.7505 -0.426 0.62913 -0.40949 2.1888 3.3538 -0.25639 0.3882 0.80001 -0.64759 -0.99308 1.8049 -0.11721 0.77154 -0.012316 -1.4639 0.01385 -0.45019 -2.2463 2.0394 -1.1566 0.054447 -1.4284 1.869 1.3522 -1.2485 1.2044 -0.61993 0.16804 -1.5074 -2.2027 1.4056 0.10275 0.55797 1.2154 -2.8039 -1.5076 1.8539 0.32688 -2.5467 0.59368 4.4646 1.2528 -0.41508 -0.95333 0.4894 -1.4856 1.0477 0.76961 -1.3454 -0.31609 -1.6041 -0.45674 -0.27671 -0.68062 1.6533 1.0889 -0.16879 -2.5039 -0.16416 0.65224 -0.14502 -1.4144 -0.54367 1.0487 -0.66554 -0.27336 0.48925 -0.068764 -2.2072 0.96965 -1.923 
ek 5.2075 -3.0421 3.9196 7.3726 -5.1175 -3.2507 -7.7315 -2.1844 -4.1321 2.6511 -0.68332 0.00027931 -0.91735 3.9149 2.8654 4.4559 0.70854 7.2984 0.6176 -1.2701 3.7761 -1.4102 -8.7605 -1.3877 -2.5416 -1.6595 3.4644 3.3226 -3.5779 1.2119 2.0019 -1.4866 5.2762 5.1374 -4.3579 3.2066 -0.82412 -5.762 -0.77241 6.0297 -1.8241 4.7456 -1.5357 -2.9987 3.511 -2.9435 2.4092 -0.73743 0.067558 -3.8904 -5.6493 9.0854 0.10752 -4.4267 1.1866 0.10439 0.68342 -6.3671 -4.7806 -5.4704 -3.6892 -1.9448 7.3618 -4.2424 3.3101 -0.61304 -1.6149 -2.7046 3.9014 8.4998 -5.3441 2.5298 -0.76803 4.3241 -0.57499 2.7132 7.7045 -4.1651 1.8221 -0.59832 1.6088 4.5457 1.7403 -1.3081 -1.4824 -6.2391 -4.4083 -3.5853 -9.0223 5.0483 -4.8105 2.5932 -2.3187 -3.3031 -2.6338 2.0633 0.99486 3.5615 -6.3486 -6.1632 
jordgubbe -1.3519 -0.39682 -0.060945 0.41347 0.11918 0.76139 -1.1131 1.4301 0.14191 0.098523 -0.73426 -1.5669 0.20247 -0.13431 1.0513 -0.40373 -0.15281 -0.37356 0.65816 1.3722 0.66303 2.0349 -0.32419 -0.59703 1.1532 0.04393 -0.80343 0.35034 -1.2498 -0.5468 -0.303 0.98977 -0.75073 1.8574 0.35774 -0.23985 -0.34789 0.37099 -0.8955 1.4941 1.6624 -0.086591 0.11349 0.23183 0.52836 0.055769 -1.6933 0.13565 -0.42405 0.31267 -1.4055 0.76355 0.38903 0.17263 0.15368 0.22975 1.7816 -0.90378 -0.54647 1.6116 -1.664 1.0629 -0.36957 0.43508 0.030521 0.73863 0.68801 -1.8314 -0.23159 0.92552 0.28957 1.7838 0.80042 1.1483 1.6285 -0.21198 0.48949 1.0058 0.9472 0.18337 -0.31213 0.051579 0.37512 1.1956 0.34297 -0.75216 0.53877 0.37388 -0.55704 1.7892 -0.22319 -0.028535 1.6125 -0.045742 -0.50283 1.4621 -0.21807 0.0069201 -1.7205 0.26399 
skinka 0.11309 -0.84464 -0.38009 0.22331 0.87313 1.435 -1.463 -0.16581 -4.066 -0.45585 0.57408 -1.7789 0.13425 -1.2492 0.34464 1.3344 1.4278 1.1228 -0.58736 -0.2685 0.42184 2.9506 -0.18148 -1.9003 -1.6129 2.0122 -0.67728 -0.58585 -0.10094 -0.32366 0.35685 -0.29616 3.1971 -0.42396 0.72419 0.51222 0.96187 1.1884 -0.15618 -0.013266 1.8517 -1.0075 -1.6485 1.106 -1.6299 -0.03549 -2.615 0.46858 -0.73959 -1.0438 1.9283 0.16296 2.8731 1.9182 -1.7847 -1.7663 1.0485 -0.43045 1.3432 0.45969 0.60279 -1.5581 -0.24334 -0.88532 -1.5088 -0.11197 1.9214 -0.99256 1.521 2.1726 0.95062 2.2486 -1.4003 0.76893 -2.3263 -1.0833 2.5692 -0.61696 0.5632 -2.2234 -0.22992 1.4964 -1.5149 1.1458 -0.3993 0.88087 -0.37834 -1.5504 0.076499 0.2788 2.5349 -0.20488 0.82851 -0.0062454 1.3744 0.35474 1.3731 1.0017 -1.6773 0.43904 
kokosnöt -0.86282 -1.118 -0.61091 -0.96787 -1.0994 0.33948 1.1907 -0.28418 0.14185 -0.21339 -0.79368 -0.16707 0.30003 0.43399 1.4029 0.60442 -0.072135 -0.95441 -1.5048 1.66 -1.0828 1.3983 0.70728 0.27799 1.827 -0.60257 -0.20032 -0.14089 -0.12589 -1.519 -2.5697 0.48027 -0.29864 1.4938 2.0127 -0.44237 -1.9515 -0.46271 -2.3514 0.16031 0.27562 -1.2916 0.54198 -1.2368 0.0029309 0.089874 -2.528 -1.753 0.9191 0.54715 -1.7784 0.33365 -0.32219 0.54244 1.6274 0.35814 1.2918 -1.0157 -1.1621 0.14631 -1.2513 1.3716 -1.2502 -0.49489 -1.2391 1.1876 0.51346 0.5219 1.1081 0.70987 -1.0165 -0.80473 1.0937 2.5288 1.3219 1.0616 0.046359 0.00067988 0.063001 0.784 -0.57798 0.7932 -0.43039 1.1263 0.74009 -0.43938 -0.19254 0.28929 -0.65473 2.1835 -0.40303 0.10517 0.046277 1.5417 0.95942 0.76366 0.24658 0.85606 -2.0324 -0.14606 
grönsak 0.7539 -0.70718 1.6318 -0.25491 0.62833 -0.16045 1.1135 0.17237 -0.031319 2.1932 -0.32306 -0.7342 -0.53218 3.4072 0.62602 0.78715 -1.0361 0.5846 -0.36743 0.82954 -0.52925 0.79602 -0.71557 0.089721 -0.39861 0.44789 -0.95949 0.39274 -0.83403 0.95048 0.32407 0.29064 0.84385 2.5554 -0.15859 1.8347 0.023218 2.1931 0.13584 0.35227 1.1353 0.24682 0.40457 0.80554 1.0648 -2.6372 -4.6046 0.63134 -3.7733 0.065459 1.0283 -0.18541 2.3661 -1.0265 -2.0014 -0.022578 -0.27064 -1.1787 0.75181 0.28378 -1.0674 -0.81777 -0.30711 -0.10239 -1.9561 0.40018 2.5377 1.1475 2.6952 2.4088 1.6289 1.3933 2.3347 -1.3252 -1.8592 0.066767 1.964 -1.2694 0.36775 -0.40387 0.36028 2.6772 -2.4895 -0.45605 -1.0646 0.90961 -0.97107 -1.7806 -0.76179 1.1494 -0.37872 -0.81643 -0.16294 0.40881 1.4942 -1.1759 2.1366 -0.55394 -1.5011 1.1393 
gurka -1.7498 -1.0259 0.3821 0.43816 0.14801 1.8249 0.28767 0.036985 -1.4959 2.3398 -1.7623 -1.9824 0.072988 0.69598 1.4349 -0.11336 -1.6199 -0.58832 -0.62566 2.8416 -0.75509 1.3206 -0.79005 -0.95885 -0.021432 1.4947 -0.7247 0.87662 0.61979 -1.0274 -0.97881 0.34675 -0.099676 3.2136 0.26975 0.22467 0.4141 0.32777 0.62208 -0.018061 1.1688 -0.59624 0.80518 2.2194 0.057122 0.14129 -3.5245 1.6937 -3.4266 -0.12672 -2.1395 -0.45137 -0.30591 0.87582 0.3853 -1.0925 1.6541 0.18021 -0.32151 2.107 -0.17144 -0.16884 -2.4303 -1.3424 -2.7462 -1.2584 1.1594 0.7224 1.8344 2.1226 -0.58805 -0.82374 0.8267 1.7279 -2.3473 2.2322 0.74545 0.54173 -1.7195 0.38344 -0.71223 0.7474 -0.28896 -0.74536 -0.68784 -2.1871 0.69035 -0.33114 -0.72555 3.2009 0.97084 0.86445 0.47566 0.59284 0.51091 0.040828 0.5435 2.1367 -0.90763 0.70611 
gödsel 1.0215 -0.58916 -0.17653 0.82796 0.17213 0.89497 0.067277 2.2977 -0.57693 -0.32862 1.1326 0.72279 -0.69506 0.30594 -0.87941 1.7981 -0.30281 -0.86304 -0.60831 1.3095 0.90896 0.2478 -0.57442 0.22824 -0.86256 -0.95804 -1.0123 -0.30632 3.0428 1.6038 1.8536 -0.97689 1.3584 2.1468 -0.38596 1.1956 -1.1226 -0.8021 1.8528 1.3273 0.59235 -0.16719 0.45304 0.61821 1.7922 -3.6983 -0.23857 -0.73978 -1.8925 -1.2491 -1.207 0.95547 1.7785 0.69799 -0.26759 0.59013 0.70526 0.46561 0.019005 0.16017 -0.22818 -0.91856 1.2146 1.9011 -0.49471 1.8094 -0.34241 0.87963 -0.25018 -1.4726 -1.2447 0.91259 0.68163 -2.9674 -0.073758 -3.7233 0.049874 0.33367 -1.2113 0.31491 -1.4388 -0.64456 0.43274 -0.28574 -1.1674 1.5138 -1.1356 -1.2689 -2.258 -0.54787 -0.12285 1.0048 -0.49856 -0.17972 -1.0222 1.3387 -1.7708 0.089592 -1.2767 1.5194 
lack 1.9481 -1.8528 -2.6629 1.203 -1.3396 1.4704 0.7921 2.5489 -1.2951 -0.12814 -1.5799 -0.13764 -0.34459 -2.1311 1.2051 2.4725 1.1749 0.5399 -3.1526 3.2438 -1.5247 -1.0083 -3.9773 -0.89843 -1.3495 0.41664 -1.0752 -4.1522 -1.765 -0.69927 -0.53752 0.06008 1.7597 -1.5603 1.7341 0.5969 1.0253 -0.18926 -0.68787 1.7782 0.034043 -3.6921 -1.941 -0.41538 1.5193 -0.69734 1.8574 -0.73086 1.2301 0.93099 1.3837 2.9974 -0.73437 -0.73299 6.1509 2.2282 4.4095 0.16879 -2.2017 3.2537 -2.0147 -2.7029 -2.8339 -0.38118 1.8707 -0.00016702 -0.033508 -1.8624 -0.934 0.73757 -1.1655 -0.0037899 -1.3842 0.13107 0.21312 -1.8777 -1.2568 2.0821 0.48266 -1.563 -2.0215 2.6078 0.72313 -1.1673 1.3397 -2.4876 0.86733 0.56837 -1.3177 1.5987 2.1756 -2.3305 -0.024516 -0.21675 -1.2674 -1.8458 1.0019 -0.70399 2.0602 -1.8234 
kartong -0.067809 0.66976 -1.3107 1.0556 -0.028561 -0.032114 -2.3938 0.23951 0.22831 0.6183 -1.4783 -0.0094874 -0.14443 0.22593 3.0467 1.6358 1.1159 -0.5199 -0.047222 0.4473 0.47303 0.14065 -2.864 -0.58537 -0.22668 -1.3633 0.097823 0.69674 -0.41476 0.10087 0.68158 0.34681 0.23721 0.73046 -0.093917 1.1457 1.0868 0.59721 1.1106 1.7111 1.7623 -0.60265 -2.2589 0.54831 0.3253 -1.9275 -0.27423 0.47522 -1.8172 0.11001 0.61503 -0.22509 0.63677 -0.43012 1.3497 -0.78862 -0.2306 0.051452 -0.10215 0.17835 -1.1927 -1.5752 -0.53659 -1.1041 1.6869 0.48307 2.1844 -1.7249 0.86418 -1.1265 1.8111 -0.21119 -0.21584 0.14349 0.8672 -1.0263 1.2897 -2.3263 -1.1688 0.40022 0.25383 1.3605 0.56076 -0.18675 2.3646 0.16444 -0.97749 1.8358 0.8077 0.37057 0.36243 0.99114 -2.6083 -0.081301 0.34979 0.82779 1.071 0.98552 0.74022 -0.5535 
målarfärg 0.01689 0.052365 1.4407 0.3956 -1.4897 0.81546 0.22772 1.3178 -0.53954 -0.221 -0.08314 -1.2447 -0.52793 -0.81181 -0.083488 0.61656 1.0008 -0.66567 -1.9127 2.1669 -1.1713 -0.38969 -3.3758 0.51043 -0.47843 0.045686 0.54734 -0.85863 -1.054 0.46456 -0.06375 -1.2974 -0.28207 0.29294 0.47992 0.11874 1.2727 0.65334 0.98007 2.1788 0.67161 -1.9938 -0.092824 0.48162 -0.069143 -0.42021 1.141 -1.8453 -1.1839 -0.068979 0.95294 0.51183 0.40079 1.0432 0.69814 0.50336 0.72497 0.52534 -1.4521 0.0047821 -1.2354 -0.52965 -0.6973 -0.48212 -0.019842 0.23381 -0.87426 -0.061035 0.22797 -0.43211 -0.47863 0.12319 -0.61184 0.082921 -0.001248 -1.1503 1.4988 -0.88229 -0.72445 -0.18636 -0.45127 0.43578 1.2595 -2.0101 -1.6544 -0.22583 -1.7002 -0.11617 -0.34566 0.69576 0.50607 0.19018 -0.65046 0.88668 -0.44947 -0.16952 0.12051 0.49787 0.12931 -0.055432 
ammoniak 0.073471 -0.94878 0.70564 2.1785 0.16293 -0.01525 -1.3077 0.11008 -1.9267 0.14516 -0.3903 0.6425 -1.2649 0.73065 -0.43448 -0.62341 0.36924 -1.2047 -1.7382 2.6436 0.42964 0.93596 -1.3434 0.18243 -2.576 -1.1021 -1.1409 -0.0068301 0.16798 0.081869 -0.70381 -3.2217 -0.0018606 -1.2667 0.89913 0.89123 1.4482 -0.050874 1.29 0.75989 1.0106 -1.5424 1.3586 0.80844 -0.14808 -1.6003 -0.87497 -1.8441 -0.28105 -1.7171 0.15879 -0.41317 1.4012 1.111 1.9406 -0.15738 0.098853 0.59378 -0.72457 0.27056 -0.83995 -0.037905 1.2484 0.78022 -1.0953 0.047526 1.0671 -0.91432 -0.36009 -0.85452 -0.64825 -1.2878 0.63449 -1.2801 -0.31473 -1.4437 0.11222 -0.21248 -1.2367 0.14294 -0.085799 1.1879 0.30671 -1.0874 -1.0473 0.043819 -1.8236 1.0844 -0.96499 1.0555 1.0066 0.13011 -0.91267 -1.0551 0.029812 -0.9708 -0.63953 -0.2707 0.68125 1.5717 
bageri -0.21308 0.18965 -0.16526 -0.95955 -0.75088 -2.3706 -1.4498 0.15142 1.3242 0.55187 0.55485 -0.20557 -0.52764 0.82478 -1.2295 2.8252 2.2438 -0.34629 -1.5595 -0.99571 -2.5956 1.7327 -1.0687 -0.67895 -2.3196 -1.7262 0.95451 -0.30841 -0.33477 0.19452 0.28236 1.099 0.71081 0.41294 1.9688 -0.65275 0.057178 -0.45201 0.057787 0.12715 1.6919 -1.4094 0.69708 -2.3847 -0.24698 -0.99743 -1.7687 1.9951 -1.0218 2.2782 0.80427 -0.68213 -2.1396 2.8823 -0.96391 1.782 -0.17972 0.57152 1.7056 0.83341 1.2865 -0.065367 1.822 -0.75871 -0.34163 -0.10795 3.1035 -1.6423 -0.43205 -1.6539 3.0414 1.4515 -0.88433 1.9311 0.30301 -1.7338 0.0037222 -2.7348 -1.8734 0.62338 -0.77532 0.49212 -0.52353 0.010265 -1.0899 2.4745 1.0218 -0.67647 -0.19562 -0.088136 -1.9547 0.075682 -1.2724 0.19287 1.9921 1.7314 -0.6849 1.3345 0.15678 0.30136 
sirap -0.68869 -1.576 2.7021 1.6403 2.3145 0.023144 0.30209 -0.69889 -2.9608 -2.6499 1.7302 -1.1715 -0.3741 0.71156 0.017282 3.0972 0.096493 1.163 -0.36518 1.8709 -1.2659 -0.02152 -1.5512 -0.29443 -0.75622 0.47515 -1.1274 0.5299 -2.1055 -2.4103 0.11981 0.22171 0.46375 1.3708 2.3883 2.9241 0.96469 -2.0844 -0.62521 -0.15012 1.9529 1.6724 1.4558 -1.5129 -0.84273 -0.72109 -3.8745 -0.4415 0.13035 -0.18706 -2.5798 -0.69218 0.79585 0.78265 1.8542 -1.4169 0.70719 -1.9143 -2.1947 -0.016479 1.0528 1.1676 0.7769 -2.9584 0.87641 3.9224 1.1359 -2.3077 2.1229 3.0721 0.75148 -2.9715 -0.93797 0.078002 -0.49996 -0.5327 0.49532 -3.156 -1.0037 -1.6415 0.20084 0.24343 -0.26817 0.84989 1.1387 -0.91346 -2.7415 -1.2769 -0.85945 -2.3314 -2.6833 -0.22151 0.55951 -2.5035 -1.2032 1.7067 -0.37311 -3.9668 -2.1701 -2.4321 
kork 2.0521 -2.2461 -0.60558 3.2449 -1.2791 2.5108 -1.1319 -0.67463 -1.9724 -0.067126 -0.01386 2.2442 -0.34955 2.8099 1.9332 1.2785 1.1974 1.5289 -1.4321 0.89277 0.86578 -0.35212 -2.0285 -2.475 -0.24003 -1.9684 -0.50705 -0.15222 -1.6065 -2.8235 -1.681 -1.2469 -0.39865 1.9456 -0.2318 0.49476 0.97993 -0.17322 0.94064 0.72594 0.15621 -1.1012 -1.6474 2.2667 0.86011 -2.8228 0.75285 2.9186 -2.3357 -0.4782 -1.536 -2.0202 1.7689 -5.0165 4.4838 0.77255 0.61536 0.081555 -0.68837 0.82515 0.40856 0.33174 -2.206 2.971 1.1801 -2.0245 1.5738 -4.9893 0.14168 -0.18096 1.6055 1.5868 -0.82851 -0.66726 2.0716 0.8484 2.1484 -3.9663 -0.68196 2.421 -3.2207 2.2948 0.33491 -0.98228 2.135 -0.59526 1.4081 -0.89629 -1.0917 -0.50855 -1.008 -0.69519 -2.0058 1.2032 -1.2581 -0.69614 -0.071408 1.1967 3.3568 -2.2308 
björk -3.6348 -0.44202 1.7411 0.83452 -0.7822 1.3796 -1.5276 -1.067 0.37914 1.0694 -0.16383 0.84064 -1.4613 1.3372 -2.0616 -0.25567 0.025975 0.018265 2.3616 -1.7351 -0.60184 -0.16932 -1.6246 -1.4823 3.2899 0.81138 -1.5037 0.3164 2.7661 -0.83987 1.8043 -0.32699 -0.18907 2.1922 0.45123 1.355 -1.4443 -0.25395 0.5068 2.7911 0.29167 -0.43179 1.0977 -2.0182 2.3741 -1.4674 -1.518 -0.44592 1.0942 0.36686 -1.3493 0.58597 -1.3118 -0.56507 -0.59333 1.1311 1.708 -4.921 0.87367 3.4915 0.6473 0.10119 -0.098437 1.0162 -0.18305 -0.22244 -0.31497 0.97725 0.52278 2.0452 -1.1016 2.9066 -1.291 0.9285 -1.4906 -1.6695 1.1101 1.8244 0.44844 -0.92893 -1.6261 5.8883 0.81821 -2.3055 0.32434 0.10196 -0.46543 0.23434 -1.641 0.26078 -0.86314 1.0076 1.1052 -1.0802 -1.0298 0.44968 2.5697 0.32884 2.6403 -0.040268 
eukalyptus 0.44745 -1.2456 1.2574 -1.1206 -0.50842 -0.3498 -0.39522 -0.20176 -1.3311 1.0117 -0.43418 -1.1876 -0.075344 1.1708 -0.10509 -0.34176 0.7705 1.1644 -0.86103 1.2681 -2.7242 0.81975 -1.5325 0.065079 0.58989 0.7655 -1.2478 -0.54949 -0.12579 -0.70847 0.25729 -1.7637 0.87985 2.1032 -0.42716 0.20994 -0.72102 0.013892 -0.46051 1.1378 -0.84253 0.12418 1.1098 -0.72596 0.66847 1.1936 1.1802 -0.46844 -0.87822 0.80075 -2.4227 1.4307 0.80209 0.3906 1.2401 0.99192 0.96747 -2.7534 0.20456 1.4117 0.68398 0.093002 -0.70131 -0.38519 0.090043 -0.036557 1.8138 0.4694 1.0566 -0.29254 -1.5296 0.67832 0.30052 -0.25723 -0.98047 1.1819 -0.021227 0.014571 -1.161 0.24924 -1.0529 1.8638 1.1138 -0.61144 -0.39422 -1.1364 -0.14939 1.5914 -0.62787 1.1722 -0.55813 -0.28521 0.14516 -0.6948 -0.70302 0.64978 0.73503 -0.51347 0.12044 -0.54137 
druva -1.0866 0.50723 1.141 0.94871 1.2642 0.82873 -2.4229 0.81451 -0.11746 1.1139 1.3765 -0.99317 -2.4022 3.8204 0.86688 0.9133 0.66744 2.5671 -0.36227 -0.32831 -0.063869 -0.37842 -1.868 0.14259 -2.5508 -2.2855 -0.097746 -0.61953 -3.7469 2.2556 -0.0084899 -0.59937 2.5828 1.7715 0.26957 -0.8207 1.0535 -1.0869 -0.96491 0.92356 2.4251 2.7532 4.0697 0.13952 2.3334 -1.1553 1.2276 -0.68406 -2.631 -0.41163 -3.4795 2.0504 0.58119 -0.27041 1.4153 1.4459 0.23244 -3.9449 0.15154 0.65423 -2.446 1.6306 0.78567 -0.21059 2.421 0.554 1.1858 -2.1659 2.7151 2.8823 0.79306 0.80766 4.441 -1.5867 -1.4234 1.8834 0.26805 0.114 -0.5542 -1.8103 1.7479 3.2881 -2.2515 -0.51765 0.22459 -1.9393 -1.9219 -1.5136 -2.5773 -1.913 -0.063717 1.0546 -0.49907 2.9885 -1.1741 0.60021 0.17712 0.13094 -0.73089 1.1527 
kryddnejlika 1.3043 -1.6654 1.8068 1.002 1.4755 0.33688 -1.4511 -1.1643 -2.1332 0.78434 -0.088213 -0.86136 -0.26819 0.75766 1.2683 0.10559 1.9613 1.3031 -0.89039 0.66526 -1.9686 1.3319 -0.82906 0.83039 -0.24717 0.49196 -0.49913 0.4944 -1.962 -1.1078 1.0714 -0.24211 1.0971 1.0948 -0.12189 -0.33751 -0.035424 0.14603 -0.92835 -0.45002 0.06478 1.0615 -0.32032 -0.07308 1.3435 0.26972 0.29659 -0.15734 -0.27873 0.11162 -1.3109 1.2088 -0.26821 -0.22517 0.50135 -0.22974 -1.6646 -2.195 -1.2013 1.391 1.834 -0.61276 -0.31559 -1.5446 -0.041746 0.74038 1.0602 0.28097 1.9915 2.5096 -0.55328 1.8796 -0.037099 -0.12174 -0.459 -0.0082803 0.20441 -1.5836 -0.96055 -0.67058 -2.848 0.99615 0.4677 -0.14654 1.0008 0.38693 -1.7731 -0.59447 -0.15611 -0.19637 -0.46302 -0.073356 1.0084 -0.67245 -0.48618 0.59813 1.4507 -1.634 -0.69748 -0.99245 
bär -2.6041 -4.3671 1.6351 1.2216 3.3365 3.0784 -5.4883 -2.1455 1.7228 -0.33274 -0.86971 -2.428 -0.26413 0.038757 0.21363 -0.21052 1.0628 4.3315 -0.98034 -1.3334 -2.0964 1.3126 -3.1806 0.23681 0.3186 -3.7484 -2.0551 2.7025 -2.6455 2.1607 -0.67021 -0.047105 3.1533 7.1856 2.6157 -1.0252 -1.7211 -1.5398 1.0616 2.5118 2.2597 0.27768 -1.474 -1.8556 -0.60755 0.19752 -1.6836 -1.4649 -0.59223 1.2906 0.2043 0.92159 2.7114 -0.56903 2.0482 -1.0951 -0.60546 -3.6505 -0.7098 1.8168 -2.7505 3.0296 1.5705 -1.983 0.12346 1.27 -0.59517 -2.1758 -0.29699 7.4653 0.031903 3.5744 0.43504 -1.0476 2.487 0.13309 1.4965 -0.031582 -0.74326 0.69182 1.8214 6.1065 -2.8761 2.296 -2.4791 -2.9383 2.2759 0.23758 -3.2174 2.6167 2.335 -2.4912 1.0368 3.4257 -1.6655 2.9157 -0.58757 -3.4165 -2.8893 1.2557 
banan 1.5969 0.68416 -0.12811 -0.22119 -0.14112 0.50416 -1.274 1.0078 0.039197 0.025076 0.59214 1.0351 0.66079 0.73533 2.4208 0.84206 0.72176 -0.61326 -2.3066 1.5434 3.5476 1.5383 -0.04211 -1.8919 -1.4733 -0.62639 0.26791 -0.023294 -2.0339 -2.5427 0.83008 -0.25027 -0.56499 4.5136 0.33692 1.7767 1.1963 -0.28456 0.047894 1.1555 0.91499 -0.15349 0.23105 0.90531 -0.062889 0.16096 -2.6403 -0.30965 -1.0929 0.14395 -0.37037 0.12144 -0.0068611 1.8473 -0.21974 1.0676 -0.43755 0.42719 -1.614 2.6366 0.14033 -0.93586 1.2041 -1.0048 -0.0010478 1.1348 1.0571 -1.4732 -0.2129 2.7931 2.9369 0.63498 1.851 0.96925 0.12616 -0.092327 0.9932 0.65276 -1.8441 1.9245 -0.79327 0.43215 -1.6147 3.0498 0.0092761 1.5544 0.56269 0.38993 1.0514 1.4965 2.5161 -0.46486 0.65753 -0.032853 0.75184 1.2272 -1.0984 0.89468 0.10878 1.6369 
tallbarr -1.2051 -1.345 3.0051 1.5153 1.0392 0.17638 -1.7969 -0.022581 -1.6251 1.3458 -0.02592 -1.1959 -0.2176 0.18669 -0.45423 0.14684 0.434 -0.37523 -1.1151 0.091989 -1.6076 0.3002 -0.55946 0.083914 0.34963 -0.22196 -1.6685 0.54692 0.67119 -1.272 0.22989 -1.7535 0.38231 3.252 -0.86512 0.86027 -0.83767 -0.034977 0.37806 0.12947 0.024124 1.41 -0.19219 -1.3251 1.0928 0.015543 -0.28656 0.13376 -0.79897 -0.0042185 -2.2973 -0.093464 1.3365 1.2465 0.56514 1.0855 1.4543 -3.935 0.24311 1.7838 -0.789 0.067997 -0.52648 0.8691 -1.5721 2.0946 0.0073295 -0.2104 0.41692 0.81807 -0.87257 -0.25138 -1.5162 -0.46669 -0.94096 -0.49098 -0.11774 -1.01 -2.2771 0.0028586 -0.22364 0.19035 0.88138 0.44969 0.62001 2.52 -1.3227 0.67079 -0.69193 -1.153 -0.19282 1.1243 -0.6469 -1.6315 -0.55034 1.8638 -0.11 -0.2419 -0.88319 -1.9192 
mus -1.0348 0.61266 1.2653 0.62211 0.5961 -2.5584 1.7625 -2.0734 0.14658 1.5311 2.4686 1.1842 0.037667 -0.89032 -0.096091 3.5085 0.29878 1.9126 -1.0884 -0.30783 1.7138 -0.17545 -2.6491 1.8125 -3.3109 2.351 0.018957 1.1276 -1.65 -2.2037 -0.69575 -3.3486 0.32689 0.15004 -2.0975 0.047036 3.2309 0.030215 -0.15513 4.3782 3.3345 1.1161 -2.7412 -1.5642 2.2486 -0.23529 0.011266 2.2714 0.39414 1.4145 0.71537 -0.0080984 1.4358 -2.3507 -0.74894 -2.959 0.41191 -1.7973 2.011 0.97409 1.9283 -0.66791 -2.5193 0.043135 -1.6711 -1.4979 0.48629 -0.48346 -2.6059 -0.16365 -0.56779 -0.59778 -1.8099 1.914 -2.8562 -1.352 1.4184 1.0182 0.29044 -0.083642 0.20729 2.4436 0.70942 -1.0622 1.0878 -1.7908 0.8751 1.4436 -1.0538 0.6664 3.7056 3.8757 -0.024879 1.5151 0.36568 0.28723 -2.1736 2.4855 2.3546 3.7922 
anis -0.063631 -0.85464 1.8459 1.4296 0.81821 -1.7387 -2.294 1.3654 -3.3369 1.3256 0.42553 -3.3281 -3.5247 2.2768 0.30411 2.1572 -0.49895 0.78204 0.12819 3.2371 -2.5237 2.8771 -1.4725 -0.087823 1.088 1.2656 -1.4927 0.082297 -1.826 -1.6019 0.97611 -3.139 0.4076 4.1212 0.25893 -0.85567 -2.2729 1.1288 -1.2957 2.6348 -2.4408 1.4504 0.57341 -0.13019 1.2396 1.0598 -0.32648 -1.3066 -0.63456 0.43597 -2.5794 1.6225 -0.010472 -0.73427 2.3556 -1.0331 -0.36362 -3.5975 -2.4396 2.4236 0.1206 -0.60148 2.3478 -1.6462 0.544 1.5567 0.54648 -0.4488 0.50704 3.1389 0.31119 0.23393 0.39915 0.4068 -2.4514 0.6878 -2.081 -0.73058 0.8954 -0.31408 -1.2866 3.2539 0.40451 1.8209 -0.62162 -1.6553 -4.534 -0.9652 -0.96095 -1.5812 -1.6644 -1.2338 1.8465 -2.3357 0.94986 0.46712 1.6586 1.0585 1.2592 0.3931 
rom 1.3367 -4.2863 -1.2606 1.8875 -0.058054 -1.5011 -2.7342 0.29352 0.49762 -0.73771 -1.6509 0.76497 0.23251 2.9854 2.1347 0.97916 -1.4087 2.8535 -4.014 3.906 -0.74757 -1.8723 1.2766 2.2475 -1.9395 2.6195 2.3956 3.3786 -2.9387 0.21459 0.93538 0.08205 -0.28394 3.7252 -2.6191 1.3325 -3.5513 -0.3891 0.33986 0.11391 2.4157 0.27594 1.2891 -0.7962 -0.68572 -0.10404 -0.020319 0.068562 0.29681 0.37498 -3.6911 0.74141 -3.6126 0.91712 3.4405 0.38998 -0.72057 -4.3813 -2.038 0.24429 0.60475 0.46062 2.8068 -0.49241 0.46341 4.6899 2.5059 -2.985 1.8637 3.2791 0.062207 -0.87969 1.8796 3.4973 -1.1156 0.44348 3.8329 -1.178 2.6679 0.14654 -1.2786 0.053303 0.54091 -1.1827 -1.189 1.9977 -0.34961 1.1758 -2.6558 0.92851 -2.6969 0.16139 -1.6802 -1.0122 3.8113 -0.49906 -2.0252 0.64344 1.4216 -1.2737 
bark -0.87834 -3.3843 5.106 2.0867 0.96186 -1.3817 -2.35 -1.2267 -1.7894 1.105 -0.75874 -1.6381 -1.2453 1.4632 0.21488 -0.15073 -0.27148 1.8717 -0.06256 1.4006 -2.0762 -2.9169 -2.6638 -0.6727 0.83812 -0.73902 -4.0083 1.7357 1.8649 0.72136 -0.022743 -1.5561 2.7116 1.4466 1.4362 1.4379 -1.8226 1.4857 1.989 3.0091 -0.45487 -0.284 0.043194 -2.5516 2.353 0.11606 -1.5236 -0.39845 -1.4761 -0.1769 -2.0153 0.92937 0.45407 1.5273 -1.2631 -0.73542 0.59556 -6.8142 2.5689 1.0419 0.37558 -2.1054 1.6664 -2.0107 1.0587 1.4279 0.12614 1.2941 0.78632 2.2969 -2.1341 -0.71717 -4.3261 -0.89525 -3.4364 -2.5876 2.4204 1.7639 -2.657 -0.3221 -0.090195 2.0455 1.1395 0.37803 1.6742 0.68494 0.28096 -1.2823 -2.2798 -2.4754 1.2301 0.96441 -1.4144 1.2085 2.0856 -0.18056 1.8405 0.45077 -1.6927 -0.6669 
morot 1.6864 -2.4968 -0.91813 2.3225 -1.3269 -0.41968 0.041389 0.073279 -2.459 -1.9796 -0.31285 0.83343 -0.61021 1.6022 -0.71559 2.329 -0.94047 -0.70223 -0.19834 -0.47907 0.051268 1.623 0.16443 -2.5567 -1.8445 0.85123 0.11785 -0.97372 -1.1921 -1.1615 1.0026 0.12774 0.90544 2.9723 0.91799 0.9294 0.85443 -0.0368 -0.27236 -1.9263 1.6148 1.3546 0.20469 0.70676 0.67077 0.38207 -2.6159 -0.45685 0.93101 1.2711 0.24814 2.2233 1.2462 -0.64683 -0.0090823 -0.29524 -2.278 -3.1412 0.70614 0.76282 -0.0070109 0.30181 -1.4147 -0.16093 -1.6924 0.42901 3.0091 0.82268 0.81606 2.1196 -0.42904 -0.032127 0.96673 0.059319 -1.4805 0.78069 1.3363 0.051318 -0.19062 -0.68488 -2.2257 1.0949 -1.392 0.77807 -1.0115 -2.2897 -0.54463 -0.27243 0.5634 0.10763 1.2603 0.79492 1.5833 1.5663 0.74694 1.4061 0.35639 -0.64132 0.12603 1.4821 
lösningsmedel 0.55822 -0.011328 0.53997 0.66586 -0.40967 0.063845 -0.97841 1.6215 0.18197 0.14725 0.78041 -0.47166 -0.94977 0.85727 1.0391 -0.58282 0.52281 -0.14895 -1.466 3.5973 -1.0191 0.39511 -1.8442 0.12103 -2.2283 -0.22842 -0.11935 -1.2348 -0.28101 0.55759 -0.68239 -1.4541 0.20102 0.68228 0.09205 1.097 1.523 0.078519 0.29654 0.34933 0.61437 -0.38969 1.063 0.55985 0.42026 0.15681 0.38209 -2.1912 -1.16 -0.33774 -0.89196 2.052 0.53863 0.79221 0.25222 0.57139 0.49649 -0.18928 -1.292 -0.77698 -0.59664 -0.42687 0.88809 1.0483 0.049218 0.61321 0.54282 -1.1702 0.64233 -0.11234 -0.43696 -0.4576 0.24404 -0.94582 0.12542 -1.399 1.3429 -0.64247 -1.8273 -0.36957 -1.6109 2.337 0.0037534 -0.74106 -0.057517 -1.7471 -0.43582 0.43407 -1.0744 -0.27394 0.73861 -0.37524 1.0931 -0.37779 0.58775 -0.99166 0.73966 0.14169 0.98454 -0.034189 
lim 0.18206 -1.3088 0.12962 0.943 -2.2086 1.9018 -1.4126 4.2645 -1.3672 -0.4368 0.29486 -0.039643 -2.1031 -1.9432 3.4671 3.1353 0.91753 -2.1408 -1.522 4.2986 0.14984 -0.96669 -4.4699 -2.141 -4.4616 0.10483 0.24491 -1.8245 -3.0759 -0.95306 0.40553 -1.7558 0.19639 -1.7997 -0.48829 1.027 0.72982 -0.0077962 0.44737 3.1933 -0.98409 -1.1865 -1.1674 0.86653 0.79747 -0.38714 1.0766 -3.7079 0.14972 1.3306 0.86175 4.4776 -1.9532 0.15175 2.5895 0.061458 2.7833 -2.3301 -1.375 -0.84653 1.0265 -1.8466 -0.76876 -0.81276 3.6426 1.5025 -0.030049 -3.0336 -1.7683 -0.48978 0.050476 -1.088 -1.6614 0.97092 1.0196 -2.8711 -0.076631 0.54499 1.3587 -0.1379 -1.6933 0.47505 -1.8543 0.59991 1.4523 -2.5692 -0.045051 -1.7202 2.0483 1.3894 -0.0047594 1.1311 1.9962 -0.68633 0.044054 -0.24646 0.98887 1.3517 -0.31381 0.26716 
ogräs 1.4872 -1.9506 2.0429 0.33097 -0.21832 0.88706 -0.014876 0.45282 -0.383 2.1547 0.77962 2.1299 -2.3791 2.9666 -0.92836 0.20683 -0.79844 -0.83241 -0.28706 -1.5474 0.70054 0.52152 -1.3196 -3.7388 1.4791 0.21682 -0.37461 -1.4297 0.83516 -0.32161 -2.3805 -0.7731 1.4109 3.4345 0.28416 -1.0804 2.2273 -1.3718 1.5385 1.5923 1.0182 2.3812 0.98537 -0.41034 4.3882 -2.4438 -4.0856 1.7967 -3.1028 1.1887 -2.6439 -2.2865 1.486 0.25166 -1.5059 -0.33823 -1.3668 -2.5792 2.9472 -0.012031 -1.1654 -0.73295 2.3892 3.1873 -0.141 1.7619 -0.43063 3.65 0.8971 1.8075 0.86364 0.75983 1.0446 -1.7791 -1.0366 -2.7992 1.3261 1.6782 -0.70337 0.75346 -0.9729 1.4861 1.4455 -3.6202 -1.0679 -1.2987 0.35601 -0.91463 -1.073 1.8073 0.97092 -0.070314 -1.1115 1.7646 0.12396 1.8407 1.7389 -0.91335 0.41006 -0.12518 
senap -1.0334 -0.05099 -0.95203 0.43946 2.2549 -0.31672 -0.38926 -0.36761 -3.7745 -2.1075 -0.67834 1.6869 -1.9269 0.81594 1.9768 2.59 -0.054697 1.9983 -1.8303 0.85076 1.2067 1.4157 -1.2241 -1.4501 -0.12225 3.1149 0.64039 0.94422 -3.4422 0.091245 0.57492 -0.25612 2.1391 -0.74895 -0.26469 -0.20962 -0.5904 1.5412 -0.84015 -1.7056 0.83043 0.031449 0.18092 2.5212 -1.2259 -1.5423 -2.606 -0.25334 -0.74943 -0.60512 0.57728 0.23808 0.24256 0.088081 -0.70602 -0.85277 1.7199 -1.492 0.11644 1.4008 1.9654 1.4915 -0.53351 -0.45225 -0.33048 2.2118 1.1545 -0.86401 -0.0806 1.0536 -0.087248 1.3643 -0.5303 -1.1225 -1.425 -1.5167 0.51714 0.41972 -0.35729 -0.019271 -2.2627 -0.68526 0.32582 0.24498 0.50699 0.91323 -1.8412 1.0698 0.5667 2.5035 0.63657 -0.42457 1.1663 -0.27916 1.9081 -1.6977 -0.56123 2.9101 -0.38326 0.54607 
cologne 2.0529 0.2863 0.76587 0.45753 -1.3176 0.41747 -1.1694 -0.28698 0.60082 1.8031 1.5145 0.34947 -1.8778 -0.63328 -0.037441 -0.26101 2.3836 -0.16661 -1.9703 1.6882 -4.4085 -0.63235 -0.48703 2.8109 0.64473 -1.6633 -0.99293 -2.2911 0.14718 -1.4947 1.3614 -1.5605 -0.80403 1.4007 -0.02485 1.8154 -1.6457 0.24993 0.27891 -0.72128 0.89995 1.0935 0.39479 -1.5048 2.3228 0.4038 -0.55955 -0.056006 -0.77489 -1.0449 1.9853 0.98775 -2.3673 0.38939 1.3725 0.42523 0.94701 -2.0542 -0.57322 1.1043 -2.0351 -0.42061 0.80744 1.4765 2.3393 -0.40946 1.468 -2.1007 -0.058981 -1.5614 1.1406 -0.67901 0.50682 2.1188 -0.39196 1.4622 -3.6151 -1.3507 1.0746 0.52841 -1.6473 3.0076 -1.4652 0.27552 -2.7092 -0.7675 1.1333 -0.27498 0.91563 0.73867 1.7451 3.4444 -1.35 1.131 0.81913 -1.6112 -1.2897 1.1488 1.0076 -0.10318 
geranium 0.88359 -2.5154 -0.41427 0.88605 1.5145 0.40809 -1.8702 -1.8618 1.16 1.5139 -0.55156 -0.35647 0.27019 0.94185 -0.19497 0.45517 1.162 0.52514 -0.78317 0.58571 -4.1605 1.6727 -0.23135 0.56424 0.26283 -1.6865 -0.49905 -0.9431 0.48847 0.060968 0.55593 -0.18284 -0.34056 0.31056 0.45088 1.0454 -0.88244 0.18985 -1.9926 -2.7674 1.2074 0.68863 2.1619 -1.0672 2.2849 1.7587 -1.0871 -1.549 0.88081 0.71282 -2.083 -0.6794 -0.40467 -1.5087 0.63369 1.0606 1.0536 -2.9904 -1.3981 0.74099 0.78205 -0.095368 0.23824 0.25525 -0.175 0.35191 0.34384 2.936 0.88244 3.461 -2.7321 0.28721 0.52618 -0.97856 -0.24034 0.1637 -0.4638 -0.58462 -1.481 1.9891 -2.5204 0.6458 2.3242 -1.8593 1.0943 -1.7737 -1.0155 1.1448 -0.09735 1.4333 0.40789 -1.1996 -0.18074 -0.48438 0.19662 0.55118 0.5911 -0.05029 0.4925 -0.49495 
pepparmint -1.3254 -1.8287 1.6259 -0.22604 -0.35544 -0.52067 -0.85846 -0.15861 -0.71323 0.50431 -0.97344 -1.4991 0.20735 -0.13802 0.18374 0.31947 -0.34023 0.098421 -0.88094 1.0775 -2.8383 0.96959 -0.03017 -0.2758 -0.090352 0.76345 -0.35986 -0.87009 -1.2825 -1.3577 -0.42473 -2.6903 -1.1359 1.0213 0.32485 0.25644 -1.8817 0.39877 -1.3288 -0.28387 -1.1501 -0.84523 1.1146 -0.49867 -0.17465 0.93692 -0.63282 -0.33347 -1.7236 -0.80904 -2.5676 0.72875 0.71109 -0.55428 0.79067 -0.24009 0.9249 -1.8964 0.62784 1.7461 0.23588 0.45247 -2.4345 -0.64702 -1.0979 1.0098 1.6803 0.32065 1.2309 1.55 -1.9321 0.22276 -0.26761 0.30292 -1.2925 0.55559 -0.63227 -1.4296 -0.10656 0.52754 -1.6449 1.5813 1.8867 -0.341 0.63866 -1.6342 0.46754 1.0121 -0.073593 2.0099 0.12605 0.27072 1.2615 0.11657 -0.90107 0.33131 1.2132 0.30826 0.82157 -0.28551 
selleri 2.4934 -3.2284 -0.39262 1.3028 2.3863 -0.32426 -0.59461 -0.11798 -1.1512 -0.43713 0.55496 -1.1852 -2.4038 1.4819 2.6343 0.29876 0.1872 -0.25775 -2.0303 1.9802 -0.94988 0.52262 -1.6577 -0.22963 -1.6253 1.1569 -0.45752 1.2053 -1.5764 -0.23105 1.0335 -0.91272 1.4149 2.023 -0.87788 1.4546 -0.14616 0.65639 0.2017 -0.65047 -0.105 0.72445 1.3512 0.94916 0.2584 -2.2643 -1.6707 -1.2857 -1.5253 0.61399 0.8596 0.38153 1.1765 1.2177 -0.34762 -0.38938 0.36953 -1.6037 0.59258 -1.3463 0.97484 0.42784 -1.3001 0.23808 -0.9314 0.53751 1.7394 0.007816 0.53027 0.93515 -1.2018 0.96872 2.2926 -0.2488 -1.9529 1.3549 0.14679 -1.5844 -0.67283 1.2074 0.23282 1.521 0.50659 0.19426 -0.22879 -1.2948 -0.3596 -0.2832 -0.58444 -0.082367 0.80009 -0.11685 0.80854 0.6244 1.619 -0.84361 -0.54019 0.24528 0.33839 0.45423 
popcorn -0.73245 -1.0466 0.67156 0.64521 -0.37506 -0.48782 0.16055 0.87877 -2.8727 -0.95947 0.80885 -0.14438 0.46726 0.4347 1.2578 2.1894 -0.17792 -0.20552 -0.088627 -0.28357 0.81822 1.1601 -0.14722 0.00044838 -0.28858 1.0534 0.012531 1.0308 -1.5477 -0.13223 0.95544 0.87224 -1.0996 -1.2351 0.88586 -1.9725 -0.051543 -0.80417 0.78358 0.96111 1.3768 -1.0903 -0.34268 0.76629 1.346 -0.52247 -0.22221 0.43636 -1.3405 -0.1888 1.0484 -0.44305 2.3311 0.86504 0.64319 1.0788 -1.3724 -1.3394 -0.31283 -0.95151 0.72556 0.22179 -1.7908 -1.2121 0.13765 0.8675 3.2128 -0.042366 0.59815 0.34507 0.68787 0.78478 -0.31968 1.1667 -0.16056 -0.40554 -0.76262 -0.28258 0.65661 0.53058 -1.1956 -0.23103 1.4451 -0.42852 0.22426 1.1193 -0.18014 1.6809 0.19487 -0.12982 1.0123 -0.0084439 -0.94414 1.5037 0.83554 1.1326 0.34349 0.21305 0.01082 -0.56459 
rep 2.3752 -2.861 -0.75901 1.3971 0.1769 0.6885 -3.3292 -3.8959 -0.56765 -1.21 -0.96864 -0.80511 -0.81421 -1.8229 -0.97462 -1.8744 -0.1291 1.3357 -0.087382 -0.12072 1.8654 -1.9497 -0.94754 0.86174 -0.51164 -1.6659 1.8952 -2.0343 0.42954 0.1702 2.2834 -3.0646 0.8729 -1.3329 2.4803 1.1187 -0.56056 -1.9452 1.3196 0.32058 0.20131 -0.65525 -0.38143 -0.017056 3.6667 1.2074 -3.1207 -2.4496 0.70695 0.85015 -2.8119 2.0439 2.1735 -0.70582 2.002 2.4276 0.67576 -3.8066 -2.9006 -0.86781 0.84113 -5.1243 -0.52923 -2.72 2.3184 0.069469 -1.3749 -2.1737 -2.5027 1.7756 0.34061 0.017825 -5.3054 -0.67762 -4.0369 -1.4206 1.9162 -1.6372 -2.7931 2.2111 -0.46984 1.2221 -1.4914 0.14557 0.78313 3.8133 0.41945 -3.1533 0.17986 -0.1831 0.76893 1.7717 -1.1448 -0.9091 2.9523 0.051675 0.77438 2.7562 0.14346 -0.1167 
desinfektionsmedel -0.056749 0.51909 -0.62446 0.3411 -0.56563 0.70103 -0.60809 0.046574 -0.13954 0.71095 0.49247 -1.6159 -0.49563 -0.041717 -0.27698 -0.85092 0.59189 1.1451 -1.4392 3.5012 -1.4744 0.21572 -1.1322 0.57152 -2.0279 -1.3036 0.54919 -1.5038 -0.2019 -0.52667 0.18237 -1.2698 -0.066902 -0.62719 0.1646 0.054121 0.61837 0.71134 -0.52972 0.084298 0.26707 -0.42818 0.32366 0.79617 0.072856 0.24714 -0.96808 -1.5902 -0.66418 -1.1267 -1.2138 0.71651 0.30722 0.1637 -0.20477 -0.68346 1.1914 -0.28096 0.70414 -0.11459 -0.80103 -1.1022 -1.0854 0.60797 -1.1637 0.07238 -0.6822 -1.6053 -0.58979 -0.33539 -0.3055 -0.10239 0.72479 -0.079821 -0.26908 0.080051 1.7608 -0.59111 -1.9017 -0.99323 -0.84011 0.12254 0.33699 -0.91511 -0.42551 -0.44262 -0.8013 -0.38738 1.0422 0.52764 1.4907 0.7837 -0.16656 -0.088329 0.56177 -0.13039 -0.20791 -0.020718 0.91851 -0.25291 
violett -0.60265 -2.2877 -0.68457 0.43804 0.57831 1.5417 -0.85472 -0.78285 -0.086295 0.80353 0.23711 -0.94261 0.036736 3.0711 -0.99339 0.22246 -0.53629 0.75146 -1.2931 -0.57056 0.10991 -1.1835 -1.9368 0.31437 0.60561 0.70533 -0.18205 -2.1333 -1.6212 -0.94896 0.49213 -0.15726 3.0116 0.86689 2.1589 -0.10526 -1.4651 0.91053 0.88189 0.20505 1.7194 1.0039 0.30955 -1.9525 0.62805 -0.64454 0.042696 0.35359 0.11344 0.77055 -1.8918 0.54587 -1.3867 -2.6378 0.017115 1.112 1.3838 -2.0557 -1.5494 0.23646 -0.0082268 -0.43871 0.2387 0.10846 -0.43197 0.91883 -0.56256 1.1931 0.52172 1.1973 -1.0537 -0.0089284 -1.1595 -0.29249 0.084233 0.80146 0.53539 0.66361 0.21567 0.61944 -0.5899 2.2002 0.77688 -1.371 -0.090419 -0.55769 -0.14039 1.5094 -0.74697 0.16486 -1.4103 -0.13371 0.44768 1.2631 0.56483 -1.2266 -1.1374 0.036354 -0.679 -0.49757 
valnöt -0.16068 -0.1125 -0.063923 0.36933 1.985 -2.1964 -0.34369 -1.1481 -1.6084 0.41751 -0.62676 -1.2305 -0.28515 0.12862 -0.15383 2.8942 -0.19211 -1.7504 -1.3169 0.94458 1.0084 1.7792 -2.6741 0.71303 3.0005 -1.2385 -0.98151 0.81325 -1.9556 -1.8677 1.3239 0.74935 -0.79753 -0.43904 1.4207 0.76234 -0.91854 0.28189 0.79344 1.0825 -0.86479 -0.85886 0.20476 -2.3591 0.83244 -0.72726 -1.0619 0.60955 0.56062 -0.013438 -1.6422 0.30344 -1.2172 0.63576 0.34632 -1.6109 -0.20498 -0.82987 -1.443 -0.96913 0.087007 -1.1716 0.96007 -1.8329 -1.8291 1.5254 1.6655 0.59054 1.6481 2.8688 -0.9456 0.52369 -0.53221 2.2133 -0.89394 1.5127 -0.33096 -1.2859 1.0517 -1.5085 0.27374 2.075 -0.13129 -1.2777 1.147 -0.45894 -0.33569 -0.98899 -2.2805 1.274 -2.1708 0.020115 0.85392 -0.20815 -0.59399 1.4323 0.21629 -0.89861 -1.1669 -1.0181 
vinäger 0.55269 -2.405 0.92213 1.1342 0.42835 1.1695 1.1878 -1.1094 -2.8753 0.22419 -0.33092 -0.43739 -2.3201 0.45626 0.059263 -0.062362 0.40813 1.2968 -1.2893 1.5839 -1.0296 0.58112 -0.54518 -0.26474 -0.81617 0.11599 -0.084386 -3.4153 -0.60711 0.017576 0.50083 -1.062 -0.75397 -1.1287 -0.40946 -0.040316 -0.052522 -0.51968 -0.28506 0.47117 0.70068 0.1764 1.1548 2.6041 0.40259 -0.30012 -0.5044 0.78069 -2.4394 -1.3179 -2.5357 -0.10293 1.666 0.81326 2.084 0.51596 -0.42461 0.0061887 0.89506 0.39217 -0.74202 0.45211 0.53592 1.6513 0.0037245 0.58937 1.0228 -0.51761 0.22748 2.8146 0.80715 0.77727 0.37508 -1.8868 -1.4184 0.66883 0.80759 0.48061 -1.1264 1.7472 0.090819 0.9139 -0.76776 0.6902 1.2851 -0.54059 -0.71431 1.1415 -0.7576 0.61931 0.75535 -0.66973 -0.4844 1.8482 0.42902 0.026012 -0.23343 -0.53096 0.48815 0.83475 
kamfer -0.26615 -3.5652 0.77138 1.428 0.0069399 -0.5459 -0.87119 -0.87918 -1.8098 1.9731 -0.50857 -0.16118 -1.2005 0.28658 0.37703 0.6471 1.5876 1.2062 -0.37136 2.4501 -1.5854 0.51899 -0.13372 -1.0177 -1.1804 0.1769 -0.57954 -0.15055 0.65952 -0.67018 0.028339 0.32349 0.37597 0.81685 -0.45175 1.5055 -0.26337 -0.082745 0.40174 -0.24099 0.82116 0.010421 -0.065029 -0.22131 2.6406 0.37147 0.45937 -0.35902 -0.79433 -0.077154 -1.9609 -0.76169 -0.15666 -0.68911 0.78644 1.018 1.6163 -1.6196 -0.22659 -1.5175 -1.603 -0.69704 1.1102 0.59626 1.2882 1.149 -0.032675 0.14076 0.049128 2.0752 -1.283 1.0425 -0.69628 -0.78714 -2.3291 -1.0144 -0.87387 -2.0785 -1.5869 1.0553 -2.2593 1.8639 0.81288 -1.7858 -1.7935 -0.39948 -1.4234 1.6963 -1.3018 2.0311 -0.70945 -0.19502 0.14826 -0.91563 0.65812 -0.69034 -1.659 1.9568 -0.43428 1.0802 
terpentin -0.50979 -1.1455 -0.52307 0.48544 -1.0656 0.12297 -1.587 0.6814 -0.40604 -2.3414 0.0028578 -1.1302 -1.3819 -0.42997 0.29273 0.42443 0.48321 -0.47379 -1.1116 1.4714 -0.30563 0.4331 -1.7069 0.063225 -0.29487 0.72056 -0.58024 -0.27284 0.42189 0.93342 -0.76153 -1.582 0.73109 -0.24456 -0.82529 0.42704 -0.30209 0.24701 1.7115 0.79411 0.66769 0.32342 0.42789 1.2165 1.454 -0.95013 1.4517 -1.515 -0.53264 0.60206 0.059827 1.099 0.87433 -1.4404 0.22109 0.27875 2.2016 -1.208 0.20396 0.67509 -0.4571 -1.0983 0.71245 -0.50734 1.0434 1.4262 0.30424 -0.69227 1.808 1.2038 -0.8089 1.6104 -0.55268 -0.62891 -0.58651 -1.2315 1.4641 -0.097359 0.42785 0.4764 -1.0866 1.0229 0.9344 -1.0014 -0.35147 -1.1441 -2.2546 1.0742 0.36351 0.39426 0.41963 -1.1117 0.42451 0.59592 0.97408 -0.29158 0.6636 -0.0093863 1.4229 0.41178 
kreosot 0.099343 -1.453 0.97014 -0.55639 0.37066 -0.084859 -1.1844 0.01931 -1.1664 0.45311 1.023 0.81605 -2.0552 0.2287 -0.20802 1.6952 0.37974 0.46764 -0.67599 1.2131 -0.11366 0.72586 -1.4946 0.15563 0.17118 0.49344 0.16415 -0.90275 0.95546 -0.18497 0.45866 -0.46832 -0.94506 1.5317 1.2765 0.67586 -0.091595 -0.15475 -0.50406 0.874 1.4589 -1.1593 0.45357 -0.36037 -0.67931 -0.22234 -0.79878 -0.37978 -0.7544 -0.23382 -1.196 2.1191 0.309 1.0203 1.5816 2.5515 1.3275 -1.1208 0.30553 -1.599 1.6557 -0.89242 0.60894 0.28716 0.47409 0.06391 1.4366 -0.75682 0.65023 -0.19425 1.443 -1.4132 -0.41844 -0.34536 -1.0726 -1.4893 1.1146 -1.0557 -0.13987 -0.23769 -0.55723 0.73031 -0.38057 -1.0793 0.61985 1.9379 1.2737 -0.54785 -1.4512 0.51147 -0.78673 1.0352 -0.27634 0.8775 0.21582 0.35295 -0.39046 -1.6158 0.37763 0.36548 
ananas -0.66141 -0.12399 0.68199 -0.009937 -1.4105 0.1062 0.046589 -0.43741 -1.1827 0.061164 -0.05657 -0.86699 -1.3445 1.3652 1.6517 0.72247 -0.23493 -0.69091 -0.34462 0.2326 -0.47162 1.0047 -0.062475 0.88268 -1.1019 -2.4289 0.63491 0.39308 -1.1775 -1.3433 -0.52211 -0.35526 -2.2032 2.203 -0.11692 0.33491 0.42275 0.63365 0.12758 0.64741 0.96725 0.90424 1.7763 -0.81207 -0.22649 0.15276 -2.1604 -1.664 -0.63082 -0.32157 -2.6203 0.74902 0.48354 0.24101 0.65459 0.35547 0.60767 -1.025 -3.0413 0.62218 0.35235 1.3131 -0.72605 -0.21808 -2.0403 1.3523 1.596 -1.2482 1.0686 3.3261 0.91853 -0.25663 1.2002 0.44657 0.86958 1.5125 0.27362 1.9484 -1.0716 1.0582 0.79154 -0.093106 -0.57058 1.1023 0.90185 -1.3751 -0.3555 0.36742 -1.3955 2.693 0.22491 2.0764 -0.33669 1.1117 0.23934 0.74325 -0.24885 0.20352 -2.0256 -0.50983 
jordnöt 0.18203 -0.37708 1.847 -0.20884 0.71421 -0.5435 -1.1307 1.5112 -0.44581 0.42489 -1.1595 -0.74601 1.1799 0.78341 0.46598 1.8242 -0.19075 0.054236 -1.5382 2.481 0.45715 0.35175 -1.1452 -0.97402 0.10016 -0.098028 0.32213 1.6094 -0.11378 -1.8686 -0.60269 -0.14252 0.61836 1.4387 0.29946 0.25977 -0.44349 1.0352 -1.1521 0.15794 -0.63591 -1.3889 1.3412 -0.086495 -0.91858 -1.3394 -1.3796 -0.98259 0.497 0.20533 0.05361 0.81201 0.2084 0.91484 -1.0031 -0.96616 0.49436 -1.0761 -0.32312 -0.45067 0.082298 0.35868 0.65947 0.40244 -0.57323 -0.71439 0.7845 -1.5805 1.4442 0.70839 -0.5714 1.5391 1.6501 0.8305 -0.49501 0.21361 1.0282 1.2179 0.058205 -0.27227 -0.69205 0.52643 -1.3488 -0.22613 0.81683 -0.85024 -1.6396 -0.45941 -0.082404 1.064 0.75637 -0.32088 -0.26182 0.45029 0.70649 0.89998 -0.30387 0.63565 0.8203 -0.4965 
ceder -1.0262 -0.47105 -0.37919 -0.14538 0.60027 -1.1993 -2.9817 -0.43302 -1.6567 1.6037 -0.53781 -1.5578 -1.1533 -1.0596 -0.19983 1.0069 1.8199 2.6672 -0.15688 1.9503 -2.0057 0.43235 -0.83519 -0.23095 -0.16415 1.4268 -1.8051 0.062041 0.88526 -0.53091 0.4976 0.47939 0.87121 2.5912 1.0406 1.4685 1.12 1.0799 0.46026 -0.75884 0.71618 1.0807 1.0577 -1.1319 3.7459 0.33784 0.12456 -0.2128 -1.4631 0.49788 -1.6714 1.3631 -0.47167 -1.0911 0.50938 0.92964 -0.16429 -1.8876 -1.4944 0.57138 -0.84802 -0.22614 1.7881 0.14397 0.12536 0.29577 1.5347 1.3998 0.091272 2.6669 -4.3973 1.6369 -0.48353 2.119 -2.3194 0.30884 0.080919 -0.28884 -0.34256 1.3127 -0.97691 -0.33939 1.3536 -0.76143 -0.8306 0.46319 0.30456 -0.96652 -2.968 -0.35378 0.29871 0.8156 0.16533 -0.030141 -1.3271 0.091441 0.42889 -0.30893 0.23338 -1.4692 
fotogen -0.3131 -1.3306 -0.23259 1.6041 -0.46118 0.43688 -1.2037 -0.749 -0.58074 0.012425 -1.0489 -0.41806 -0.12508 0.11296 0.22023 0.57575 1.2327 0.045413 1.0948 1.3182 1.3708 -0.070378 -1.4647 -1.0358 -0.52093 -0.26864 -0.024565 0.0024408 0.81731 1.9434 0.65357 -0.2297 1.0473 0.90768 0.068082 0.61789 -0.21711 -0.00040242 -1.0094 1.2229 0.70835 -0.0058497 -0.27171 1.5588 0.49028 -0.094031 0.6535 -0.46964 -1.041 0.90153 -0.86528 -0.54932 -0.88707 0.53798 0.61747 0.96464 1.1934 0.40287 0.58844 0.27564 -0.15404 0.19807 -0.44116 0.39683 1.5528 0.070093 0.10937 0.40049 1.6738 0.43022 0.72561 0.10324 -0.46681 -1.2581 -0.22005 -1.6018 1.4245 -0.20478 -0.65889 0.79705 1.0164 -0.148 0.20476 -0.31315 0.37282 1.6233 1.217 0.43062 -1.1455 -0.028234 -0.20487 -0.04712 -1.5513 -0.32135 0.98163 -0.38564 -0.39187 -2.1785 -0.07928 -1.0688 
