95 100 
parfym -1.5766 -1.4895 1.6763 -0.59729 -0.28093 -0.21281 0.9563 0.05061 1.5774 -0.25379 -0.96937 0.83755 -1.7411 1.3 -0.71117 -2.0873 0.079949 -0.72266 -2.0287 1.1613 -0.93931 -0.6182 1.9056 1.3693 1.7779 -0.2127 0.62723 0.78409 -0.00057257 -1.1843 -0.24311 -0.71381 0.046761 -0.89543 -0.19055 -0.29561 -0.93554 -0.24041 -0.32734 -0.41545 0.77341 -0.30957 0.63805 0.77989 1.7051 -0.43347 1.3517 -0.52076 0.71512 -0.34801 -0.26073 -0.6137 -1.793 0.0017979 0.59743 0.29818 0.7345 -0.50406 -1.0904 -0.53424 -0.18192 0.43461 0.35019 0.42127 0.98135 -1.0769 0.85731 0.96536 -0.90374 -0.10263 -0.26044 0.99679 0.75787 -0.39398 -0.36458 2.5455 -0.46795 -0.49211 0.86228 -0.3284 -0.70755 0.49885 2.2459 0.29242 -0.098552 -1.7046 1.9897 1.0355 -0.30353 -0.038498 -0.51176 1.1014 1.435 0.010184 -0.25033 0.40666 0.68617 1.183 0.86418 1.011 
vanilj -2.1409 -1.6678 -0.088519 -1.1928 0.59062 -0.69484 0.12447 1.802 1.2947 1.0701 0.3201 1.1733 0.035589 0.18063 1.247 -0.42492 -1.2447 -0.20858 0.35046 -1.5302 0.39065 0.44403 -1.6306 0.84698 2.0527 0.31556 0.2401 0.11682 -0.58916 -1.0412 -0.55433 -0.1585 0.50051 0.9194 -0.039033 0.14836 -0.29723 -0.16316 -1.5911 1.3405 0.82149 0.82506 0.98664 -0.61736 1.8673 0.23294 1.6625 0.28923 1.7994 -0.57469 0.13022 0.6099 -3.0815 -0.33431 0.40839 1.469 1.2201 -0.87889 -0.78266 0.33289 1.3381 0.43605 -0.14938 -0.91685 -0.47896 -0.5856 0.14578 0.14332 -1.6746 0.31257 -1.0465 -0.5086 -0.27112 0.42604 0.61517 0.83942 1.0878 0.036442 1.4396 -0.28329 -0.91868 0.06028 2.7316 0.38977 -0.2488 0.27031 -0.61376 1.1272 -0.30246 0.92991 -0.91704 0.40853 0.46253 0.37098 -0.48278 0.53817 1.027 -0.11672 -0.11675 0.15866 
rök 1.6414 -2.5416 0.93449 -0.67521 -3.8867 1.4859 -2.3341 0.53775 -2.6801 1.1909 2.6665 -1.1667 1.8948 -2.1336 -2.9689 -3.1036 0.42071 -0.062504 -0.34109 3.5913 4.5812 0.60518 1.0828 0.88608 0.37978 6.0884 1.1044 -0.18898 2.0218 0.75121 2.462 -2.1213 2.0996 0.63786 -0.21465 -0.58149 2.6196 1.7102 0.91201 -0.49393 0.43702 -2.5225 2.2031 -0.89347 -0.60261 0.40521 3.2804 0.29468 0.20093 -1.2893 3.2725 1.0434 2.2915 0.12195 0.94004 3.2471 1.9883 1.6378 0.28469 -0.2955 -0.84197 -1.8448 0.46175 2.8994 -1.0469 3.8309 0.7374 -0.82095 -2.0063 -1.5088 0.8133 1.1131 -0.081257 0.46482 0.53189 1.3414 1.5156 -0.64834 -0.3899 0.48377 0.5516 0.14969 2.4056 -1.7726 -1.2593 0.1548 1.0424 -0.055958 -5.1723 2.2811 -2.0489 2.7533 3.378 -2.3674 -5.5536 1.8121 -0.79207 0.2349 0.86382 -0.082157 
kaffe -0.92621 -0.70638 2.2383 0.61817 -1.668 -1.5775 0.2142 0.58008 0.72098 -1.1678 1.4845 0.80903 0.79963 0.31215 -0.6162 1.6321 -0.65991 -0.3251 -1.7745 -1.9503 3.8974 0.32595 -2.3284 -0.71733 1.4768 1.5475 0.98813 1.5613 -0.75643 -2.3573 -0.51483 -0.45243 -0.92749 0.72586 -1.7963 -0.15703 -0.11779 0.3274 0.010653 -0.36979 1.5674 -1.5209 -0.038412 0.93658 1.0444 0.93304 1.03 1.601 -0.1938 -0.81607 0.33701 0.41463 -2.2762 -0.2346 -0.17398 0.26978 -0.58227 1.2786 1.4175 -1.2903 -0.53067 1.3091 2.2364 -0.48222 -2.2439 -0.53631 -2.1208 -0.86033 -0.46174 0.3183 1.7329 -1.8124 -0.010709 1.5781 1.2846 -2.2946 2.225 0.039972 1.6194 1.2377 -0.96928 0.42866 1.0505 1.2714 0.17569 0.44748 -1.0892 -0.22903 -2.5246 -0.52609 -0.77774 0.45103 0.41407 1.2041 -0.34933 1.9245 0.26726 -0.73742 1.0602 1.0081 
choklad -0.81797 -1.1314 1.6859 0.51182 0.34356 -1.2509 -0.082762 0.96861 0.54236 1.1582 -0.47966 0.15948 0.12376 -0.19293 0.031328 1.0491 -0.24251 1.1802 0.36985 -1.6968 1.5617 0.24175 -2.2797 0.070797 0.27296 -0.037508 -0.052162 0.53793 -1.2326 -1.3532 -0.21188 0.77958 1.2933 1.9221 0.40732 -0.35382 -0.75005 -1.2855 -0.40133 1.3202 0.9214 0.20068 0.24127 -0.082391 1.544 -0.9559 0.95569 1.0511 0.97191 -0.97437 0.2017 1.0521 -1.9427 -0.46889 -0.88048 1.2334 1.1998 -0.23438 -0.19326 -0.40032 0.0009239 0.38801 0.6026 -0.34042 0.32036 -0.30538 -0.36876 -0.66816 -2.1443 0.40568 0.090179 -1.8311 0.34601 0.57406 0.80965 0.092076 0.66078 0.86257 1.2666 -0.10712 -0.23865 0.015723 2.7369 -0.20861 -0.42154 1.2694 -0.79614 0.27026 -0.63767 0.74266 -0.43437 -0.47165 1.6099 1.1375 0.25073 1.9102 0.99211 0.46843 0.024556 0.3762 
vin 0.78049 -5.5519 5.9967 2.6018 0.0080329 -1.4418 -1.9777 0.32552 -0.84219 -0.12 1.2741 -0.55074 -1.3356 3.4489 3.6063 3.7669 1.1037 -1.3219 -1.3831 -0.6744 1.9121 0.4397 -2.827 3.2559 -2.9238 -1.408 0.48828 1.6603 -6.6388 -1.5738 0.44851 0.16168 2.3424 -1.2538 5.2629 -2.4104 1.182 3.614 2.0635 -0.65771 2.5946 -1.6908 -0.56507 2.148 -2.4789 -2.6551 3.1029 1.7923 -0.65191 -4.0489 1.091 -0.35927 3.2664 -0.47458 3.8228 2.2805 1.4709 1.1131 0.96105 3.646 -1.7492 0.89337 2.3739 -0.82587 -2.0978 -1.8328 -0.21978 -0.27862 -0.1585 1.649 1.3011 2.3957 2.9096 0.31986 -1.8809 3.1886 -0.7681 -2.1947 2.2512 0.83439 -0.17851 2.1439 0.9662 1.1239 -1.6368 0.15623 -3.1275 0.5922 0.79472 -2.1885 0.006108 5.137 -3.253 -0.16572 -0.88872 0.70502 0.72213 -3.6258 0.09144 -0.40332 
gräs -0.37371 0.14171 0.83386 -0.53454 -0.10169 1.6891 -0.58913 -1.528 2.0722 0.76284 1.7565 1.3264 -1.311 1.1086 0.10357 0.84718 -1.2721 -0.86163 2.0219 -0.5343 0.26434 -2.7064 1.0146 -4.9865 1.1265 -1.4873 -0.82097 1.1496 -1.4191 0.63384 -1.6016 -0.64917 -0.1548 2.0879 0.485 -0.22158 -1.4035 2.4233 -1.0201 3.1851 0.15794 -1.8274 1.8687 -1.1512 -0.57886 -2.036 -1.1007 0.48287 -0.082895 1.9496 1.062 -2.433 3.618 0.41876 -2.0023 1.6177 1.7213 -2.6206 0.91589 1.3301 -0.20174 0.91987 2.8754 1.1133 -1.1946 0.46066 0.8386 0.47383 0.46005 -2.5845 0.23111 -0.82822 0.11445 -0.80006 -0.5964 -4.6966 -0.16925 0.75272 -0.53542 1.4732 -1.6577 0.54958 -2.51 2.7185 0.87567 -3.0392 0.84965 -2.0152 -2.773 3.1873 -2.9279 3.6858 1.4168 -2.3132 -0.82133 2.7035 -1.285 -2.1905 -0.47155 -2.771 
ros -0.68423 -4.1242 -1.1473 -1.3092 0.49393 -1.8856 0.80058 -2.1025 2.6002 4.0475 -0.70466 2.4846 0.1683 -0.032764 0.91565 0.2607 -2.7588 -1.4271 -0.065642 -3.5621 -1.3948 1.1751 -3.2631 1.6387 2.5206 -3.0421 0.8236 -1.6779 -0.51592 -0.80463 1.4565 -0.1838 2.2219 2.0806 1.7974 -1.0879 0.14656 1.0981 -1.0572 2.1443 2.081 1.8317 -0.61079 -0.70102 1.2847 0.16595 0.17284 -1.0827 -0.69699 1.7612 -2.9759 -0.92463 -4.6525 -2.4022 -3.1152 0.56704 3.3854 -1.2809 -1.1915 -0.53838 -0.35172 -1.6425 -0.49319 -1.6898 0.9709 0.90012 0.75126 2.195 -1.3405 0.40635 -0.95443 1.3533 -1.0084 0.2156 1.1454 2.3564 3.6806 -1.2441 -1.821 0.22035 -1.0243 0.57313 1.5842 0.60994 -1.9646 -3.0262 0.79117 1.7964 0.18055 -0.034907 -0.60819 4.391 -2.131 -1.4707 -0.71327 0.70767 2.5253 0.056833 -0.69142 -0.20179 
bröd -1.3642 -1.9935 1.6109 1.6711 -0.5965 -1.3303 -2.0137 1.7266 -0.28942 -0.65222 0.69174 -1.0451 -0.37106 -0.15399 0.068343 0.68422 0.21609 2.3694 -0.3917 -1.8026 2.9967 1.1376 -0.18064 -1.8275 0.16104 1.4337 1.735 0.78316 -2.2164 -1.4253 -2.0697 1.9701 -3.1029 2.1182 -0.71899 -1.3274 -1.5938 0.29044 -2.1502 0.65132 0.47539 -1.0374 -0.41997 0.089107 -4.0088 -1.2956 -0.26019 2.3517 0.82362 2.0561 1.6653 1.1172 -2.5066 0.52179 1.7594 -0.6766 -0.16765 0.45094 1.8149 0.76027 2.185 -0.25905 1.0525 -0.77705 -2.2109 1.3224 -1.4291 -0.95701 -1.1915 0.59549 0.79527 -1.2782 0.50483 0.68691 2.5758 -3.8189 2.5034 -1.1801 2.0417 -1.7121 -0.1948 3.1797 1.1326 2.4998 -0.74682 2.0494 0.42484 -3.1018 -1.8178 -2.0335 -1.8456 3.8502 2.1965 1.2795 2.2705 1.2316 -0.9985 0.70428 -1.1537 -0.92373 
citrus -0.13978 -2.1196 -0.11893 0.35639 0.39233 -0.25363 0.34567 0.69307 0.51923 2.9731 0.74726 -0.36198 2.3029 0.52526 3.9502 0.033796 0.80667 0.7337 2.0461 -0.73161 -0.78269 0.9408 -0.86028 0.51762 1.8745 -1.5679 -0.35048 1.4908 -1.7646 -1.4565 -1.3789 -1.9648 -2.2152 1.4047 1.0642 0.68151 -1.537 2.3749 -0.1449 0.85731 -0.95705 0.40641 1.2835 -2.3559 1.5813 -0.94214 0.84327 1.8692 0.45247 -0.12284 -1.1762 -1.3387 -1.7618 -0.73525 -0.61669 1.2006 0.022197 -1.3265 0.14725 2.7295 0.40998 0.33526 -0.48269 0.61157 -0.74986 -0.50352 0.0061449 -1.3492 -1.4678 -0.85831 -0.93069 1.0713 0.20022 -0.56886 0.23433 -0.85418 0.085715 -0.83349 0.43323 0.67612 -2.0063 -0.67276 0.9356 1.1112 0.18921 -1.8794 -0.1713 1.5455 -1.0433 1.6095 -0.81908 1.7554 1.6396 -1.1521 -1.0036 0.81486 0.09504 0.3267 0.63918 -1.5342 
tvål 0.01023 -2.8026 0.50712 0.76936 0.73529 -0.80674 1.0117 -0.062864 0.13834 2.9692 0.062468 -0.21228 -2.2558 1.8943 -0.16295 0.68063 0.26152 0.41333 -0.58413 -0.50697 1.9591 0.80422 -1.7587 0.82127 2.0899 -0.063182 -1.5909 0.13837 0.34615 -1.398 -1.1085 1.432 -0.54286 0.10469 -1.3117 0.97495 -1.164 -2.2135 -0.37935 -0.95916 -1.2102 -0.38386 1.0387 1.7244 4.0688 2.4594 0.94252 0.27308 -0.64436 -1.2003 -2.111 -0.18465 -1.971 -1.7664 -0.56224 -1.4372 2.0096 -2.8696 -0.0319 0.053973 -0.55497 0.88398 -1.7231 -0.33372 -1.4558 0.52635 -1.108 0.27928 -0.50179 -0.66684 -0.6968 0.23252 0.41089 -0.79831 0.84297 0.051013 1.3584 -1.4187 -2.0116 -2.2811 -1.2929 -1.0273 1.2732 0.75044 -1.2759 -2.2145 2.7417 0.45078 1.6124 0.43279 0.29426 0.42071 3.4658 0.61276 -1.0135 -0.89995 0.63263 1.3251 -0.82168 1.9815 
lavendel 0.32645 -2.116 0.39103 -1.4497 -0.25259 -1.9554 1.3731 -1.2167 0.026311 1.525 -0.17543 0.16965 0.31978 -0.04384 -0.5011 0.52601 -0.13208 0.23194 1.147 -0.51284 0.20679 -0.36063 -2.0243 0.70586 2.4918 -0.44383 -0.83295 0.26517 -0.21302 -0.50034 -1.127 -0.1642 -0.28256 -0.85376 0.51624 -0.46982 0.26493 0.31342 -0.99336 0.86985 0.56105 -0.69726 0.83877 -1.4569 1.0081 0.35652 -0.40972 0.56792 -0.3428 -0.3485 -0.58858 0.041242 -2.5557 -0.56886 -0.69999 -0.65217 0.11306 -0.7472 0.1174 -0.80394 0.19937 0.36388 -0.19889 -0.9182 -0.091042 0.5294 -0.9431 0.47959 0.18955 -0.67145 -0.65381 -0.30677 -0.10299 -0.84154 0.23742 -0.29722 2.3518 0.23718 -1.1588 -0.0096942 -0.74493 0.54351 0.58209 0.75175 -1.0958 -1.1655 0.17523 0.78051 -0.50845 1.8707 -0.91958 1.7447 -0.24359 -2.1066 -0.66646 1.3444 1.1356 1.3446 -0.68694 0.18497 
fisk 2.5702 -3.6749 1.4539 -0.54638 -0.057976 -1.6635 0.041923 -0.37375 0.014238 0.86004 1.1409 1.9159 -1.1717 -0.12606 -0.14334 -0.51211 -1.0011 -0.57571 -2.6577 2.8287 1.7053 1.5034 -0.60374 1.1427 -2.2321 1.9991 -0.26464 1.461 -1.0265 0.85806 -1.0275 0.29953 0.95397 0.86383 1.0408 -1.5182 0.94743 -0.30579 -1.3183 0.23778 2.5046 -0.40138 0.6927 0.36753 -2.2413 -1.0508 -1.0597 0.54956 -2.1356 0.36966 1.324 -1.2388 1.9584 -0.29031 -0.69538 -0.57691 2.1949 -0.23209 1.7523 2.2734 1.1352 -0.35717 -0.62659 0.50379 -1.3609 2.6345 0.61307 -0.97159 -0.18382 -2.3508 0.714 -1.4398 1.3522 -1.4843 -2.9649 -2.2411 0.81566 1.9975 -0.61894 -0.22516 -1.1314 -0.9184 1.4404 0.63873 -0.67979 0.90891 -1.1107 -1.6502 2.5226 1.7782 0.16928 2.2103 2.4252 -1.4146 0.27336 -1.0401 -0.84525 1.2452 0.072422 0.20836 
äpple -0.38963 -0.47344 -0.34846 -0.0026611 1.2174 -0.2954 -0.06968 2.0432 1.4464 1.6679 1.2255 -0.68783 -1.0694 0.10242 1.8637 0.60087 -0.15994 -0.20268 2.2463 -1.3521 0.68094 2.1828 -2.4531 0.92975 -0.19127 -2.0388 0.22977 0.853 -1.2086 -1.4292 -1.4442 0.43813 -1.4505 2.6728 2.3222 -0.76074 -1.6679 1.849 -0.35124 -0.072403 -0.40498 0.15689 0.22888 -0.5509 0.029879 0.71751 1.476 0.97943 1.6763 0.83291 0.60706 -1.0158 -0.42163 0.7931 0.50274 2.6437 0.99102 -1.0036 0.46478 0.73611 1.9027 -0.16743 -0.59271 -0.13874 0.69377 -0.91053 0.080458 -0.68283 -1.6898 -0.89251 -0.59168 1.8212 -0.28653 0.28467 1.4244 -0.26165 1.784 -0.15904 0.75124 0.11373 -2.1613 -0.31653 0.067122 -0.23085 -0.56249 0.2926 -0.092692 0.78627 -0.41772 1.3981 -1.1058 2.4541 1.6405 -0.48529 -0.3827 -0.20617 -2.9388 -1.1234 -0.39404 -1.4441 
citron -0.39025 -1.416 0.37427 -0.64889 -0.60888 -1.3394 1.4083 0.24653 0.94683 2.4754 0.23385 0.14458 0.59071 0.63134 1.0133 0.39669 -0.58079 -0.67658 1.5115 0.1855 0.33152 0.66624 -1.9721 0.48031 0.9631 -0.77767 -0.97408 0.69563 -1.9082 -0.79344 -1.0052 -0.69947 -2.5251 0.84166 0.68311 0.036952 -1.9787 1.5846 1.0046 -0.35556 -0.30313 1.0134 1.595 -1.6464 1.9402 -0.033237 -0.71573 1.5405 0.096125 -1.3166 -0.98288 -1.5729 -1.711 -0.68682 -0.31506 0.90698 0.38994 -0.80161 1.1548 1.4291 1.3256 0.0093948 -0.50463 0.033974 -0.60571 0.10662 0.71212 -0.72747 -0.81227 -0.65106 0.24155 0.46809 0.25385 -0.14678 -0.59173 -0.93275 1.3632 -0.42089 -0.53896 0.81075 -2.3305 0.12486 0.62279 0.63985 -0.35024 -0.55059 -0.0056286 1.4422 0.37438 2.2892 -1.4267 1.432 0.75086 -1.2835 -0.71451 -0.14714 -0.43175 1.5409 -0.47943 -1.1769 
öl -0.33651 -5.845 5.3863 4.4934 -3.5338 1.9692 -0.62375 2.4553 -1.3363 0.12894 4.0753 0.076116 0.78628 1.8867 4.7546 1.6677 -1.0582 -0.96453 -3.5227 0.20038 8.4263 -2.7216 -0.97737 -0.29071 -4.3598 1.0413 2.6907 3.6903 -5.04 -3.7505 2.6298 0.62894 1.1604 3.2155 -1.5741 -0.36599 2.0077 -1.4538 1.0801 -1.893 2.8199 0.046153 0.56581 2.956 -0.033496 0.027028 4.8886 2.9648 -0.92852 -4.5284 0.74623 -3.0728 1.8167 0.2852 1.7516 1.6804 3.0889 2.4124 1.5157 2.337 -5.3012 -0.48312 6.1441 3.0619 -3.9851 1.0545 2.581 -2.3727 1.029 0.78311 2.5316 0.01191 2.1316 2.2852 -0.27159 1.807 0.85334 -1.9568 3.8444 -0.6475 -0.40758 -1.2 -2.3318 0.33582 -1.0185 0.20447 -2.3817 1.2103 -2.3132 -4.2952 -0.68325 3.4147 1.6685 -0.90122 -3.2445 -2.3491 -1.2858 -0.87991 1.7377 1.8373 
kanel -0.86738 -0.79864 0.52068 0.098234 0.10431 -1.5009 0.17704 1.6719 -0.46812 1.3654 0.021993 0.68246 0.17845 -0.058269 0.99413 0.82522 -0.38661 1.2357 1.1559 -3.0239 3.1371 0.33961 -2.6013 -0.36765 1.6311 1.4992 -1.1125 0.78285 -0.47415 -1.3618 -0.82633 -0.34058 -1.2327 0.57305 0.87893 0.40368 -0.96176 -0.16567 -1.813 -0.28538 -0.95271 0.61003 0.28542 -0.87316 0.94251 0.25808 1.7921 1.7856 1.4219 -0.44508 -0.095771 0.55851 -1.822 -0.31059 1.7905 1.4924 -0.78047 0.53225 1.2448 -0.84139 2.4338 0.75075 -0.9942 -1.8279 1.2541 -0.84757 -0.88056 0.91005 -1.5008 -1.3874 0.99483 0.45719 -1.648 -0.82397 0.29209 -0.044044 0.93859 -0.053742 0.43683 -1.3928 -2.792 1.4148 2.846 0.24094 -0.74738 1.2532 -2.4018 1.6051 -0.03459 1.0345 -2.2233 1.6287 0.96456 -0.6156 -1.0816 -0.4134 1.9782 -0.19559 0.47555 0.16092 
apelsin 0.29737 -1.4154 -0.092026 0.83627 0.18974 -0.7399 0.95091 0.046313 0.39861 1.5639 -0.030714 0.18233 0.63219 -0.16273 0.95949 -0.23557 0.84373 1.1355 0.21353 -1.1888 -0.22719 0.6573 -3.9356 0.11355 1.1336 -0.61919 -1.5362 1.1819 -1.637 -1.0724 -0.83874 -0.54416 -1.6574 0.74534 0.72256 0.25521 -1.472 0.20759 -0.4982 0.0046587 0.72412 -0.14939 1.126 -1.4345 1.5178 0.27679 1.3429 1.4164 0.37531 -0.55069 -0.86013 -0.46153 -0.73461 -0.24915 -0.74675 1.5485 1.0507 -0.044438 1.076 0.32626 1.855 0.67397 -0.71936 0.42543 -0.052109 -0.26613 -0.58425 0.57556 -1.3159 0.85402 -0.21817 0.66457 0.11216 -0.33415 -1.0391 0.14349 2.2591 -0.87663 0.45139 -0.303 -2.0061 0.049673 1.8136 -0.39789 0.50391 0.50911 -1.0133 0.85812 -0.027079 0.76788 -1.4699 0.88724 1.0543 -0.49786 -0.23958 0.11179 0.13306 0.85013 0.63574 -0.56142 
te -1.4329 -1.9705 6.8519 -0.15606 0.070768 -3.6533 3.6138 -0.4497 5.9401 2.7016 3.5759 1.1085 -1.1257 4.2182 1.579 6.5539 -4.8081 -1.6353 1.4044 -5.9393 7.2771 0.67369 -5.8061 -1.9225 2.1215 1.8759 0.7493 5.938 -1.5323 -4.364 -2.8214 1.2236 0.52821 0.74945 -0.37016 -1.289 -1.4751 -0.63427 4.795 -2.3154 5.1599 -1.9237 -1.0978 3.1855 4.489 0.86919 4.7752 -0.22548 2.2571 1.485 -3.5227 1.703 -4.2776 -0.094897 1.8995 2.6645 0.46861 -0.64467 6.0307 -2.7794 -1.4949 -1.7172 3.6395 -1.4992 -0.64181 -0.81218 -1.4736 -1.0253 -2.1533 -4.229 -1.6835 -2.1955 0.34272 0.17494 2.9824 -3.7882 2.236 0.97806 0.6893 1.4551 -5.6224 2.1267 0.90331 -2.8404 -0.99359 1.8638 1.2379 1.8419 -3.619 -3.1227 2.4454 1.5256 3.7158 2.5362 -1.0761 -0.58938 -1.3098 -2.2264 1.9305 0.68248 
vitlök 0.49987 -3.7373 0.96276 -0.96729 -0.40688 -0.43666 1.5751 0.13387 -0.42449 -0.11016 0.46322 0.40336 1.4154 0.64064 -0.38686 -0.21324 0.11636 -1.5852 -0.18769 0.66139 1.6496 0.17619 -0.1681 -0.38784 -0.27014 1.4579 0.005083 -0.0134 -0.76055 1.9107 0.45646 -0.30654 0.47949 0.33557 1.6255 -2.0815 -1.0729 -0.5298 1.1974 -0.971 1.4333 -0.01228 1.7839 -0.76744 -1.5299 -2.6414 -0.85011 1.9535 -0.063152 -2.0148 -0.13412 -0.18827 0.52905 -0.86472 -0.32987 -0.68572 -0.46028 0.46501 1.6941 0.066828 1.9773 0.033093 0.18838 1.0659 -0.48303 1.3133 -0.26663 -1.457 -1.5506 -1.2964 1.17 1.1622 2.0597 -0.45843 -0.82587 -1.1666 1.0408 1.266 0.39689 0.10698 -1.1763 0.31958 0.68105 0.38195 -1.5051 0.98757 -1.6055 0.90189 -0.87515 2.6394 -1.197 2.4524 1.3451 -0.27421 0.054003 -1.7192 0.2402 3.5717 0.21461 -0.065138 
honung -1.0197 -1.89 -1.0224 -0.22067 0.051627 -0.15309 1.2552 1.2584 -0.2642 0.50303 0.72108 -0.53247 1.5926 0.44127 1.7266 1.2297 -0.55613 0.32179 1.2165 -0.69028 -0.78219 0.47729 -1.3786 0.094037 1.6048 -1.9096 -0.85671 0.26006 -1.1932 -1.7061 0.37414 -1.0948 0.62124 2.2511 1.3635 0.87261 -0.91227 0.83881 -1.5782 0.58329 0.37342 0.50957 1.1335 -0.79196 -0.26173 -1.3626 -0.2089 0.96869 -0.3723 0.24725 -0.036526 0.19051 -2.036 -1.2043 0.1048 0.28873 2.1611 -0.86349 -0.4099 -0.026491 1.1109 0.29075 0.22472 -0.40319 -1.3191 0.70186 0.19806 -0.60673 -0.93945 -0.50836 -1.094 -0.86341 -0.073882 -0.63343 0.62624 -1.0454 1.3033 -0.20385 0.20352 0.15429 -1.9245 0.43345 1.4028 2.179 0.20527 0.065263 -0.28031 1.6561 -0.056534 1.3407 -1.3409 1.2769 1.2041 0.71568 -0.068288 1.3614 0.44978 -0.55482 -0.55853 -0.1697 
körsbär 0.24339 -1.4094 -0.69602 0.45151 1.0552 -0.44857 -0.84622 1.8002 0.78043 1.7611 0.41732 -0.44347 -1.5027 0.35387 2.3894 1.8497 -0.63368 0.36743 -0.29993 -0.48073 -0.30196 1.5097 -3.1024 1.7522 0.37734 -0.92323 0.38733 0.45606 -1.9469 -0.091904 0.04832 -0.10842 0.50663 0.19703 0.60106 -0.52601 -2.4791 0.8659 0.39787 0.99519 0.51905 0.71229 -0.68601 -0.08422 1.7308 -0.20016 1.0596 2.1714 1.7201 -0.16726 0.96166 1.3705 -1.6376 -0.60641 -1.6331 1.1149 0.45546 -1.0333 -1.3985 1.208 -1.0761 0.60296 0.79109 0.076951 -0.89106 -0.13702 -0.092468 -0.21583 -2.2615 1.4191 0.43205 -0.054379 0.26246 0.36437 -1.9123 0.90554 1.2201 0.34127 0.64363 -0.59073 1.0943 1.7955 1.9186 0.94587 0.50486 -1.2547 -1.224 0.21307 -2.5524 2.2197 -1.5585 -0.10391 -0.076819 -0.40561 -1.1123 2.0843 0.479 -2.0211 -0.10785 -0.59537 
bensin 1.0428 -0.63609 -0.01448 1.3366 -2.2674 -0.74572 0.89297 0.17841 -0.041334 -0.15707 0.49026 0.65631 0.27853 -0.88932 -0.17508 -0.89433 -0.17771 -1.1198 -0.31826 1.211 1.4156 -0.55614 0.46101 -0.46899 -0.64611 -1.1963 -0.67106 1.1443 0.91113 -1.4572 0.10155 -0.93045 0.7443 0.2107 -1.4905 0.082086 0.63195 1.1047 1.1693 -0.66024 1.2898 -0.40279 1.6996 0.40597 0.30376 0.51838 0.096951 0.54502 0.078776 0.12801 0.92998 0.3629 -0.78217 0.33946 1.16 1.5662 -0.020432 1.0886 -0.74338 -1.425 -0.17207 0.65473 -0.10376 1.3992 -0.84753 1.1445 -0.02096 1.6274 -1.5554 -1.2259 0.22779 -0.019725 0.46978 0.41442 -1.8642 1.4022 0.61415 0.27515 0.67416 0.23911 -0.15167 -0.231 0.64924 1.1215 0.59207 0.44026 0.16876 0.1024 -0.94845 1.4473 -1.2285 -0.040942 0.33866 -1.5772 -2.2809 -0.047117 0.54076 -0.45159 -0.1061 0.31544 
djur 0.54446 -0.86634 0.19184 1.1267 0.66771 0.04057 -0.74919 -2.018 -1.4873 -0.92247 -1.0161 -1.0283 -1.4371 0.15106 0.67505 1.4359 0.84736 0.45852 0.65598 3.3679 -0.78516 0.3449 2.5403 1.3634 0.65331 -0.8459 -1.1372 0.30078 -2.8072 0.88034 0.52888 0.81742 0.97795 -1.7931 -1.402 -0.74396 1.3071 0.65405 -1.0024 0.39381 0.99754 -1.5294 -0.42156 1.0658 -0.81509 -0.3106 -1.165 -0.83414 0.028816 2.2043 0.81947 -1.1703 2.6387 -0.38582 -0.67458 -1.7226 1.211 0.48795 -2.6508 -0.59348 0.54346 -0.50502 -2.0146 -1.3548 -0.58085 2.2381 0.91126 1.3059 -0.63614 -2.6375 -0.089298 -2.6425 0.32936 -1.3844 -0.18459 -2.1519 0.58386 3.7219 -1.3393 -0.51111 1.2988 0.34934 2.2116 2.2101 1.3689 2.5197 1.4614 0.11866 -0.88644 3.8827 -0.093024 1.5267 2.2859 0.64607 -1.2303 0.29655 -0.85652 -3.3961 0.49327 -1.6764 
persika -0.32556 -0.95043 -0.61863 -0.2135 0.64967 -0.65203 0.92026 0.82293 1.6074 0.83419 0.24045 -0.40955 1.4104 0.57922 1.3171 -0.46806 -0.46085 -0.216 0.50861 -0.89916 -1.0577 0.71901 -1.469 1.3797 1.4842 -1.5806 -0.38758 0.79761 -1.2684 -0.11909 -0.22942 0.12928 -0.19828 1.6305 1.1792 0.055126 -1.8366 0.55849 -0.56682 0.33333 0.50392 0.77179 0.7521 -0.17555 0.39411 -0.50819 1.0711 1.3633 1.2944 0.08584 -0.27683 -0.65527 -1.5852 -0.27904 -0.34101 0.94747 1.4591 -0.40347 -0.20129 1.2502 0.48026 -0.354 -0.19021 0.00077973 -0.52439 -0.56559 0.1944 -0.80472 -1.5527 0.65299 -0.5154 -0.1974 1.1253 -0.29296 -9.204e-05 0.49398 1.7655 -0.96555 0.6561 -0.54194 -1.2269 -0.30308 1.4404 0.96617 1.0495 -1.3253 -0.031841 0.32285 -0.1034 1.1875 -0.74565 1.9423 0.77307 -0.61373 -0.19919 0.81381 -0.033565 0.30819 -0.55239 -0.27398 
ägg -0.078122 -2.3912 0.33096 0.70402 0.40703 -0.74405 0.1067 1.8426 1.2926 0.14633 1.1085 3.571 -0.89992 1.0773 1.0903 2.2129 -1.4107 -1.7258 -0.44531 1.9937 3.8238 0.29903 -1.2139 -1.4397 -3.7373 3.7637 2.8608 0.20428 -0.37503 -2.1182 -1.2321 1.9642 -0.48874 2.3224 0.5589 -0.72242 0.38339 -2.4903 -1.9514 0.50482 2.5555 1.572 1.4265 0.72827 -2.5985 -0.58958 -2.3696 1.4564 -3.2688 0.28144 1.1184 -1.0255 1.5521 -1.0062 -0.7813 -0.19964 2.6685 0.1406 3.7943 0.65874 4.5594 0.53799 -0.76152 -0.3945 -0.038231 3.3514 0.7898 -1.1707 -1.5718 -1.8327 1.0437 -0.27892 2.4753 -0.82043 -2.022 -2.2793 3.6178 0.59759 1.592 -0.62725 1.0818 0.57693 1.7671 -0.013347 -0.27235 2.6995 -1.9802 0.053571 0.17477 0.61563 -0.39628 1.8103 1.4919 0.017506 -0.89034 0.90908 -4.5429 0.78075 2.0692 1.2032 
mint -0.72226 -1.9575 0.017114 0.19932 -0.97303 -0.60465 1.8285 -0.7692 1.213 3.3224 0.23874 0.16919 1.4239 0.94174 1.3021 1.2128 -0.73419 0.10212 0.94966 -1.2193 0.98619 1.1156 -2.2022 -0.53644 -0.96393 1.5925 -1.7825 -0.065087 0.17937 -1.3691 0.64349 -0.84346 0.54558 2.0096 0.9834 1.1745 -1.6339 0.048556 -0.27183 -0.89911 -0.19084 -0.059852 1.2669 -1.7596 3.1604 -0.25513 1.3502 0.88573 2.5359 -0.61115 -1.8945 -2.5032 -0.64848 -1.9327 -1.7423 1.802 1.4836 -2.1208 0.66203 1.3831 0.081123 -1.6097 0.371 -0.88039 -0.21308 -0.83873 -0.6846 -0.67623 -0.26187 0.1919 -2.1084 1.5845 -1.2045 0.30639 -0.89901 0.86555 -0.41797 1.0587 -0.4353 1.0827 -1.7112 -0.3639 3.1555 0.3429 -1.207 -1.4098 -0.61938 0.24313 -0.73622 2.2793 -2.1777 1.4229 0.012851 -1.9162 -1.5084 -0.27399 -1.1037 1.8235 -0.62024 0.023088 
blod 1.3897 -0.72978 -1.4434 1.309 -0.79942 1.8455 -1.1252 -2.8243 -1.0549 -0.53095 -0.094337 -0.26812 -0.30752 -0.91397 0.91461 0.24792 -0.079543 0.016241 -2.3993 1.6068 -0.079533 1.169 -0.024724 1.0902 -0.7669 0.92794 -1.1134 -0.06194 -0.31832 -3.0628 0.34366 0.10688 1.3551 0.892 -0.99536 -0.30936 -0.66243 0.55532 0.41112 -0.23995 2.3989 0.54599 0.93371 1.1186 -1.6689 -0.76494 -2.4057 -0.86345 -0.44959 -1.1573 0.74467 -1.0448 2.0853 -2.0929 -0.32354 1.7301 3.2042 -0.76237 -1.5037 -0.25432 0.088818 -1.07 0.46565 0.56055 0.16386 2.5101 -1.0874 -0.45276 -2.3422 -0.2296 -0.15495 -1.214 -0.41614 -0.87958 -1.1584 0.26477 1.7103 2.4236 2.007 0.21102 -0.4147 2.0886 2.0779 0.64537 -0.5398 -0.020733 -0.24336 1.6983 -3.1485 3.2004 -0.14798 2.0589 -1.6002 -1.904 -0.80919 1.4031 -1.9745 -0.75566 1.0167 0.054808 
ost 0.051273 -5.6111 1.9601 1.3346 1.5753 -0.028081 2.0301 3.5596 -0.0021772 -2.3884 1.6127 3.0635 1.387 0.73742 1.1826 2.3806 0.847 -0.84851 -0.84761 1.0439 4.0074 4.7207 -1.9835 -1.9462 -2.2298 1.5178 1.9971 5.1523 -2.0936 0.37595 -2.4369 1.4826 0.63912 -0.048429 0.5084 -0.32764 -3.7888 -2.7381 1.0415 1.2287 2.7232 -0.13432 -1.4666 3.1512 -2.6491 -2.5828 -0.17093 2.1864 -0.85424 -0.66914 0.92821 0.74081 2.5049 0.022229 -2.3948 -1.2789 1.0084 1.1217 1.0555 0.040804 1.7731 1.3477 0.30242 0.86922 0.29415 0.63639 1.1269 -3.5611 -2.5345 -1.384 2.1677 -1.5027 1.5977 -0.90461 0.5278 -0.63659 3.1276 0.74952 1.3393 -0.55496 -0.28677 0.67809 1.2615 -0.89534 -0.62193 2.5299 0.28214 -1.7255 -0.29998 0.68384 0.24572 4.2532 2.1918 -0.51352 1.6073 -1.7829 -0.68154 1.4146 0.61695 1.1178 
lakrits -0.29437 -1.4004 -0.17799 0.82516 0.50749 -0.43815 -0.70601 -0.11188 0.64787 1.6933 1.0075 0.19245 -0.018875 0.53325 1.3076 1.6618 0.48555 1.4486 -0.09036 -0.32137 0.21911 1.1001 -2.3619 0.52922 0.63727 0.61417 0.80804 1.0475 -1.6788 -0.14595 -0.17235 -1.3525 1.6189 1.1525 -0.15842 -0.49684 -1.6457 1.1359 0.49296 1.1879 0.47668 0.068443 0.37194 0.39841 1.9099 -0.56706 0.58469 2.2118 0.055847 0.053565 0.50787 0.75621 -1.5497 -0.18473 -0.91582 1.3367 0.56271 -0.37952 -0.35893 -0.11323 -0.54898 0.65684 0.95704 -0.0065101 0.53696 0.33425 -0.85243 -0.59687 -1.1335 -0.061714 0.86248 -0.94928 -0.97243 -0.18997 -1.7931 -0.16343 1.4096 0.63674 0.23318 0.31485 -0.42966 0.7444 1.7542 0.9033 -0.67443 0.079293 -1.1995 1.0982 -2.1707 0.73589 -0.67092 0.7367 1.2383 -0.66425 -0.65938 0.70513 0.11692 0.1159 -0.58687 0.68675 
lök 1.5685 -5.9865 -1.048 -1.0878 -0.27796 -0.62034 1.6887 1.4597 -0.87878 -0.11785 1.0579 0.65597 1.6777 1.2313 -1.004 0.89704 0.4935 -2.7064 -0.68488 0.42951 2.6094 0.044305 -0.78262 -1.7186 -0.30874 2.4113 0.49171 -0.3806 -1.5138 2.133 -0.88966 0.00060672 0.5427 2.083 2.44 -0.61829 -2.3345 0.036387 -0.099632 0.073693 0.9181 0.85843 1.3039 -0.93895 -4.0486 -3.9881 -3.8563 2.8323 -2.9601 -2.2532 0.15423 0.99671 2.5971 -0.97806 -1.3295 -1.4847 -1.9015 0.30079 2.6538 -1.1417 2.9125 -0.35527 -0.41752 0.03799 -0.92964 2.3692 0.21015 -1.3201 -3.3541 -2.3981 1.0475 3.2906 2.342 -1.4991 -2.9924 -1.3374 3.8486 1.672 -0.14939 -0.73642 -2.6182 2.8103 0.4495 0.93242 -2.0503 0.94217 -3.3662 -0.86014 -1.9083 3.9839 -2.7827 4.5544 2.5602 -2.0015 -0.83061 -3.3918 -1.2104 3.2371 -1.4534 0.084102 
tobak 1.2722 -0.56933 0.21231 0.53176 -1.4829 -0.36506 -1.4601 0.47531 0.46521 0.62074 1.8549 -0.39499 -0.39763 -0.95945 2.1918 0.33763 1.1765 1.3212 -0.57345 2.1513 0.22038 1.753 -2.4039 0.73609 1.1236 2.2803 -0.1617 1.5377 -2.1161 -0.45182 0.68536 -2.4002 0.89747 1.028 -0.59955 0.62494 0.051276 0.9606 0.26382 1.1816 0.65959 0.49577 -1.5242 0.87828 0.2193 0.62418 1.2239 1.5961 0.45298 -0.24174 0.67577 1.5414 -1.8136 -1.1573 -0.43019 1.6532 -0.05475 -0.16529 0.00028884 -0.2343 -1.4168 -0.091698 0.94358 -0.10376 -0.32206 0.68106 -0.68233 -0.65653 -1.9669 1.0374 0.82274 0.014229 -0.82969 1.0429 -1.1056 -0.32462 1.1837 1.1461 1.2405 0.34023 -0.98065 0.94134 2.3597 0.28595 -0.091256 -0.71566 -0.762 0.14006 -4.2315 2.4927 -2.6411 1.608 1.6462 -1.2428 -1.923 -0.10304 0.58078 -1.0389 -0.32313 1.1243 
grapefrukt -0.16487 -1.0757 -0.078438 -0.26524 1.1983 -0.2933 0.85007 0.14408 1.4021 1.8423 0.65436 0.17594 1.5006 -0.018335 2.447 -0.13485 0.39224 0.31793 0.63286 -0.19023 -0.11332 0.64408 -1.5224 1.7634 0.90358 -0.90584 -1.1314 -0.13872 -1.2396 -0.71906 -1.3248 0.13114 -1.4926 0.70186 1.7522 0.77073 -1.4184 1.2862 0.11016 0.59194 -0.16546 -0.53436 1.0173 -1.1644 0.81756 -0.30378 0.58438 0.91768 0.56053 -0.64968 -1.141 -0.52754 -1.5292 -1.2788 -0.60406 1.0981 0.981 -0.94288 0.63305 1.6395 1.2989 -0.10137 -0.24842 0.48555 -0.51694 -0.22083 0.2376 -1.6215 -0.78306 0.16214 -0.24343 0.10026 0.074407 -0.19275 -0.78693 -0.32029 0.66238 -0.67453 0.024662 0.55947 -0.80923 -0.59409 1.7324 0.48373 -0.32896 -0.92294 0.24632 0.39929 -0.75472 0.74571 -1.2445 0.8383 0.9581 -1.5392 -0.67651 1.5118 -0.11355 0.10727 0.018252 0.0038706 
urin 0.34544 -1.8324 -0.22079 1.6386 -2.4272 0.09463 0.48582 -0.78039 -0.62926 -1.0556 0.465 0.21248 0.33117 -1.3019 1.7609 0.12149 0.5736 -0.68744 -2.9573 0.92918 1.8398 1.8786 2.4841 1.4678 -1.8995 1.389 -0.87919 1.2845 -0.71605 -1.5932 -0.15524 -0.7559 0.24617 -0.19377 -1.7311 1.3717 0.71206 0.023408 -0.096567 0.57272 1.4578 -1.4305 1.1917 -1.2852 -0.87755 1.8252 -0.56128 -0.65504 -1.168 -2.07 -0.85007 -2.0005 1.907 -1.578 -0.17399 -0.064759 1.3015 1.4723 -1.6873 -1.1039 -1.2469 -0.38568 -0.20346 1.5483 0.049423 2.1681 0.94232 -0.52794 0.23223 -0.76206 0.078068 0.22893 1.0257 1.3348 0.70593 0.066719 3.8148 0.55489 0.086085 -1.2558 0.8816 0.40667 1.4988 1.7158 -0.54937 0.087951 -1.3847 1.3626 -1.7562 1.4305 -2.0649 2.2708 0.8369 -1.6233 -3.0867 1.3397 -1.3097 -0.091133 1.196 1.2919 
läder 0.50722 0.076963 0.88693 1.5257 -0.3181 0.34119 -1.7593 0.20576 1.4765 -0.29592 0.78772 -0.4864 -0.28832 -1.2465 1.8965 1.5044 1.7604 0.89652 0.63389 0.70751 0.4459 0.56973 -1.6701 1.1985 1.8099 0.57291 -0.18647 2.2518 -1.572 -0.32984 -0.24892 -1.7113 -0.15225 -0.65686 -1.1983 0.58805 -1.9635 1.1089 -0.45169 1.3059 0.70598 -0.32776 -0.39129 0.8394 0.79101 0.014981 1.389 1.1466 -0.14942 0.18393 0.12664 2.5945 -1.3891 -0.93968 -0.085765 0.8376 0.92973 -0.68774 -0.94824 -0.32037 -1.2254 0.99593 1.3013 -0.55289 0.072949 0.73825 -2.1076 -0.029916 -2.2273 0.091216 -1.0351 -0.68227 0.15177 0.65048 -1.9947 1.3688 0.77835 0.12433 1.6109 0.99162 -1.0053 1.3708 1.9427 0.8582 0.12885 -1.0552 -0.77037 0.062609 -3.2236 0.56319 -2.1893 1.5027 2.032 -1.1414 -2.419 1.2656 0.41091 -1.5588 -1.3632 1.1884 
hö 0.2346 2.8802 -0.73642 -0.014524 -2.5313 2.3462 -2.5566 -1.2929 1.0365 -1.3028 2.0954 -1.6944 -2.2683 -0.073549 2.7077 3.2034 0.65867 -0.2794 3.9495 -0.078302 3.2676 -1.6764 1.2129 -2.9706 0.81604 -3.4733 -0.68487 2.678 -2.1539 -0.52585 1.901 2.828 -1.7595 2.6828 -0.93406 3.0152 -1.6012 -1.1192 -1.0926 4.8846 0.59221 0.5064 -0.86226 -1.1499 1.1653 -0.095476 1.2823 0.20414 -0.27987 4.5353 2.6962 -1.3957 4.1135 -2.2258 -1.6091 2.1716 0.13123 -0.44148 -1.0075 0.85275 -0.82159 1.8594 1.9853 -1.1345 -2.4875 2.1069 -0.14472 -0.079979 -2.3986 -5.1273 -0.058953 -0.36533 0.73276 -0.86442 -0.37392 -7.0721 0.019132 -1.3481 0.5193 1.0429 -1.2021 0.69145 -1.3438 7.0236 1.309 0.18853 0.47664 -1.3854 -2.622 5.4084 -4.096 4.0036 0.76078 -1.0627 -3.3682 3.967 -1.4095 -4.0546 -2.1259 0.11438 
tjära 0.74516 -0.83979 0.05977 0.18344 -1.3859 0.76785 -0.25959 -0.93805 -0.4925 0.52715 0.28903 0.59225 -0.49695 -1.5168 0.04088 1.6542 0.20577 1.3544 -0.53661 -0.59081 0.66686 1.4459 -1.2964 0.77363 -0.052221 1.3067 -0.65301 0.48258 -0.59392 -0.37575 1.1867 -2.159 0.90558 0.061009 -0.43283 0.52641 1.0625 -0.11694 -0.1677 1.0866 1.1628 0.58603 0.25972 0.99285 0.39396 -0.92646 0.51093 0.45501 -0.46291 0.43964 0.44596 1.374 -0.97431 -0.099398 0.63954 1.0078 1.5043 0.096005 0.36232 0.58073 -2.1422 -0.19023 0.37288 -0.16886 -0.59578 1.6857 -0.0036193 -0.74664 -1.4115 -1.8312 0.6075 -0.98238 -0.13015 -0.14625 -1.2734 -0.18753 1.1749 0.72664 -0.53417 1.9967 -0.43789 0.26931 1.0289 1.1472 0.29408 -0.92514 -0.40121 -0.36752 -2.8303 1.0226 -2.7838 1.6987 2.0971 -1.2638 -2.9904 1.7515 1.4758 -1.1157 -0.46279 0.88887 
svamp 0.75063 -1.0599 -0.50279 0.92617 0.97819 0.38582 -0.14004 1.0314 0.71582 0.48675 0.15116 -1.1867 -0.63873 0.43964 1.989 2.6438 -0.48743 -1.5444 0.9338 1.2518 0.90377 0.90451 -1.3131 1.2337 0.9913 1.3099 -1.1685 0.8493 -0.88922 -1.2289 -0.96748 -0.86134 -0.13818 0.37354 -0.10654 0.33225 -1.2489 0.36427 -0.076409 0.69101 0.13531 -1.0306 -0.5856 -0.016586 -0.38107 -0.60699 -1.6161 -0.026864 -0.92421 0.40698 0.57426 1.8591 2.2278 -1.0919 -0.80949 -0.14237 0.59657 -0.42314 -0.39231 -0.030065 -0.25845 -0.094287 -0.79962 -1.8474 -0.49006 0.86592 0.27943 -0.94624 -0.71737 -0.43414 0.26581 0.50074 -0.38037 -1.8558 -1.4586 -0.5435 1.4063 2.4171 -0.043419 0.23621 -0.89893 1.017 1.0322 1.3293 -0.32909 0.65574 -1.8684 -1.5272 -0.51464 2.06 -0.1724 1.9475 0.60502 -1.4436 -1.5691 1.9234 -0.62265 0.28036 -0.44551 -1.2939 
hallon -0.34692 -1.0585 0.31868 0.68057 1.2587 -0.013892 0.15201 1.177 1.2981 1.3805 0.27369 -0.54432 -0.94988 -0.16397 0.66765 1.4365 -0.59043 -0.07305 0.48199 -0.861 1.3826 1.6246 -2.5029 1.9275 0.75896 -0.64643 -0.22591 -0.38491 -1.6856 -0.16314 -0.13459 1.0043 0.2556 1.1109 -0.20858 -0.049317 -1.7387 0.62934 -0.012252 1.2448 0.89501 0.69584 0.53835 -0.41509 1.3238 -0.098925 0.74858 0.97265 1.6058 -0.67819 1.1527 -0.51081 -0.5865 -1.1864 -1.1832 1.3117 1.3918 -1.0852 -1.1403 0.69618 -0.20066 0.054386 0.4058 -0.48441 -0.6936 0.1026 0.32116 -0.95998 -0.74559 0.071108 -0.66231 0.40546 0.37459 -0.56786 -0.0041612 0.50369 0.46516 0.32227 0.62492 -0.033034 0.9339 0.46583 2.73 1.4021 -0.19894 -1.3104 -0.63156 0.53213 -0.68789 1.6551 -0.61001 0.62664 0.3036 0.027642 -0.28207 1.6908 0.27309 0.38564 -0.45086 -0.52938 
mandel -1.1832 -1.6154 -0.34415 0.59054 0.49525 -1.1643 1.6254 0.77178 -0.96889 1.5765 -0.65396 -0.15964 2.0797 -1.0493 1.646 0.17261 0.71597 1.542 1.0132 -1.2607 0.35891 1.1451 -1.5569 -0.47187 0.90694 0.20646 -0.46982 2.0692 -1.0382 -0.77359 -1.0541 0.62768 0.40495 1.1202 0.61903 0.80313 -1.3007 1.7044 -1.7555 1.0551 -0.56863 0.49307 1.28 0.32358 0.52688 -0.91761 -0.75476 1.3106 0.36892 0.36816 -1.1207 1.3085 -2.6284 -0.28084 0.10776 1.1963 0.70403 -1.8263 -0.14389 0.58112 0.83259 0.64384 -0.95914 -0.36261 -1.087 0.51446 -0.20038 -0.19822 -2.3838 0.59149 0.012687 -0.52416 -0.5949 -0.88404 0.45329 -0.14328 1.7126 -0.56766 1.1991 0.5718 -2.2446 0.72827 2.0545 1.8764 0.078463 -0.14981 -1.4778 0.64792 -0.70463 0.63577 -1.5084 1.2293 1.7149 -0.85351 -0.54515 0.89101 1.9267 0.45913 -0.68237 0.060665 
björnbär 0.045821 -1.1459 -0.82574 1.0829 1.3228 -0.467 -0.99462 0.26451 0.50735 0.98912 0.43142 -0.1259 -0.90553 0.71905 1.9526 2.2248 0.51838 0.97492 0.043146 -0.50963 -0.92242 1.4234 -2.5203 1.9635 1.3416 -0.34202 0.21779 1.0545 -1.9249 0.32366 0.26824 0.070672 1.0851 -0.60271 0.091027 -0.20621 -1.4688 0.87569 0.75299 0.76304 0.84016 0.86676 0.064646 0.03555 1.506 -0.059754 0.52697 1.69 1.2513 -0.033835 0.38009 0.88449 -2.1794 -0.8701 -0.52965 1.3426 0.65243 -0.60358 -1.4361 1.0636 -0.33376 0.72445 0.59761 -0.054562 -0.51298 -0.36023 -0.41381 -0.49161 -2.0883 1.3866 -0.50905 -1.0131 0.45009 -0.28123 -1.3979 0.32938 1.2472 -0.32719 0.13564 0.60696 0.95926 1.5207 1.2224 0.47507 -0.078856 -0.80236 -1.6811 -0.2812 -2.5962 2.2987 -1.3 0.76141 0.50508 0.53502 -0.64637 2.0315 0.064062 -1.8803 0.3891 0.49045 
kola -0.080813 -1.7736 0.88049 0.77355 -0.26608 -0.2207 -0.55288 1.4737 -0.37908 0.27394 -0.35562 -0.79147 0.81887 1.3886 1.8325 2.2913 -0.74007 0.4319 1.3332 -0.88405 1.7132 -0.44768 -3.0088 -0.3871 0.90263 0.32526 0.69384 0.96757 -1.5456 -0.96346 -0.60975 0.65846 1.1301 1.4748 0.31446 0.97032 -0.51232 -0.065626 -1.2842 2.0683 1.3973 0.63025 2.2315 -0.70798 0.85925 0.091703 0.93642 0.44712 1.2512 0.080213 1.3509 0.47673 -0.92106 -1.1507 1.447 1.2744 1.6155 -0.7824 -0.28569 -0.29946 0.25745 0.24114 0.092183 -1.3454 -0.89429 -0.598 0.95195 -0.69605 -2.9134 0.62276 0.15298 -1.311 0.81558 0.58414 0.93176 0.89446 0.23032 -0.0024159 2.3926 -0.22833 -0.64304 0.048921 3.4924 0.95362 0.70853 0.049978 -2.0195 0.22942 -1.0135 0.1677 -1.1668 0.19583 2.0538 0.60335 0.60233 0.75732 0.76522 0.63176 -0.08165 -0.0036743 
rökelse 0.54032 -1.698 0.85931 -0.66358 -0.35415 -1.0599 0.28967 -0.18267 -1.5834 0.62547 0.58739 0.69028 0.16346 -0.82543 -0.421 -1.117 -0.043295 1.2452 -0.046841 -0.13113 1.0525 -0.080815 -1.5265 1.1768 1.0317 1.3219 -0.051872 0.70027 -0.8065 -0.049516 -0.62803 -0.84208 0.41658 -1.3981 -0.27371 -0.27589 0.85411 1.0381 -0.31303 0.99157 0.97101 0.50837 0.32443 -0.42172 -0.0037066 1.0845 1.5592 -0.90293 0.029015 -0.048447 -0.74001 0.63649 -1.9509 -0.99773 0.94222 1.4016 0.57669 0.62485 -0.27185 -0.66999 0.70568 -0.57102 -1.3678 -0.14221 -0.51114 0.40856 -1.5818 0.42906 -1.2698 -0.77289 0.64144 -0.43443 -0.72062 0.18596 0.57815 0.41214 0.83136 0.062689 -0.48043 0.47633 -2.0444 0.88422 1.4613 -0.18442 -1.0648 -0.0070581 0.55176 0.949 -2.6215 1.3391 -0.15555 1.4417 1.8335 -1.1685 -2.3142 -0.80131 1.2064 -1.0465 0.034334 -0.44898 
gummi 0.37505 -1.0076 -0.72929 1.2084 -0.38048 0.59242 -0.98671 1.5871 -0.27432 0.65424 0.069461 1.0714 0.7681 -0.85773 0.77287 -0.10411 0.15435 -1.5491 1.3044 1.873 1.6229 0.90299 -0.22914 -1.6614 -1.5538 -0.11547 -0.0080246 1.6687 0.097834 0.13852 1.0414 -0.76925 0.56192 0.51049 -1.4457 1.443 -0.60579 1.2102 -0.10447 0.68885 -0.075635 0.54879 0.80691 0.47262 1.2339 -0.81708 0.11215 0.46712 -1.3608 0.91208 0.048237 0.80953 0.094746 0.44033 0.60862 1.747 -0.0597 -1.2164 -0.99518 -0.68954 0.12595 0.34296 0.95521 0.35395 0.35576 1.1972 0.080405 -0.23852 -2.4963 -0.60003 -0.15622 0.56394 -0.83108 -0.48097 -1.1042 1.1058 0.93604 1.3048 0.59935 2.7144 -1.0149 0.67556 1.454 1.1263 1.1637 -0.090772 -1.0398 0.2506 -1.4188 2.0825 -0.53198 0.79116 2.4205 -1.5629 -1.8346 0.42391 0.84331 0.18294 -0.076374 -0.57911 
rengöringsmedel 0.3344 -0.34824 0.14837 0.32213 -1.35 0.31343 0.12775 0.26409 0.089802 0.083141 -0.23888 -0.71555 -0.043618 0.68882 0.22567 -0.21888 0.65513 0.097356 -0.37447 1.1011 0.58751 0.4231 -0.68751 0.15309 -0.35991 0.69875 -0.65129 0.12447 -0.68399 -0.94474 -0.8871 -0.76898 -2.0407 0.32417 -0.75533 0.85954 -1.473 0.62742 -0.062542 -0.69255 0.36487 -0.93773 1.6712 -0.9523 1.3071 0.89847 -0.33522 0.046317 -0.69824 -1.2096 -0.60033 -0.50522 -1.09 -0.52288 0.27195 -0.42257 -0.92667 -0.18172 -0.88379 -0.63562 0.32426 -0.08967 -0.13776 -0.36162 -0.54187 0.34289 0.10662 0.42125 -0.2957 -1.0975 -0.10608 0.36617 1.4282 1.2637 -0.089339 0.45236 1.0888 -0.36157 -0.3444 -0.38383 -1.5016 -0.15006 1.4475 -0.30186 -0.33748 -0.097689 0.85403 1.1262 1.027 1.995 0.26123 1.0884 1.1907 -0.49776 -1.9819 -0.17262 0.6677 0.32499 -0.31677 -0.7991 
potatis 1.726 -1.7316 0.30791 -0.18215 0.039521 0.13034 0.97263 0.39406 0.34575 0.3639 -0.19886 0.30657 0.028548 0.84153 -0.16042 1.8386 -0.47035 -0.60823 0.012116 1.3264 1.7612 0.47808 -2.3925 -0.79358 -1.1028 2.1152 0.97062 1.3197 -0.97184 1.1189 -1.2589 1.2264 0.086204 1.0331 1.0694 -0.64459 -1.8474 -0.17778 0.062504 0.13511 1.1446 1.5778 1.1902 0.030998 -1.2916 -1.3767 -1.5545 0.79093 -0.61995 0.56014 0.5457 1.2129 0.41232 0.075057 -0.44158 0.03874 -1.0723 -0.18124 1.0954 0.79472 2.5295 0.33316 -0.28462 0.058458 -0.68197 1.4787 0.39041 0.10803 -1.2325 -1.4562 1.5332 -0.045268 1.4988 -1.0841 -0.90158 -0.56794 2.5297 0.12158 0.21741 -0.28285 0.10753 1.2765 0.58865 -0.34175 -0.81752 0.59784 -2.0311 -0.39849 -0.15735 0.83082 -0.5827 1.636 1.2524 -0.54012 1.1675 -0.93677 -0.90982 0.91253 0.6938 -0.22328 
päron 0.093828 -0.54981 -0.32694 0.2171 1.1355 0.36349 0.89157 -0.021121 1.7579 2.2214 0.9795 0.24937 0.32405 0.42997 3.1609 0.068252 0.21701 -0.065792 1.2621 -1.377 -0.59501 0.56475 -1.7068 0.40063 0.21959 -1.6851 1.1633 1.2561 -1.4942 -0.57888 -0.3491 -0.72978 -0.26353 1.6979 1.0567 -0.75759 -2.5346 2.3218 -0.36722 0.81365 1.171 1.8758 0.47912 0.040502 1.0661 -0.46395 0.35898 1.739 1.2453 0.89522 0.20526 -1.7116 -1.1251 -1.3403 -0.14555 2.1282 1.1637 -0.44744 0.038435 1.539 1.1152 -0.75279 -0.92177 0.00096423 0.19555 -0.081003 0.54761 -0.58281 -1.5817 -0.32551 0.24818 0.32701 -0.93463 -0.90117 0.79538 0.37182 1.7554 -1.0804 -0.44934 0.70349 -1.3557 -0.49467 1.0973 1.0373 0.065693 -0.9755 -0.57824 0.75454 -0.51391 1.2818 -1.1732 1.7336 0.96926 -0.42275 -0.25734 0.88453 -1.5092 -0.46742 -0.67522 -1.5548 
russin 0.41877 -1.2706 0.2307 2.2462 -0.44036 -0.53363 -1.1092 0.74407 -0.70376 0.78417 1.0985 0.22033 0.97483 -0.032636 1.793 1.0594 -0.48174 1.2664 0.034019 -0.65251 0.3284 0.51707 -2.8525 -0.099692 0.17477 0.095418 -0.168 2.7392 -1.8813 -1.637 -0.018873 -0.8829 0.76868 1.2301 0.98921 0.69844 -2.2211 0.66474 -0.022744 0.98129 -0.51765 -0.35156 1.1582 -0.1384 0.4119 -0.51611 2.2086 2.4261 0.24452 -1.0382 0.57798 1.3851 -0.3922 -0.22357 -0.054947 0.59335 0.3378 0.60494 0.24861 -0.028631 0.32479 0.12026 0.16379 -0.26276 -0.74987 0.74094 -0.79203 -0.57152 -2.8561 0.79535 0.74722 -1.0466 -1.2371 0.1 -0.73154 0.023283 2.0041 -0.7544 1.5877 -0.031207 -1.1985 1.5811 1.3857 1.2216 0.1157 0.37589 -2.143 0.11547 -1.0839 0.41003 -1.2855 0.97046 0.57156 0.41882 -0.01133 0.48691 0.14922 -1.0115 -0.195 0.041663 
ek 1.2181 -1.9121 1.8897 2.4533 0.941 1.2882 -1.6598 0.80741 0.074178 0.69362 -0.20865 -0.32072 2.0156 1.9601 5.8589 4.4929 0.44638 2.302 -0.014913 -0.44485 -0.81756 0.65301 -2.9056 -0.50883 0.78636 -1.9112 0.99085 4.8659 -4.9033 -2.3017 0.20839 -2.1842 1.8787 -0.28047 1.2977 0.53696 2.2206 1.8239 -1.7096 2.1926 -1.3616 1.3632 1.7409 1.8814 -1.4395 -2.3864 1.787 1.7839 -0.37631 -0.8648 2.5665 2.6893 -1.4725 -1.9088 0.12561 0.53155 0.64596 -1.5268 -0.92913 2.097 -0.34744 0.30091 2.1492 -2.4679 -0.50976 -1.5984 -0.76378 -2.9341 -3.4082 2.195 1.7602 -0.138 -0.86992 0.42566 1.242 -0.14429 1.3235 0.014441 2.085 2.264 -0.364 3.2075 0.76011 0.99903 0.24398 -0.91188 -2.2689 0.4531 -2.1471 0.90988 -3.5825 3.2527 -0.015954 -2.0057 -2.0768 1.6102 2.82 -2.8612 -2.1243 -0.35678 
jordgubbe -0.50279 -0.78113 0.65444 0.7056 -0.0062246 -0.14433 0.59422 1.4269 2.0239 0.89625 0.20131 0.75613 -0.47279 -0.11742 -0.14886 0.46422 -1.044 -0.54957 0.19485 -0.30705 1.4832 1.1612 -1.6157 0.54031 0.43012 -0.96937 -0.54354 0.38421 -0.93009 -0.089063 0.008945 1.4278 0.5035 1.3262 -0.019383 0.16956 -0.91042 0.24085 -0.58785 0.35077 0.70788 1.1261 0.3882 0.24731 1.4549 -0.24994 1.2428 0.85779 1.2785 -1.4006 0.63995 -0.51543 -1.0547 0.14148 -1.2725 1.0383 1.2958 -1.4016 -0.52526 0.22476 -0.53975 0.11364 -0.16882 0.017191 0.21329 0.15673 0.0044165 -0.86829 -0.79395 -0.057111 0.25901 -0.59535 1.0082 -0.84336 0.15119 0.034164 0.73875 0.31038 0.51282 0.32625 -0.49275 -0.73467 1.0946 -0.11887 -0.23309 -0.96815 0.33204 0.16517 -0.52531 1.063 -0.48599 0.97589 0.095511 -0.050084 -0.027948 1.2121 -0.55223 -0.23185 0.20292 -0.64725 
skinka -0.16695 -1.493 0.56043 1.2995 -1.7939 1.3317 -0.50592 0.86804 -0.22883 0.51855 -0.28143 0.0032984 1.1298 0.24219 -1.979 0.50138 0.10989 -0.14559 -0.22058 0.19953 2.8533 1.566 -2.5597 -0.30284 -0.43786 0.83131 -0.17637 0.46375 -1.1278 -0.31671 -0.34246 1.2745 0.28367 0.45556 -0.031923 -0.16073 -1.4229 -1.0258 0.21294 -0.24757 0.49265 -0.4136 -0.17457 0.20205 -1.5345 -0.48191 0.69811 1.0905 0.086519 -0.88046 0.73328 0.67129 1.7354 -0.65582 0.97055 -0.19478 -0.70076 0.69017 1.7764 -0.39141 2.2758 1.2023 0.88403 -0.21981 0.088705 1.1218 -0.10221 -1.0475 -1.0248 -0.27169 0.85615 -0.85751 -0.32038 0.45104 -0.71102 -1.0763 1.3498 -1.0903 2.0216 -0.91483 -1.5717 0.10242 1.0478 0.19847 -0.17348 0.49974 -0.43309 -1.7787 0.41854 0.42109 -1.3899 2.1421 1.5514 -0.20484 0.33726 -0.83776 -0.10149 -0.07815 -0.14273 -1.658 
kokosnöt -0.77556 -1.6968 -0.46537 -1.0708 0.63599 -0.26888 0.95263 2.1561 1.922 0.38365 -0.43638 1.0065 0.52627 1.0798 0.13658 -0.38937 -1.1334 -0.24073 0.644 -0.79569 -0.43104 -0.16246 -0.30967 0.35837 0.4583 -0.48752 -0.028801 0.077661 -0.062178 -0.75516 -1.0362 0.38837 -0.18154 0.56568 0.28356 0.4936 -0.96006 -1.1438 -1.1274 0.010495 0.00079171 0.70779 1.1127 -0.16012 1.0684 -0.63893 0.0041986 -0.038743 1.2396 -0.32168 -0.76548 0.063148 -2.45 0.022953 -0.0051466 1.1491 1.2099 -0.60159 0.6263 0.66193 1.0723 0.93986 -0.15759 0.26787 -0.93179 0.28153 0.22909 -0.12999 -1.1932 -1.6235 -1.1432 -0.90773 0.86268 -0.64201 -0.44807 0.23575 0.45491 0.40373 1.356 0.31181 -0.56972 -1.0932 1.8681 0.42539 0.042003 -0.095336 -0.55848 0.45665 1.0769 0.61029 -0.81514 0.15708 0.48915 -0.24344 -0.73076 0.35983 0.39369 -0.27582 -0.32212 -0.60727 
grönsak 0.31883 -1.7804 1.2944 0.21982 0.34203 -0.52188 1.3067 1.7673 0.070066 0.08583 -0.15812 -0.21531 0.22701 1.1959 0.32594 1.3153 -0.94419 0.63396 0.63462 0.97924 0.75196 0.91648 -1.6135 0.24254 0.32354 1.3882 0.54951 1.0318 -1.9651 0.5105 -2.2045 0.55768 -0.89725 0.25297 1.2682 -0.3594 -1.7816 0.66182 -0.9444 1.3474 0.98888 -0.22251 -0.47453 0.40859 -0.51404 -1.9477 -2.3803 0.67767 -0.5876 0.66036 0.76787 0.36501 1.2935 -0.58644 -0.95596 -0.82336 0.48281 0.013815 1.5387 1.607 1.1965 0.071549 -0.26932 -0.30957 -0.79022 1.1116 -0.070825 -0.43064 -0.67168 -1.8049 2.0968 0.55504 1.1976 -0.52582 0.63699 -1.5515 1.1505 0.043883 -0.036627 -1.0691 -1.8073 0.92803 0.48565 0.049567 -0.12321 0.012532 -0.46741 -0.97154 -0.78322 1.9466 0.053729 2.2236 0.49282 -0.41219 0.041745 -0.9527 -1.0532 -1.9989 -1.3068 0.41617 
gurka -0.88541 -2.2227 0.54753 0.28207 -0.45327 -0.7137 2.2424 0.26413 1.9881 1.7632 0.5788 0.5996 0.021393 0.17761 0.11775 0.71579 -0.40729 0.53072 1.3364 0.50412 0.74552 -0.1199 -2.037 0.38306 0.32801 0.24492 -0.048308 0.93793 -0.43555 -0.40969 -0.78658 -0.76831 1.2019 0.65583 0.58588 0.70776 -1.5036 0.22873 -0.23938 0.43708 1.5694 0.6362 0.12943 0.1277 0.43197 -0.89177 -1.1492 1.3874 -0.021606 -0.31672 -1.0104 -1.2452 -1.1033 -0.50191 -0.21231 0.102 0.74773 -0.60677 0.7363 0.02204 1.4182 -0.028963 0.18817 -0.44509 0.60181 -0.35302 0.67687 -1.5014 -0.86345 -1.1977 0.26087 -0.06665 0.5315 -0.59429 -0.43294 -0.91797 2.3289 0.87601 -0.20493 -0.34471 -2.6139 0.02433 1.7326 0.11721 -1.0384 -1.4255 -1.0766 -0.24551 -0.66024 1.5995 -0.13447 0.96625 0.45787 -1.4129 -0.35337 -0.88783 -1.9374 1.2805 -0.90821 -0.90452 
gödsel -0.091679 -0.86707 0.74454 -0.47249 -0.83268 0.58422 -0.4221 0.43414 0.43703 -0.51649 0.4097 -1.1578 -1.4311 -0.54512 0.00025461 1.0212 -0.40495 -1.175 -0.22495 0.94572 0.98516 0.6893 1.6971 -1.2975 0.21782 -0.11214 -0.52013 0.94924 -0.5143 0.017096 0.8135 -0.14006 -0.3442 -0.51471 0.026054 0.34269 0.20409 -0.01387 0.11831 1.2058 0.41702 -0.29763 0.092309 -1.1387 -0.72263 -0.026242 -0.19091 -0.11374 -0.4302 0.05105 1.2125 -1.225 1.2341 -0.59047 -0.13461 0.69726 0.55924 0.92687 -1.7974 0.20221 -0.069336 0.90595 -0.30813 0.61264 0.35436 2.3419 0.89201 -0.2856 0.021036 -0.78784 0.52835 0.84203 0.84641 -1.223 0.55832 -1.478 1.2433 1.0308 0.51536 1.0699 0.85895 -0.026161 -0.34366 0.74042 0.15685 -0.38345 -0.57574 -1.4631 -0.67693 2.0637 -1.1633 1.7913 1.0148 -1.0201 -2.0744 0.65527 0.78512 -1.8133 -0.33987 -0.21244 
lack 0.37568 -1.0104 0.082469 1.1919 -0.071093 0.024181 1.4256 -0.30286 -0.21031 0.069578 -1.5255 1.3842 -0.59739 -0.26142 0.15015 0.50598 -0.24131 -0.77891 -1.1392 -0.024033 -0.29963 -2.0055 -1.629 -0.65863 0.089794 0.46308 -0.13966 0.87047 0.9967 -1.5021 1.1961 -0.17412 1.5537 -1.0076 0.6087 -0.11388 -2.5497 -1.7466 1.891 -0.97234 -0.91829 -1.8402 0.35385 -1.0234 0.86692 -1.1245 2.0921 0.38659 0.22563 0.068133 -1.1231 0.52368 -1.4556 0.094004 0.61318 0.5137 1.2621 -0.49723 -1.4172 -0.38553 -1.4054 -0.73086 0.49044 -1.5236 2.0174 0.94361 -0.47991 -0.063829 -1.7334 0.73698 -1.072 2.3661 0.55783 1.1341 -1.1911 2.0466 2.7177 -0.12449 1.1714 -0.16251 -0.24809 1.1573 2.1782 -2.1302 0.96498 -1.3934 1.4641 0.98737 -0.016485 -0.68883 -0.33024 0.29001 0.80818 -2.6045 -2.8041 0.65565 0.21709 0.0084284 0.19968 0.22255 
kartong 0.13059 -0.87413 1.141 1.5803 0.0075856 -0.15936 -0.85256 0.7373 0.0071959 0.26685 -0.999 0.9069 -1.1885 -0.84904 -0.14292 0.72751 0.45481 -1.0267 -0.039465 0.32254 1.4213 -0.086225 -0.94677 0.083992 -0.49029 0.32736 0.56245 1.7314 -0.41922 -1.3654 -0.25442 0.51098 -1.2512 -0.60824 -0.10612 0.74764 -1.3379 0.29484 -0.75219 0.81931 0.64404 -0.82896 -0.17121 0.2786 0.38182 -0.36845 0.30386 0.7617 -2.422 -0.20558 0.34998 0.49565 0.043843 -1.2636 0.39975 0.28888 -0.23756 -0.56409 -0.82363 0.39379 -0.40755 0.19282 0.39565 -0.37251 1.148 0.52755 -0.35916 -0.1906 -0.41554 -0.83823 0.65511 -0.33285 -1.1787 0.48913 0.03085 -0.07818 0.72677 0.046459 0.13829 -0.37534 0.7407 0.42125 1.0722 0.26592 1.8003 -0.71145 0.72243 0.80786 -0.12444 0.23669 -0.74293 1.0844 0.44057 -1.5609 -0.92696 0.93114 -0.40459 -0.34394 0.33803 -0.32427 
målarfärg 0.51437 -0.90209 -0.092648 0.30491 -1.4821 0.55402 0.089506 -0.08392 -0.016737 -0.023358 -0.046852 0.44043 -0.71548 -1.0071 0.53876 -0.23328 -0.40567 -0.097411 -1.04 0.11263 0.71863 0.37134 -1.4626 -0.25499 -0.70192 -0.11846 1.1441 0.040249 0.44879 -0.54863 -0.025615 -1.1894 -0.71156 -0.14161 -0.56018 0.20496 -0.50533 0.31012 0.067758 0.3033 0.77497 -1.597 0.8756 -1.5437 0.43401 -0.40427 0.92014 -0.85381 0.12561 -0.52504 1.4875 0.11376 -0.68477 -0.67197 0.37346 -0.26538 0.65803 -0.1843 0.052361 -0.6034 -0.59212 -0.56219 0.60249 -1.0584 0.41344 0.89055 -0.82193 -0.56662 -0.69163 -0.27543 0.037139 1.3194 1.5399 1.1321 -0.2939 1.5753 0.95676 0.46789 0.12412 -0.091815 -0.042475 -0.05844 0.98553 -0.56629 0.11958 0.52536 -0.12913 -0.39482 -0.35606 1.2044 -0.74988 0.9231 0.867 -1.5057 -2.1214 0.69765 0.29106 -0.34193 0.1647 -0.21531 
ammoniak -0.2508 -1.18 -0.33591 0.75707 -1.4082 0.20973 0.10851 0.63654 -0.64637 -0.19161 -0.11789 -0.41583 -0.55248 0.10893 0.58808 -0.042887 0.17472 -0.24516 -1.049 1.1528 1.1532 0.99964 0.55637 -0.45324 -0.88769 1.1659 -0.69793 0.14861 -0.33908 -0.92164 -0.38233 -0.1543 -0.51399 0.36818 -0.56853 0.85793 -0.22426 0.043843 -0.30889 0.69125 0.79654 -0.48987 0.85549 -0.76036 -0.95052 0.61896 -0.84462 0.0064123 -0.30571 -1.1017 0.30891 -0.72986 0.21448 -1.2088 0.80647 0.52544 -0.48365 -0.14653 -0.24282 -0.69417 0.49354 0.11219 0.078114 -0.42413 -0.11816 1.405 0.073791 -1.1656 0.38636 -0.60954 -0.60531 0.56916 1.3223 0.31892 -0.049121 0.1047 1.3206 0.6274 0.42933 -0.17362 0.22447 0.66745 1.0221 0.55896 -0.24823 0.18856 -0.46901 1.0482 -0.21889 1.1692 -0.62988 1.254 0.1907 -1.1481 -1.7148 0.97359 -0.24621 -0.0081666 -0.35845 0.233 
bageri -1.7183 -0.08028 0.94344 0.095734 -0.80559 -1.7143 -0.86545 0.49038 -0.19944 -0.35281 -0.80021 0.063381 -1.0196 -0.21605 -1.6806 -0.74577 0.44558 0.32319 -0.46298 -0.55066 1.5666 1.6259 -0.30072 -0.51537 -0.36453 1.1912 1.0403 2.5154 -1.0627 -0.86357 -0.16203 1.3051 -0.93967 0.11504 -0.049318 -0.21894 0.50041 0.42563 -0.068582 0.22262 -1.0939 0.052935 0.50984 -0.8361 -0.71169 -1.0117 -0.7949 0.58738 -0.49008 -0.5307 0.46931 -0.58778 -1.7732 0.14059 -0.49621 0.96345 -0.96741 0.68281 0.50893 -0.34125 0.10229 0.5437 -0.40677 0.42692 -0.6117 -0.33271 -0.47938 1.0384 -0.58457 -1.6835 1.0094 -0.26534 -0.30153 0.35169 1.706 -1.873 0.92644 -1.9472 -0.49132 -1.3334 1.1997 0.81008 0.96736 1.0942 0.83783 -0.025722 -0.48179 -1.3575 -0.55929 -0.45915 -1.0122 0.63478 2.3547 -0.63515 0.16619 0.38076 2.2327 -0.023149 1.0174 0.58772 
sirap -0.79437 -1.4395 -1.4554 1.4614 -0.32312 0.27144 -0.97603 2.2528 -1.0336 -0.10974 1.6712 -0.52508 1.6369 1.0329 3.0079 1.7003 -0.58525 1.2986 0.39304 -0.71878 1.4541 0.88357 -2.5734 -0.82534 -1.919 0.83996 -0.31455 1.1871 -2.162 -1.3545 -0.70398 0.3326 0.48144 3.2197 -0.23581 1.0103 -0.63599 0.043908 -0.70881 1.4778 0.37606 0.80293 0.80775 -0.38522 0.19623 0.036464 -0.70866 1.8985 -0.59717 -0.67239 -0.50713 1.3828 -1.7 -0.24329 0.55389 0.94866 0.46823 -0.34613 -0.054692 0.25045 2.0861 -0.33819 0.44459 0.33905 -1.3864 0.46399 -1.9066 -1.0345 -2.247 0.0095095 -0.23304 -1.5746 -0.32142 0.91194 -0.27027 -0.63243 2.0954 -1.1919 0.45727 -0.86312 -0.79173 1.4043 1.1958 0.47051 -0.30361 0.67308 -2.1212 1.025 -1.2642 -0.59861 -0.76831 -0.3278 0.73952 -0.48675 -1.1598 1.2259 0.34311 -1.4704 -0.54497 0.25998 
kork 0.10581 -2.0891 1.8008 1.7532 0.43015 -0.37521 -0.40354 -0.19978 0.55489 -0.87487 -1.3567 0.39245 -1.3814 0.11097 0.89208 0.32368 -1.8086 -0.13837 -1.4037 0.38204 1.833 -1.7335 -1.6419 -0.086499 0.88411 -0.29163 0.81703 1.3096 -1.2 -0.93025 -0.94661 -0.20307 -0.63865 -0.052822 1.1988 -0.0010535 1.1731 0.56476 -0.44682 -0.92198 0.49915 0.018236 1.2694 0.87122 0.3675 -1.3154 -0.098275 1.8559 -2.8799 -0.1317 0.45697 0.19585 1.1973 -2.6929 -0.38963 1.7812 0.18269 -0.91165 0.11157 -0.41117 -0.79004 0.30308 0.079746 -0.76819 1.8011 0.86101 -0.4277 -0.48919 -0.54034 -0.70388 -0.4654 0.46998 -0.88577 1.0069 1.2002 0.8017 2.1585 1.4073 -0.2673 0.9427 0.8916 1.8978 1.568 -0.35018 0.53861 -1.5108 0.49306 0.66184 0.43497 -0.059129 -1.114 0.054822 -1.0465 -2.1879 -1.5206 -0.41939 -0.38472 0.50609 0.38231 -1.3337 
björk -0.28502 -0.83623 -1.1528 0.24901 0.62923 -0.41293 -0.29847 -0.40746 0.82916 1.4308 0.26622 0.21943 -1.1115 1.0639 -0.24429 2.2952 -0.54403 0.84239 1.6758 -1.3563 -0.83507 0.35642 -2.0403 0.60333 1.7749 -0.2772 -0.94883 0.58693 -0.97221 0.96447 -0.039153 0.56229 0.054049 -1.5397 0.96562 0.27397 -0.11844 -0.04588 0.16787 1.4996 0.030762 -0.58239 0.058854 -1.0116 0.38246 -0.50347 -0.2615 -0.040037 0.74289 1.2354 0.88528 -0.30366 -1.4978 0.38462 -0.56009 1.6376 -0.041093 -0.11319 0.3002 -0.15543 -1.2637 0.48182 0.35902 -1.1449 0.047424 -0.15072 -1.0159 0.94811 -2.2084 0.10984 -1.7873 -0.49857 -0.62201 -0.92514 0.28995 -1.1657 0.71679 -0.76805 -0.19619 1.6956 0.40655 1.7313 0.36514 0.97176 -0.1383 -0.9749 -0.39158 -2.2528 -0.48241 1.1735 -0.91754 0.48107 0.056865 0.50294 -1.6116 2.0369 -0.22201 -1.8864 0.8185 0.59704 
eukalyptus -0.22774 -1.0257 0.57909 -0.18762 0.31912 -1.0114 0.51913 -0.0023533 -0.28756 1.004 0.042497 -0.011296 0.48723 0.49391 1.1515 0.37611 -0.43131 0.51203 0.67414 -0.72787 0.66253 0.80452 -1.4554 0.85297 0.81012 0.48377 -1.0692 0.4364 -1.0216 -0.5908 -0.47039 -1.2958 0.21833 -0.37116 0.265 0.532 -0.23143 0.54605 0.064134 0.68315 -0.20967 -0.50828 0.67367 -0.87796 0.93894 -0.12066 -0.27983 0.29929 0.31149 0.30796 -0.70006 0.054596 -1.2374 -0.41614 -0.13001 0.56296 0.30608 -0.4321 -0.0013076 0.19898 0.40143 -0.43886 0.12226 -0.88906 -0.1856 0.073848 0.087266 -0.09505 -0.22298 -1.3371 -1.4794 0.68719 0.079617 0.52056 -0.54075 -0.24286 1.1049 -0.19037 -0.35322 0.77786 -0.62314 0.3732 0.65699 0.81387 -0.75623 -0.68528 -0.61978 0.2928 -0.81708 0.85327 -1.2581 0.71169 0.64986 -0.85484 -2.0173 0.60873 0.63531 0.97267 -0.35288 0.36406 
druva 0.67208 -2.6377 1.768 1.0368 0.48736 -0.39574 -0.63207 0.35504 0.63604 0.38835 0.4008 -1.1633 0.21404 1.8141 3.9461 2.5913 0.61856 0.040882 -0.053441 0.29921 -0.71944 0.25906 -1.6105 1.2776 -0.67913 -1.3727 1.1391 1.3781 -3.917 -0.59392 -0.31331 0.094211 -0.37987 -0.31996 1.7722 0.12614 0.46253 1.154 0.40387 0.87362 1.15 0.18661 -0.15666 0.83092 -0.72864 -0.90066 -0.6117 1.114 0.11609 -0.32617 -0.023475 -0.6507 0.57131 -0.9316 0.39069 1.5009 1.1576 -0.65206 0.97391 1.8496 0.23146 -0.59545 0.95117 -0.6666 -0.064903 -0.63941 0.70722 -0.95741 -1.0745 -1.4235 0.39665 1.222 1.3881 -0.053706 -0.50018 0.34727 0.04068 -0.62644 0.087725 0.16913 -0.45413 1.5278 1.9328 0.44443 -1.7285 -0.63959 -0.74512 0.10637 -1.9252 0.060973 -0.48609 2.5908 -0.65558 0.13073 -0.97751 1.0788 -0.0025176 -1.7011 -0.7536 -0.044169 
kryddnejlika 0.42528 -1.393 0.6862 -0.11224 0.34018 -0.35477 0.30921 0.39992 -1.068 0.12739 -0.1154 -0.65111 0.072637 0.65834 1.0607 0.89231 0.86064 1.0251 0.20499 -1.2881 0.62368 0.44547 -2.5472 0.61839 0.77353 0.73429 -0.7172 0.66017 -1.4154 -0.17324 -0.46141 -0.29431 -0.37002 -0.3649 0.4823 0.081554 -0.68402 0.071628 -0.6241 1.0106 -0.24886 -0.10118 0.34082 0.070037 0.42324 0.062598 1.2968 0.64465 -0.50474 -0.60332 0.027366 0.70798 -1.8366 -0.38146 -0.22577 0.67757 -0.61979 0.95492 0.90678 -0.050837 1.3605 0.12964 0.028716 -0.7063 0.07599 0.16275 -1.0593 -0.10901 -1.2044 -0.92217 0.65808 1.5258 -0.5152 -1.0979 -0.99588 -0.1317 0.73797 -0.51307 -0.28319 -0.065213 -1.9939 1.9581 1.0429 0.32724 -0.14163 -0.022242 -1.0447 0.5987 -1.186 0.51562 -1.7283 1.4467 0.62533 -1.0868 -0.47916 -0.79014 0.71517 -0.52923 0.036292 0.23032 
bär -0.99292 -1.8369 0.54172 1.047 2.6618 -0.81944 -2.1597 1.0135 1.6719 2.3919 0.72091 -0.75481 -2.6038 -0.8271 1.8765 2.9616 -0.24174 0.54199 -0.66796 -1.545 -0.33159 1.5714 -4.5499 4.2176 0.97442 -2.1436 0.71103 0.60235 -3.4 -0.0016591 -0.66 0.56844 0.86541 -0.24302 -0.12352 0.0011091 -0.50979 2.2101 0.40401 1.5339 2.182 0.64219 -0.76285 0.26348 0.91619 0.057443 0.1582 1.4432 2.0014 -1.2101 2.2056 1.9324 -0.7683 -1.6889 -1.0836 1.9038 1.3672 -2.1787 -1.3618 1.9164 -0.26016 0.55365 0.43255 -1.5126 -0.74208 -0.63502 -0.86775 -1.353 -3.1014 2.045 0.10076 -0.90013 1.5868 1.0349 -0.89247 1.0251 0.87529 1.4144 1.9651 -0.28343 0.15938 2.1392 2.7858 0.87825 -0.018036 -1.4806 -1.0746 0.41464 -2.7203 2.7631 -1.1855 1.4453 -2.0199 1.2559 -0.17283 3.5527 -0.38363 -3.0164 -0.52975 -0.24151 
banan -1.5443 -0.60975 1.7608 0.89445 -0.82485 -1.9164 0.55612 0.61205 1.2849 -0.64802 0.1685 1.38 -0.62925 0.44954 1.1377 -0.40252 -0.4913 -0.62693 -0.60585 0.45073 1.6541 0.34671 -1.7207 0.19627 0.36252 -0.42999 0.36625 2.2275 -1.1294 -0.98269 0.030566 0.93277 0.050634 1.1663 0.93769 0.47243 -1.3862 -0.80277 0.059933 0.59072 0.47185 1.4455 1.1222 0.15287 -0.0084256 -0.29297 -1.1367 1.5637 0.22035 -0.62877 0.6219 -1.1942 1.3033 0.59013 0.61479 0.10374 0.62775 -0.051476 -0.15126 0.18538 1.1353 0.51588 -0.72802 -0.48874 0.51049 0.93569 0.068669 -0.51582 0.11322 -0.12508 0.90685 0.14795 -0.49879 -0.44792 -0.065107 0.47065 0.92675 -0.26568 1.6284 -0.78874 0.33223 -0.70433 0.81195 1.1266 1.069 0.31849 -0.74314 0.63088 -0.44585 0.95436 -0.5356 1.1136 1.4287 -0.48866 0.399 -1.0225 -0.81951 1.0444 1.0556 -0.49358 
tallbarr -0.57206 -0.8578 -0.28755 1.13 0.042156 0.35244 -0.13013 -0.27508 -0.79979 0.97581 0.8766 -0.42013 -0.055167 -0.0095026 0.74531 1.1432 1.3716 0.56652 0.67306 -1.3824 1.0463 0.38227 -1.0823 -0.47576 1.0873 -0.29761 -1.0271 0.74746 -1.4015 0.2854 -0.28829 0.18814 -1.1847 0.83066 0.3523 0.80049 -0.97327 0.43487 0.32661 1.2469 -0.63675 -0.04534 0.20691 -1.0087 0.65585 -0.23745 0.022846 0.87052 -0.01703 0.25747 -0.042036 -0.086226 0.0053987 -0.53843 -0.22831 0.94163 0.94755 -0.51748 0.25291 0.30367 -0.73814 0.46246 -0.021394 -0.96496 -0.87608 0.54461 -0.88398 -0.12384 -0.12925 -0.74592 -0.75673 -0.07694 -0.64443 -0.13042 -0.40771 -1.1066 0.69537 0.60957 0.75616 1.088 -0.58655 0.033476 0.12346 1.2682 0.10974 -0.57775 -0.30936 -0.48279 -1.5629 0.050899 -1.7169 1.9604 1.0748 -2.2996 -2.0611 1.467 0.51983 -0.77739 -0.1224 -0.35811 
mus 0.11203 -0.98289 1.7601 1.1825 0.70859 -0.9156 1.1344 -2.5746 -0.071947 1.1103 -0.44713 2.7711 0.67587 -0.76482 0.80222 0.62507 0.80835 -0.12719 0.19517 -0.58671 1.211 0.54781 0.0079907 1.1372 -0.13216 1.4568 -0.62379 1.2717 -0.7929 -1.565 0.53797 0.40135 1.6555 -0.28285 -0.5224 0.70215 0.76627 0.89884 1.4588 -0.27624 1.7611 1.6171 -1.4664 -0.43945 0.14161 0.1471 -0.14364 -0.20304 0.58331 0.4817 0.056334 -0.84098 1.0516 -2.2237 0.24525 -0.062844 -0.14615 -0.032519 -1.5103 0.091093 1.5525 -0.85974 -0.68411 -0.59888 0.064438 -0.42177 -0.12719 -1.2961 -1.6358 -0.1341 -1.022 -1.5657 -1.4375 0.32492 0.44002 0.21759 0.69789 1.09 0.83894 0.8909 -0.12382 -0.38895 1.3641 0.94451 -0.074262 0.16549 0.025505 0.46467 -0.17571 1.4353 -0.64226 1.1967 1.3119 -0.9067 -0.1643 0.65119 0.21951 0.33022 1.8873 -1.5406 
anis 0.13452 -1.8722 0.16432 0.82923 0.27989 0.10958 -0.43428 0.36338 -0.34491 1.0238 0.43378 -1.2677 -0.3381 0.98444 2.3685 1.6134 1.0831 0.027422 1.0901 0.098439 -0.7196 2.4104 -2.0707 0.23449 0.88108 0.056837 -0.19191 2.502 -2.3024 -0.88197 0.094399 -1.6039 0.33097 -0.004191 0.94074 0.74751 -1.7401 0.0024351 0.0011666 1.527 -0.30857 0.30509 0.39364 0.0070469 0.61865 0.17155 1.0296 0.56172 -0.13128 -0.55652 0.24161 0.27912 -1.4581 0.5217 -0.11878 0.64644 0.076692 0.10415 -0.88411 0.15763 0.57801 0.62214 -0.36618 -0.61305 0.34788 0.90855 0.10628 -0.17362 -1.9599 -0.65486 -1.2005 -0.34048 -0.42744 -0.69402 -0.10368 -0.6854 0.96244 -0.19942 0.76266 -0.058839 -1.4791 0.53076 1.9552 1.065 -0.21827 0.10765 -1.1291 1.1555 -1.2668 0.38899 -1.6112 1.1409 1.5047 -0.23067 -0.62323 -0.027248 -0.050974 1.3106 -0.30171 0.45199 
rom -1.2459 -0.91317 1.7579 0.058593 -0.65835 -1.2573 -0.20263 0.26728 -0.54177 1.0368 1.2472 1.2365 0.34902 0.48894 1.49 1.3879 -0.52045 -0.55202 -0.25483 -1.0418 0.69781 -0.086218 -1.7941 0.77285 1.2679 -0.46762 1.3719 3.1731 -3.7727 -0.66117 1.0247 -0.60377 0.28683 1.0284 0.53142 -0.74931 1.5233 0.14455 -1.0899 0.64005 0.33727 0.20644 0.9394 0.53645 0.19597 0.45845 -0.87676 -0.74059 0.15363 0.13376 -0.81792 0.029368 -1.3347 -0.79035 -0.041032 3.4101 0.59607 -0.4426 -0.28979 0.2899 0.071318 -0.3506 0.54751 -0.86136 -0.67386 1.4322 -0.54839 0.8216 -1.209 0.45684 -0.61031 -1.9993 -0.38873 -0.36745 0.25342 1.1776 0.22547 0.19582 -0.20995 0.91836 -0.38386 0.9328 1.2179 0.69934 -1.2294 -0.71786 -1.6646 1.0392 -1.5908 -0.36116 0.53344 1.9271 0.31965 -0.30399 0.30484 -0.756 2.6136 0.32815 0.43631 -0.43403 
bark -1.6903 -0.82135 -0.45675 0.19348 -0.25461 0.58091 0.63588 -0.12802 -1.1617 1.066 -0.14441 -0.67415 -0.6886 -0.086566 -0.20281 0.93798 0.46063 0.31497 -0.029512 -1.2451 0.93865 0.84646 -1.6887 0.38556 0.98994 0.11836 -1.8287 2.2389 -2.074 0.19323 -0.60055 0.47609 0.26939 0.52247 0.12377 0.11264 0.25566 0.33161 -0.75544 1.3162 -0.22559 -0.21144 -0.4174 -0.41507 -1.5631 -0.31151 -1.2306 0.13913 -0.64241 0.5098 -0.06937 0.0060397 1.866 0.075986 -0.38881 0.77904 1.0105 -0.59429 -0.033233 0.2658 -0.93958 -0.55618 -0.97067 -1.5006 -0.9158 0.4465 -0.72593 0.91497 -0.99663 -1.9014 -0.70713 -0.39365 -1.4998 -0.21101 0.16054 -1.3668 0.33501 0.59975 1.0229 0.65174 -0.60415 0.60555 0.37168 1.6358 0.7116 -0.26205 0.33741 -0.48593 -1.3988 0.38367 -2.7544 2.5075 0.93783 -2.5595 -2.0981 1.4157 0.63012 -2.3351 0.17248 -0.39817 
morot -0.038216 -1.1563 0.66166 0.24323 -0.69858 -0.49111 0.83413 0.10795 0.64748 -0.062532 0.015086 0.56375 0.53206 1.0584 -0.022168 1.185 -0.092153 -0.43503 -0.80492 -0.32655 0.63248 0.70035 -1.094 -0.58022 0.32634 1.4743 0.62236 0.60799 -1.5036 -0.13304 -0.53136 0.34679 0.059919 1.4879 0.94778 0.38849 -0.76983 -0.52388 -0.31068 0.00015068 0.16268 0.55472 0.62563 -0.2959 -0.92216 -0.49031 -1.8109 0.15387 -0.41552 0.29525 -0.50136 0.57086 -0.008293 -0.49902 -0.21587 0.1622 -1.1449 -0.33228 0.5611 -0.34105 1.4796 0.44302 0.0015002 -0.8083 -0.95653 0.71207 -0.26481 -0.14411 -1.18 -1.0151 -0.37036 0.2131 0.1707 -0.44651 -0.50561 -0.80657 1.1181 -0.34531 0.18443 0.32346 -0.43783 1.4432 1.2191 0.58292 -1.1991 -0.14107 -1.2942 -0.099991 0.077677 1.5664 -1.5587 0.71277 0.078605 0.34846 0.39136 0.67359 -0.31923 0.85049 0.29377 0.47427 
lösningsmedel -0.13706 -0.82953 -0.26432 1.012 -1.455 0.089244 0.037429 0.78266 0.084164 -0.65103 0.065787 -0.1333 -0.098886 0.7864 1.9731 0.13372 -0.093211 -0.10408 -0.81239 1.6587 0.56035 0.58796 -0.72298 -0.71077 -1.0262 1.0142 -0.80539 1.0474 -0.99158 -0.22009 -0.10325 -0.53021 -1.1316 0.19715 -0.78761 0.57843 -0.81643 0.23763 0.11598 -0.0061438 0.30554 -0.74417 1.1339 -0.0031763 0.18971 0.33391 -1.0031 0.27581 -1.0963 -0.86671 -0.20222 0.28223 -0.62514 -0.48906 0.64856 0.13255 -0.8961 0.13283 -1.5983 -0.67837 0.39508 -0.65737 -0.56802 -0.39818 -0.39433 0.56276 0.16278 0.34233 -0.76326 -1.3402 -0.2563 0.9979 1.8838 1.1656 -0.69835 0.83153 0.44166 0.27842 0.11818 -0.40579 -1.3437 1.0793 2.2236 -0.46774 0.33179 0.070028 0.44551 1.3655 0.2672 1.6499 0.09043 1.7335 0.81341 -0.75329 -1.9375 0.011206 1.0925 -0.673 -0.23011 -0.76599 
lim 0.21078 -0.81364 0.30317 0.33915 -1.0224 -0.20337 0.70573 0.43894 -0.23399 0.44899 0.17886 1.3104 -0.70307 -0.47111 1.5538 0.599 -0.92812 -1.3893 -0.23607 0.4072 0.057505 0.7203 -2.0233 -0.29057 -1.3444 -0.060091 -0.057091 1.6061 -0.76081 -1.548 0.53639 -0.26504 0.052899 -0.081218 0.34633 0.52263 -1.0006 -0.072436 -0.33059 0.20837 -0.87236 0.53816 0.081271 0.08957 0.47823 -0.29474 0.80672 0.051596 0.33585 -0.68358 -0.70651 -0.54025 -1.0017 -0.54103 0.29172 0.34856 0.69332 -0.81999 0.39993 -0.33055 0.97534 0.33045 0.14126 -0.24461 0.56096 0.95536 0.39051 -0.70354 -0.21807 0.41115 -0.85983 0.8718 0.18339 0.2778 0.74859 0.16081 0.95122 -0.96237 -0.29709 -0.059567 -0.45387 0.28903 1.9241 -0.49155 -0.20518 0.046031 0.082108 0.12087 1.8727 0.96282 -1.484 1.5065 0.4597 -0.48983 0.062567 0.67363 0.025503 0.94136 0.71325 0.41381 
ogräs 0.19184 -0.65362 0.81804 -0.015025 -0.28501 0.27751 0.24271 -1.0656 0.87747 0.90195 0.34213 1.4251 -0.70683 0.67757 0.73369 1.2949 -0.69727 -0.65641 0.94896 -0.31403 0.54014 -1.2211 -0.2098 -2.026 1.0398 -0.78636 -0.38355 -0.24608 -0.69164 0.56056 -1.7235 -0.29627 -0.5097 -0.29361 1.0711 -0.51368 -0.26475 1.6461 -0.33893 1.8919 0.002479 -0.034986 1.1268 -0.96043 -0.42069 -1.1187 -1.2309 0.00044707 -1.2464 0.38873 0.22189 -0.7611 1.9226 0.50931 -0.7997 0.049043 0.36598 -0.54897 0.94154 0.52671 0.35541 0.15251 1.1646 0.17855 0.079864 1.252 0.16908 -0.018021 0.56984 -1.2672 -0.083477 -0.51736 0.56544 -0.43639 -0.53391 -2.5582 0.8288 0.88356 -0.74974 0.27386 -0.74315 0.69899 -1.0065 1.3453 -0.29811 -2.1223 -0.33567 -1.0356 -1.1928 1.803 -0.93964 2.4581 0.9012 -1.3581 -0.78755 1.1318 -0.84615 -1.3292 -0.17001 -1.2158 
senap -0.39962 -1.7447 0.1871 1.4059 -0.090665 0.11271 0.78716 0.53204 -0.24481 0.18587 0.19065 0.48454 0.45077 0.26706 -0.24073 0.83627 -0.73184 -0.093315 -0.30915 -0.29944 1.2607 0.77024 -1.5211 -0.20343 -0.32296 1.3681 -0.39488 0.59283 -0.63258 -0.93031 -0.50523 0.057455 0.40054 0.62546 0.45236 0.70056 -0.7552 -0.29675 0.80691 -0.2947 0.23122 0.60882 0.53155 1.1904 -0.8605 -0.38813 -0.6299 0.3294 -0.017207 -0.62628 -0.23705 0.27658 0.45269 -0.93548 -0.0972 0.65267 -0.017358 0.067198 0.026032 -0.6958 0.72859 0.054948 -0.23392 0.49717 -0.4754 1.0301 0.12141 -0.4315 -1.3757 -0.36392 0.080757 -0.28254 0.74183 0.034158 -1.3328 0.18123 0.94956 -0.24858 0.024786 -1.0333 -0.20863 -0.079831 0.49883 0.23112 -1.1252 -0.11573 -2.1377 0.33553 -0.080244 0.27762 -0.58983 0.8053 1.8128 -0.057873 1.6816 -1.2154 -0.67293 0.12136 0.87454 0.23187 
cologne -0.65375 -0.96733 2.201 0.1798 0.78041 -1.1515 -0.022078 -1.534 -0.11709 0.26891 0.45697 -0.0095089 -0.13958 1.0907 1.7941 0.1544 0.80692 -0.29069 -0.27489 0.54856 0.016428 0.60455 -0.045885 1.7549 0.72387 0.60274 0.44932 2.3071 -1.3114 -0.69995 -0.29957 -0.56397 0.89373 -0.35763 0.82629 0.81508 -0.048045 -0.067897 1.1891 -0.91317 -0.67143 -0.091083 0.34247 -0.68561 -0.48636 -0.53569 -0.80939 0.048554 0.72307 -0.91995 -0.8951 -1.4734 -1.5644 0.13852 0.59304 0.94217 -0.057247 -0.82706 -0.75143 -0.032127 -0.16323 0.26619 1.2288 0.36583 0.43564 -0.16375 -0.32281 1.186 -0.11045 -0.38136 -1.0286 0.52248 0.71038 0.08372 -0.16 1.1906 -0.8577 -1.1959 1.5054 -0.070282 -0.01882 0.84192 0.5483 -0.61903 -0.68628 -1.2205 0.23964 0.20238 0.57537 -0.97059 0.21341 0.58558 0.91382 -0.67786 -0.79627 0.43698 0.20314 1.4461 -0.43022 1.0696 
geranium 0.37539 -1.5475 -0.49144 0.17599 -0.11791 -0.80135 0.1644 -0.32048 0.028529 1.0983 -0.71318 -0.22057 0.77827 0.67154 1.7605 0.51486 0.66984 0.011345 0.093274 -0.23417 -1.0901 0.73844 -1.0709 0.23044 0.70824 -0.26341 -1.4109 0.52412 -1.4461 0.052856 -0.67583 -0.59395 -0.59642 -0.55894 0.2134 -0.060125 -0.14392 -0.029766 0.020094 -0.08516 -0.58137 -0.060468 0.71233 -0.72637 0.030315 0.39337 -1.2839 -0.77418 0.26723 0.022493 -1.2765 0.081394 -2.1114 -0.35357 -0.16035 1.0525 0.21762 -0.45507 -0.48907 -0.17441 0.73854 0.013531 -0.25571 -0.099772 0.63122 0.56016 -0.39294 0.70651 -0.008034 -0.71489 -1.0364 0.94053 -0.37576 0.78581 -0.051561 0.14653 0.39124 0.26525 -0.98178 0.1705 -1.4119 0.45644 1.5855 0.18079 -0.2414 -1.6895 -0.71581 0.074864 -0.28557 0.23847 -0.29375 1.2282 0.71936 -1.213 -0.73024 0.69007 0.8489 -0.19129 -0.22785 0.21137 
pepparmint -0.71661 -1.286 0.31043 0.49418 -0.47691 -0.71052 0.70953 -0.32754 0.16626 1.9696 -0.14008 -0.51045 0.73223 0.34103 0.8118 0.28679 -0.31351 0.25541 0.46807 -1.3254 0.54189 0.28733 -1.5662 -0.79802 0.3332 0.86218 -2.2963 0.042407 -0.66335 -1.0012 -0.81488 -0.83629 0.20316 0.70566 0.38059 -0.10582 -1.0249 -0.20639 -0.062409 -0.22558 -0.164 -0.31819 0.61615 -1.0201 1.3051 -0.025106 0.28249 0.38068 0.78671 -0.46361 -1.2347 -0.71096 -0.78388 -0.77167 -0.33052 0.8118 0.44074 -1.3921 0.74245 0.55404 0.94432 0.13492 -0.28128 -0.48043 -0.12923 -0.15032 -0.48483 -0.048866 -0.56192 -0.56071 -1.5313 1.1747 0.043243 0.030101 -0.88079 0.082291 0.14322 0.72863 0.14834 0.7159 -1.3632 0.53668 1.5115 0.70308 -0.39387 -0.48806 -1.049 0.59542 -0.21618 1.154 -1.6275 0.15377 0.69135 -1.0664 -1.1635 -0.2996 0.24165 1.1539 -0.11017 0.50421 
selleri -0.016081 -1.2809 0.098912 1.0436 0.056776 -0.23189 0.4146 0.30401 -0.14432 -0.48951 0.038037 -0.33313 -0.48293 0.74441 1.6451 0.60622 0.216 0.19837 -0.5433 0.56258 0.59388 0.98877 -0.8447 -0.22289 0.59382 0.64664 0.45876 2.3159 -1.382 -0.32365 -0.21081 0.046681 -0.84009 0.27863 -0.4494 0.45367 0.24901 0.54355 0.34914 0.21443 -0.18495 -0.067723 0.41653 0.40949 -0.93925 -0.86239 -1.6702 0.61235 -0.24682 -0.02847 -0.34649 -0.57552 -0.30716 -0.084779 -0.20041 0.85372 -0.1679 -0.44056 -0.20647 -0.48301 0.29604 0.39905 -0.37967 -0.22699 0.18885 0.7378 0.18306 -0.1091 -0.55832 -0.92691 -0.2374 1.2031 1.0752 0.10955 -1.108 0.023749 0.72006 0.13085 -0.21538 -0.5143 0.22591 0.20786 1.0298 0.42787 -0.012347 -0.43893 -1.0692 0.14065 0.094888 0.41566 -0.6774 1.5039 1.2032 -0.79172 0.030798 0.28924 0.95636 -0.53443 0.32252 0.1615 
popcorn -0.23224 -1.5536 0.11643 0.26413 -0.081419 -0.18089 0.69184 0.783 -1.2766 0.38259 -0.21188 0.66293 0.29533 -0.55233 -0.79418 0.59783 0.3179 -0.027073 0.37267 -0.84418 1.4251 -0.23938 -0.82057 -0.90111 -1.104 0.76877 0.64923 0.45687 -0.19758 0.011576 0.85216 0.85972 -0.23801 0.62817 -0.13245 -0.21657 -0.17347 0.18387 -0.39785 0.77246 0.67694 0.16077 1.2068 -0.42536 0.55317 -0.64307 0.16682 0.52836 0.35637 -0.45279 1.1589 -0.40603 0.22434 -0.11791 0.1513 1.1525 0.47705 -0.42878 -0.38249 -0.06885 1.4971 -0.079708 0.59008 0.1825 -0.5007 0.52947 -0.33022 -0.0561 -1.6041 -0.70727 0.70512 -1.2627 -1.6171 -0.070959 0.19536 0.39924 0.6689 0.54002 0.85797 0.016393 0.37532 -0.49267 0.54443 0.11712 -0.16812 0.98289 -0.34 -0.20348 0.030818 0.13061 -0.17474 0.33717 0.78119 -0.55351 0.052804 1.0788 0.16181 0.49999 0.60603 -0.40511 
rep 1.1539 -0.57649 1.1678 0.19718 -1.3471 -0.33624 -1.5096 -1.5999 0.18601 0.55912 -0.31434 -0.37608 -0.11755 0.65591 0.61445 -1.2303 0.41116 0.8065 -0.61115 2.0656 0.1302 -0.87254 -0.76733 -0.10965 -0.14158 -0.11662 -0.25142 0.11588 -0.73576 -0.59665 0.14488 -0.42678 -0.59827 -0.72092 -0.10192 0.64032 0.32309 0.19257 0.87301 -1.2911 -1.2417 0.23671 0.72175 -0.095434 -0.94799 0.10891 -2.3245 -1.6323 0.21257 0.0014082 -2.8542 0.22025 0.6958 0.36491 1.1012 0.20773 -0.19123 -0.91728 -0.91548 0.12103 0.32829 0.31977 0.31682 -0.49024 0.80733 -0.17928 -1.0046 0.21688 0.047963 -0.099356 -0.87396 0.22108 -1.1391 -0.49753 -0.34331 0.53828 -0.63096 0.48352 0.68667 0.43615 0.21071 0.30124 0.2776 0.45599 0.22394 -1.2441 -0.45891 -0.12519 0.49898 -0.60691 -0.52356 0.6842 0.93768 -0.74974 -1.8027 1.4019 -0.73378 -0.14163 0.63547 0.58606 
desinfektionsmedel -0.026954 -0.67714 -0.021798 0.21377 -1.6468 -0.017033 0.29667 0.30814 0.0087563 -0.12546 -0.51542 -0.35362 -0.23701 -0.17169 1.6846 0.10642 0.49663 0.13547 -0.53565 1.2584 -0.19189 0.83802 -0.25922 -0.37028 -0.39965 0.87399 -0.96472 -0.054281 -0.43997 -1.173 -0.40636 -0.0058554 -1.0719 -0.30842 -0.29414 -0.11086 -0.66973 0.16887 0.19997 -0.59759 0.21511 -0.6849 1.2076 0.5044 -0.43806 0.26423 -0.55013 -0.040634 -0.33879 -0.92951 -0.78012 -0.55237 0.18283 -0.94643 0.1647 -0.046299 -0.36159 -0.080026 -0.81667 0.020475 0.78373 -0.30491 -0.9676 0.08488 -0.2889 0.47593 -0.23529 -0.21196 0.068016 -0.38404 -0.55187 0.67104 1.8482 0.96775 -0.311 0.21253 0.60353 0.20121 -0.27241 -1.0874 -0.77904 0.21853 1.6085 0.33677 0.015661 -0.5295 0.37144 0.99849 0.51005 1.0336 -0.013088 0.81237 1.0301 -0.84267 -1.4864 0.37036 0.15771 -0.27737 0.073615 -0.37404 
violett -0.24593 -1.3844 -0.18977 -0.44926 -0.09309 0.34546 0.47139 -0.45072 0.63969 1.1317 -0.68414 0.37108 -0.023811 0.26461 0.58645 0.68633 -0.11898 -0.57714 -0.46869 -0.2906 -0.85221 0.25105 -2.083 0.96377 1.1426 -0.060681 0.49712 0.48354 -1.4374 -0.23274 -0.34541 0.15707 0.37046 -0.65311 0.61068 -0.3414 -0.11597 0.17261 0.17457 0.3334 0.9259 0.59043 -0.61057 0.061074 -0.47168 0.19548 -0.74663 -0.093756 0.13669 0.052764 -0.61643 0.014839 -0.95621 -0.46005 -0.024282 0.42745 0.91676 -0.57254 -0.36164 0.084744 -0.30203 -0.013693 -0.16441 -0.53645 0.28384 -0.27517 -0.53368 0.58687 -0.78428 0.21735 -0.082737 0.53823 -0.27938 0.38882 0.057871 0.44586 0.69346 -0.20924 -0.59184 -0.096284 0.033638 0.89025 0.47542 0.55503 -0.38807 -1.3059 -0.69963 -0.19867 -0.69382 0.3841 -0.7725 1.5582 -0.28986 -0.65879 -0.78544 0.36994 0.55456 -0.56066 -0.51534 -0.068198 
valnöt -0.51105 -1.5514 -0.19794 -0.054 0.99957 -0.52599 0.42854 1.4001 0.1191 -0.079162 0.80399 0.20978 0.79056 0.72649 0.67331 1.0005 -0.47697 0.4683 0.98124 -1.4435 0.73686 0.44938 -1.8923 0.25972 0.58703 0.046497 0.17689 0.90377 -0.7057 -1.0203 -0.2466 -0.22351 0.20264 0.75642 0.6372 0.027763 -0.59634 0.23956 -0.26371 0.39163 0.0061704 0.65136 0.72642 0.10074 0.14496 -0.8207 0.54901 0.55186 0.39345 0.043264 -0.08154 0.11319 -0.99207 0.037626 -0.29525 0.76445 0.13688 -1.0399 -0.30327 0.15063 1.1856 -0.085034 0.39659 -0.68038 -0.013976 -0.090629 0.41205 -0.49503 -0.88165 -0.34617 -0.30576 -0.46026 -0.34046 -0.50836 -0.037897 -0.2454 1.067 -0.5808 0.28642 -0.25588 -0.20252 0.35109 0.98406 0.42522 0.02305 -0.035448 -1.2132 0.33437 -0.12203 0.099968 -1.0942 0.747 0.59095 0.38663 -0.028098 0.52794 0.69056 0.10557 -0.94316 -0.049032 
vinäger 0.1165 -1.6985 0.90673 0.50743 -0.57342 0.0095159 -0.24773 0.44875 -0.43595 0.092206 -0.19214 -0.37355 -0.55194 0.61362 0.55734 0.55667 -0.23879 0.35044 -0.081747 0.36994 0.84668 -0.14526 -0.22739 0.77002 -0.31393 0.7118 -0.8964 -0.51267 -0.68111 -0.74919 -0.47379 0.15511 -0.42618 -0.43475 1.2518 0.16904 -0.18566 0.36027 0.16818 -0.035379 0.81359 -0.18696 0.64105 0.15878 -0.43976 -0.15445 -0.76753 1.4263 -0.5989 -1.401 -0.86761 -0.13566 0.91115 -0.81768 0.85594 0.36459 0.55602 -0.23262 0.24219 0.60533 0.63946 0.19654 0.68623 -0.11731 -0.52687 0.37175 0.24216 -0.7892 -0.9731 -0.041817 -0.41191 0.51529 0.467 0.068478 -0.88652 0.95095 0.28688 0.11334 0.85406 0.53018 -0.25013 0.25075 0.38297 0.79481 0.072745 -0.25856 -0.9415 0.38847 0.19296 0.30827 -0.87116 1.3528 -0.37529 -0.38057 -1.2874 0.4544 -0.51622 -0.12969 0.15332 -0.020931 
kamfer -0.37584 -1.1587 0.83629 0.31029 -0.32503 -0.047513 -0.21476 -0.72088 0.15872 0.75181 -0.24812 0.61933 0.13604 0.46595 0.06915 0.76238 -0.0082095 -0.26498 -0.31207 -0.22952 0.22563 0.0023864 -0.41806 -0.011118 0.90562 0.3065 -0.035071 0.21717 -0.98995 -0.49439 -0.30174 0.15082 0.0099441 -0.47039 0.42766 0.25621 0.56565 0.11685 -0.26575 0.4743 0.33106 -0.11828 0.085009 0.19617 -0.35368 0.33682 -0.71967 0.064091 0.14584 -0.019966 -0.63178 -0.022434 0.36493 -0.47363 0.20391 0.23338 0.18031 -0.4072 -0.65719 -0.13097 0.39292 -0.24623 0.25778 -0.084638 0.15883 0.37811 -0.244 0.19347 -0.21963 -0.39047 -0.33856 -0.41608 -0.35665 -0.10955 0.032004 0.10873 0.78714 0.28422 0.42632 0.50831 -0.47727 0.73595 1.0702 0.37876 0.31255 -0.40105 -0.094587 0.50091 -0.29796 0.10586 -0.66953 1.1566 0.30307 -0.43351 -0.53933 0.088155 0.21172 -0.46432 -0.0006686 -0.047346 
terpentin -0.053678 -0.77488 0.39044 0.73733 -1.0789 -0.03044 0.59078 -0.11451 0.044712 -0.040042 0.19707 -0.037218 0.16471 -0.10097 0.56316 1.1221 0.027903 -0.34207 -0.57755 0.042601 1.0638 0.48064 -1.6729 0.25328 0.54309 0.023266 -0.20146 1.4708 -0.76568 -0.33068 -0.19144 -0.30364 0.10545 -0.94896 0.19552 0.46997 -0.78744 0.083903 0.1692 -0.20992 0.72826 -0.47471 0.72342 -0.35967 0.084935 -0.50897 0.19532 -0.17713 -0.21581 -0.79177 0.45108 0.3099 0.043093 -0.63431 -0.14105 0.97717 0.11253 -0.20891 0.17956 -0.89468 -0.20057 0.078496 0.25307 0.08783 0.34312 0.35404 -0.68824 -0.091269 -0.39821 -0.65955 -0.35559 0.22475 0.92162 0.39579 -0.23138 0.56531 0.94279 0.36251 -0.24627 0.74496 -0.97389 0.84352 0.83162 -0.20124 -0.29731 0.17878 0.061019 0.54097 -0.26548 0.11937 -1.2368 1.3846 0.70455 -0.66957 -0.97426 0.44618 0.20527 -0.61725 -0.036099 0.15236 
kreosot 0.068184 -0.55136 0.41223 0.30652 -0.18253 -0.19428 0.18018 -0.23363 -0.26086 0.38542 -0.30221 0.083695 -0.31703 0.083294 0.38443 -0.027109 0.25305 0.17995 -0.27956 0.22791 -0.24864 0.039298 -0.46751 -0.21664 0.21337 0.3599 -0.23178 0.20723 -0.47115 0.086561 -0.12329 0.28039 0.25041 0.014953 0.39512 0.12822 0.31828 -0.02417 -0.14583 -0.1974 -0.34723 0.54503 0.7137 0.3325 -0.60757 -0.18101 -0.27829 0.32326 -0.15428 0.014455 -0.28198 0.08159 -0.22013 -0.57668 -0.14519 0.30201 0.27037 -0.29315 -0.17622 0.44593 -0.068846 -0.23521 0.10775 -0.16913 -0.14212 -0.26186 0.11156 0.2133 -0.61616 -0.055279 0.058932 0.20199 -0.1952 0.061967 0.056376 -0.33703 0.33485 0.12658 0.19839 0.37431 -0.25378 0.30695 0.64188 0.053947 -0.015701 -0.25825 -0.65045 0.096482 -0.57017 -0.059021 -0.33195 0.62337 -0.020355 -0.52723 -0.6079 0.50858 0.36525 -0.54361 0.25996 0.17147 
ananas -0.63431 -1.1298 0.10261 0.071009 -0.51014 -0.75442 0.74465 0.64228 1.0737 0.090344 0.92747 0.53328 0.56233 0.83634 1.935 0.43956 -0.0052036 -0.17064 1.279 0.025497 -0.56625 0.63424 -0.9826 0.81813 0.0096274 -1.0676 -0.46863 0.45114 -1.3413 -0.28924 -0.31875 0.21106 -0.71629 0.4837 1.4884 0.7453 -0.73636 0.57902 -0.2111 0.65354 0.94445 0.99772 0.95897 -0.29788 0.29784 -0.53769 0.099641 0.70577 1.4128 -0.096073 -0.81191 -0.69932 -1.5018 -0.45371 -0.064819 1.0528 0.2563 -0.29144 0.10197 1.0052 0.30855 -0.074263 -0.61958 -0.078848 -1.0111 0.11327 -0.024144 -1.204 -0.77659 0.0048405 -0.01239 -0.12925 0.0030272 -0.43946 0.079138 0.27632 0.12465 0.057234 0.68806 -0.19822 -0.82856 -0.74044 0.78629 1.1162 0.32812 -0.32837 -0.24422 0.88005 0.33678 0.88216 -0.20893 0.84996 0.96306 -0.3583 -0.38056 0.25447 -0.68748 0.81625 -0.1067 -0.47389 
jordnöt -0.76611 -0.59656 0.15886 -0.01849 0.024711 0.091402 0.31058 1.1757 0.86181 -0.23943 0.31747 -0.12858 -0.26546 -0.040817 0.55505 0.44407 -0.41954 -0.39123 0.17182 -0.08777 0.81623 0.57064 -0.89009 -0.40639 0.18129 0.075426 -0.38455 0.4554 -1.4043 -0.68445 -0.35161 0.17706 0.27247 0.6558 -0.099494 0.59801 -1.4123 0.14182 -0.064594 0.97703 0.061149 0.03104 0.37888 0.015523 0.028967 -0.89157 -0.22625 0.38079 -0.091703 -0.17799 0.37092 0.31982 -0.38766 -0.83887 -0.15704 0.44293 0.61766 -0.79964 0.30411 -0.6449 0.71624 0.5528 0.44832 -0.51969 -0.062834 0.086023 0.36804 -0.81579 -0.92803 -0.56605 0.054234 -0.023341 0.86138 -0.49322 -0.19678 -0.76286 0.68326 0.96445 0.70455 0.032055 -0.77333 0.081535 1.2516 0.29455 -0.42344 0.25499 -0.99448 0.058335 -0.53364 0.98638 -0.72592 0.9186 0.39082 0.10872 -0.13187 0.47404 -0.47405 -0.21201 0.031579 -0.62183 
ceder -0.17807 -1.1421 0.25921 0.6107 0.29516 -0.28547 0.025434 -0.38515 1.3663 1.263 -0.053848 0.54222 -0.02173 -0.055971 1.7726 0.859 1.2342 1.1525 0.27127 -0.49191 0.51141 0.5805 -1.1691 0.39019 1.5122 1.0394 -0.15477 1.2447 -1.5731 -0.2757 -0.1289 -0.49956 0.18415 -0.46114 0.58848 1.0199 -0.43273 0.17259 0.21526 0.83773 -0.39516 0.29485 -0.064324 -0.25708 -0.54519 0.21868 -0.18852 0.38448 0.089344 -0.18939 -1.729 0.027613 -0.96747 -0.4429 -0.23389 1.1465 0.29707 -0.67116 -0.72893 -0.046155 0.45293 -0.47032 0.53375 0.11353 0.096671 0.090051 -0.80702 0.098275 -1.1274 -0.33596 -1.3006 -0.12124 -0.30944 0.34963 -0.72369 0.69561 1.106 -0.4934 0.81381 0.73522 -1.0553 1.1863 1.0116 0.21852 -0.27448 -1.2448 -0.96123 0.58901 -1.2397 0.47869 -1.3913 1.3241 1.2949 -0.8974 -1.5609 0.72174 0.96518 -0.62964 -0.64614 0.46348 
fotogen -0.166 -0.94102 1.1808 1.2347 0.036063 -0.77431 0.13659 -0.85782 0.4248 0.43048 -0.22208 0.74514 -0.012925 -0.9638 -0.4285 0.85595 -0.39226 0.25127 -0.30044 0.14467 -0.013691 -0.090601 -1.1276 0.1616 0.98999 -0.52227 0.75061 0.84577 0.047304 0.20377 -0.21837 0.36909 -0.98113 -0.68847 0.472 -0.57039 -0.70367 0.96496 -0.75506 1.0416 0.39844 -0.24246 -0.2044 0.34404 -0.0070061 -0.75215 -0.29062 -0.1994 0.062275 0.40618 0.22912 -0.1551 0.50049 0.13023 -0.3288 0.32841 0.29649 0.015617 -0.030315 -0.25218 -0.067576 -0.28747 -0.079794 -0.26627 0.32741 0.25919 -0.16049 0.55156 0.32535 -0.63394 0.97784 -0.18298 -0.077325 -0.064606 -0.24119 0.68037 0.68744 0.61572 -0.035674 0.14997 0.08701 0.036288 0.26994 0.37031 -0.013068 -0.361 -0.26438 -0.2839 -0.12188 -0.65077 -0.56826 0.62852 0.38599 -1.4931 -0.26705 1.3526 0.1469 -1.265 0.5071 -0.4925 
