95 100 
parfym -0.5019 0.56743 -1.31 -0.6334 0.33165 -0.40844 -0.2174 1.1647 0.63648 -0.67726 -1.3273 -0.45939 0.21772 0.44084 0.68219 -1.6347 0.1528 0.22134 -0.48242 -1.0707 0.45595 -1.5153 0.92241 0.51641 1.3865 -0.54289 -0.19689 0.48735 -1.1908 -0.1801 -0.27057 -0.059726 1.0771 -0.28178 -0.94147 -0.47984 -1.2088 -0.46833 -0.6074 0.25496 -0.62403 0.26679 1.1587 0.11765 1.7334 -0.85259 1.8657 0.044325 -0.033846 -1.3618 -0.29776 1.1017 1.3089 -0.35531 0.012148 0.16018 2.0967 -0.18863 -2.2311 -0.80607 -2.3618 1.1608 0.63135 0.23082 0.057325 -1.2056 0.17528 1.3776 -1.9291 -1.1166 -1.8165 -0.96318 0.29432 -0.9031 0.91731 0.94432 0.16485 -0.33851 0.46869 -0.77135 -0.021387 -0.96029 1.7763 0.55059 -0.14269 -1.6149 1.9761 -0.61942 -0.10801 -0.29465 -1.0191 -0.78761 0.11411 2.0438 0.96206 -2.0514 -1.1551 0.61998 1.3119 0.45127 
vanilj -1.2183 0.46633 -0.83198 -0.84329 -1.7132 -0.10078 0.16462 0.30185 0.35224 1.2642 0.45914 -0.6687 0.21271 1.4807 0.73364 0.24492 0.32764 0.84825 -0.46115 0.19286 0.13816 0.2483 0.092984 1.4247 1.9048 -0.78012 0.53376 -1.1014 -2.0923 -0.4097 -0.038745 -0.79192 0.60479 0.53451 0.97714 0.74928 -0.28169 -1.1236 -1.1555 0.53148 0.099492 0.019335 1.5171 -0.14282 2.9069 0.79739 1.6099 1.2066 1.9373 -0.026935 -0.23807 1.8811 -1.4226 0.44373 -0.17545 -0.078223 2.0626 -1.2709 -0.22231 0.18302 0.15097 0.82501 0.031994 -1.2224 -1.6695 -0.55638 -0.40435 -0.37787 -0.52039 1.7032 -1.8158 -0.096769 -0.44294 0.070854 1.4712 -0.19528 2.2209 0.14728 0.55163 -0.090328 -0.61039 -0.13645 1.9729 0.53411 -0.79731 -0.060127 0.90555 0.46424 -0.94594 0.74834 -0.5756 -0.49647 -0.73332 1.8533 1.29 -0.12357 -0.0098211 2.1414 -1.1671 1.0463 
rök 1.2076 -1.0008 1.6872 -1.7302 -3.5075 -0.055207 -2.5617 3.1012 -4.4347 0.12006 0.76428 -1.0609 2.7375 -3.9319 -3.7041 -1.4616 2.2625 -1.6548 -3.7251 3.2455 1.8157 -1.0864 -0.075156 2.3592 -0.003596 4.4522 0.23348 -1.0363 -0.060296 3.0454 0.99532 0.64587 0.50743 -2.0963 -0.83953 -0.56974 2.8019 2.9401 2.795 3.7817 -0.55643 -1.0818 2.6528 -1.0205 -0.11376 -0.90147 5.6655 -0.075491 -4.2893 0.42626 -2.0693 2.6023 4.1886 1.2448 -2.5072 0.49539 1.3361 2.4464 -0.49624 -0.64529 -1.5406 -0.5193 2.2752 0.14435 0.43626 1.7082 -0.37235 0.60035 -0.67457 -1.7216 0.4835 0.63983 -0.12314 1.2916 -0.45239 -1.5229 0.075139 0.046247 -2.3696 -0.7959 1.5343 -0.96548 2.3825 2.7012 0.66179 1.192 -2.4862 -1.9523 -6.8926 0.39806 0.028759 -1.145 -1.3953 1.601 0.44401 0.77612 -0.54694 1.8714 1.1284 0.26816 
kaffe -0.41504 -2.0235 1.0944 0.22028 -1.9116 -1.1289 -0.070703 1.1236 0.42078 0.1337 0.38331 1.4284 -0.1329 -0.68189 -1.5242 2.0287 1.1264 0.038413 -1.5549 -2.1471 2.1025 -0.83703 -0.11002 -0.07058 2.1871 0.88869 1.541 -0.39154 -0.87124 -0.31405 -1.991 -0.60939 0.59607 0.67606 -0.4736 1.155 -0.12372 -0.23299 0.35229 1.7785 1.718 -0.76804 1.4654 0.26663 1.5529 0.39486 0.50693 2.8151 1.5914 0.36085 -0.96905 2.6869 -0.070564 0.068912 -0.20693 0.28417 -0.19584 1.003 0.80421 0.61615 -0.73542 1.5617 2.843 -0.7077 -0.81492 -0.19581 -1.7157 -3.9484 0.24799 1.9332 2.7422 0.19558 0.10175 1.5851 -0.0034654 -1.5669 1.0742 0.26763 0.7777 0.12988 -3.0527 -0.45941 -0.33024 1.619 -1.9372 2.0975 -1.3633 0.41864 -0.58082 -1.3751 -0.1077 -0.75858 -0.99299 -1.1544 0.69711 0.59299 -0.96702 0.167 1.4106 3.2474 
choklad -1.3176 0.84077 1.1217 0.89669 -1.2849 -1.109 -0.23854 -0.40149 -0.32273 1.0933 0.78154 -0.45616 -0.17475 0.80869 0.35998 1.4439 -0.056347 0.99587 -0.74192 -1.6107 1.0135 0.54907 -0.6638 1.1961 0.40992 0.15218 -0.89209 -1.586 -2.7297 -0.63693 -0.19408 -0.03634 0.9492 0.75703 0.87874 -0.13237 -0.10015 -0.27446 0.11822 -0.0082691 0.17183 0.22535 0.91126 -0.22601 1.6703 1.4086 0.15089 1.9097 0.79806 0.32677 -0.69817 2.5399 -0.1119 0.24211 -0.65761 -0.43419 3.0037 -0.43148 -0.12315 -0.20397 0.12335 1.0932 0.60266 -0.23787 -0.58469 -0.50486 0.46199 -1.4342 -0.82662 2.6993 0.67965 -0.57887 -0.63239 0.27536 0.64287 -0.43818 2.0073 0.84584 0.41783 -0.63296 -0.083083 -0.74623 0.91874 0.8641 -1.1592 1.7012 -0.081977 -0.1961 0.93438 0.41168 0.21509 -1.4486 -0.48095 0.76864 0.042929 0.61602 0.70272 1.6605 -0.065558 1.7908 
vin 2.7417 -4.5578 1.7778 0.15213 1.136 0.67017 -2.756 -0.53929 -3.9278 -0.14319 -0.59486 1.8519 -4.1251 -0.42865 3.4889 0.30364 3.2539 -0.75035 2.4109 1.6685 2.7644 -0.56284 -3.0473 2.189 -1.2887 -5.5879 1.8268 -1.1994 -3.8989 -1.9691 -2.7261 0.44397 3.6407 0.87099 -0.98636 -2.4188 0.74822 0.50381 -0.58026 -1.0948 2.3645 -1.2474 3.7994 4.6991 -0.42795 -4.0877 3.2095 2.4896 2.2032 -4.7886 1.237 -0.099237 0.23425 1.7952 -0.17945 4.6607 2.3419 1.7912 -0.29454 -2.2568 -2.3195 0.64342 0.93637 -0.36621 3.7546 0.21568 2.8646 -6.7021 0.63422 1.858 4.6526 3.8648 3.8458 -1.5674 1.109 2.8932 -1.664 -3.3233 1.6362 1.3635 -0.70233 4.5346 1.9045 1.9766 0.59314 1.3363 0.16431 1.1403 -2.8306 -0.33734 -0.44595 2.1011 -1.2908 2.8436 1.915 0.61427 -6.8663 0.61063 -1.4921 2.3248 
gräs -2.9311 0.089245 2.605 0.076452 -0.14208 2.8632 -2.4045 0.48413 -1.4315 -1.9118 2.7817 -0.258 0.041639 -0.85784 -0.041384 2.9496 -2.1921 -0.52907 0.35375 -1.3273 1.5114 -3.7111 0.9116 -3.1408 1.5003 0.18395 -2.3831 0.57045 -0.33513 -1.8588 -1.281 -0.46839 1.028 1.6619 0.77264 1.1444 1.3648 3.2476 0.76347 4.3122 -0.70713 0.034153 0.22831 0.3369 1.2992 -3.08 -1.4171 -0.41076 -1.8219 3.3472 -0.91982 -1.6671 -2.45 -2.7848 -2.967 2.9217 1.4155 -0.21431 4.0531 1.7277 0.052017 -1.9658 0.20916 0.2425 0.63205 1.5317 1.408 -0.16206 1.7887 1.0114 -1.0209 -1.3097 0.56384 1.4874 -0.74265 -4.731 2.0382 1.238 -1.988 3.3159 -2.1098 -0.2374 0.71132 1.5019 -1.6993 -1.67 1.1639 0.9669 -1.8615 2.4461 -0.078141 0.93987 -2.8126 -2.2576 -1.4599 1.7519 0.3465 -0.95629 0.17416 -0.55441 
ros -1.0717 -3.6264 -0.21311 -0.49849 1.5953 -0.98707 0.060759 -1.1447 0.028494 4.7465 -3.0198 -0.35011 1.2748 2.2458 0.98333 1.5828 -4.8357 -0.23869 -1.1689 -0.43708 -0.60595 -0.38768 -3.4326 1.7312 1.97 -2.475 1.0832 -0.027826 -3.492 -1.3573 0.16287 1.4794 1.7695 2.3464 1.3037 -0.55221 -1.3765 -1.0249 0.017421 0.6822 2.3373 0.6939 1.5752 -0.49474 3.879 -0.61906 3.4441 1.7469 0.64161 2.0131 -3.3417 2.7731 -3.9579 -3.6574 0.066 -0.84758 1.9809 -2.3028 -0.86548 2.5271 -2.5144 -0.56762 -1.0324 -1.7645 -1.2592 -0.093122 -1.8671 2.7401 -2.3877 0.77596 -2.3613 2.6997 0.19741 0.08413 -0.94949 1.6204 0.35976 -0.50058 0.24679 0.5478 -1.224 -0.18754 2.2699 -0.74731 0.51649 -1.0714 3.5615 2.8585 -1.7848 2.8191 1.0259 1.901 -1.3564 1.1227 1.4624 -0.38655 -0.22137 -0.14843 -4.1692 -0.15531 
bröd -1.6619 -0.59283 3.5643 2.0155 -0.32372 0.54883 -2.8459 2.5887 -2.1559 -0.36266 1.5926 -0.90655 -0.54744 -0.21123 -1.326 2.5112 -1.2041 1.5799 -0.058539 -1.0327 2.5324 0.021424 -0.83868 -0.69557 1.7181 -1.7789 0.10045 -2.6299 -2.4634 -1.5048 -0.65225 -0.77343 -1.0639 -1.3755 2.3988 -0.26838 -2.2898 -0.10164 -1.4121 0.64097 1.0265 1.3787 -0.13398 -0.68968 -1.003 -3.3326 0.77078 3.3588 1.6899 1.7917 0.40988 3.1093 -1.8017 4.0932 -2.0012 0.48645 -0.51075 1.8788 1.5413 0.90556 -2.0938 1.9023 2.2943 -3.2184 -1.2409 -1.0843 -0.26622 -3.0022 1.2254 1.3152 0.85807 -0.021528 -1.7933 2.5528 -2.7831 -2.9627 -0.93035 0.64057 -0.79262 -1.9734 0.17461 3.0912 -2.2728 -1.2962 -3.058 3.3666 -1.2407 0.099269 -0.93964 -1.7119 0.62524 -0.88768 -1.5185 1.3162 -0.72896 -2.304 -2.3376 0.073142 1.7088 2.3637 
citrus -1.1328 0.60679 1.9847 0.88403 0.21589 0.072244 -0.73498 1.1789 -1.761 2.867 0.42624 -1.3188 1.693 0.41419 4.0122 0.32002 0.47579 0.18408 1.9109 1.6742 -1.2187 0.67559 0.78299 0.84944 2.156 -0.7293 1.5462 -0.98009 -0.70634 -0.95425 -1.7655 -0.97575 -0.27009 1.3533 2.0546 1.0558 -1.2511 1.2694 -1.2119 0.032886 -0.81411 0.42089 -0.2614 0.19136 1.9218 -0.53568 0.74341 0.16668 -0.03344 -0.22844 -0.93752 -0.25688 -3.4047 0.62506 -2.1054 2.4486 1.6824 -0.74746 0.20764 1.5343 -0.40962 1.0912 -1.3517 -0.37283 0.86544 0.91683 -0.6789 -1.643 -0.56678 1.0645 -1.0286 0.70634 -0.37241 -0.018621 0.26506 -1.6018 0.9247 0.37701 -0.89065 2.2119 -2.7025 -0.89078 0.76731 0.099249 0.2026 -0.029567 2.8234 1.2444 -1.9013 1.2223 0.55754 0.203 0.54931 1.5331 0.78982 -0.20914 -0.16462 2.5547 -0.49076 1.5783 
tvål 1.9225 1.0122 0.71646 0.59403 0.076556 -2.2218 -0.11466 -0.76501 -1.5224 1.2571 -0.52579 -1.0506 -0.15144 2.5373 0.97692 -0.27543 0.48684 0.56402 -1.3008 1.736 0.48269 0.6532 2.1515 0.24305 2.3683 -0.86996 -1.2743 1.1629 -2.7961 0.47932 -1.519 3.8327 -0.7014 -1.6893 0.34146 0.57685 -0.7738 -1.4409 -0.55 -0.38299 -0.12392 -1.2068 -0.33057 -1.2409 4.2443 2.7064 0.93245 1.3006 -1.8828 -1.349 -2.9936 1.9845 -0.61997 -1.4573 -0.21567 -0.6392 3.7571 -1.8904 0.35906 2.7088 -2.2074 1.9951 -2.0138 -0.70286 -2.3066 -0.82346 -1.4502 -2.1957 -0.10616 -0.034601 -0.40236 -0.87602 -0.15244 -0.8163 0.64487 1.5725 -0.050067 0.16988 -0.75167 -1.0903 -1.2044 -0.46349 1.772 -0.7097 -2.3953 -1.2855 1.8423 -1.9134 2.2687 -0.60961 -0.86699 -0.76464 0.94736 0.99773 -0.68036 -1.0421 -2.0481 -0.80594 0.085451 0.15536 
lavendel -0.31417 -0.074738 0.63244 -0.074386 0.30211 -0.84827 0.48064 -0.91493 -0.89606 0.74014 -0.56244 -1.2498 1.4261 0.24485 -0.58341 1.3686 -0.14083 0.39127 -0.57568 0.49338 -0.82184 -0.74723 -0.37791 -0.28491 2.7835 -0.1801 0.089339 0.71236 -2.2441 0.90136 -2.3138 1.1206 -0.47066 1.1695 1.4414 -1.5993 -1.5165 0.40272 -0.74295 0.84209 0.58539 -0.84299 0.60788 -1.0291 0.60919 0.072433 0.031591 0.89923 0.31436 0.67493 -1.2323 1.5249 -1.4445 -0.91421 0.12916 0.10613 2.023 -0.054378 -0.68472 0.81963 -2.0728 -0.027581 0.19422 -0.91778 -0.14349 -0.3959 -0.076784 -0.15791 -0.42986 0.54242 -1.3902 -0.27088 0.61838 -0.34276 -0.12884 -0.18667 0.59924 1.0059 -1.4981 0.92869 -2.3901 0.4654 0.79882 -0.52067 -1.4619 -0.76043 0.71472 1.2289 -1.0855 0.79647 0.12817 0.37005 -1.2517 1.3239 -0.31096 -0.0042147 1.2911 0.16775 -1.8408 0.38958 
fisk 1.7816 -1.8474 2.6652 0.25816 0.29106 -0.07942 0.20239 0.34174 -3.4784 -2.4583 1.15 0.66763 -1.0811 -0.81505 0.58438 -1.5781 0.045136 -2.5076 0.79441 2.1034 2.3745 -1.5581 -2.4786 -0.16645 -1.87 -0.0056139 -0.4043 0.31146 -0.58841 0.73994 1.0498 0.79334 0.57607 -2.0657 1.939 -1.8766 1.6137 0.25798 -0.51016 1.805 2.0848 1.664 1.6526 -1.377 0.92234 -3.3311 1.1969 1.4819 -1.0683 0.028602 -0.88193 -0.27667 0.81325 0.29534 0.61104 -0.20326 -0.14504 1.7276 -0.53443 -0.92604 -5.1001 -1.3519 -1.7503 -0.85382 -0.44063 -0.32837 2.1862 -0.3897 -0.7253 -0.19646 2.0317 -0.29837 1.6651 -1.5986 -1.726 -2.639 0.71964 2.2976 -0.2186 -0.015751 -0.057451 0.75305 -1.2644 1.2456 -2.3613 0.94218 -0.80249 1.1228 1.5667 2.0186 1.9402 0.043623 0.67023 2.9982 -1.0716 -0.059108 1.8084 0.97462 -0.29541 0.44556 
äpple 0.38224 -1.4979 -0.20415 -0.49448 -0.60067 1.1884 -1.7305 1.7344 -1.9736 1.3559 2.0235 -1.7071 0.12213 -0.19467 2.0677 0.87115 0.47327 0.8477 2.5517 1.4011 0.53324 1.0283 -0.91873 0.050928 1.6887 -2.7601 0.89188 -0.7374 -1.189 -1.36 -2.0287 0.97371 -0.78229 1.8044 3.1431 0.14035 -0.79116 2.3316 -0.099175 0.46876 0.69816 1.7229 -0.12729 -0.80602 2.7846 0.12152 0.22644 1.8793 1.7358 0.61336 -2.1048 0.31242 -1.0913 0.83326 -0.91476 1.382 -0.25728 -2.3044 0.19693 0.50244 0.045477 1.0155 -0.11448 0.16018 -1.221 0.48959 0.65485 0.43551 0.036306 1.3887 -0.96507 1.7602 0.092535 -0.69922 -0.33633 -0.39387 2.6174 -0.40116 -1.4026 -0.41246 -0.020601 -0.67332 0.54704 -0.29393 -0.24358 -1.0869 0.98611 -0.49486 -1.2567 2.2754 1.6001 -0.20103 0.0335 0.33995 0.32149 1.3368 -3.2836 0.91127 0.015097 1.1638 
citron -0.91241 -0.71448 0.8435 0.42173 -1.1083 0.22238 0.53448 0.15412 -1.4113 1.6092 0.13381 -0.14686 0.97641 -0.1368 2.4575 -0.93353 -0.24353 -1.0003 1.6708 2.0075 0.0086307 0.092062 0.057156 -0.025816 2.2618 -1.0305 1.2014 -0.98004 -1.7203 0.41771 -1.6774 0.24126 -1.5302 0.02406 1.9714 0.34093 -1.8272 1.887 -0.98705 0.62283 -0.54975 1.0988 1.1341 -0.94785 1.0316 -0.013752 -0.68772 1.5245 -0.30902 -0.42938 -1.9387 -0.30871 -1.3636 -0.3007 -0.76791 1.067 2.1194 -0.67244 0.21267 2.0944 -0.69123 1.1287 -0.94884 -0.11587 -0.82678 -0.060003 0.43835 -0.57203 -0.71158 0.91204 -0.71093 0.48029 0.35073 -0.69873 -0.23763 -1.2255 1.8627 0.3033 -1.1588 2.0459 -2.5561 0.49979 -0.21454 0.29211 -0.24822 -0.68972 2.0105 0.41804 0.81632 1.0984 0.45294 0.57967 0.37655 1.7295 0.48745 -0.5856 0.64366 2.056 -1.2499 1.4733 
öl 2.2362 -1.4676 7.401 3.0008 -1.4013 3.0009 -0.38182 1.6169 -5.0206 -2.1227 -3.0681 4.8463 -2.2547 -2.3915 2.3417 1.367 -1.8953 -0.37104 -6.3754 2.8073 2.0136 -4.2537 -0.58211 0.26816 -3.7042 0.56156 8.5545 -3.022 2.6544 0.10834 -1.1254 2.6177 0.98064 -2.8107 -3.8943 -1.6413 5.8412 -1.7424 1.0646 0.32362 -0.48563 -0.69637 3.2312 3.3927 3.3135 -2.2708 5.4671 5.5533 -2.1752 -4.6277 -1.0166 -0.22819 3.9726 3.6708 -3.5536 3.223 4.5595 0.86872 1.6767 2.4632 -1.0129 2.9082 3.5534 2.236 0.93526 -0.055949 5.9999 -7.1255 1.0631 3.0743 6.0625 2.178 -0.6958 2.431 1.9077 0.552 -0.30898 -2.96 0.83645 -0.73959 -1.873 -1.3295 -0.35823 5.6051 -3.4131 1.7365 -1.3089 1.1448 -1.1643 -1.7874 -1.6031 0.40359 -4.1105 1.1941 2.101 0.24854 -7.3813 2.2529 -0.6544 3.9277 
kanel 0.67092 0.017833 -1.1102 -0.99148 -2.2806 -0.15588 -0.12938 0.24406 -1.3303 -1.2089 1.047 -0.066467 0.70299 -0.88706 -0.46838 0.93516 1.7411 1.8255 -0.48921 -0.67752 -0.92311 0.87751 -0.013761 0.61144 2.0103 -1.0103 -0.54912 -2.3426 -1.821 -0.81112 -1.2411 -0.23461 -1.8924 1.6516 2.0237 1.0347 -0.629 1.6059 -1.3666 0.50627 0.85788 -1.2132 -0.31867 -1.8516 3.6552 -0.017119 1.3365 3.6119 1.0961 -1.0722 -0.63655 1.6149 -1.3105 0.92774 0.90306 1.3433 1.4226 -1.3082 -0.39906 1.1622 0.27012 0.42446 -0.74061 -1.4278 -0.5631 -0.32469 -1.1836 -0.851 0.015222 3.6489 -1.3378 2.2125 -0.90804 -2.3029 1.0304 0.4587 2.7428 1.3481 -0.81758 -0.20627 -1.6087 1.2677 1.5993 0.095236 -0.95261 1.127 -2.4444 -1.0643 0.4577 -0.18527 0.017513 0.025839 1.1316 0.64442 1.5233 0.79721 -0.022477 2.152 -0.64873 2.5112 
apelsin 0.50261 -0.15033 1.0295 -0.47414 -1.1553 -0.87241 0.65601 -0.89532 -1.4125 0.91696 -0.15674 0.031646 1.5031 0.81821 1.9021 0.11032 1.152 0.69751 0.21595 0.14791 0.33982 1.3332 -0.50738 -0.40155 1.6046 -0.76896 1.4075 -0.44853 -0.2223 -0.98224 -1.1431 0.9996 -0.41076 0.95687 3.0668 0.81738 -1.9726 1.1362 -0.9911 0.80068 0.52125 0.65163 -0.34798 -1.6097 0.82184 0.05986 1.2119 1.9738 1.545 -0.82419 -0.74164 1.3777 -1.2647 -0.036735 0.51547 1.8916 1.5387 -0.12382 0.30422 1.4758 -0.23491 0.94868 -2.2474 0.24599 -1.2093 0.010024 0.69093 -0.27867 -1.2382 2.4155 0.40116 0.81602 -0.62696 -0.34386 -0.17105 -0.55454 2.4166 0.47153 -0.70552 0.37556 -1.6359 0.22663 1.7914 1.0434 -0.12277 0.49178 0.94267 0.39153 -0.089116 0.51227 0.21023 -0.041137 1.1939 0.49641 0.63716 0.048476 0.28235 1.2877 -0.14224 1.5303 
te -0.054471 -1.467 -2.2608 -3.1618 -2.9384 -2.159 1.5331 0.85458 -1.8809 2.1932 -1.6753 3.9443 -1.5118 3.5554 -2.1112 4.4219 2.3555 1.2329 -0.97512 -3.1192 5.7884 -0.32331 -6.9694 0.22697 4.4073 2.1151 0.078633 1.161 -1.1827 -3.0902 -7.5814 1.6727 2.938 2.233 -1.0597 0.38843 3.9221 1.0855 1.9395 -0.16081 2.6477 0.85923 1.9995 3.4991 11.174 -0.18851 -1.0355 4.039 4.1363 -0.21958 -10.662 6.0171 -0.65992 -0.67363 0.012172 0.48796 -0.44484 -2.7129 1.7393 1.1279 -3.3884 4.4235 6.2671 1.6022 -1.3296 0.94542 -2.3849 -6.5962 2.711 3.0568 1.081 0.17405 -0.8723 -3.571 2.2118 0.9172 4.5758 -4.0586 -1.7241 -0.48971 -6.8762 0.62607 -4.0981 1.8251 -3.5634 0.43682 -2.1934 2.2299 -0.24093 -1.6274 3.9277 -2.1497 -1.8816 -3.6707 0.47625 0.34326 -3.0192 -0.25433 4.0946 7.9486 
vitlök -0.22634 -0.030779 0.29452 0.22368 -1.0738 0.8442 1.9955 1.7442 -4.2117 0.30753 0.83878 0.68622 1.0961 -0.31935 -0.73545 -0.40833 -0.74235 -2.9613 0.096658 1.1105 1.0921 -0.042968 0.53408 -1.3674 1.0226 0.80156 -1.2149 -2.2373 -1.52 3.1798 0.67731 -1.1661 -0.54635 -0.32096 1.8646 -2.0306 -0.20777 -0.15415 0.080139 1.7595 -0.57387 0.46598 1.1318 -1.3651 -0.65662 -2.4973 0.41959 2.7606 -1.1555 -2.0263 -0.27751 1.6949 0.54342 0.29377 0.10732 -0.88436 1.6469 -0.064519 0.40972 0.22795 -1.1502 0.24865 -0.063118 1.1137 -0.77051 1.7917 1.295 0.047145 -1.2438 -0.44009 1.5569 0.60813 2.3273 -1.6568 -0.53348 0.62259 0.77286 1.1287 -0.01251 1.7993 0.27258 0.83895 -1.6098 0.63112 -0.36956 -0.2679 -2.4778 -0.026004 -1.6123 1.0105 1.9753 0.0023907 -0.14968 1.7689 0.88635 -1.2229 0.061883 2.7412 0.10156 1.0028 
honung -1.1203 -1.0691 1.3445 0.37635 -1.4109 0.72791 0.91075 1.8474 -0.22216 0.56769 0.96215 -1.6111 0.59132 0.08026 0.81639 1.3443 -0.43055 -1.3368 0.12438 1.3447 -1.088 0.3205 0.76378 0.49633 1.4105 -1.3369 -0.60894 -0.79645 -0.14862 -1.6979 -0.45551 -0.23046 0.5531 0.60415 1.704 0.83166 -1.7587 0.011696 -1.5203 0.425 0.33098 1.6654 0.98722 1.1128 1.054 0.014983 1.1135 0.71508 0.42784 0.48433 -0.44543 1.737 -1.9845 -1.101 -0.95529 1.2029 2.7526 -1.5837 0.20049 0.30524 0.11491 1.0463 -0.15572 -1.1209 -0.71427 1.1511 0.084405 -1.5586 -0.2412 2.0666 -0.86342 -0.92288 -0.10656 -0.66206 0.35032 -0.60379 0.84937 1.6887 -0.07877 -0.094101 -2.0599 0.61034 1.1809 0.69185 0.079172 1.8257 0.34261 2.5457 -0.64227 1.1935 -0.43717 -1.6519 0.15509 1.4249 0.32726 -0.30867 -0.43329 -0.56218 -1.6789 1.7497 
körsbär -0.81671 -1.3664 1.1502 2.2236 0.31213 -0.6825 -0.86047 0.3462 0.88084 0.91021 0.82306 -0.81457 -1.2949 1.1601 3.0775 0.061073 1.5265 1.6887 -0.63592 0.25168 0.67184 -0.80243 -1.2675 2.4893 1.156 -0.26579 0.32621 -0.82872 -2.2712 0.33458 0.25629 0.060907 0.88391 0.57519 0.48791 0.22198 0.11687 1.9448 -0.11201 -0.030819 -0.11602 -1.5708 0.0054185 -0.33629 2.2356 0.30424 0.61572 1.9673 1.7136 1.4363 1.1187 1.9336 -2.0706 -1.8587 -0.3274 1.7389 1.8221 -0.15466 0.12768 -0.26015 0.34334 0.63394 -0.57376 0.3921 -0.98 0.10214 0.057824 -1.9406 -1.0615 3.5409 -0.8226 1.416 1.4993 0.62429 0.36681 -1.5217 3.0647 0.84659 0.82873 0.7835 1.5686 0.49057 0.92687 1.813 -0.92865 -0.92889 2.0397 -0.037225 -2.4934 0.375 0.85159 -0.96631 -0.20462 -0.36118 -1.3758 0.15196 -0.97326 0.82877 -1.8019 0.087201 
bensin 1.2997 -1.6468 0.17791 1.0952 -1.0371 0.69225 0.94854 -0.60289 0.1202 0.59932 0.43143 1.181 0.43381 -2.4128 0.093126 -0.43144 0.57355 -0.59476 -1.8574 1.5229 0.70059 -1.1785 1.4267 -0.32789 1.3016 -0.78782 0.015935 0.28835 0.76416 0.16887 0.091595 -0.73688 0.18063 -0.25899 -1.4035 -0.052752 1.6253 0.52768 0.27011 0.793 1.7016 -1.5687 1.3864 -0.32263 0.50715 0.20504 0.38595 0.34778 -0.26426 0.22493 -0.33248 0.58018 0.7915 -0.019575 0.66835 1.2202 2.4413 1.3679 -1.9988 0.10048 -1.0177 0.14255 1.0407 1.3677 -1.0764 0.30141 1.1575 0.66408 -1.2785 -0.33156 -0.92056 -0.013342 -0.35044 0.59264 -1.5396 -0.39221 0.84747 0.52612 -1.6588 0.18181 -0.28194 0.15354 0.89547 1.5347 0.58333 0.30222 -1.1743 -0.96435 -1.0335 -0.086322 -1.6091 -0.56669 -0.97984 -0.31828 -0.67112 -1.5065 1.1345 0.89098 0.33111 1.316 
djur 0.48709 3.5163 1.5224 2.9829 -1.547 0.031169 0.1819 -0.66134 -1.5412 -1.3064 0.99238 -2.2646 -2.3084 0.13081 -1.7607 -2.0329 -0.12362 -1.2797 0.79323 2.9326 0.93853 -2.229 0.81574 -0.71502 -0.88155 0.46012 -4.1736 0.91197 -1.7063 0.83516 -0.38841 0.18985 -0.50363 0.33742 -0.58815 -1.3998 -1.0954 0.88571 -2.0801 1.7214 0.84318 -2.3859 2.4749 1.3555 1.3336 -2.0897 1.1432 -1.8293 3.0433 4.4901 1.3561 -2.9243 2.2606 -1.6187 0.095967 -1.2605 0.38192 0.84668 -2.1821 -0.55152 -2.4765 -2.6702 0.53044 0.27587 1.7313 2.619 2.0679 -1.1285 1.0185 0.050008 0.68826 -1.9743 0.44537 -1.3863 -1.249 -2.9604 0.4041 1.8113 -1.0721 -1.0101 1.8893 1.4751 0.46969 0.55054 0.53907 0.81327 -0.8116 1.3637 -0.85372 -0.37038 0.41715 -0.7978 0.6994 0.16371 -2.3814 -0.22136 1.5746 -3.4564 0.13881 0.058204 
persika -0.33947 0.41812 0.40175 0.89007 -0.72504 0.11695 -0.15908 0.91544 -0.56071 0.8962 1.4604 -0.87361 0.35828 0.80987 2.3532 0.51347 -0.10749 -0.51642 1.296 0.85864 -0.1066 0.7398 0.40329 0.078953 1.6321 -1.9415 0.63736 -0.24183 -1.0444 0.17714 -0.060518 0.63931 0.89116 0.59726 2.2232 1.621 -0.8759 -0.53443 -1.2201 -0.27816 -0.062887 1.9854 0.0057121 0.20209 0.91083 -0.17207 1.1461 1.2674 1.978 0.13016 -0.33783 1.0442 -1.4642 -0.43666 -1.5139 1.3886 2.1197 -0.66764 0.15108 1.0763 -0.83271 0.37275 -0.47761 -0.97991 -1.3505 0.13149 0.2056 -0.046612 -0.97729 0.89474 -0.45974 -0.26173 0.58129 -0.2642 0.83068 -0.73671 1.2254 -0.48407 0.66679 0.19879 -0.40787 -1.1872 1.1179 0.66867 1.1183 -0.038394 2.103 0.77658 -1.6839 0.72457 0.72811 -0.016767 0.026717 0.68241 0.73771 0.1942 -1.0718 0.97076 -2.0692 1.5637 
ägg 1.4151 -2.9919 2.3003 -1.3021 -0.32159 1.7177 -0.6025 3.3916 -3.4019 -0.84851 3.4784 2.422 -0.69848 -0.96634 -0.46916 3.2432 1.5422 -3.4668 -2.4002 -0.033433 1.9836 -0.70438 0.74482 -0.029682 -1.7443 1.1173 -0.22399 1.4807 -2.3607 -1.797 -1.1375 0.66355 -2.2663 -0.63205 3.6847 0.26757 1.898 -1.4298 0.11382 1.1942 2.1266 1.7232 3.6542 -0.6553 2.4843 -3.9787 -0.005528 3.3519 -0.49525 -1.7943 -1.8958 0.24661 3.6571 0.77986 1.1573 -2.5429 0.35155 0.27238 3.1835 -1.3186 -1.3941 -1.4122 -2.4888 -1.1468 1.8784 -0.3637 1.1412 0.015239 -0.33972 1.2455 2.2676 -1.6281 1.0658 -1.4355 -3.8331 -3.8442 5.1336 2.4871 3.1965 0.77461 3.378 0.10429 -0.62304 -0.8134 -4.1324 2.3052 -1.9956 -0.6627 2.826 2.8852 0.55205 -2.5521 -1.1969 0.42613 -2.5346 -0.90342 -1.378 1.5842 -0.33851 0.022922 
mint -1.1384 -0.031103 1.5101 -0.097494 0.49871 -0.85706 1.0414 -0.081878 -2.0028 3.1345 -0.32527 0.34587 1.4157 0.98953 3.0654 0.73882 0.51355 -0.95547 0.97387 0.92679 0.3409 -0.22698 -1.4611 -0.17648 0.97805 1.9082 -1.1366 -2.7832 -2.364 -0.055331 -1.442 -0.14974 -0.53338 1.4593 0.56392 0.98691 1.1681 3.0071 0.80546 0.46005 -1.717 -0.57465 -0.7446 -1.7181 2.0775 2.4814 1.5094 2.4353 1.9433 -0.60479 -3.4737 0.14385 1.1228 -3.5874 0.90237 1.0736 2.7521 0.035146 2.1181 -0.31811 0.30166 -0.37182 -2.5593 1.1308 -1.5135 -0.0072481 0.41468 -0.44162 -1.3037 1.5958 -2.4465 1.7265 1.0073 -0.076787 0.31628 -0.54797 1.8874 0.31076 -0.78623 0.70295 -1.8303 -0.77834 2.2852 0.62371 -1.0743 -1.2781 1.2383 1.0378 0.21434 0.072889 -0.34795 0.66973 -1.8065 3.4663 0.30786 0.029911 -0.46955 1.7405 0.38249 2.7172 
blod -0.36212 -2.3641 2.2686 2.9059 0.48205 0.8589 0.11537 -1.2634 -2.3851 -2.0886 1.0099 -0.50797 0.91716 -0.071636 -0.24938 0.1172 -1.1415 0.43709 -2.3984 1.2596 -0.85477 0.5227 -0.14858 0.69293 -1.0029 0.38969 -0.32786 -0.92518 0.28024 -1.426 0.7957 -0.032293 0.53062 -0.66403 0.81218 0.46447 0.15225 2.6225 0.011154 -0.84886 1.8516 -1.5917 0.12427 1.7067 0.75648 -2.3756 0.73969 -0.46896 0.72534 0.91887 -0.47266 -0.24034 3.4928 -2.2709 0.49393 0.055714 -0.45213 2.642 -2.4976 0.71191 -2.6326 -0.81441 -0.44495 1.4132 -1.0839 0.71652 -0.19864 -1.5494 -2.4894 0.99844 0.32407 -3.5898 -1.6106 -0.65035 -3.8491 -0.1477 2.8841 3.0803 0.75627 -0.40643 0.99099 0.65356 0.94639 1.8277 0.13472 0.37554 0.71629 0.8798 -4.3742 1.5325 0.55989 -0.045293 -2.3375 1.5985 -0.34848 2.2134 -0.12238 0.71581 -1.3407 1.5495 
ost -1.3987 -1.6127 2.1879 0.53524 0.96134 -2.3941 2.4482 4.7113 -4.9627 -0.87194 0.69805 0.18691 1.1163 -1.7609 0.28633 0.75721 0.66963 -0.40745 1.37 2.1217 1.9142 2.7527 -2.9912 -1.6286 -0.77923 -3.7985 -3.4063 1.9652 -4.6306 0.9919 -2.1318 -2.2561 0.67471 -1.8 0.24464 -0.74257 -0.091149 -2.2896 1.1188 -0.99185 3.4386 3.4918 0.80472 1.2642 3.5396 -5.2065 2.2624 4.0152 -0.53067 -2.0675 0.30142 2.9373 1.9213 3.2923 -2.2226 -3.5664 0.40414 1.1979 2.9449 1.4181 -3.2941 -1.8653 1.7142 -1.5992 1.1366 -0.67559 4.6241 -3.7031 2.1047 2.6846 4.0307 -1.7848 0.7677 -1.0708 -1.8118 -1.3205 2.1438 0.56262 0.26834 0.15781 2.1741 2.1754 -1.5514 1.249 -2.3811 1.2375 -1.0323 -1.2376 1.1336 1.173 1.026 -1.9373 2.338 0.88668 0.57375 -1.433 -2.2384 2.6873 1.6514 1.1169 
lakrits -1.32 -1.4563 0.65693 1.7117 0.75574 -1.4701 -0.28966 0.30964 -0.063141 0.86884 0.84403 -0.88887 0.065702 0.22412 2.035 -0.018089 1.4322 0.89605 -0.43585 0.29652 0.78293 0.21517 -0.75972 0.87893 0.56389 0.74278 0.31492 -0.61475 -1.8296 0.94261 -0.64427 -1.0686 0.7193 0.96013 0.86844 0.83185 0.67064 0.94494 -0.082203 1.2427 0.12559 -0.58603 -0.2336 -0.31094 2.4205 0.0082309 0.85486 2.9854 0.31604 0.17044 -0.53375 1.9661 -0.7043 -1.3666 0.17586 0.55268 1.6429 0.51059 -0.34884 -0.28087 1.4807 0.396 -0.35793 -0.12208 0.36102 -0.13117 0.44946 -2.1788 -0.22765 2.0996 0.23336 -0.42463 0.0026192 0.23646 -0.40207 -0.81284 2.3848 1.194 -1.0403 -0.11947 -0.57174 -0.079073 0.77883 1.5504 -0.90518 0.6615 1.2375 0.88387 -2.3049 -0.19218 0.69987 0.56237 -0.1211 -0.63349 -0.95676 -0.59957 1.2235 0.67371 -1.2561 0.75822 
lök -0.5149 -4.0673 -1.1383 1.4591 -0.35981 1.1435 0.91993 2.0312 -6.8222 0.51506 0.7414 -0.036459 1.1207 -1.9392 -0.63882 3.3149 1.2516 -3.9093 0.095306 4.1387 0.92387 -0.10542 1.4148 -3.3656 1.4706 1.5924 -2.058 -3.0699 -2.8894 4.8666 0.77604 -1.3961 -0.49802 0.48436 4.2439 -0.63775 0.28423 1.7577 -0.60682 2.5339 0.15995 3.6058 0.71344 -4.063 -0.6347 -7.5499 -0.029795 1.1405 -2.912 -2.9277 -0.3104 2.4332 -0.71111 -0.0034127 0.36299 -1.892 -0.49154 -2.4656 0.80469 1.1682 -3.1271 -0.77581 -0.75937 -1.1295 -0.65272 2.2757 2.4102 1.4232 -1.9102 0.47132 1.6807 2.6377 2.1338 -2.3503 -2.4386 -1.0574 1.2329 3.2467 0.77535 2.1072 -0.32031 2.195 -3.3678 1.0628 -1.838 0.16417 -3.7301 -1.4181 -2.2676 1.1246 2.063 0.1506 1.0009 2.6293 1.0927 -3.4973 -1.3282 2.8409 -0.35135 2.2632 
tobak -0.6508 -2.3849 0.5437 1.1992 -1.3033 -2.0969 -2.2462 0.45198 0.29905 0.5231 1.1241 -0.34917 0.29665 -2.0984 2.3498 -0.067731 1.5624 3.2318 -2.1791 0.40199 -0.14166 1.1434 -0.80325 1.4594 0.85066 1.3187 -0.083136 -1.579 -0.34579 1.7905 -2.2663 -2.9496 0.60491 1.1408 0.6345 0.48098 0.17149 2.2538 1.1419 2.0073 1.5008 -1.3113 0.057793 -0.30473 1.5824 -0.026192 3.3708 0.79188 -0.27699 0.54124 0.77071 1.0344 1.8139 -2.1335 -1.5057 -1.1062 1.4698 -1.3784 -0.21159 -0.28581 -0.85075 1.2816 0.8071 0.57557 -0.35314 0.79101 0.5162 -2.7719 -1.4784 1.81 -0.74091 0.35562 0.09632 1.1813 -2.1355 -1.1377 2.565 -0.10419 -0.20592 0.1001 -0.45444 1.2364 0.97828 1.6351 -1.681 0.18156 0.40527 0.21204 -4.0933 0.2585 1.2604 -0.42324 -0.37628 0.35838 -0.4404 -1.792 -0.57375 0.072874 0.075513 1.4219 
grapefrukt -0.25008 0.34974 1.0287 -0.084245 0.27318 -0.4166 0.20765 0.69786 -1.3404 1.4888 0.26862 -0.57301 1.2583 0.45618 2.9533 0.3421 0.23283 -0.91704 0.73937 0.19003 0.2767 0.62753 0.38204 1.6226 1.2077 -0.064938 0.31684 -0.88035 -0.58665 0.11154 -1.1668 1.153 0.12145 1.2857 1.9316 0.91967 -0.86514 1.1459 -0.32467 -0.22089 -0.063485 0.75179 0.36348 0.35698 1.7415 -0.021187 1.0845 1.1222 0.2629 -0.26753 -0.804 0.50827 -2.0713 -0.10589 -0.51315 1.6915 0.33557 -0.62972 0.44365 0.67462 -0.33838 0.94741 -1.303 -0.89839 -0.89943 -0.27057 -0.40133 -0.68349 -0.72233 0.99212 -0.73473 -0.027264 0.84383 -0.0019159 -0.29402 -0.89123 0.35989 0.010749 -0.26623 0.78695 -1.5282 -0.15687 1.813 0.241 0.73966 -0.40116 2.3614 0.88931 -1.4282 1.4161 1.601 -0.2203 0.17577 1.0308 0.11082 0.94366 -0.22421 1.7755 -1.0047 1.3892 
urin 0.48369 -0.60312 3.3881 3.0891 -1.0431 0.80098 0.4828 2.3079 -1.8965 -0.73311 -2.153 0.53976 -0.36016 -0.81254 0.21691 -0.11146 -0.036425 -0.86213 -4.2177 1.6536 -2.4841 0.35145 2.624 -0.50646 -1.0788 1.3332 0.80278 1.6961 0.61973 -1.2943 -1.1362 0.25129 -1.9885 0.58949 -1.638 -0.16142 0.7249 0.83146 0.96124 1.2689 0.44928 -0.67796 0.61782 -0.25864 0.84835 0.36526 2.7533 1.4838 0.56088 -0.1452 1.4569 -0.19565 3.697 -0.79287 1.929 -0.70241 0.054211 1.5118 -0.37237 1.0788 -5.701 -1.3059 -0.92512 0.31313 0.48421 2.3362 0.7732 -0.73856 -1.0985 -1.4628 1.77 -0.45338 0.93784 0.032598 -0.364 -1.1444 0.77166 1.0761 -0.31936 0.39849 -0.88198 0.03997 1.111 0.46856 -0.24647 0.75322 -2.0852 0.39397 -3.3769 1.224 -0.81084 -0.77764 -2.0885 3.0234 0.46945 2.2214 -1.6096 1.1806 0.26944 0.77212 
läder -0.45433 -1.7692 -0.26321 0.56796 0.051608 -0.92147 -1.9724 -0.80527 -0.51894 -0.69071 0.57868 -1.2355 -0.41509 -2.6221 3.6873 0.84701 3.0246 2.7852 -1.5428 -0.32992 0.45785 0.59099 1.1381 1.1878 2.1133 0.684 -0.80951 1.5965 -0.60781 1.5119 -0.36203 -1.3583 0.49325 1.0087 -1.0928 0.20675 0.48674 2.168 0.071588 1.2123 1.469 -0.67489 0.40503 -0.56115 1.544 0.26758 2.0537 -0.069044 0.14524 1.8935 1.3847 3.1194 -1.4544 -2.4397 -0.92929 0.63142 1.3693 -0.74268 -0.71236 -1.3691 -0.89333 1.7156 1.4369 0.67282 1.8173 0.66788 0.44606 -4.0825 -0.79244 1.1634 -0.97811 -0.2902 -1.9056 0.81517 -1.0293 -0.92167 4.2639 0.042662 0.53238 -0.17352 -0.79451 1.4129 3.0242 1.2291 -0.59621 -0.28463 0.66309 -0.14718 -2.8771 -0.40604 0.56149 -0.60003 -0.13052 0.03674 -1.1814 -1.1932 0.17395 0.81957 0.35404 2.1139 
hö -2.4319 1.6365 3.02 2.04 -0.47465 2.91 -6.0555 0.52101 -1.3991 -1.0461 5.9712 0.34759 -1.3429 -3.2065 -0.88024 5.3678 1.6273 -0.46669 0.034134 2.207 4.4688 -2.8025 4.7194 -4.3976 1.9059 -3.251 -6.4127 1.5154 -0.44117 -2.624 -3.546 -2.9264 -2.0731 2.9779 2.4619 4.136 0.85704 -2.5549 0.6138 4.6086 -0.72843 -1.7216 -0.65328 1.6402 2.0067 1.3984 -0.40683 -3.351 -1.5738 7.9606 4.4718 -1.9638 -2.3942 -5.215 -1.9033 4.8773 3.8884 -2.1139 3.2204 2.8981 -3.1906 -0.0056638 4.057 2.7497 1.7134 2.2099 2.4006 -4.855 1.1103 -0.37895 -1.3699 1.5327 -3.0372 -4.1486 -2.4398 -8.8282 5.4707 -4.7715 -4.4075 3.6181 -1.1289 -0.13987 -0.64862 -1.8609 1.9383 0.54922 -2.7871 2.0844 -0.49873 3.6453 0.13757 -0.51908 -7.6793 -1.3097 -2.9664 1.1736 -1.9231 -2.5287 2.2051 0.27406 
tjära 0.84238 -1.1962 2.5092 -0.022712 -0.18417 -1.3491 -1.1274 0.55933 -0.30424 -0.22671 0.97524 0.26168 -1.1077 -1.7928 0.39758 1.1615 1.4003 0.81626 -1.6534 1.0183 -0.60982 0.55592 -2.0287 1.5267 0.60659 1.3944 -0.77033 0.44353 -1.2757 1.7848 0.21289 -0.39246 0.57498 -0.6513 -1.5257 -0.5505 1.1368 0.69616 0.67982 3.0091 0.62803 -1.0088 0.96859 -0.49138 0.95558 0.76221 1.692 0.89924 -0.93266 0.58824 -0.25341 2.1777 -0.26632 -1.5817 0.51825 1.9331 2.453 -0.3288 -0.35003 0.076264 -0.99365 -0.35914 0.047959 -0.049305 0.0069863 1.2237 0.30646 -2.3041 0.53562 0.031404 -0.64219 -0.057662 0.31337 1.7114 -2.0737 -1.574 2.1713 1.2021 -2.1847 1.0513 -1.1234 0.45529 1.321 1.6506 0.3791 1.2307 1.1439 0.58538 -3.2746 -0.44787 -0.73533 -0.15899 -1.1997 0.69555 -1.9138 -0.63811 2.2421 -1.8388 0.12995 1.5378 
svamp 0.6084 -1.9666 -0.86544 2.173 0.048014 0.28131 -0.027791 0.37077 -1.8331 -0.21634 2.2223 0.27682 1.0071 -0.34004 2.3379 1.5078 0.59606 -0.91426 0.43997 2.1437 0.047436 0.71689 -0.971 -0.059963 2.296 0.93535 -1.048 1.5053 -2.5604 0.083108 -1.5208 -0.18615 0.16558 2.0189 -0.6457 0.64983 0.13182 1.3481 0.41868 0.39362 0.91244 0.66605 -0.83639 -0.77202 0.73729 -3.257 -0.64384 -0.053679 -0.14291 -0.29492 1.4109 0.72466 2.0019 -2.5664 -1.5613 -0.24076 0.88931 -0.60167 0.85011 -1.3219 -1.4551 1.4542 -0.65431 -1.6178 1.1728 0.30486 2.0672 -1.1335 0.75879 0.69164 -0.41439 1.1196 0.074961 -1.547 -0.73754 -2.1083 2.484 2.819 0.088527 0.78233 0.4088 1.1845 1.9907 -0.049581 -0.99622 0.49503 0.47075 -0.8677 -0.96148 0.79646 1.8291 -1.0064 1.4263 0.57465 -1.3228 0.97219 0.59265 0.21519 -0.65215 -0.84344 
hallon -0.78276 0.32955 1.6013 0.94958 0.52316 -0.29839 -0.87616 0.23404 0.51127 0.34989 0.60802 -1.6487 -0.38761 1.3172 1.5904 0.27038 -0.32087 -0.51374 1.0996 0.47943 1.3403 -0.12068 -0.92335 1.5807 1.2614 -0.48525 -0.56862 -0.97839 -3.4289 -0.35051 0.0030407 1.2157 -0.59336 0.088701 0.42813 0.88254 -0.18462 0.35938 0.059236 0.022169 0.30684 -0.13073 0.8795 0.8789 1.9989 0.67859 0.17996 1.9972 1.2895 1.4594 0.039411 1.1389 0.014881 -1.6113 -0.62492 0.51849 1.518 0.97075 0.59349 0.3121 -0.10537 1.2662 -0.00025515 -0.078695 -1.6266 0.024356 0.44771 -1.7294 -0.60391 0.84724 -0.21009 0.80063 1.4302 -0.32635 0.48752 -1.2278 2.0672 0.34424 0.88039 0.42971 -0.38218 -0.021423 2.1469 0.70014 -0.26656 -0.87893 1.3605 -0.18246 -1.6883 0.67473 1.2396 -0.29296 -0.70606 1.2371 0.35003 0.74481 -0.75993 1.632 -2.6561 0.2626 
mandel -1.93 -0.57579 0.98708 1.1449 -1.1799 0.16169 1.3922 1.8234 -1.4408 1.6138 0.1686 -2.1423 0.33432 -0.29817 1.0485 1.4432 1.0848 1.1622 -0.14453 1.2994 -0.30104 2.1166 0.25964 -0.18849 2.4146 -1.9928 -0.4664 -0.83031 -1.3312 -0.65539 -0.081602 -0.51039 0.28671 0.42101 1.798 0.76577 -2.2631 1.0518 -1.5758 1.1667 -0.034297 0.71864 1.464 -0.63877 2.2946 -0.28345 -0.32755 1.6134 1.2428 1.9391 0.68111 2.0822 -2.4461 0.5303 -0.11663 1.5372 2.2017 -1.7315 0.63916 0.3289 0.29077 -0.86244 -0.68454 -0.96464 -0.4866 0.61653 0.74328 -3.0664 -1.6754 2.2719 -1.3397 -0.049994 -1.1859 0.58405 0.07318 -0.38411 0.67377 1.0802 0.45168 0.10843 -2.2669 0.64457 1.751 0.2093 -0.43799 2.5034 0.25868 0.96775 0.27216 -0.12888 1.0764 -0.89812 0.97702 1.7536 1.0633 -1.3176 0.83773 1.1614 -0.40076 0.92327 
björnbär -0.41583 -1.2009 1.2104 1.6859 0.20518 -0.94546 -0.25924 0.51699 1.372 -0.31061 0.38271 -0.51892 -1.0717 0.61033 2.3556 0.037925 2.134 1.1251 -0.061481 0.098869 0.37678 0.42211 -0.38606 3.3549 0.82428 0.56922 -0.3455 -0.31769 -2.1376 0.86755 0.57277 -0.28145 1.2219 0.17181 2.1344 0.28893 0.17447 1.4227 0.42785 0.18864 0.42199 -0.73876 0.20682 -0.03011 1.8273 0.52538 1.0386 1.5868 2.5178 1.2822 1.0014 1.3903 -1.4828 -2.1555 -0.038775 0.61782 1.6782 0.67901 -0.22106 -0.61134 0.89101 0.47361 0.014305 -0.1902 -0.097404 0.19815 -0.5156 -2.4003 -0.35822 2.3201 -0.85099 -0.51314 0.82657 0.14479 0.13418 -0.78706 2.5829 0.7022 -0.48184 1.1915 0.17518 1.395 1.4151 -0.016081 -0.853 -0.93626 1.4806 0.55741 -2.8919 0.34925 1.1044 0.2256 0.3631 -0.70057 -1.0738 0.0065368 -1.2377 -0.22196 -1.7022 0.89334 
kola 0.12155 0.51172 1.2718 0.62058 -1.1958 0.56128 0.31414 -0.10896 -1.0332 0.22555 2.2103 -1.1814 -1.0357 1.1311 0.9591 2.3939 0.43503 0.85795 -0.70731 0.18229 -0.77492 0.90797 -1.331 2.0832 2.217 -0.67411 0.037622 -2.4112 -2.3702 -1.3769 0.26633 -0.44409 0.12475 0.3538 1.4998 1.9322 -0.74919 -1.2533 -1.1767 0.9076 -0.19486 -0.58561 1.6162 0.6094 2.8531 0.5394 -0.29134 1.538 0.58334 0.98263 0.28643 3.1858 0.10369 -0.40224 -2.0484 0.079315 2.2221 -0.080962 -0.15841 -1.616 0.97918 0.12879 -0.088865 -0.2925 -0.24805 -0.49436 2.1686 -2.4107 0.22161 4.3568 1.3437 0.24828 -1.2446 0.47392 1.5249 -1.4813 1.4113 -0.42862 0.93739 -1.0982 0.95126 -0.73377 2.9335 0.64637 -1.5821 1.3191 -0.68317 0.52777 -0.21944 0.36678 -0.55057 -1.831 -1.7092 1.327 1.0582 -1.0381 1.0156 0.96288 -0.159 1.3349 
rökelse -0.13054 0.85677 -0.39888 -0.13116 -0.96009 0.47626 0.18867 0.44716 -1.7093 -0.21383 -0.042383 -0.85938 0.76938 -0.34016 -1.7077 -0.75543 1.3998 1.1421 -1.952 1.4385 0.26765 0.02139 -0.90663 1.4671 1.3143 0.16086 -0.28603 -1.0029 -1.9617 1.5534 -0.65372 0.49368 1.2436 0.96706 -0.14297 -0.92437 -0.62712 1.5916 -0.48703 0.90832 0.98252 -0.054005 1.3656 -1.5849 2.2169 0.5221 2.5403 -1.0508 0.029304 0.45337 -0.40283 0.67495 -0.68817 0.37911 0.37629 0.47154 0.93704 -0.89499 -2.4604 1.6362 -1.7237 -0.42678 -0.77192 -0.28068 -0.26915 0.11484 -1.2998 -1.1065 0.95654 -0.062758 0.33036 0.042891 -1.6886 0.16296 0.41889 0.7913 -0.17604 0.4285 -1.1954 0.7811 -1.8568 -0.18375 0.94416 0.3175 -1.1449 0.10911 -0.77448 0.44496 -3.3941 -0.43715 0.44043 0.36047 -0.4578 0.9238 0.16949 -1.2646 1.1075 0.4454 0.15076 2.0101 
gummi -0.29672 -1.2002 1.0999 1.5894 -0.54142 1.0374 -0.22957 0.9859 -0.7565 1.7362 1.7089 -0.8534 -0.15294 -0.8638 1.1612 1.1374 -0.42863 -2.0087 -1.5741 1.8059 0.73422 0.70924 0.4242 0.56372 1.8655 -1.0836 -0.5888 0.30245 0.069255 1.7408 0.99878 -1.9047 0.61157 -0.79052 -1.3959 2.2271 1.0892 1.0124 -0.4887 1.359 -0.028578 -1.134 0.31891 -0.95511 1.5506 -0.42077 0.2654 -0.89894 -1.3188 1.3258 -1.0117 2.1297 1.1837 0.71842 -0.32716 0.93417 2.3246 0.096953 -1.1493 -0.79711 0.10996 -1.589 -0.017314 0.83794 1.0705 0.98382 1.8248 -1.5002 -0.29572 0.8799 -1.6327 0.62484 -2.4116 1.1869 -0.33049 -1.3667 2.485 1.0304 0.071612 2.4206 -0.29272 -0.14946 1.2671 1.0959 1.0799 0.51601 -0.49242 -1.4368 -0.99999 0.011191 -1.2103 -0.23451 -0.41405 0.23306 -0.43748 -1.6481 2.1039 1.9657 -0.3591 1.2076 
rengöringsmedel 0.14714 -0.11031 0.0067722 1.7991 -1.1261 0.98772 -0.14104 0.054441 -1.0023 -0.0074314 -0.58382 -0.62068 0.68023 0.41147 0.76546 -1.7409 0.87982 0.064774 -0.20788 1.4796 0.071693 -0.21384 1.1186 0.41798 1.0709 0.21339 0.39541 -0.086136 -0.086117 -0.2715 -1.3282 0.52404 -1.3776 0.15146 0.076865 0.37391 -1.6701 0.81448 -1.1058 0.16771 -0.64114 -0.7096 0.98829 -1.3178 -0.13428 0.18552 0.55206 -0.14916 -0.86639 0.099392 -0.31683 1.1617 0.54946 0.10807 -0.059543 0.44577 0.99254 -0.1792 -0.9607 0.84874 -2.2787 0.16798 0.2691 -0.010686 -1.0025 0.30775 -0.25078 -0.33305 0.8922 -0.75042 -0.3186 0.046329 0.90412 0.15303 0.027765 -0.36848 0.51861 0.68705 0.11633 0.64907 -0.77262 -0.73198 0.72381 -0.033642 -1.3106 0.1267 -0.28779 -1.1473 0.54514 0.75758 -0.7877 0.07127 0.21879 1.5899 -0.035052 -0.60266 0.19132 0.8939 0.14063 1.2308 
potatis 0.49806 -1.8367 0.61881 -0.065887 -0.70978 0.82399 0.6299 1.1561 -1.0913 -1.3009 1.4953 1.1489 0.38163 -0.56862 0.49749 1.6179 0.91048 -1.1177 0.051953 1.0193 0.96065 0.14056 -1.4398 0.55618 0.43982 0.37867 -0.49162 0.16884 -2.3458 0.54075 0.10517 0.79969 -0.16068 -0.40803 3.4245 -0.59405 -0.53095 -0.37064 -0.96975 0.38303 0.63311 2.0499 0.43481 -0.25713 -0.38296 -3.0038 -0.89063 1.7734 -1.1122 0.48418 0.62283 2.1213 0.14734 0.56494 0.39737 0.56627 -0.71734 -0.0085097 1.7393 -0.43885 -1.1198 -0.52028 -1.0637 0.30461 -0.056184 -0.59322 3.0126 0.045052 0.17021 1.1128 1.1796 -0.45819 1.3315 -1.0839 -1.0934 -0.784 2.147 0.29814 -0.021276 1.5788 1.3881 1.2161 -1.0986 -0.62122 -2.1618 0.25764 -1.3027 0.35456 0.20734 -0.22134 1.5422 1.1183 0.28492 0.71373 0.15784 -1.5966 0.24965 0.90743 0.23922 1.3883 
päron 0.51995 -1.2071 0.96791 0.39532 -0.46162 1.2552 -0.19393 2.0062 -1.3079 2.4233 1.6286 -0.36219 -0.77138 0.68641 2.5797 0.19597 0.38087 0.076155 2.0584 0.72294 0.35542 0.090087 0.34303 -0.15841 1.1613 -2.5511 1.2665 0.1682 -2.4097 -1.8142 -0.3962 0.12127 -0.65631 0.30345 2.2536 1.6312 -1.1454 0.67945 -0.9459 0.38668 0.23876 3.5198 0.2129 0.7941 3.4538 -1.1475 0.41866 1.0481 1.2715 1.5041 -0.99248 -0.46764 -0.73763 -1.044 -1.2721 0.92837 1.8095 -0.49771 0.041494 0.52406 0.9781 -1.0534 -1.5626 0.50521 -0.6544 -0.1144 0.66355 -0.61007 -0.86171 2.2627 0.16945 -0.42094 -0.93233 -1.7707 0.70676 -0.61576 1.3969 -0.28834 -1.3495 0.542 -1.9167 -0.97844 1.488 -0.56121 -0.028435 -0.32334 1.3 0.93144 -2.9365 1.7495 0.19428 1.4531 0.35913 0.14671 0.033574 0.35486 -2.2115 0.67322 -2.4707 1.7369 
russin 0.31365 -1.1416 0.34234 1.9614 -0.46654 -0.88502 0.54576 0.39254 -2.3169 0.69998 1.1189 -0.8898 -0.46674 -0.80341 2.1241 0.45985 0.91586 1.1556 -1.4979 0.68465 -0.20164 0.41126 -1.1187 1.8548 0.19988 -0.82652 0.80481 -0.048795 -0.72479 -2.0954 -0.90475 -1.2048 0.067176 0.39395 2.2722 1.0194 -0.69814 1.1944 -0.57476 1.4116 -0.66456 0.26318 0.65403 -0.47529 0.42762 -1.1161 1.9169 3.0522 1.948 -0.21579 0.59391 2.2122 -0.77058 -0.7961 -0.42378 0.98005 1.8345 -0.039069 0.45809 -0.31101 0.86038 -0.82553 -0.014142 0.021474 -0.92349 0.067245 0.45911 -3.3492 -0.75535 3.9425 2.0536 0.22029 -1.6885 -0.82858 0.61275 -0.31933 2.7619 0.29557 0.40431 0.2957 -0.96213 0.90285 0.86425 1.4452 -0.59646 2.2901 -0.93828 0.3498 -1.1643 -0.19325 -0.76748 -1.7627 1.4936 0.67055 -0.54238 -0.45195 -0.91647 1.0242 -0.25735 0.23984 
ek 0.75967 -2.6832 2.0286 4.9379 2.1221 -2.2246 -0.063695 2.1913 -3.0265 0.081006 1.8785 -0.10068 -0.59488 -0.59002 4.491 3.2889 1.5251 3.0747 -2.2955 -0.81644 -2.8944 3.5974 -0.78176 3.7362 0.69905 -5.0139 0.92762 -2.0499 -4.5913 1.4592 -0.305 -5.1625 4.6029 4.361 0.06693 -0.83522 1.3769 3.1426 -0.36911 1.2599 -1.728 -0.35634 -0.37354 1.7984 -0.57807 -2.5424 2.9528 -0.90339 1.2346 0.43154 1.092 1.5809 -1.8983 -3.3315 -3.5067 2.4875 0.40286 -3.5391 -2.1412 -0.70255 1.3526 -1.4878 3.719 -0.011547 5.4069 1.4353 3.3291 -8.2124 1.3981 5.4826 1.4622 0.73861 -0.16699 2.8747 4.559 -4.0818 4.0168 -1.1049 0.11962 2.8369 -1.1625 3.4235 3.8208 1.7647 -1.4027 2.1593 2.9741 2.0633 -2.8351 -0.70545 -3.3399 0.84199 0.46398 -0.78558 0.44395 0.054259 -1.0841 1.9812 -3.511 2.1867 
jordgubbe -1.1024 -0.11593 1.0418 1.02 -0.62555 0.30476 0.18861 0.23682 0.8798 0.43114 0.12167 -0.32107 -0.049293 0.33468 1.5103 0.15413 -0.4243 -0.11004 0.6983 0.22927 2.1945 0.14269 -0.69619 0.24325 0.56325 -0.9009 -0.15779 -0.13509 -2.267 0.23065 0.63972 1.0075 0.26668 0.032866 1.0056 0.82971 0.12425 -0.12189 -0.22033 0.073052 0.35754 0.12679 0.23571 0.673 1.1624 0.80289 0.28413 1.6954 0.77446 0.40019 -0.82114 1.016 0.22831 -0.32758 -0.84229 0.26181 1.5289 -0.91883 0.42205 0.62033 -1.0214 0.44375 0.12476 0.36309 -1.0616 -0.2335 -0.14595 0.14442 -0.67467 1.3249 -0.098021 0.87599 0.23755 0.69308 0.45609 -0.76484 2.0557 -0.31215 -0.13105 0.4189 -0.091177 -1.1315 0.73182 0.54927 -0.75363 -0.52067 1.6199 -1.3975 -1.0963 1.2392 0.76312 -0.45172 -0.43361 0.83698 0.23674 0.96095 -0.79709 0.6157 -0.86563 0.64197 
skinka 0.51737 -0.73711 -0.36925 0.18506 -1.437 0.26659 0.57169 0.35872 -2.9312 -1.5498 1.8415 -0.056738 0.44813 -2.4605 -0.80768 -0.093581 1.5659 0.17894 0.76996 0.46262 1.4075 -0.20363 -1.4212 -0.98291 0.29816 -0.3202 -0.59661 -1.9131 -1.6925 -1.0448 1.1293 0.96255 1.0818 -0.84245 1.6851 0.84259 -1.6234 0.67259 1.9043 0.50017 0.84255 -0.53871 0.17919 -2.053 -0.18309 -1.4319 0.096003 2.6951 0.16636 -1.5324 0.062686 2.5512 0.86061 -0.18518 -0.0045895 -0.111 -1.6088 0.060574 1.8369 -0.1324 -1.1039 -0.91766 0.15452 -0.22258 0.056988 -0.43704 0.79124 -2.343 0.10599 0.48791 2.4432 0.45403 -0.61793 0.39447 -1.4867 -1.7019 2.2918 0.082569 0.14734 -0.55785 0.052186 0.90984 -0.2281 0.79958 -1.4688 -0.13245 -0.7735 -1.3814 0.8838 -0.13617 0.016884 -0.33401 1.0674 1.0839 0.10192 -0.8331 -1.8282 1.6098 0.21103 0.29178 
kokosnöt -0.23775 0.21681 0.34795 -1.4162 -0.64015 0.62693 0.44991 0.54991 -0.67022 0.23431 0.84792 0.6634 0.55179 1.2478 0.86761 0.051307 -0.62617 -0.12273 -0.0039733 0.039366 0.30807 0.033139 0.21251 0.63809 1.35 -0.16605 -1.0939 -0.10699 -1.0783 -0.50455 0.20035 -0.15014 -0.027148 -0.19684 1.1474 0.8996 -0.31831 -1.2184 -0.95237 -0.27671 -0.33022 0.41888 1.2019 0.36023 2.2426 0.70794 0.53235 0.15005 1.341 0.2769 -1.397 0.99571 -2.5563 0.51544 0.32667 0.92088 1.587 -1.3274 0.61876 0.13798 -0.64008 0.47698 0.14551 -0.98865 -1.8368 -0.52809 0.16989 0.82801 -0.60332 -0.21299 -0.88207 -0.46731 0.5808 0.12474 0.98346 -1.2172 1.4161 0.41093 1.2055 -0.24806 -0.45649 -0.6874 0.74194 1.3952 -0.27905 -0.12068 0.9867 0.016068 1.0867 1.3023 0.15186 -0.95835 -0.6528 1.3979 0.50649 -0.58764 1.4599 1.3508 -1.1255 0.76329 
grönsak -0.74901 -1.7233 0.13389 0.39802 -1.0222 0.3303 0.46629 0.93153 -2.8345 -0.48322 0.16753 0.75145 1.6183 -0.25088 0.85773 0.89702 0.68506 0.28776 0.80642 1.0692 1.4931 -0.5945 -1.3077 0.035666 0.68861 0.078479 -3.2866 0.10991 -1.7916 0.35295 -1.9324 -0.3689 0.25303 0.2755 2.1474 0.030738 -1.0804 1.293 -0.51014 0.96832 1.0613 1.3145 -0.019979 0.65447 0.73722 -2.7211 -1.1921 0.36076 -1.8085 0.74417 1.0766 -1.1409 -2.0636 -0.53254 -0.8963 0.18428 0.18277 0.6689 0.88825 0.97131 -2.173 0.016971 -0.73772 -1.611 0.57571 0.40329 2.5146 -1.5997 0.21808 0.94218 2.2371 -0.30879 1.9795 -2.0447 0.15412 -1.6351 1.6655 1.1079 0.67385 0.14467 0.054601 0.71312 -1.4391 -0.75494 -1.0704 0.72122 -0.53794 -0.39515 -0.066068 0.23898 2.0725 0.086953 -0.0074742 0.28785 -0.38366 -1.8021 -1.5658 0.16773 -0.068992 0.28769 
gurka -1.7584 0.30577 0.63247 0.21359 -0.5215 0.53987 1.4424 0.73933 -1.8123 0.85302 1.1158 -0.19899 1.2121 -0.40961 2.0645 0.62361 -0.36346 -0.36329 1.4114 1.5945 -0.55824 -0.057044 -0.9967 -1.4478 2.0967 -0.081112 -0.65208 0.093513 -2.1799 1.6479 -1.4407 0.40146 0.28557 0.023602 1.5962 0.27465 0.16709 1.3089 0.046289 -0.34793 0.81453 1.7777 -0.69065 -0.08595 1.4173 -1.0912 -1.0031 2.8545 -1.0503 -0.91924 -2.9525 0.20734 0.046422 -1.9979 0.80207 -1.3634 2.0209 -0.37147 0.92314 0.46695 -1.602 -0.33563 -1.2789 -0.32244 -1.3811 -1.7582 1.8969 -0.23307 -0.94322 0.53204 1.0627 0.86519 1.1218 -1.4549 1.07 -1.5503 1.4319 0.86865 -0.5706 0.23597 -2.0763 -0.68006 -0.38867 -0.16291 -1.8882 -0.86656 2.0222 0.69579 -0.74006 1.0264 -0.24228 0.30758 0.30654 1.5493 -1.5593 -0.68313 0.92459 1.3964 -0.30648 1.8049 
gödsel 0.2677 0.18691 2.0994 1.3734 -0.58741 1.1826 -0.89921 0.92977 1.2573 -0.48007 0.75625 -0.36523 -0.75539 -0.42044 -1.0933 1.9212 -0.0067977 -1.1246 -1.5534 1.1989 0.21415 0.4651 -0.10013 -0.58629 0.44906 0.059461 -2.2436 0.72406 -0.13329 -0.38653 0.66 -0.29983 -0.23473 -0.93748 -1.6044 0.10845 -1.0339 -0.91451 1.6886 1.8701 0.67265 -0.90335 1.2257 -0.36181 1.0307 -0.56273 0.87668 0.044346 -1.7319 0.33739 1.0381 -0.8011 0.1768 -0.7543 -0.32659 1.1222 1.3282 1.0655 -0.76439 -0.21919 -1.387 -0.0067681 0.61271 1.4476 1.7628 3.0533 0.73611 -0.17822 -0.022104 -0.50855 -0.61329 0.94566 0.20318 -0.58586 -0.0028079 -2.8021 0.76535 -0.24784 -1.0973 0.78986 0.40803 0.033158 0.71852 -0.50906 -0.25151 0.68217 -0.49089 -1.2705 -1.3025 1.0781 0.93671 0.78222 -2.0245 0.57477 -0.78569 0.8949 -1.2656 -0.67046 -0.12482 1.6933 
lack 1.3197 -1.3451 -2.1768 1.0608 0.63401 -2.0452 1.7896 -0.17001 -0.91384 0.383 -2.3074 1.384 0.28974 0.47523 1.4995 1.2362 2.5012 -0.45223 -2.5341 0.27834 -1.0037 -0.44511 -1.086 0.14341 0.92646 1.6102 -0.18854 0.7338 -1.2937 -1.0024 0.3703 2.1147 1.3269 1.7359 -1.522 -0.21137 -1.3324 1.3365 0.80581 0.59789 -1.9256 -3.339 0.13467 -3.2221 0.50867 -0.012239 1.7616 -0.055964 -0.69293 -1.8533 -0.58693 3.3699 1.2267 -1.368 0.61689 0.52334 4.4453 0.60798 -0.99329 -0.063807 -1.0715 -2.5242 0.3311 0.48523 -0.34521 -0.082198 0.41454 -0.52797 -1.9697 0.24101 -1.1667 1.6043 0.068342 1.2912 -0.72095 0.32579 3.7703 -0.29084 1.1925 -1.8757 0.87795 -0.79088 2.2444 -1.71 2.4011 -0.8284 2.9705 -0.28805 0.64766 0.074284 -1.2749 -0.045735 -1.7408 0.4583 0.40947 -0.26706 0.49831 1.9178 2.309 0.72791 
kartong -0.96688 -1.8038 1.659 0.89654 0.89729 0.1359 -1.0002 0.92884 -0.92154 0.20978 -0.36637 0.020427 -0.16433 -0.98782 0.92578 -0.5169 -0.4706 -0.54101 0.62713 -1.5156 0.75446 0.56088 0.31812 0.49253 0.38821 -0.13638 0.090387 2.5145 -1.3296 -0.59669 -1.1054 0.95594 -1.1447 -0.37507 0.36362 0.84222 -0.75541 0.45184 -2.0378 0.77562 1.5062 -1.2648 0.091636 0.072157 0.3018 -0.39792 1.2639 -0.31176 -1.7224 -0.16268 -0.003519 2.0017 0.23715 -0.65151 0.23387 0.5638 0.19181 0.49028 -0.72329 0.43653 -1.8266 -1.3147 0.29116 -0.71962 1.2631 -1.156 1.0338 -1.6358 -0.038047 0.3747 1.3381 0.010849 -1.8604 0.41531 0.9644 -0.20652 1.7222 0.79474 -0.69539 0.59019 1.1454 0.12488 0.27876 0.15986 0.63592 -0.51164 0.53069 -0.28202 0.070147 -0.81962 -1.3467 0.60357 -0.072644 -0.49509 -0.70667 0.1075 -0.33614 1.463 0.28692 0.43774 
målarfärg 0.50406 -1.8006 0.54389 0.15085 -0.34746 0.22828 0.80973 0.27512 -0.13824 0.031531 0.1265 -0.051026 0.33407 -0.19411 0.53392 -0.025095 1.8283 -0.9251 -1.0798 -0.090642 0.14512 0.29848 -0.93628 0.73964 0.80451 0.2526 0.86112 0.18816 -0.46521 0.02983 -0.80537 0.35592 0.084969 1.2292 -1.1264 -1.0719 -0.045073 0.56043 -0.4056 0.65109 -0.86372 -1.1998 0.51725 -2.0332 -0.7766 0.46576 1.0448 -0.83233 -0.48663 0.15842 0.52564 1.4658 0.78495 -0.74233 -0.0042592 -0.38547 1.7463 1.3793 -0.76384 0.64589 -1.7961 0.16644 0.39392 -0.069372 -0.69134 1.3542 0.74244 -0.46357 -0.3517 -0.075756 0.035766 0.77519 0.52521 0.99265 -0.0045479 -1.1759 1.7913 -0.14718 0.30426 -0.69503 0.050559 -0.7031 1.5974 -0.097661 -0.013868 0.52813 -0.1846 -0.90874 -1.256 0.77411 -1.5878 0.13859 -0.88539 1.0912 -0.36781 0.28293 0.69641 0.64532 1.0815 1.2553 
ammoniak -0.12197 -1.2881 1.0748 1.9167 -0.75418 1.6366 0.047131 1.0269 -1.1031 -0.81685 0.30321 0.071013 -0.075836 0.39767 0.68897 0.21575 0.55208 -0.69001 -1.4888 1.5471 0.11439 0.74575 1.0145 -0.48588 -0.10127 0.63849 -0.64573 -0.19021 -0.30834 -0.01707 -1.36 -0.0056826 -1.7411 0.6233 -0.49859 0.045886 -0.1333 -0.27327 0.33447 0.50584 0.21626 -1.095 0.74511 -0.35728 -0.52502 -0.57168 0.17186 0.26502 -0.29957 0.15973 0.4244 1.1547 2.4546 -0.99215 0.95133 -0.58381 0.30559 -0.45854 -0.66517 -0.18631 -1.7987 -0.86651 -0.14675 -0.071942 -0.18292 1.2908 0.86215 -0.50452 -0.2485 -1.523 0.082095 0.39971 0.83429 -0.88178 -0.20863 -1.3281 0.63214 0.057561 0.25193 0.42845 -0.3375 0.51941 1.5961 -0.1663 0.26799 0.93002 -0.97929 0.017877 -0.11558 1.0972 -0.99556 -0.28679 -1.578 1.1897 0.6275 0.052611 -0.057305 1.4878 -0.53216 0.4318 
bageri -1.7618 -0.19561 2.0957 0.69926 -0.50637 -2.3361 -1.577 0.68781 1.5865 0.2166 0.82277 0.1438 -0.31783 -1.1898 -3.394 0.25963 -1.2443 0.72213 -0.98092 -1.9648 -0.02578 0.36489 0.97538 0.67981 0.84038 -0.84894 0.11088 0.16944 -1.4849 -0.46854 -1.2424 -0.29967 -1.2446 -0.75193 2.8162 -0.3873 -1.092 -0.25728 -0.34263 0.11705 0.19927 -0.45775 2.2725 -1.4222 1.2689 -1.0334 1.3554 1.6633 0.73355 0.32942 1.1968 0.12509 -1.699 0.60352 -0.041999 0.55016 0.10939 0.30988 0.23102 0.21465 -2.6868 0.15049 -0.078657 -1.1734 -0.10573 -0.24448 -0.034645 -2.369 -0.3446 -1.0687 1.0424 1.0347 -0.83516 0.29573 0.92998 -1.1681 -1.3873 -0.17451 -1.3926 -0.64315 1.0927 0.30142 -1.1435 -0.28561 -0.70199 -0.22763 -1.2983 -1.7178 0.93993 -0.87697 -1.6018 -1.1956 0.5341 0.27827 -0.33181 -0.56726 0.62791 1.1506 1.4554 -0.089319 
sirap -0.62629 -2.7558 1.4328 2.4071 -1.7573 1.4887 -0.65978 0.46473 -1.7675 0.39246 1.5672 -0.41343 -0.22695 0.81722 1.7765 3.249 1.0781 0.98481 -2.2011 1.4429 -0.26359 2.2212 1.3472 1.9183 -1.7328 0.68149 0.61726 -1.503 -0.34841 -1.7985 -0.78623 -0.13658 -0.52371 1.1504 1.9177 2.3903 -0.0013151 -0.097561 0.047834 0.84738 0.76871 1.991 1.4111 0.307 0.7849 0.58861 1.1019 2.4111 2.0644 0.17054 -0.40607 2.3548 -1.535 0.532 -1.0043 1.3507 1.0537 -0.3776 0.26277 0.99456 1.3396 -0.41254 -1.4999 -0.57548 -0.65985 0.27337 -0.77089 -4.3834 0.83526 2.7116 0.26885 -0.72929 -1.3914 1.0477 0.45272 -0.56072 1.356 0.33042 1.2921 -0.644 0.37131 1.6306 -0.36711 -0.24501 -0.79029 2.1624 -1.2608 0.29474 -0.29439 0.20418 -0.70033 -2.5931 -0.72846 -0.30421 -1.1493 -0.075799 0.84641 0.93879 -1.1927 0.94892 
kork -0.0075553 -2.8951 0.56886 1.9644 2.7061 -0.95339 0.0059625 1.892 -2.9034 0.42198 -1.9206 2.1067 -0.57697 -0.13845 -0.42852 -0.64586 -0.83678 0.3671 -1.3458 -0.1686 0.94063 -1.1214 0.29999 1.0687 0.65322 -0.53741 -0.61504 0.080444 -3.0401 -1.6144 -0.70501 1.9759 -0.55235 2.5739 1.1296 -0.19643 0.79381 0.81764 -1.0022 0.030917 0.3255 -1.5812 0.63945 1.0333 -0.11326 -0.16828 -0.69999 0.37334 -3.6326 -0.36413 -1.2299 0.6817 1.3069 -1.0928 -0.71177 0.29751 0.94231 0.85587 -1.1566 -1.3717 -1.2654 -1.1567 -0.62942 1.853 1.4859 -0.37732 0.98499 -1.6037 -0.40364 -0.4844 1.4175 0.43374 -0.50038 1.3998 2.732 -0.7318 1.5073 1.3732 0.52092 0.21417 -0.99428 1.9841 -1.3772 0.3655 -0.27676 -0.38009 3.0161 0.93496 0.35451 -1.3852 -2.3354 1.7645 -1.5176 0.78627 -0.031485 0.28563 -0.17313 2.5522 -0.28726 2.2579 
björk -1.5949 -1.0927 -0.32342 1.1559 -1.2556 -2.5883 0.079059 -0.21769 -0.11216 0.54915 1.5092 0.86633 -1.8598 0.4734 -1.1214 3.0834 1.6101 0.10627 1.8539 1.1258 -0.6638 0.20061 -1.3562 1.3285 1.2514 1.0015 -2.038 0.59369 -0.75687 0.69323 1.043 0.65042 0.3894 1.0333 2.7752 0.017592 -1.5849 1.0325 2.0999 1.605 -0.04097 -1.8885 0.40377 -0.72971 0.5804 -0.69784 -1.4187 -0.74996 1.6239 1.5253 -0.04379 0.2611 -2.7087 -1.7759 -2.098 1.5119 2.579 -0.47708 0.98878 0.28755 -0.29767 0.96867 -0.39003 -0.45872 1.7566 -0.50348 -0.50253 -1.5808 0.60243 0.72475 -1.6446 -0.32215 -1.434 -0.37328 -0.19497 -1.0213 1.6703 -0.086271 -1.2424 1.4785 -1.5641 1.4889 1.7747 -0.97433 -0.26971 -1.2414 1.5515 -1.3264 -0.45943 1.2541 -0.061307 0.14808 -1.9708 -0.50113 -1.4582 0.73311 1.1072 -1.7158 -0.17426 0.94545 
eukalyptus -0.14005 0.12712 0.93066 -0.44495 0.0011212 -1.449 0.43564 -0.08609 -1.1219 0.82508 -0.11584 -0.31931 0.61239 0.68716 1.4044 0.95615 0.13977 0.5456 -0.33605 0.8653 0.42152 0.18968 0.040978 0.68782 1.7312 1.13 -0.27602 -0.35626 -0.99316 0.43999 -0.97455 -0.081108 -0.44774 1.0886 0.28734 -0.25687 -0.29848 1.3106 0.093992 1.0288 -1.0989 -0.60235 0.013608 -1.5828 1.3091 0.44971 0.80054 0.84694 0.67587 0.20721 0.1791 -0.35815 -0.48302 -1.0292 0.65614 0.63503 2.0669 -0.89037 0.16965 -0.16453 -0.064795 -0.054452 -0.16898 -0.38005 0.50924 0.11337 -0.067783 -1.5781 0.52771 -0.23327 -1.1159 1.0299 1.3055 -0.51995 -0.45411 -0.82584 0.059863 0.90812 -0.41316 1.0385 -1.7972 0.67902 1.5982 0.33446 -0.33225 -0.47757 -0.14959 1.4367 -0.7657 0.10754 -0.10589 -0.057666 -1.111 0.83598 -0.14983 0.052611 0.95615 0.49382 -0.22689 1.2244 
druva 0.72372 -2.741 1.7699 0.40782 1.5796 -0.17593 -1.6971 0.57913 -1.9521 -0.14244 1.0911 0.20913 -1.1127 0.60456 2.6035 1.5318 0.53364 -0.42618 0.79672 1.2571 0.26115 -0.17411 0.1093 1.5684 -0.33943 -1.252 -0.17066 -0.98241 -1.8852 -1.6788 -1.2955 -1.3097 1.5226 1.5247 0.60108 -0.45179 -0.97205 0.22915 -0.018764 -1.0767 0.40389 0.80493 1.4178 2.6972 1.1468 -0.38516 -0.43157 0.60642 0.86061 -0.32376 -0.67677 -1.5922 -0.96864 -0.81378 0.26592 2.3899 1.7401 -1.6529 -1.042 -0.0924 -2.6763 -1.3933 0.00066608 0.16424 1.5177 0.010991 3.7709 -3.3285 -0.01031 1.3892 1.5043 1.2051 3.1844 -1.239 -0.21283 -0.89736 0.31549 -1.638 -0.68142 0.25819 -0.37536 2.7561 1.4259 -1.5408 -1.1732 1.0545 0.94815 0.3398 -2.4936 0.69186 0.49739 0.97599 -1.7664 1.6374 -1.4516 -0.30943 -2.1908 0.2716 -0.38624 1.8937 
kryddnejlika 0.69219 -0.98712 0.22868 -0.4106 0.047546 -0.48205 -0.11039 0.42793 -2.0364 -0.72653 -0.57906 -1.0152 0.7656 -0.074737 0.39996 0.76274 1.7832 1.343 -0.6446 -0.45516 -0.073763 0.77255 -0.74164 0.78827 0.95163 0.10102 -0.74202 -1.4684 -0.56771 0.7054 -1.3074 -0.021131 0.095193 0.65068 1.5901 0.094584 -1.3419 0.38542 -0.070799 1.062 -0.18675 -1.1302 0.20795 -1.044 1.5325 -0.54368 0.87063 1.4504 0.38055 -0.32712 0.27794 0.9363 -1.2431 0.2279 0.51913 1.2543 0.6703 -0.4455 -0.96914 1.7009 0.78443 -0.069798 -1.0763 -0.87792 0.087665 0.066876 0.24822 -1.6215 -0.094074 1.5897 -0.31973 1.8544 -0.11955 -1.1827 -0.34956 0.47822 2.119 0.25717 -1.3836 0.49342 -1.6617 1.9636 0.36698 0.36542 -0.52166 0.028437 -0.41963 0.29107 -1.3695 -0.38997 -0.096331 0.37348 0.71494 0.34256 0.20569 -1.1379 -0.054291 0.41384 -0.43782 0.75148 
bär -1.3725 -2.3576 0.28498 2.0913 0.3161 1.5645 -3.089 -3.8615 -0.47523 1.1442 -0.074602 -1.8849 -1.9442 1.545 1.599 -0.8664 1.2633 1.9717 1.2234 -0.11492 1.6991 -0.61046 -3.2687 3.6586 0.39018 -1.0824 -0.70745 -1.1192 -4.8921 0.42295 1.1837 0.0051514 1.5518 0.79369 0.39617 -0.18301 -0.36584 0.65322 0.54355 0.43336 0.74018 -0.74301 1.0774 1.2182 1.7725 -0.74826 -0.66898 3.5119 3.3101 2.2055 1.2498 1.1189 -0.4584 -1.9111 -0.18922 1.8907 1.2246 -1.71 -1.0011 -0.19114 -0.85768 1.5084 0.60481 -0.69693 -0.92831 0.40341 -0.74532 -4.1782 -1.8625 1.9058 0.24113 0.9671 2.3237 1.8072 2.6767 -2.2662 4.3256 1.2661 1.4578 2.002 1.5592 2.4863 3.2594 1.9613 -0.69564 -0.76785 2.543 1.2672 -2.988 2.6474 1.6221 -0.29113 -1.3608 0.35763 -1.3197 0.49438 -3.9115 -0.23586 -2.6294 0.52775 
banan -1.5531 -0.081446 0.90544 0.37769 -0.41769 -1.246 0.6507 0.72891 -0.92873 -1.9236 1.4679 1.4441 0.67616 -0.36992 1.0374 -0.8414 -1.4554 -1.4191 -0.12613 -1.1419 0.82111 0.19931 -0.097904 -1.1822 1.3941 -1.0809 1.3399 0.7968 -2.0254 -1.453 -0.41962 -0.35368 -0.68845 0.08298 2.3969 1.6079 -0.38187 -0.011876 -0.074535 0.50897 0.32735 1.3003 1.8149 0.40704 1.4951 -0.70614 0.2589 2.7086 0.0056382 -1.1634 -0.31711 -0.31919 2.3504 0.34831 -0.21922 -0.51462 1.5526 0.6465 -1.2056 0.61341 -0.64888 0.089637 -0.26946 -0.95824 -0.9951 0.055204 2.3248 -1.2434 -0.64814 0.94947 0.8904 1.0897 -0.6991 -0.9704 0.29178 -0.87676 0.96079 1.0503 0.74411 0.29322 0.27779 -0.81422 0.48404 0.27229 0.43219 0.085071 -0.00763 -0.88169 0.095853 1.1898 -0.31929 -0.5544 0.7108 -0.61819 -0.77364 -0.45029 -2.751 1.7653 -0.75921 0.027028 
tallbarr 0.11066 -0.72509 1.4174 1.2655 -0.017985 -0.23132 -0.31963 -0.75052 -1.795 0.2858 1.4629 -0.45989 0.67226 -1.4911 0.98398 0.99187 0.43399 -0.025253 -0.2416 0.30153 -0.25402 0.72536 0.72067 -0.22069 1.4041 0.3332 0.0094809 0.61808 -0.78348 0.2292 -0.51346 0.15167 -1.7516 1.9514 0.46004 -0.23313 -0.00038125 0.36544 1.3052 1.6612 0.11476 -1.4486 -0.039798 -0.89152 1.9122 -0.60934 0.84368 1.2115 0.80179 -0.29341 -0.15364 0.0078252 -0.92029 -1.006 -0.45407 2.6164 0.62427 -0.803 0.8128 0.6288 0.35814 0.59836 -0.54908 -1.0138 -0.16472 1.1115 0.36363 -1.5398 1.1203 0.81435 -1.117 0.44458 -1.1518 0.85497 -0.35154 -2.0663 0.85457 0.23484 -0.70469 0.25265 -1.8705 0.23745 1.9997 1.6172 0.27946 0.22125 0.87606 -0.085908 -1.3011 0.011856 1.2176 0.71951 -1.3884 -0.2978 0.17586 1.1818 0.43565 0.16629 -1.0864 -0.017466 
mus 0.33553 2.082 2.5479 0.44982 0.84292 -0.50941 2.6403 -1.5052 -1.9097 -0.73549 1.3015 0.77426 -0.0028811 -0.53449 -0.85333 0.054213 0.62967 0.46319 0.3673 1.4377 -0.60967 -0.661 -0.6569 2.2342 -1.1583 -0.66701 0.35783 -0.23137 -2.812 -1.5387 0.81869 -0.18734 0.39123 0.26202 0.56287 0.22971 -0.22802 2.1943 1.0289 0.88928 3.2119 0.53711 -0.98999 -1.2237 1.4495 -1.1507 1.5323 0.23648 1.3005 1.281 -0.010242 0.436 4.0727 -1.9706 -0.45206 -2.5598 -0.35691 0.45992 -1.0728 0.8545 -1.1263 -1.9672 0.32295 -1.0488 1.1055 -0.79717 0.49501 -1.465 -1.4658 0.53062 -0.62844 -0.79425 -1.5715 -1.1315 -1.6024 -1.1407 0.75573 0.40347 0.20471 2.4068 0.26421 0.81134 0.74249 -0.035591 -1.32 -0.42643 0.617 0.6332 -0.31459 0.070886 -0.62607 -0.31011 -0.53085 0.36794 -0.8791 0.52328 1.7754 1.0742 -0.21732 1.4682 
anis -0.15224 -1.1332 0.87596 1.0064 0.90144 -1.2412 -0.40238 1.256 -1.1981 0.69148 0.47546 -2.1496 -1.6731 0.13331 2.6142 1.2098 0.81817 -0.56557 1.3538 2.3778 -0.91243 1.4413 -0.46623 1.2136 1.4323 -0.06654 0.38358 0.40046 -0.92092 0.063049 -1.3677 -2.0243 0.27683 -0.50167 1.7144 1.3193 -2.0278 0.20757 0.25983 0.86361 -2.0729 -0.35969 0.61234 -0.16999 1.6427 -0.35489 2.1581 1.9371 1.3477 -0.32516 0.12282 1.1299 -0.41172 -1.5733 -0.46354 0.27207 1.6454 -0.56665 -0.96162 1.3227 -0.22762 1.329 -1.201 0.072282 1.1602 0.39248 1.5054 -2.3327 -0.27429 1.7649 -0.24539 0.36349 -1.5061 -1.3504 0.33968 -0.62734 2.364 0.11276 -0.23259 0.42106 -1.8557 0.48087 1.3172 1.1022 -2.0694 0.29276 -0.60943 1.4588 -2.3018 0.24646 0.15818 -0.71504 0.48891 0.2959 -0.30285 -1.4575 1.1596 0.72906 -1.296 1.3538 
rom -2.1577 -2.4881 -0.83083 1.8314 -1.3936 -2.2371 -0.68214 0.34003 -1.9534 -0.53254 0.19284 1.2109 -0.44662 1.064 0.06304 0.50202 -0.31356 -0.27459 -1.9201 -0.65367 -0.64328 -0.081915 -1.1153 0.7388 -1.063 -0.31396 2.5878 0.29996 -2.3113 0.15863 0.26531 -1.7266 -0.048492 -0.53713 -0.10187 0.0080055 0.95277 -0.058432 -0.37702 0.88096 1.2326 -0.58682 4.0968 -0.64539 3.3041 -1.004 1.0155 3.0479 1.0786 1.1611 -1.707 -1.1015 -1.2272 -0.44067 -1.0709 1.4052 0.98334 -2.1391 -2.8791 -0.34605 -0.38003 0.11231 0.93196 0.37051 0.0069459 1.3704 1.352 -3.5215 -0.76904 1.5423 -0.37138 -0.57577 -2.0084 -0.44791 1.0122 1.3789 0.74566 0.5526 0.42506 0.66396 -1.9014 0.37103 1.7751 0.18296 -2.6346 0.45519 -0.027509 2.5549 -1.995 1.6358 1.012 0.66249 -0.14985 0.68142 1.539 -2.2228 1.3816 1.3015 -0.98127 0.88932 
bark -0.51028 -2.0759 1.1832 1.2146 -0.33964 -1.1223 -0.61935 -0.70993 -3.0785 -1.0511 1.7154 -1.1451 0.84017 -2.2448 -0.27405 1.3273 0.12293 1.2447 0.62624 0.99544 -0.30397 -0.62966 -0.71217 -0.79557 1.3166 1.1833 -2.6045 0.66789 -0.86395 -0.30683 -0.39311 -0.13313 -0.19625 1.6194 1.0373 -1.0419 0.057625 1.2138 1.2056 1.9452 0.9341 -0.66899 0.62246 -1.6633 1.6642 -2.0058 1.0489 0.8862 1.4633 0.14804 0.16809 -0.78936 -0.28886 -2.6466 -1.2661 2.6546 0.23386 -1.8814 0.41895 2.0952 -1.1728 -0.61877 -0.074577 -0.7855 1.4744 0.99578 2.1514 -2.9039 0.47268 0.8291 -1.9791 0.077943 -2.094 1.1175 -0.5878 -2.1877 0.48212 0.95699 -0.12455 0.75143 -0.51876 1.0026 2.5207 1.2095 0.74211 0.048686 0.80922 -0.48699 -1.5943 -0.55264 0.81829 0.12907 -0.728 -0.12213 0.025561 0.9834 1.0567 -1.6009 -0.14888 -0.025883 
morot -0.61222 -1.2462 0.68109 0.52208 -0.69483 -0.84848 0.84841 1.2574 -1.4631 0.030348 1.5085 1.4896 0.52733 0.90823 -0.083608 2.2588 0.057429 0.018211 0.59517 0.81478 0.094688 -0.072863 -0.34882 -0.1798 1.0209 0.29333 -0.47539 -0.43789 -2.227 -0.43632 -0.45071 -0.87089 -0.047354 0.47377 2.0722 1.0195 -1.2956 0.15273 -0.34864 0.19032 -1.0427 0.50321 0.38145 0.12556 0.48057 -1.347 -0.84769 1.4982 -0.18709 0.30132 -0.16897 1.7643 0.063275 -0.71411 0.50636 -0.084573 -0.46919 -0.82207 -0.2366 0.4797 -0.49848 -0.11546 -0.34165 -1.6358 -0.20206 0.18707 1.1766 -0.46918 -0.21078 0.51188 9.9182e-06 0.22018 0.31454 -0.87013 -1.2259 -0.93482 0.61202 0.89656 0.48598 1.9182 -0.57743 0.75472 -0.015979 0.37208 -1.4235 0.4022 -1.0066 0.22886 0.11311 0.40315 0.40223 -0.017881 0.049807 0.87217 0.32035 -0.72341 -0.4764 0.3779 0.57539 1.7694 
lösningsmedel -0.23604 -1.6877 -0.64883 2.0027 -0.93621 0.89016 -0.042481 0.70563 -0.7355 -0.47709 0.42485 -0.38055 -0.0099545 -0.29571 1.9115 -0.37402 0.57973 0.14948 -0.86146 1.0925 0.038085 0.37322 1.3355 0.14753 0.2609 0.6903 -0.51077 -0.4265 0.33911 0.088025 -0.94899 -0.072897 -0.47947 0.14211 -0.29031 0.67806 -1.3038 0.63682 -0.57195 0.31149 -0.65433 -1.2317 1.7583 -0.76725 0.51474 -0.55559 1.2233 -0.51103 -0.44281 0.27708 -0.11505 1.0461 1.4276 -0.51359 -0.023613 -0.37361 0.95525 -0.71786 -1.7284 0.5986 -2.8367 -0.31968 -0.098343 0.47022 -0.3014 1.167 0.42697 -1.3631 0.63562 -0.10418 -0.93647 1.3502 1.4227 -0.033905 0.19714 -0.47381 1.2928 1.1032 0.50119 0.76067 0.23221 0.21743 0.99663 -0.57738 -0.07646 -0.044373 -0.54976 -0.58991 -0.56816 0.40022 -0.74342 0.067886 0.33793 0.95451 0.040957 -1.6503 0.0053362 1.1826 0.58742 0.79818 
lim -0.53948 -2.245 0.95149 0.41301 -1.0502 -0.39218 0.087525 0.82856 -1.2001 0.88665 0.64641 -0.45941 -0.064632 -0.52705 1.5879 0.46028 1.1002 -1.6075 -1.8435 0.29851 -0.29966 1.0357 -0.77894 -0.33393 -0.54551 -1.6219 -0.22417 0.64661 -0.81887 -0.30875 -0.18301 -0.17406 0.49419 -0.32059 -0.40416 -0.56943 -0.77576 -0.079447 -1.1937 1.046 -1.4248 -0.15491 1.1126 0.22229 -0.36316 1.208 1.7299 0.79306 0.39328 0.16194 -0.76343 2.2539 2.7217 -1.578 0.17365 -0.14174 0.48403 -1.7299 -1.0691 1.2863 -0.41378 0.20099 -1.383 0.65731 -0.46192 0.16765 1.0495 -0.68206 -1.0711 1.2141 -1.0438 1.3169 -0.58372 -0.002141 -0.75546 -0.4997 1.7448 -0.78018 -0.58453 0.83316 -0.4254 -0.29039 1.246 -1.3476 1.1601 -0.3328 0.64009 -1.257 1.7646 1.0105 -0.22139 0.29283 0.92793 0.78634 0.12182 0.03514 0.3077 2.8725 1.3011 1.1787 
ogräs -1.3992 0.1402 1.53 0.10516 0.017362 1.5761 -0.96289 0.25637 -1.6202 -0.57845 0.34233 1.1455 -1.5854 -0.69954 0.41593 2.3191 -1.0071 -1.0375 -1.4716 0.43481 0.73268 -1.4714 -0.062368 -1.5913 1.5446 0.070198 -1.3241 1.3452 -2.0098 -0.41006 -1.1926 0.60046 0.35288 2.0176 1.1853 -0.89026 -0.36107 0.82107 0.65823 1.5362 -0.30013 0.0696 0.36556 0.57877 -0.4306 -1.8314 -1.7631 -0.16685 -1.5234 0.60393 -1.2882 -0.76446 -1.831 -2.1246 -0.1045 0.54028 0.37382 0.25357 0.60984 1.3941 -1.416 -1.7446 -0.12091 -0.509 0.39391 2.0291 1.2762 0.92495 1.6797 1.7499 -0.88541 -0.58574 0.76748 -0.26252 -0.52526 -3.2692 0.14016 2.1461 -0.4301 2.5716 -1.6451 0.69349 0.071098 0.87513 -1.0389 -1.1093 -0.19141 0.1 -1.5318 0.81766 1.5106 1.3247 -1.4599 -1.6159 -1.5202 0.44078 0.61365 -0.056129 -0.90678 0.04323 
senap 0.080512 -1.3598 0.17813 0.48138 0.080129 -0.61989 1.086 0.44146 -2.322 -0.60341 1.3855 0.48909 -0.53548 -0.88818 0.2074 1.7078 1.0403 -0.35853 -0.029001 0.60871 0.62872 1.1495 -0.70335 0.050066 -0.021445 0.36034 -0.76708 -0.15098 -1.9509 -1.0445 0.51645 0.32966 -0.62143 -1.3171 2.2565 1.491 0.99081 0.010985 1.2312 -0.50368 0.084067 0.91233 0.56727 0.84852 1.5129 -2.1009 -0.095636 1.8221 -0.082638 -1.2845 0.21473 1.7829 1.1398 0.74745 0.27931 -0.61178 0.55125 -0.87374 0.59149 0.29128 -0.88558 0.021102 -0.99857 0.98927 -0.15428 0.72291 0.58862 -0.83872 -0.53694 0.55452 1.6674 -0.66253 0.013389 -0.47348 -1.2407 0.76635 1.2332 0.19973 -0.51809 -0.47433 -0.80293 -0.018315 0.25901 1.0562 -1.1676 -0.72715 -2.1724 0.092763 0.36793 0.19149 0.28969 0.01226 1.2666 0.89662 1.2765 -1.4768 -0.57282 0.74312 0.47917 1.0178 
cologne -0.85409 0.33172 0.41444 0.71769 0.66643 -2.145 -0.26381 -2.134 -0.60977 -0.70515 0.51992 -0.036632 -0.43468 -0.022415 1.1178 -1.522 1.5414 -0.049412 -0.92313 0.20131 -0.96688 -0.18848 1.0627 1.7717 0.9153 -0.52032 0.28279 1.0098 0.11812 -0.17448 -2.5686 -0.85066 0.38125 0.49961 -0.022345 0.72764 -0.52273 0.31259 1.1366 -0.20671 0.36077 -0.18611 0.99228 -1.2162 0.92131 -0.65187 0.66796 1.8976 -0.1178 -1.4445 -0.93889 -0.64884 0.0066423 0.35638 -1.5374 0.49054 1.6413 -0.5055 -1.2607 0.15092 -1.3385 0.082372 1.0012 0.60259 0.88763 0.46066 1.0161 -0.54971 -1.8598 -1.7207 -0.25382 0.025397 -0.42941 -1.5857 0.088634 1.2745 -1.1794 -0.30196 2.0165 -0.25976 -1.0824 1.2251 2.4009 -1.3825 -0.36006 -2.3773 0.71951 0.054107 0.67313 0.058304 -0.16678 0.67827 -1.5331 1.3513 0.52463 -0.2374 -0.37304 3.2186 0.74788 0.85225 
geranium 0.30768 -1.1281 -0.11149 0.20909 -0.14263 -0.3742 -0.20499 -0.17834 -0.5028 0.81829 -0.38072 -0.82034 0.5064 0.98468 2.2609 0.64878 0.29152 0.34866 -0.85281 0.4118 -2.2126 0.57845 -0.13094 -0.45324 0.74402 -0.50709 -0.68333 -0.38853 -0.59959 0.54535 -1.0332 -0.10792 -0.2688 1.4641 1.3261 -0.029972 -3.0274 0.53316 -0.009993 0.08289 -0.034833 -0.71423 0.70211 -0.7281 1.7492 -0.14447 0.061276 -0.14348 1.0212 0.95934 -1.145 0.14116 -2.0147 -0.6604 0.31147 0.83065 0.62297 -1.1746 -0.98691 0.52629 -1.7581 -0.40439 -0.76556 -0.17438 0.16945 0.90477 -0.55797 -0.16551 0.10609 -0.51945 -1.4766 1.2554 0.57129 0.66921 -0.66027 0.61529 0.68716 1.5357 -0.30871 1.1816 -2.5653 0.45581 2.3205 -0.22851 -0.1768 -1.4505 0.77755 1.7551 -0.57087 -0.14747 0.63243 0.14995 0.53436 0.13007 0.45994 -0.43787 0.89728 0.5253 -0.40296 1.0668 
pepparmint 0.049836 0.3953 0.76768 -0.29812 -0.49669 -0.2727 1.1285 -0.42841 -0.93116 1.3003 -0.20956 -0.39119 0.44766 0.69105 1.9085 1.2166 0.64924 0.18712 -0.17088 0.6688 -0.22909 -0.21151 -0.20627 -0.51473 1.4312 0.84767 -1.1526 -1.434 -1.0353 -0.0039825 -0.85958 -0.047119 -0.65151 0.48272 0.64169 -0.2408 0.22098 1.0877 -0.14996 0.53228 -0.54864 -0.9397 -0.67958 -1.7852 1.1705 0.40111 -0.0082103 1.9131 0.93727 -0.62784 -1.2475 0.22513 -0.068991 -1.2803 0.66089 1.3206 1.582 -0.29345 0.72312 0.10036 0.17584 -0.19785 -2.1977 0.44453 -1.048 0.098101 -0.22375 -0.78358 -0.75916 0.59108 -1.5378 0.89765 0.37334 -0.10718 -0.15826 -0.85927 1.3388 0.63773 -0.28601 1.2266 -1.9039 0.42624 1.57 0.91455 -0.75505 -0.42377 -0.1101 1.4851 0.62937 -0.23392 0.024184 -0.43971 -0.75692 1.7096 0.21871 -0.39322 0.30837 1.5276 0.13601 2.0357 
selleri -0.1803 -2.3245 0.87076 2.0631 1.3997 -1.0975 0.19743 0.70932 -0.45859 -0.53157 1.2207 0.25632 0.3132 -0.11633 1.3543 -0.084909 0.92328 0.048509 -0.17029 0.58411 0.29423 0.69788 0.68476 0.01971 0.3651 -0.13189 -0.52159 0.8317 -1.2905 0.30238 -0.68144 -0.4756 -0.43682 -0.52477 0.18706 0.54333 -0.7601 -0.45616 -0.32346 -0.068393 -0.12833 0.4435 0.99101 0.039952 0.84582 -1.6361 0.11527 0.91361 -0.23911 -0.025245 -0.12295 0.26863 -0.4942 0.35974 1.1903 0.3724 0.14003 -1.2506 -0.087821 0.36956 -1.7499 -0.038944 -0.94636 -0.19752 0.34087 1.1226 0.79609 -1.2493 -0.76661 0.80344 0.071248 1.1183 1.0449 -1.132 -1.0685 -0.89199 0.47881 1.2822 0.19947 0.69897 0.2048 0.99349 1.2077 -0.38427 -0.8211 -0.30956 -1.018 0.43523 -0.49736 0.20335 0.18981 0.69398 0.1186 0.78211 0.80165 -0.63986 -0.065921 0.6333 0.17815 1.186 
popcorn -0.038617 -0.46149 2.1972 0.59751 -0.22899 -0.74936 1.4276 0.83395 -1.0059 0.28187 0.029661 -0.09387 0.20976 -0.22586 -0.87455 0.21406 -0.49104 -1.3813 -0.25824 -0.053235 1.0266 -0.68276 -0.64839 0.17944 -0.023451 -0.67322 -0.26856 -1.2219 -1.8438 -0.49593 0.3737 1.0013 -0.72305 -1.0418 0.77244 0.17588 0.30669 0.11642 -0.20814 0.29562 -0.37255 -0.0025255 1.447 0.8907 0.4566 -0.89013 0.36511 -0.062079 -0.2735 0.36575 0.37379 1.1674 0.14557 1.0244 -0.016179 0.81346 0.41503 1.3583 -0.43272 0.042179 0.85977 -1.3753 0.17353 -1.2993 -0.39686 -0.61228 1.5101 -0.33559 0.68297 0.66342 -0.42896 0.52167 -1.1252 1.4051 0.16247 -0.10445 1.6098 -0.25886 0.37036 0.19788 0.057118 -0.55381 0.53684 0.94309 -1.5892 0.78837 -1.6015 0.055245 -0.44016 0.29203 -0.74991 -0.20553 -1.2804 0.5262 0.19947 0.38638 1.235 1.8513 0.26305 -0.86607 
rep 0.42597 -0.34931 0.56992 0.14494 0.31062 -0.40775 -1.4747 0.095495 -1.0832 -1.3981 1.9702 1.7646 -0.99329 -0.74755 1.8202 -0.94231 -0.69273 -0.51235 -1.6157 1.7937 -1.4474 -1.7052 -1.1732 -0.50703 1.2997 -1.7954 -0.29729 0.7498 0.5523 0.26356 0.38327 -0.26447 -0.47611 0.71967 1.6334 -0.30304 -0.053732 1.2871 1.1183 -0.021105 -0.72633 -1.9441 0.18085 -0.70993 -0.9586 0.48319 -0.96083 -0.52874 -0.29326 0.59893 -2.029 1.0244 0.35098 -0.72226 0.76159 1.5478 -0.32531 -0.48253 -1.6106 0.33322 -1.1834 -1.1517 -1.0594 -0.19004 1.1216 -0.041871 0.80073 -1.1282 -1.469 -1.8066 -0.79857 -0.25306 -2.7884 0.22218 -0.041471 1.3447 -0.90106 0.28789 -0.34565 0.43103 -1.2006 1.2033 2.0996 -0.70207 1.3758 -0.074724 0.58984 -0.79606 -0.055695 -2.6646 0.077095 1.152 -0.71794 0.85091 -0.12472 0.7979 0.28405 0.30259 0.3332 1.0295 
desinfektionsmedel 0.25352 -0.51894 0.33967 0.73462 -1.3364 1.2908 -0.16233 0.89545 -1.5248 -0.30611 -0.15815 -0.29369 -0.20077 0.094178 1.3589 -0.37889 0.54712 0.43562 -0.4237 1.4122 -0.37534 1.0775 1.6694 -0.12609 0.77077 0.18686 -0.0091653 -0.14667 -0.0349 -0.23186 -0.57855 0.41682 -0.49726 -0.45398 -0.31194 -0.63204 -1.0127 0.37387 -0.12447 -0.20553 0.056542 -0.58266 0.33228 -0.37552 -0.26611 -0.72865 0.3196 -0.28667 0.037339 0.38508 -0.87514 0.89889 0.82267 -0.39427 0.28427 -0.54039 0.50949 -0.39176 -0.87471 1.209 -2.7639 -0.56804 -1.3437 0.48874 -0.60018 0.54797 -0.65464 -0.97138 -0.40083 -0.4643 0.031803 -0.14463 1.2124 -0.20214 0.21361 -0.34138 0.12065 0.38886 -0.071528 0.098121 0.25281 -0.1841 0.7964 -0.29953 -0.4199 -0.49682 -0.04415 -0.37612 -0.29172 0.67971 -0.26591 -0.30136 0.24561 1.627 0.17891 0.16704 -0.9787 0.81288 0.64077 0.97971 
violett -0.26831 -1.2031 -0.28711 -0.044035 0.57228 0.11118 0.43456 0.56762 0.28435 1.053 -0.02579 -0.33397 -0.50096 0.41176 0.3036 0.70816 0.33425 0.2993 -0.84449 -0.19674 -0.60014 -0.37878 -1.7383 0.63566 1.2624 -0.47566 -0.047173 0.16771 -1.82 -0.66207 -0.22892 -0.4939 2.1334 1.0163 1.0276 0.045494 -1.4561 0.41003 0.14967 -0.19378 1.006 -0.027992 -0.28666 -0.81694 0.83985 -1.2005 0.5654 1.1539 1.0761 -0.18001 0.091429 0.30859 -0.66727 -1.1483 -1.1164 0.46296 1.099 -0.46678 0.056705 0.41996 -1.9616 -1.0658 -0.50406 0.19924 -0.12118 0.11868 0.81678 -0.73144 -0.41555 0.197 -0.45263 0.085032 0.30171 0.097775 -0.30713 0.70941 -0.095421 0.42066 1.0789 0.96444 -0.63377 1.0383 1.7202 -0.54588 -0.13585 -0.81779 1.0658 0.76923 -1.2476 -0.74038 -0.3035 1.1167 -0.54777 0.42332 -0.32718 0.24809 -0.27553 -0.56123 -1.6129 0.43626 
valnöt -0.56823 -0.93211 0.17699 0.44208 -0.34581 -0.93545 0.80057 1.1227 -0.31054 0.25701 0.18482 -0.8002 0.37447 0.73941 0.084775 1.6232 -0.19363 0.42759 0.084988 0.73248 0.23694 1.1023 -0.88816 1.2533 1.4295 -0.63099 -0.5126 -0.59014 -1.0601 -0.27965 -0.34815 -0.048281 -0.48951 0.44241 1.7008 0.20859 -0.0050854 0.0046939 0.49627 -0.21018 0.15309 0.79359 0.062754 0.27896 1.4615 -0.55615 1.2904 0.88971 0.85119 0.31925 -0.98679 1.7659 -1.0577 0.19879 -0.32284 0.067898 0.57426 -1.2388 0.65172 0.91784 0.93191 0.74484 0.72847 -2.1703 0.30476 0.29997 -0.24187 -1.0831 0.11041 1.6373 -0.31438 -0.42962 0.152 0.36474 0.24274 -0.40694 1.1873 0.090691 0.72194 -0.0076783 -0.51163 1.0132 0.63518 0.35733 -0.64571 0.52311 -0.18123 0.77051 -0.24017 -0.047061 -0.60338 -0.38294 0.86499 0.16851 -0.24048 -0.13091 0.042943 1.6748 -1.583 1.1152 
vinäger 0.56958 -0.74881 0.68384 0.16766 -0.16311 0.66671 0.47685 0.65045 -2.1711 -0.9893 0.36068 0.22802 -0.78329 -0.24951 1.3085 0.37127 1.046 -1.0488 -0.33745 1.3676 0.64255 0.14199 0.089989 1.1315 0.84496 0.13599 -0.28426 -0.39387 -0.66545 -0.055361 -0.87972 0.92246 -0.56825 -0.65796 0.48299 0.30483 -0.60254 0.87662 -0.4671 0.10096 0.97953 -0.59796 1.6682 0.34209 -0.85242 -0.61814 -0.26233 0.59335 -1.1972 -1.9656 -0.36769 0.28214 0.56199 -0.15167 0.40897 1.0326 1.1227 0.080997 0.24989 -0.45729 -0.83169 -0.18541 -0.41145 -0.49108 -0.065998 0.34965 0.629 -1.206 -0.56221 0.69257 0.25939 0.47151 0.39949 -0.60529 -0.65692 -0.036445 -0.11961 -0.026624 0.70271 1.3527 0.10695 0.80107 1.2187 1.2523 0.12148 0.41975 0.56227 0.81497 -0.45337 -0.21061 0.13885 -0.18541 -1.4086 1.9447 -0.15738 0.22534 -1.1334 0.049491 0.12222 0.83432 
kamfer -0.24424 -0.83413 0.58802 0.59536 -0.35757 0.16012 0.22761 -0.2096 -1.0333 0.34537 -0.035391 -0.21116 -0.81303 -0.50007 0.34552 0.30583 0.44536 -0.53707 -0.67464 0.40483 0.10423 -0.25336 0.29916 0.059962 0.60486 0.24356 -0.16686 -0.060681 -0.41998 -0.47801 -0.17077 0.15901 0.43321 0.86218 0.83315 0.26407 -0.7243 0.5861 -0.1111 1.0542 0.34047 -0.93101 0.45783 0.094533 0.68253 -0.2989 0.86993 0.79249 0.18753 -0.10532 -0.84617 0.32744 0.034684 -0.37047 0.071678 0.03765 0.51001 -0.69765 -0.70453 -0.48311 -1.1277 -0.78859 0.010554 -0.4368 1.1544 0.84852 0.49873 -0.76888 -0.053836 0.40127 -0.22519 -0.39694 -0.5209 -0.39504 -0.21119 -0.35943 0.46652 0.48703 -0.081214 1.223 -1.4661 0.53381 1.5759 -0.07416 -0.19094 -0.034694 0.41874 0.8435 -0.88929 -0.42937 0.011881 0.44156 -0.34944 0.97904 0.027998 -0.63748 -0.035512 0.19976 -0.1628 0.69904 
terpentin 0.13158 -1.6924 0.73396 0.39933 -0.3671 -0.68642 1.1354 0.43158 -0.89527 -0.37377 -0.25475 0.38924 0.074396 -1.059 0.25923 0.88269 0.95282 -0.48463 -0.5213 -0.55581 0.5956 0.61952 -0.92921 0.30274 0.95962 0.83299 -0.23691 0.45817 -0.63132 0.089942 0.048769 0.15903 0.54596 0.69477 -0.67028 0.22201 -1.1351 0.65735 0.3224 -0.13294 0.80587 -0.53672 0.18279 -0.85978 -0.19212 -0.44833 0.75947 -0.53164 0.17846 -0.38239 -0.71655 0.9052 0.17087 -1.2905 0.61956 0.013851 0.9627 -0.65572 -0.39351 0.15423 -1.617 0.47545 -0.44704 1.7082 0.26007 0.90112 0.62022 -1.2822 0.63192 0.49632 -0.26561 0.60857 0.49862 0.79557 -0.15843 -0.30415 2.3376 -0.4294 -0.99041 0.97971 -0.95767 0.82241 1.0458 0.55146 -0.27662 0.42477 -0.23965 0.06955 -0.82025 0.28795 -0.65995 0.094375 -0.15075 0.37325 0.48327 0.50226 -0.025817 0.3745 0.16107 0.76175 
kreosot 0.12488 -0.87756 1.2338 0.13244 -0.581 -0.045515 -0.14065 0.11844 -0.42344 -0.67875 0.22011 0.4655 -0.15797 -0.21822 -0.075205 0.41922 -0.040912 0.10961 -0.72384 0.56663 -0.28317 0.31144 0.049671 0.58556 0.11334 -0.021072 -0.76733 -0.26299 -0.26801 0.21118 -0.12868 -0.18286 -0.29198 0.31269 0.66407 0.18066 0.2835 0.33976 0.5484 -0.071571 0.37082 -0.37945 0.97448 0.0078661 0.43453 -0.63435 0.53031 0.49113 -0.28662 -0.16406 -0.20663 0.18186 -0.059109 -1.0101 0.28978 0.57293 0.67366 -0.38421 -0.17419 -0.03105 -0.56939 -0.761 -0.1427 -0.2464 0.37831 -0.57619 0.14365 -0.74614 -0.30693 0.69325 -0.0015772 0.16382 0.085334 0.20515 0.22459 -0.24697 0.17209 0.26569 0.056984 0.36877 -0.11972 0.17262 0.70538 -0.25732 0.47643 0.43023 0.11637 -0.022754 -0.55219 -0.22143 0.54099 0.18236 0.21074 0.10512 0.10302 -0.10247 0.30126 0.050203 0.59164 0.16747 
ananas -1.1121 0.22235 1.7225 0.28376 -0.77635 0.17981 0.5226 1.0922 -1.4208 -0.3197 1.4698 0.99513 0.029109 1.0073 2.3719 0.31308 -0.10027 -0.90984 1.0676 0.69823 -0.038258 0.95731 0.30594 0.6006 -0.028033 -1.2426 1.0168 -0.74318 -1.1312 0.0022658 -0.057706 -0.27155 -0.64849 0.49873 1.1819 0.83642 -0.76536 -0.078199 -0.852 -0.27917 0.25885 0.68086 0.61704 0.82059 0.8797 0.20597 -0.39463 0.31507 1.3425 0.77506 -1.3646 0.14551 -0.53237 -0.24907 -0.16219 0.96735 2.0199 -0.87292 -0.68595 0.86113 -0.34591 0.43974 -0.18628 -0.30076 -1.4784 -0.060932 0.97267 0.14199 0.019266 1.2211 0.4909 0.70319 0.39748 -0.98046 0.76698 0.059519 0.037018 0.090294 0.483 -0.067131 -1.4431 -0.23395 0.40615 1.1432 -0.1104 0.30836 1.5634 0.46528 -0.82756 1.3093 0.3006 -1.1358 -0.1384 0.71241 0.25821 -0.22282 -0.57968 1.1885 -1.1221 0.30157 
jordnöt -1.2412 -0.88549 0.10304 0.28215 -0.0564 -0.089154 -0.12536 0.44628 -0.82997 -0.025766 0.55991 -0.45235 1.1963 -0.013838 0.64395 0.37481 0.43692 -0.48965 4.0365e-05 -0.060664 0.80243 0.62318 -0.034692 0.069263 1.1331 -0.36564 -0.8913 -1.1025 -1.0866 -1.2694 -0.38935 -0.38445 0.22992 -0.56218 1.0691 0.67977 -0.12395 0.097611 -0.14309 0.30164 -0.22299 0.23794 0.6057 0.1112 0.8489 -1.0926 -0.25577 0.29879 -0.51596 0.81109 0.12573 0.77915 0.24671 -0.68901 0.48413 -0.87485 0.80034 -0.94735 0.046274 -0.17053 -0.63194 0.65956 0.0095468 0.36559 -0.71977 -0.072933 0.19509 -1.0332 0.19068 1.0226 -0.21507 0.22491 0.44294 -0.4048 0.035998 -1.5576 1.773 0.85252 0.46169 -0.29953 -0.41099 -0.27838 0.35302 0.76155 -0.43135 0.75096 -0.32218 -0.41433 -0.36981 0.95377 0.82996 -0.5475 0.088753 0.41086 0.40443 0.21227 -0.36408 0.58666 0.53414 1.0042 
ceder -1.1666 -0.13699 1.088 -0.13421 -0.37493 -0.98919 -0.2053 0.015127 -0.66988 0.32961 -0.085724 -0.269 -1.0503 -0.95668 1.7059 0.65776 1.2392 2.0052 -0.011594 0.169 -0.72359 0.61892 0.25065 0.64954 2.1656 0.96658 -0.14866 0.40785 -1.1145 0.13744 -1.0203 -0.61232 0.29045 1.5298 0.90516 0.77076 -0.11874 1.2279 0.67069 0.094805 -0.0076128 0.011856 0.31089 -1.3238 1.9924 -0.47294 1.8496 0.56634 0.97784 -0.28174 -0.62906 0.20728 -0.77159 -0.36797 -0.21282 0.23461 0.49364 -1.0677 -0.32367 0.055534 -0.17361 -0.65947 0.054591 -0.027108 1.3704 0.67216 0.93674 -1.7886 -1.2408 1.0323 -1.618 -0.083399 0.063563 0.48335 -0.39995 -0.42476 1.6809 -0.19549 0.55585 1.4734 -1.4134 0.94817 2.709 -0.66081 -0.47811 -0.13426 0.54523 0.90139 -1.5099 -0.33692 1.4294 -0.0098109 -0.24706 0.459 -0.97682 0.17268 0.0040494 0.60591 -0.27687 1.6635 
fotogen -0.2983 -0.44507 0.30187 0.55011 -0.2024 -0.65117 0.11886 -0.15099 -0.36062 -0.42624 0.30202 -0.32919 -0.39196 -1.5141 0.19402 0.77176 -0.27396 0.53573 0.39356 -0.61615 0.74102 -0.45363 -1.1389 -0.32711 0.267 -0.72072 0.41722 1.887 -1.6085 0.48697 0.074557 1.2457 -0.62463 1.757 -0.16128 -0.98901 -0.95793 0.67969 -0.58399 0.50861 1.3111 -0.090905 0.40113 0.94122 -0.24867 -1.2475 1.1369 -0.016922 -0.018912 0.53168 -0.49974 -0.26789 -0.24814 -0.31016 0.36878 1.0172 0.9633 -0.13494 0.77826 -0.05117 -1.1372 -1.439 -0.32968 0.20071 0.58504 -0.2151 0.74996 0.41081 0.55485 0.34626 0.67815 0.37362 0.29925 0.30292 -0.19303 -0.40928 0.47617 0.40125 -0.023083 -0.34475 -0.59049 0.31977 1.5625 0.30499 0.29824 0.43357 -0.17519 0.29655 -0.7654 -0.3771 -0.56813 -0.24064 0.63173 -0.57227 0.055689 0.58239 0.79486 0.068294 0.32737 0.30862 
