95 100 
parfym -0.96275 0.27978 -0.82342 -0.4104 -0.32836 -0.87173 -0.020916 1.4444 -0.25977 0.7129 -1.5637 0.39977 -1.1385 0.47488 2.1251 -1.0384 0.041251 -0.50387 -1.322 -0.30384 -0.22422 0.12481 0.97105 1.517 0.60517 -0.42517 2.4326 1.6146 0.92984 -0.35539 0.15932 -0.49688 0.85602 0.43147 -0.63879 -0.15651 -2.085 -0.25643 -1.176 -1.4733 -0.20298 0.57556 -0.67633 0.65116 0.65821 -0.5764 0.39816 -0.4015 1.3074 0.082393 0.2788 -1.431 -0.42247 -0.74166 0.10989 0.3269 1.2662 0.17316 -2.5866 0.82146 0.033287 0.52107 0.84833 0.22986 1.2534 -1.2379 -0.12784 0.36787 0.03303 0.53978 -1.3127 0.27923 0.85858 -1.3189 1.5346 0.75284 0.36767 -0.88696 -0.4032 -0.81589 0.37054 -0.59868 -0.46303 -0.41294 -0.19912 -2.3738 1.3626 -0.33749 -0.35454 -0.94525 0.10131 0.42587 -0.42672 2.2051 1.8047 -1.4303 -0.17363 1.5851 1.3709 0.90074 
vanilj -1.2883 -0.87453 -0.56716 -1.0541 -0.043243 -0.28713 0.55981 -0.70596 -0.62157 1.0633 0.55565 -0.47309 0.43637 1.2476 2.7605 1.3094 0.57428 -0.64976 -0.97483 0.42437 -0.41094 1.9886 0.13514 1.0483 1.0128 0.55708 0.77981 2.2108 -0.5453 -0.23433 -1.5589 0.41148 -0.26245 0.75792 0.79819 0.031573 -1.1706 -0.82315 -1.2703 0.48808 0.46234 0.74 0.012926 -0.74436 1.9882 0.66664 1.7989 -0.27994 2.0258 0.3103 0.60192 0.29185 -2.0255 0.5212 0.28588 -0.26155 0.57657 -1.0912 -1.7806 0.50862 -0.68963 0.25397 0.1573 0.028098 0.7935 -0.92155 0.75707 -1.8178 -0.062793 2.692 -0.83512 0.22123 0.59437 -0.97402 1.9748 0.61062 1.6081 -1.7117 0.52405 -0.064741 -0.45368 -0.31399 0.89971 0.36909 -0.67725 -0.77281 -1.0136 -0.66548 -0.42439 0.64038 -0.46958 0.062426 0.32275 0.27141 0.1864 -0.19881 0.31597 -0.051311 -1.6597 0.54792 
rök 0.58067 -1.5893 0.97317 -1.8032 -1.793 3.0014 -1.8783 -0.36714 -8.163 -0.46515 -1.2689 -1.3427 1.4828 -3.0241 2.8695 -0.76441 0.84097 0.90468 -0.17932 -0.55004 1.2311 1.436 1.5507 1.5544 -0.037427 4.8623 1.1114 1.176 0.024604 -1.7846 1.3771 1.6529 -0.61814 2.2559 -1.6399 -2.6189 -2.9306 0.51907 2.3106 -0.64994 -1.7265 0.56912 0.12136 -1.2206 -3.2046 -0.1686 0.45661 -1.1997 -2.9615 -1.3434 1.3484 0.48245 2.0122 -2.2122 0.44363 0.87876 1.3578 2.515 -0.12098 -1.5952 -0.655 -3.143 -1.1106 0.70627 3.5896 2.6929 2.9436 -2.6245 -0.22182 -0.33066 -2.3232 1.776 0.76885 0.10769 0.15735 0.71234 -0.15008 -1.7634 -0.44495 -0.47355 2.574 -0.7624 -3.771 1.7815 -1.5644 -0.36014 -3.6359 -2.001 -4.8251 1.8469 -0.40664 1.6476 -2.4118 0.66497 2.7543 0.31782 1.5011 0.83081 1.2689 -1.2466 
kaffe -0.77071 -0.078076 0.40182 0.49421 -0.59651 -1.2804 -0.60885 -1.4508 -0.98463 0.39652 -0.52936 -0.050391 -0.21377 -0.035563 1.2315 0.28601 -0.030429 0.052812 -2.7899 0.0034418 0.038741 0.83271 1.141 -0.060323 1.0866 0.83628 1.6598 1.7521 -0.48671 -2.2687 -0.94549 0.15175 -1.1175 -0.40909 0.21888 0.040056 0.24003 -0.58219 0.83902 -0.39823 1.9492 -1.6638 0.45373 1.436 1.3373 -0.27153 0.73271 1.5531 -1.5002 -0.07624 1.0609 1.803 0.066599 0.68155 0.1 -0.57885 -0.20046 0.87252 -0.43571 0.69912 -1.2047 1.6345 2.9808 0.51177 0.55546 0.30727 1.4773 -4.1336 2.1925 2.4006 1.4942 1.3858 -0.57777 0.67325 2.179 -0.33049 1.5048 -1.4733 0.49525 0.95072 -0.029117 0.76826 -0.48742 1.0493 -1.2374 0.31618 -1.5537 -3.0125 -1.1601 -0.50064 -0.64948 2.2511 0.17441 -1.124 0.52438 1.075 0.45691 -3.7024 1.7018 0.33159 
choklad -0.43604 -0.088825 -0.67507 0.38308 0.79435 -1.0585 -0.62402 -1.2396 -0.90932 0.7582 0.41832 -1.7002 0.80173 0.79187 2.0038 2.0069 0.39001 0.33412 -0.77884 0.82515 -0.87326 1.2371 -0.37925 0.50604 0.0065416 1.1985 1.1137 1.2786 -1.2116 -0.38808 -0.62855 0.92061 0.65492 0.13052 1.5758 -0.20016 0.9356 -1.7486 0.0028139 0.7692 0.91968 0.37783 0.8344 0.21173 2.1328 -0.23605 0.68939 0.57527 0.57068 0.41643 0.87461 0.87816 -0.8396 0.71606 -0.87243 0.87313 1.0213 -0.63012 -0.98363 0.48137 -0.21164 1.6927 0.14881 0.3275 1.3706 -0.27757 0.63883 -2.0084 0.78677 2.3756 0.11102 -0.57061 -0.16814 -0.094748 1.7104 0.33041 1.6564 -0.85155 0.8253 -0.83673 -0.33479 0.1158 0.29539 0.0015086 -0.7215 0.14469 -0.84814 -1.6334 -0.065116 0.83199 0.61642 -1.2935 1.5926 0.054535 0.98194 0.86294 1.221 0.020527 0.39815 0.3661 
vin 1.5955 -2.3411 2.6183 -2.5141 -1.4447 0.0097771 -3.0458 -2.4546 -1.0901 0.7001 1.0595 -2.8897 1.2496 1.1263 5.174 -0.47637 1.7676 0.37594 -1.8397 0.48572 -1.4585 0.29534 3.7225 4.8914 0.35839 -3.467 1.4747 -1.2192 -4.4567 -0.31412 -0.8947 -0.37738 -0.31523 -6.3658 5.7973 0.64902 1.4235 2.9176 0.50109 -1.9935 0.66996 -1.5633 2.4985 4.5834 -2.1202 -4.686 3.5744 -0.23358 -1.5285 -3.2285 0.2635 0.86782 0.67775 -2.7979 2.291 3.4524 1.8022 1.4323 -2.4929 2.8307 0.28543 1.5571 -0.76679 0.91534 -0.61526 1.1153 -0.67986 -1.7073 0.53546 0.95338 2.1795 2.437 0.76387 -0.8059 -1.2351 1.0131 2.4742 -0.59814 2.2498 -0.27322 1.7546 4.0792 0.84897 1.9795 -1.7786 -0.75956 0.552 3.659 0.893 -0.27184 -2.0022 4.429 -2.8888 -2.1171 -1.1452 1.8426 -2.0001 -0.1294 1.6517 0.29083 
gräs -0.26348 2.1146 0.18587 -1.348 -2.3475 4.4323 -0.28293 -3.2865 -0.80442 0.50739 1.5865 0.065103 -1.1732 -0.36337 1.0769 1.657 -1.9121 -0.4722 1.2958 -1.0303 2.5269 0.54404 0.073707 -2.4965 0.8182 0.018832 0.52474 2.967 -1.0015 0.87469 -0.64302 -2.0601 -0.24887 2.1751 1.1177 0.86175 -2.8512 0.40218 0.30251 1.5074 3.4016 -1.5041 3.2372 -1.5805 2.2453 -3.1113 0.20142 2.7354 -0.11338 -0.80624 1.9348 -1.6153 1.6683 -0.72551 -3.3143 2.6906 1.1132 -2.2556 0.64809 -0.81871 1.0396 0.12088 0.5703 -1.5049 0.19114 -0.59641 0.022744 1.3572 -0.5914 -1.3125 1.9013 -0.9427 0.7956 3.0659 -2.0231 -1.4021 1.3775 2.4385 -0.65549 -0.096164 -3.2509 -0.94122 -3.2163 1.0413 0.59908 -0.5326 1.0261 -1.4837 -3.2059 2.7864 0.39545 0.27744 -2.3277 -2.3718 -1.4265 0.42895 -0.028375 0.54479 1.0604 -1.7711 
ros -0.83863 -3.9127 -0.77936 -1.3947 -0.30483 -0.99654 0.5928 -2.1227 2.1185 3.2004 -0.53678 0.35918 0.84613 0.63204 1.8089 1.8569 -2.2916 -1.4508 -1.5857 0.64144 0.30467 0.41272 -2.1968 -1.014 0.96888 -0.66389 0.63868 3.473 -1.0875 -0.29778 -0.55897 1.384 0.022163 0.6234 4.3608 0.91536 -0.86831 1.1286 -0.87607 1.1059 1.6241 2.4611 -0.89439 -1.6807 3.2443 -1.17 2.2401 0.39711 2.3519 3.2635 0.5533 0.42194 -5.1412 -1.6058 -1.8671 0.49887 2.228 -1.4177 -2.6669 2.5925 -0.59828 -0.13105 0.78961 0.041349 -0.95549 1.2336 -0.80313 2.1548 -1.8824 -0.024148 -1.2371 3.24 -0.17001 -0.91535 0.057502 0.43019 3.0191 -2.3506 -2.7933 0.96077 -1.3474 1.7454 0.49037 0.25248 -1.7479 -4.3608 -0.25618 2.1397 -1.1604 -2.032 1.394 0.47557 -1.8516 1.9768 0.79795 0.20197 1.1764 0.18838 -3.5826 -0.088677 
bröd -0.30437 0.68587 -0.35011 2.1283 0.14783 -0.59159 -1.951 -0.40794 -2.0595 2.0184 1.1892 -0.69217 -1.0589 -1.3853 1.9108 1.7973 1.5613 0.92703 -2.5794 1.0333 -0.011152 0.66939 -1.5432 -2.3937 -0.068607 -1.5217 1.6765 -1.6148 -1.1909 -2.7468 -0.46252 0.64884 0.31491 0.94318 1.5404 -0.55429 -1.509 1.0992 -1.1213 1.3773 2.5972 -1.0663 1.7271 0.4286 -1.5925 -3.5017 1.6598 2.6282 -0.84309 0.3393 2.9723 2.5515 0.0069586 2.4552 0.11646 -0.8981 -0.72076 -1.3391 1.122 1.4274 -0.098149 1.5149 1.7331 -1.4992 -0.32309 0.14653 2.3466 -2.3384 2.735 3.5522 0.23533 0.86564 0.76412 2.1619 0.47068 1.4251 0.89067 0.62643 -0.18485 -2.1313 0.18567 0.90697 -1.4878 0.40605 0.65368 1.7727 1.6725 -2.5244 -2.028 -1.5265 -0.054673 3.9549 1.8853 -3.1388 -2.7834 0.1684 0.9628 -1.0034 0.49567 -0.17612 
citrus 0.66777 1.5834 -1.0887 -0.61226 -0.91722 0.22284 0.39841 -0.88807 -1.4318 2.6954 0.65902 -0.40788 0.70094 0.79884 4.4733 0.50501 0.70087 -0.38432 1.5264 -0.3498 -0.9664 1.9536 1.7805 0.98043 0.19803 -1.7541 -0.31066 -0.17136 0.76987 -0.9009 -1.8547 0.0073199 -1.2734 0.28068 1.4502 0.88727 -1.9056 0.79166 0.31033 1.3954 0.14021 0.86986 1.1363 -1.775 2.8826 0.34853 2.2164 1.749 0.65817 -0.89207 -0.14691 -0.29329 -2.3893 -0.64847 -2.2137 0.33278 0.42866 -1.7611 -0.33504 1.0299 1.0102 0.53619 0.11188 -0.19504 1.0393 0.226 0.42748 -1.784 -1.6588 -0.098278 -0.52291 0.89378 -0.46327 -0.026894 0.31547 0.22999 -0.78675 1.3788 0.12712 0.57124 -3.2791 0.18848 0.8345 0.6518 -0.17991 -3.034 -0.4979 0.98941 0.017198 0.090233 0.36918 0.96933 0.80209 -0.84254 -1.4967 0.32838 2.0561 1.2447 -0.6879 -0.35777 
tvål 0.92263 0.99695 -0.46184 1.1701 1.5761 -0.75331 1.442 1.3214 -0.59398 3.6535 -1.1266 0.11748 -1.2245 1.4972 2.8829 0.7494 -0.001682 -0.25502 -1.5542 1.4199 -0.95958 1.6984 -1.1557 0.06947 1.4333 0.99091 0.17143 2.8029 -2.1182 -1.2576 -1.8201 2.4063 -1.2365 -1.3912 -1.2956 1.1326 -2.2153 -0.32862 0.27926 -2.0707 -0.22846 -0.81527 0.24842 -0.59578 3.3571 1.7216 -0.8591 1.4941 0.22414 0.65344 0.45221 0.10836 -1.2208 -0.34691 -1.3608 0.14613 1.4102 1.607 0.98821 0.96515 1.0535 0.94314 -1.1166 1.4645 -1.9401 -1.1812 -0.22133 -0.5605 1.8726 0.27604 0.22134 1.0173 -0.08921 -2.2257 1.2755 0.55895 0.84186 -1.3051 -2.5128 -0.6275 -0.65247 0.40786 -1.0599 0.62088 -1.3377 -0.79181 2.9904 -1.0064 0.21325 -1.2036 2.0395 -1.4226 2.084 2.1233 1.6436 -1.1681 0.90931 0.75534 -1.9173 1.2332 
lavendel -0.98423 -0.39076 -0.47852 0.3663 -0.84965 -0.79844 0.89456 -1.2707 -1.1418 0.56469 -1.7735 0.0089842 -0.67399 -0.44792 0.42272 -0.11349 -0.088642 -1.2638 -0.10679 0.96968 -0.57377 0.55223 -0.68257 0.17197 1.585 0.77234 0.48067 1.722 -0.96424 -0.85509 -0.82538 1.0147 -0.037214 0.061137 1.2456 0.10563 -1.7371 0.37118 -0.53716 0.69497 1.6799 -0.32548 0.97917 -1.9843 1.9024 0.20435 0.10368 0.67871 -0.1561 0.90593 -0.20642 0.5822 -1.4906 -1.0508 -0.51407 -0.068458 0.99694 -0.76889 -0.58348 1.0768 0.50461 0.57022 0.75609 -0.0046545 0.24388 -0.50967 0.20755 0.2942 0.75842 -0.51567 -0.94261 1.1663 -0.32995 0.38036 0.19558 -0.085228 0.77537 0.54698 -1.5812 1.0086 -1.2458 0.8112 -0.88591 -0.7992 -1.7935 -1.6757 0.14151 0.21403 -0.26917 0.73103 0.97323 0.28197 -0.2274 0.64533 -0.27876 -0.075811 2.8702 -0.12492 -1.5743 -0.035011 
fisk 1.3133 -1.812 1.1278 -0.1265 -0.49778 -0.39841 1.7517 -1.2659 -1.2359 -0.71417 0.59296 0.91029 0.040104 -1.2059 3.8868 -0.19929 0.45548 -1.6697 -1.8074 1.648 2.4172 -1.1297 -0.39884 0.64406 0.024233 0.43825 -0.26577 1.7642 -0.69787 0.7449 -0.57684 -0.46761 0.94108 0.3627 0.51166 -1.6352 -0.9825 -0.18227 0.35374 -0.0084865 1.2608 0.80571 2.053 -1.2579 -1.9192 -2.598 1.2056 -0.16644 -1.1446 0.99756 1.7491 -1.1444 1.8682 -1.4183 0.010147 -0.43974 1.7358 1.0848 1.4942 0.27695 -1.0263 0.012444 -1.5656 1.5152 -0.34039 1.6634 2.1819 0.18654 1.4389 -0.68818 2.2583 -0.33624 0.43635 -1.1472 -3.8053 1.1105 -1.0633 1.949 0.048629 0.71641 0.52725 1.2335 -0.53409 0.49556 -1.7879 1.4479 1.0021 1.2926 0.47038 2.134 -0.24852 1.2323 1.9664 -0.42327 1.053 2.4319 2.769 1.2414 1.4707 1.4421 
äpple 0.51152 0.51283 -0.12986 -0.89497 -0.19022 2.7402 -1.0745 -1.4166 -0.72631 2.2527 1.7392 0.43272 0.67887 2.4187 2.6485 1.3253 1.3935 -0.82903 0.72631 1.463 -0.74855 2.2397 0.47689 -0.18017 1.5072 -0.33942 1.0096 -0.49853 -0.82951 -1.5131 -1.3173 1.0563 -1.2664 -0.80506 2.483 0.44274 -1.3406 1.726 -1.1585 0.81923 -0.46894 1.2306 0.15428 -0.22715 0.75087 1.1219 2.4408 1.6322 1.4799 0.25931 2.3121 -1.7399 -0.73138 0.56484 -1.2632 1.6378 1.3983 -1.6035 0.19209 -0.075458 0.46181 -0.075046 -1.1477 -0.47723 0.69707 -0.60258 1.3007 -0.14885 -0.74051 1.1316 0.13177 1.2544 0.88301 0.19275 -1.3729 0.23334 0.66465 0.29405 -0.5271 -1.241 -2.0301 -0.74072 -0.11371 2.0209 -0.043251 0.40014 -0.67187 -0.15371 -0.27995 0.29361 0.40322 0.29346 -0.60328 -0.20904 -1.5177 0.46155 1.4663 -0.86839 -1.0431 1.6572 
citron -0.21698 0.63758 -0.92235 -1.5228 -1.0745 -0.59435 0.88039 -0.73969 -0.93475 1.3696 -0.062564 0.92698 -0.15771 0.69868 2.7172 0.2176 -0.70189 -1.5499 0.026063 1.2263 -0.70704 0.90135 1.6374 0.23498 0.74579 -0.34134 0.22935 0.11833 0.12642 -0.60503 -0.86932 0.65749 -1.9725 0.32543 1.4287 0.2 -1.4716 0.90713 -0.42964 0.18836 0.5851 1.3688 1.5615 -1.4517 2.005 0.90575 0.25513 1.5057 0.79711 -0.3321 0.29345 -0.91518 -1.1686 -0.58938 -2.662 0.4909 0.15431 -0.86744 0.2027 1.9599 0.3428 0.24409 -0.22853 0.19616 0.15213 0.32493 1.498 -1.5621 -0.062859 0.092764 0.069416 0.97097 0.5029 -0.32812 -0.18085 0.12297 -0.55713 0.60394 0.16598 0.71246 -3.1464 1.2235 -0.88052 -0.16552 -0.18706 -1.7147 0.31377 0.80918 0.82543 0.87444 0.67496 -0.2351 0.6738 0.18058 -0.46267 0.99561 2.9472 0.065207 -1.6115 0.34996 
öl 2.2841 -1.3092 1.1808 0.57133 -0.9653 1.4645 -0.020556 -2.209 -1.0762 0.30741 0.45845 -2.7609 2.0338 1.7357 10.371 -0.076697 -0.87136 3.7018 -2.973 0.13616 0.017277 -0.41997 8.2833 1.0644 -1.6635 -0.45303 2.6656 1.2442 -2.597 -0.85792 -2.4666 1.2304 -0.86102 -3.2355 1.4057 -1.0947 4.1325 -1.2946 2.5878 -3.6723 2.0696 1.3046 2.222 2.0959 -1.6729 -3.0269 0.23794 0.65648 -5.2734 -2.8315 2.3584 -0.69037 4.1102 0.95616 -0.077147 0.1623 2.9143 3.6983 -1.8301 3.4433 0.020588 -0.97495 2.8678 2.5351 0.013417 4.5326 2.5413 -4.3556 1.9713 2.3218 4.4943 4.1528 0.11621 0.72085 0.91242 0.27333 0.17316 -1.4513 2.0858 -3.0729 3.816 -0.13847 -3.6076 3.7716 0.10983 -0.80984 -0.70074 2.1451 -1.0657 1.0741 -1.1387 2.5698 -2.1785 -3.0512 2.0334 2.11 -5.1933 -2.0989 2.572 -1.9753 
kanel 1.182 -0.19539 -1.391 0.15287 -0.46445 -1.4216 -0.63411 -0.55837 -2.3224 0.004181 -0.03987 0.78294 0.95558 1.7821 1.3777 1.935 1.7166 -0.24772 -1.2304 0.9254 -2.0296 2.7432 0.34093 0.73065 0.04254 1.8626 0.41998 1.41 -1.0678 0.026599 -2.4814 1.0386 -1.0581 -0.89636 1.3358 -0.52037 -0.92115 0.3687 -2.7811 0.3094 1.093 -0.58417 0.19552 -1.4688 1.3108 1.1899 2.0131 1.3867 0.71545 -0.70901 0.24047 -1.1604 -0.6302 1.4012 0.66092 1.2422 -0.42033 -1.6392 -0.42696 2.063 -1.2017 -0.431 0.062229 -1.1974 1.3076 -0.58935 1.0916 -1.2084 1.0564 2.4684 -0.69026 0.99214 -0.56109 -1.8355 1.4541 0.40865 0.10104 -0.94844 -0.086291 -0.72555 -2.4081 1.4482 0.28629 0.77996 0.16236 1.2517 -1.9097 -1.0771 -0.45044 -0.11048 -0.39079 1.2929 0.56797 0.41451 -0.44141 -1.2421 3.3794 -2.448 -0.27108 0.26535 
apelsin 1.0167 -0.41699 -0.9503 0.36584 -0.18582 -1.1365 1.1851 -1.7827 -1.0343 0.35345 0.19945 0.43805 0.84633 0.96162 1.6169 0.81348 0.66324 -0.08693 -0.50314 0.17109 -1.4433 1.5103 0.29345 0.48387 0.37636 0.22388 0.7169 0.38332 -0.16331 -0.46852 -1.9095 0.47657 -1.7325 -0.69516 0.95076 0.18699 -1.6549 0.94512 -0.84347 0.47159 0.15455 0.26044 1.1418 -1.2354 1.6358 0.86053 1.9945 1.4853 0.79189 0.7096 0.82861 -0.23023 -1.4307 0.29159 -0.67469 0.52776 0.64351 -0.84432 0.082791 1.277 1.5046 1.1221 -0.2745 1.4188 1.3197 1.0944 0.67812 -1.0023 -0.34313 2.179 0.47784 1.3763 -0.37675 -0.8805 0.043984 0.27331 0.97849 0.39004 0.57175 0.011922 -1.85 0.52394 0.20171 -0.93058 1.1944 -0.72287 -0.60813 0.1126 -0.093939 -0.065628 0.20768 -0.54329 0.94643 -0.18627 0.22872 0.097963 2.6695 -0.56589 -0.37772 0.26393 
te -1.3629 2.693 -1.1451 -4.1009 1.7649 -0.54725 2.6708 -5.6915 1.3127 3.4292 0.82701 1.2758 -0.57585 7.0908 4.0826 -0.20724 -0.067655 -1.8979 -6.0182 2.9755 -2.475 0.26046 2.862 -0.10738 1.4376 1.6459 3.8624 6.4371 -0.2137 -5.7853 -2.6017 1.51 -1.8296 -6.0776 0.91596 -0.15957 5.3539 -0.098702 2.6464 -2.4179 1.4198 -3.6807 1.5867 2.2629 4.4488 -1.893 3.2735 0.60147 -0.26363 2.3172 -0.27861 -1.0178 -0.3934 -2.0883 0.67621 2.3249 2.7936 -0.34712 1.9632 3.9629 -0.25982 0.69454 3.2258 -0.38468 -0.9167 -1.3512 3.919 -5.3712 5.0509 4.4978 0.7874 2.1194 -3.3023 0.059834 1.248 0.8914 5.969 -2.4707 -0.99939 -0.073326 -2.71 -0.18642 0.33744 -0.87549 -4.6355 0.78353 -2.1056 -2.0521 -1.9048 -3.4254 1.7488 1.7077 -0.63836 -2.5692 0.39243 1.0584 3.7518 -6.5463 3.6935 0.69029 
vitlök 0.42404 -1.1868 1.16 -1.3005 -0.22829 -0.98042 0.74574 0.32478 -3.0386 -0.36529 -0.5229 -0.79632 0.70945 0.43214 2.3824 -0.29134 0.21154 -1.4973 -1.7862 2.1289 0.58296 0.45047 0.27206 -0.53291 0.77038 0.99539 0.43396 -0.29526 0.79937 1.2257 2.1791 0.64131 0.24592 1.4938 1.8288 -1.9672 -0.96078 -0.8546 0.20172 0.55892 0.75525 -0.54157 0.29202 -0.81798 -1.6633 -1.6722 1.0765 1.6177 -0.29893 -1.0687 0.44022 -0.86837 0.99133 -1.5388 -1.4751 0.058139 1.0128 -0.65866 0.18807 2.8056 -1.7492 0.11084 -0.07684 0.99174 -0.29211 2.1315 2.1239 -1.1366 0.54533 0.40588 0.82887 1.1304 2.7943 -0.56262 -1.3166 1.181 -1.0279 1.0786 1.1521 1.2806 -0.87331 0.15794 -1.3538 -0.18298 -1.6972 0.76683 -0.21562 2.281 0.35922 1.8554 -0.1032 0.053066 0.72238 -0.13016 -0.50101 -1.3948 3.5393 -0.82039 0.65706 -0.30954 
honung -0.64966 -1.0698 -0.29084 0.81526 -0.91989 -0.69213 0.55802 -0.17605 -2.0515 1.7265 1.6648 -0.087126 1.0121 -0.26691 1.9818 1.7504 -0.78986 -1.1709 0.11769 0.65104 -0.18216 1.8815 0.45736 0.1362 0.18707 -0.92742 -0.64238 1.6427 -0.96321 -0.98894 -0.60484 -0.33433 -0.52729 0.29817 1.3475 0.20856 -2.2522 -0.14867 -0.53873 0.91402 1.2561 0.95599 1.5649 -1.0421 1.6083 -1.4168 1.6634 0.95759 -0.47946 -0.48349 -0.2025 0.10324 -2.0471 -0.24989 -1.1361 0.37189 1.511 -1.928 -1.2883 0.054715 1.71 1.044 0.65177 0.034692 0.95139 -0.66092 2.3063 -1.2323 -0.42651 0.096718 -0.87276 -0.41752 0.64909 -0.28847 0.14003 -0.0036169 0.63345 -0.16491 -0.16203 -0.21285 -1.9069 0.29744 1.8002 1.4206 0.11788 0.021981 -0.6207 0.3239 -0.26435 0.032218 0.30322 0.079323 0.79736 -0.020101 -0.49552 -0.53019 0.13034 -0.5804 -1.8719 -1.391 
körsbär 1.1694 -0.81692 -2.2512 -0.21797 -0.68677 0.66034 -1.782 -0.79381 -0.49603 -0.97322 0.69043 -0.759 0.14287 0.22296 3.6303 1.7662 0.84551 0.318 -0.50419 0.58132 -0.25424 2.176 -0.44981 2.7151 0.21531 0.20526 0.20561 -0.21856 -1.4265 -0.2503 0.031539 -0.39299 0.59721 -0.78725 2.5218 0.82663 0.59991 1.1259 0.54278 0.739 0.45895 -0.19131 0.41188 -0.48108 2.2816 0.4351 0.84322 0.9172 1.7688 0.46434 0.28706 0.83192 -1.6868 -0.83892 -1.4775 1.1398 0.43945 0.43611 -1.41 -0.86069 0.14161 1.1934 0.81556 0.84477 0.32144 -0.5326 0.33139 -1.4265 -2.3753 1.6102 0.35676 0.45352 0.088134 -0.64222 -0.53426 0.62167 3.2343 0.28545 1.4937 -0.23337 0.24551 1.3495 0.29177 1.6203 -0.69299 -2.5472 -0.81077 -1.4199 -2.382 0.8949 0.18232 -0.93638 1.4168 0.31011 -0.69176 1.2233 -0.32322 -0.39095 -1.3605 1.2047 
bensin 0.86653 -0.47234 -0.4468 0.93283 -0.23074 -0.016873 -0.63044 -0.26907 -1.3268 -0.39969 -0.33403 0.29516 0.1172 -1.4705 1.9746 -0.021107 -0.8638 -1.1782 -0.31373 -0.092505 0.84178 -0.8842 1.9234 0.0097699 -0.72928 0.4617 0.43831 1.2718 1.3011 -1.4726 0.26105 1.0062 -0.28973 0.54868 -1.2185 -0.59964 -0.74536 0.15909 0.99576 -0.62822 1.9459 -0.11223 0.69047 -0.10565 0.40343 0.13522 -0.70215 0.022932 -0.046325 0.41549 0.40576 -1.2189 -0.3718 0.57073 1.0263 0.44586 0.86365 1.6883 -1.4243 -1.1693 -0.61796 -0.21185 -0.4283 0.87119 0.56406 1.0044 0.84129 -0.88339 0.32232 0.16771 -0.40768 0.10733 -0.39864 -0.29929 -1.0132 -0.35552 -0.2369 0.97136 0.65204 -0.94543 -0.091767 -0.5837 -1.632 0.19285 0.22018 -0.94648 -1.5254 -1.6162 -0.35697 -0.1636 -1.0921 1.1122 -1.693 0.99574 -0.66903 -1.822 1.5647 -0.9505 0.8654 0.5869 
djur -2.9912 0.1114 0.93286 1.5928 -0.059056 0.76328 0.16511 -0.40261 -3.2565 -0.20933 1.2563 1.0124 -2.1248 -3.1128 1.1213 0.27344 2.2347 -1.1177 0.24334 1.0293 1.3758 -2.8501 0.36207 -0.010633 -1.7735 -0.59971 0.026507 1.5169 -0.85561 1.3581 2.3665 0.37669 0.77596 0.094858 -0.67835 -1.689 -2.9392 0.99671 -0.30792 0.41466 0.83599 -1.5338 1.7909 -1.3833 -0.25282 -3.6761 0.24722 -1.1883 -0.09341 2.1577 -2.1233 -0.33182 3.2619 -0.32861 0.86348 0.33268 2.0419 2.229 -1.2453 -1.8056 0.13636 -1.0027 -0.029657 0.34456 -0.45209 -0.49703 -1.3339 1.4892 0.49331 -1.4953 1.6266 -1.9808 0.53867 0.029674 -1.297 -0.22576 1.2899 3.1874 -1.1603 0.98984 -2.0353 1.677 1.4578 1.0068 0.57645 0.93758 -1.5504 -0.68225 -0.51067 0.59017 2.3282 0.12973 1.6847 0.96042 -1.9441 1.3745 -1.822 1.0413 -0.62949 1.7016 
persika -0.12506 -0.037969 -0.99473 -0.57909 0.22992 -0.19676 0.73653 -1.2565 -0.24128 1.0339 0.73801 -0.33722 0.58563 0.80869 2.5233 0.32966 0.7203 -0.60954 -0.51162 -0.16166 -0.21044 1.3515 0.11577 1.0189 0.91844 -0.85262 0.99517 0.99592 -0.7199 0.0085865 0.56175 0.18371 -0.74419 0.44613 1.2265 0.33376 -1.7713 0.38146 -0.56491 1.3152 0.41577 1.4292 0.42619 -0.15828 1.0828 0.26487 2.2632 1.877 0.99327 0.26293 0.33335 -0.21876 -1.5129 -0.87046 -1.6508 0.50755 0.84546 -0.5928 0.08376 0.84524 1.2178 -0.25607 0.7905 0.56086 0.35478 -0.0016781 0.26187 -1.3362 -1.3423 0.31246 -0.70762 0.49399 1.2354 -0.51696 0.28289 0.13223 1.0816 -0.43429 0.82808 -0.54286 -1.0078 -0.60162 1.2868 0.44753 0.71529 -1.8189 0.027216 0.39853 0.11168 0.30143 0.39014 0.13028 0.75996 -0.24202 -0.3576 -0.35553 0.44784 0.25863 -1.673 0.75805 
ägg -0.14462 -2.8353 3.2884 0.88871 -0.068383 0.17632 0.15473 0.67503 0.37949 -0.34948 1.3539 2.2832 -0.31338 0.57983 4.217 4.5241 0.89279 0.30955 -3.3202 3.6903 1.9433 1.1132 -0.84996 -2.7236 -0.39862 2.1959 1.9886 2.4988 0.071494 -0.49086 -2.4069 -0.40779 -1.8199 0.76748 2.2044 -0.39337 1.0333 -1.5906 -0.48215 1.1806 2.1745 1.2207 2.7494 -1.2644 -2.9421 -3.2839 2.6498 -0.48628 -0.77918 1.3981 2.0722 -0.53155 2.3693 1.6293 -0.57753 -0.6186 0.25967 1.4448 1.1997 0.32869 -0.37497 1.6005 -1.4899 0.49313 1.9708 0.45387 2.4476 0.69689 2.8068 0.1975 2.1688 2.0405 1.2701 -2.711 -4.1452 0.90844 -1.3496 1.9703 3.2527 0.67978 1.5634 0.091045 -1.1543 0.80483 -1.8812 2.5746 0.07291 1.4658 -0.61394 1.2972 0.70321 -0.13573 0.35179 -1.4451 -0.059693 1.783 2.0831 -1.1565 0.85581 0.97521 
mint 0.66163 0.39856 -0.045721 -0.96764 -0.39442 -0.40987 1.914 -0.94423 -0.21628 1.6113 -1.107 -1.2184 1.2186 0.90391 4.3795 0.93454 -1.7773 -0.39694 1.3183 0.47782 -1.9085 1.3954 0.17594 -0.36429 -0.26456 1.493 -1.3831 0.44315 -0.39107 0.53014 -1.6503 0.32615 -1.7994 0.7083 1.1648 0.60087 -1.2739 -0.27658 -1.2336 0.4451 1.1384 0.62415 0.98775 -1.0359 3.4691 1.3552 2.9447 1.3554 1.9256 0.99787 -0.19109 -1.0265 0.47385 -1.3309 -2.0272 1.9359 1.2412 -1.1265 0.93049 1.0417 2.0626 -0.59274 -1.0476 0.37174 -0.67614 0.0022961 1.4589 -1.9297 -0.66593 1.6695 -1.4165 2.5159 -0.66452 -0.49342 -1.1095 1.353 1.1389 -1.4063 0.33183 0.80871 -1.6386 1.7659 -0.39914 0.13954 -0.99864 -1.0025 -1.7778 0.035016 0.34051 1.2626 0.1435 -1.7479 -1.8849 2.3959 1.279 -1.129 1.4419 0.70182 0.99773 1.079 
blod -1.7609 -4.9713 0.79819 2.9734 -0.39609 0.27468 -0.4793 0.54208 -1.3525 -1.172 1.3442 0.43839 0.44319 -1.4488 2.1552 -0.03364 -0.65142 1.1635 0.42765 -0.45497 1.0396 0.27422 -0.38893 -0.38657 -0.73566 1.6135 -0.488 0.49587 0.94041 -1.5116 0.044919 -0.44265 0.49749 -0.29014 0.58785 0.209 -2.7876 1.3129 0.43421 0.15714 0.6974 1.0326 1.3337 1.1611 0.15558 -3.2936 1.4571 1.405 -1.0686 1.4121 -0.0003867 0.18649 1.6003 -1.1044 0.5052 0.98371 1.8898 0.92343 -2.5136 -0.42216 -0.41618 -0.14365 -0.80853 0.59893 -0.0068601 1.4281 -0.045513 -1.6253 -0.4802 -1.0303 1.1531 -0.43753 -1.3561 -1.3564 -2.0033 0.9684 2.5461 2.8932 2.945 -0.52428 0.16838 1.0832 -1.3762 1.4524 0.68739 -0.85643 -2.1158 0.72198 -1.0946 1.163 0.82946 -1.1238 -1.7197 2.5486 0.016016 0.80467 0.323 -0.080188 0.43777 -0.0080533 
ost 1.5069 -1.0402 0.63391 0.99603 -0.050704 0.51434 1.2938 -1.3872 -2.5906 1.2225 0.77171 0.30009 2.0244 1.4765 6.491 2.7281 2.3381 -3.3003 -4.638 2.8465 1.7436 3.7532 -1.8372 -0.031876 0.35193 0.4644 4.0736 0.53225 -1.8484 -1.5694 2.0009 -0.79117 1.4106 -1.4803 0.16258 -1.4584 2.001 0.23811 0.74034 1.9328 1.9525 1.6214 0.77015 3.1197 -3.0995 -3.3727 0.79808 0.97273 -0.21057 -1.5501 1.6181 1.3022 3.1647 -0.35705 -2.2366 -0.49317 1.8587 0.95918 1.8363 3.0645 0.14824 0.97051 0.57471 0.84193 0.68106 1.3529 0.7911 -0.56704 4.5476 1.0674 4.1854 -1.497 0.83026 -0.30135 -1.7946 1.605 -1.5622 1.6604 1.4635 1.963 -0.16964 -0.89515 0.85574 0.82861 -1.7862 3.0809 0.43634 1.1527 -0.74338 -1.3884 -1.2177 1.0284 2.6596 -2.1517 0.58518 0.69008 2.0979 0.83685 1.0767 1.6964 
lakrits 0.16549 -0.88754 -1.6486 0.2471 0.20101 -0.3413 -0.96923 -1.2257 -0.38918 -0.39456 0.088119 -1.2927 -0.42994 0.1872 4.0586 1.0106 1.3507 0.23726 -0.37363 0.43528 -0.59707 0.5744 0.028237 1.5518 -0.19507 1.3983 0.56222 0.16275 -0.87011 0.3613 -0.090121 -0.40817 0.64931 -0.0030082 1.5857 0.16308 -0.046943 0.56003 0.95089 1.0279 1.0874 0.14681 0.34091 -0.19731 2.3474 -0.297 0.74255 1.94 -0.17821 0.53009 -0.46745 0.60994 -0.56058 -0.28954 -0.57062 0.42634 1.1693 -0.50814 -0.45038 -0.064237 0.3826 0.61941 0.77871 0.47174 0.54517 0.018144 0.66215 -1.8545 0.24882 1.5079 0.52673 0.14974 -1.9579 -0.45538 -1.2673 -0.20151 1.2247 -0.19186 0.34253 0.56334 -0.944 0.8132 -0.28253 0.30427 -1.2837 -0.61907 -1.2515 -0.49395 -2.2368 0.72934 0.39449 -0.66691 0.8016 0.46124 0.18732 -0.14348 1.0057 -1.227 -1.325 0.37176 
lök 0.63945 -1.5174 1.6701 -0.044458 -1.2028 0.24842 -0.29834 0.45825 -4.0004 -0.70157 -1.3761 0.53041 0.38686 0.12607 4.0944 0.6333 0.45394 -3.4495 -4.21 3.8847 1.2087 1.8557 -0.48175 -3.1455 -0.10835 3.0336 1.2634 0.75998 0.50826 -0.094098 3.2073 0.89142 0.29105 2.7016 2.8565 -1.0158 -2.3332 0.041543 -1.2599 1.4754 1.4964 -0.34885 1.0726 -2.2355 -3.637 -3.8452 0.62701 1.6314 -1.7741 -2.2458 0.88318 -0.48227 1.606 -3.3111 -2.4978 0.55869 -0.60124 -1.7424 0.49755 3.792 -0.36628 0.23751 -0.74361 -0.14317 -0.44641 3.844 2.9884 -1.3652 0.23491 0.91464 0.3283 1.6872 2.9012 -0.56358 -3.2423 0.63817 -1.6396 3.2339 2.3205 1.9459 -3.2831 0.37319 -1.6045 1.0251 -1.494 2.9144 1.4333 3.5888 -0.49514 1.2241 -2.6631 1.1105 2.7371 -1.0057 -2.248 -2.1821 4.5938 -2.3793 -0.59642 -0.1464 
tobak 0.58684 -1.4151 -1.9009 0.84433 -0.79336 0.47018 -1.7574 -0.49166 -2.4886 -1.108 0.26357 -0.80857 -0.85615 -1.5276 4.3737 -0.58209 1.2768 1.1512 -0.89594 1.186 -0.28472 1.3587 0.80891 0.75492 -1.8069 1.6809 0.27966 0.70245 -1.1342 -1.2593 0.24672 -1.6766 0.42465 -0.036216 -0.938 0.3883 -0.78914 0.64436 1.2438 0.54623 0.0091876 -0.0018049 0.028878 -1.4104 1.6848 -0.5449 1.4786 1.2875 -0.63701 -0.45494 0.01586 0.94024 0.86582 -0.78874 -1.3932 0.65397 0.79903 -0.52241 -0.97544 -0.248 -0.17966 0.45206 0.037968 1.651 1.1808 0.95739 0.13419 -2.2864 -0.22428 1.8297 0.35618 0.60049 -1.8784 0.71756 1.105 1.5199 1.2988 0.24427 0.37048 0.38538 -0.22436 1.628 0.017528 0.95342 -0.75959 -1.5605 -1.7411 -0.92899 -3.6212 0.62711 -1.9218 0.54676 -1.2193 1.3014 0.29225 0.27363 1.2022 -1.6858 -2.1902 1.4529 
grapefrukt 0.021168 -0.50168 -0.2795 -0.88093 0.36886 -0.4604 0.66781 -1.1418 -0.2165 1.0878 0.46531 0.77133 0.42152 0.43826 2.9059 0.58583 0.40696 -0.32745 0.40428 -0.13981 -0.93794 1.769 0.97091 1.2871 0.40927 -0.48301 -0.71336 0.23956 -0.0059137 -0.85397 -1.772 0.06807 -1.2657 0.079799 1.0256 0.96397 -1.49 0.18311 0.2887 1.2131 -0.08564 0.30534 1.0916 -0.66601 2.3428 -0.1775 2.5683 1.2498 0.51621 -0.47794 0.33432 0.37382 -1.7934 -0.8874 -1.3649 1.2983 0.4688 -0.98942 -0.23431 0.73114 1.5092 0.81856 0.14989 0.093318 1.5199 -0.10055 0.65236 -0.5672 -0.6022 -0.26852 -0.51428 0.86557 1.2999 0.31812 -0.33202 0.43742 -0.1907 0.46457 -0.11757 -0.31014 -1.8753 0.24274 0.52715 0.41755 0.021144 -2.1094 0.69709 -0.47657 -0.43822 0.7875 0.56534 -0.33282 0.39318 -0.10634 0.13499 0.94061 0.97775 0.84925 -1.3506 0.24855 
urin -1.4341 -2.0649 2.7728 2.3639 -0.025097 -0.60473 0.10384 1.0761 -2.3544 -0.22737 -0.54512 0.073658 -0.35466 -0.55993 4.3373 -0.54276 -1.8101 -0.25608 -1.2357 -0.065528 1.8247 1.2402 1.3616 -0.61586 -1.0882 2.2582 0.96035 1.2599 -0.21007 -1.6381 -0.90643 -0.13486 -0.79366 1.2541 -0.76429 0.68342 -2.1658 1.0069 0.20534 0.99535 1.3174 -0.51974 0.71845 -1.3454 -0.53799 0.12139 -0.28805 1.2535 -2.2885 -0.63172 0.10017 -0.17375 1.988 -0.15412 0.64363 0.29934 -0.26245 3.4654 -1.3438 0.86251 -0.81865 -1.8163 0.55227 1.384 0.45778 3.204 -0.73762 -0.96316 0.86692 -1.9466 0.43568 1.9182 0.33302 0.64989 -0.89485 0.77107 -0.17724 1.3757 0.26561 -0.335 0.016823 1.3109 0.017919 1.5667 0.29441 -1.1145 -2.4577 1.0834 -1.1206 -0.54688 0.24061 0.50012 -0.36185 2.2958 0.12814 2.1426 -1.2023 0.30526 1.5435 1.5963 
läder 0.45765 0.81525 -2.2554 1.1517 -0.17321 0.15741 -1.6697 -0.64236 -1.7761 -0.79281 -0.047496 -1.0911 -1.1058 -1.8712 3.8758 -0.060017 1.9421 1.186 -0.10738 -0.13608 -0.72844 2.2945 1.3422 1.0975 0.084253 0.77085 0.32203 1.5841 -1.0451 -0.75999 0.33814 -1.277 0.28795 -1.7254 -0.76571 0.61567 -1.4237 1.7114 0.60058 1.2076 0.78709 -0.76982 1.0588 -0.94406 1.616 -0.58293 1.9319 1.4564 -0.04796 -0.017244 -0.82782 0.88953 -0.62282 -0.74645 -0.28891 1.1706 1.2428 0.099443 -0.72798 -0.80181 0.30863 1.3094 1.8476 0.0016273 1.6938 0.43286 -0.90712 -1.8741 0.10487 0.575 -0.70204 -0.24876 -2.4463 -0.3724 0.25148 1.157 2.1784 0.54663 1.8418 0.39489 -0.30596 0.01133 -0.47972 0.5645 -1.0008 -1.1938 -0.50827 -0.60894 -2.5683 -0.57522 -1.6763 0.62892 -0.41628 1.7119 0.50808 -0.18033 -0.3742 -2.3428 -1.1075 1.7848 
hö -1.35 6.44 -0.15597 -0.38431 -1.8596 6.1522 -3.5658 -1.9222 -2.3714 0.87379 2.5132 -0.20499 -3.4874 -2.0154 2.9202 4.302 1.9319 -0.90175 2.1497 0.65514 3.9036 0.57362 0.74111 -4.346 -2.1793 -2.6479 0.668 2.9737 -4.0843 0.8096 0.71245 -1.575 -2.1319 2.0508 -1.619 3.1451 -3.5572 -0.13745 0.70405 3.4197 4.4584 -1.1252 3.1086 -3.1143 2.6043 -2.4166 0.68177 3.0957 -2.2258 -0.0037416 1.9817 0.72904 4.3777 -0.74189 -1.1194 3.2688 0.66841 2.0446 -0.86195 2.4534 0.81946 0.35216 0.98266 0.40629 0.32182 -0.78179 0.6246 0.22008 -1.4439 -3.3757 0.32039 -0.52902 -1.8195 0.52783 -1.6785 -1.6192 1.8714 0.16925 2.6227 1.6302 -3.7573 -0.18783 -1.1487 2.3411 2.0435 0.87503 -3.9936 -3.1949 -0.88701 2.1223 -0.038627 0.79363 -4.2397 -3.1686 -3.1275 -0.044683 -0.70157 -2.7205 -2.4441 0.48966 
tjära 0.89661 0.1282 -2.3899 -0.28062 -0.54641 0.22038 -0.20692 -0.57614 -2.2609 -0.73847 -0.028735 -0.3493 -0.79436 -1.4108 2.3637 0.74431 -0.31998 0.062886 -0.55345 -0.70369 0.16637 1.317 -0.043111 1.2115 -0.95582 0.82994 -1.0436 2.4277 -2.3074 -0.52522 0.37775 -0.61472 0.022699 0.20595 -0.15881 -0.6597 -0.44263 0.14586 1.1747 0.55108 1.5888 -0.17269 1.6458 -0.71215 1.0421 -0.34978 0.65603 1.3474 -1.2276 0.021635 0.31392 1.2569 -0.40027 -1.0226 1.506 1.8606 1.032 0.28425 0.019378 -0.86722 -0.027491 -0.7998 -0.67981 0.26068 0.29441 1.6573 0.78828 -1.0538 0.35682 -1.1338 -0.68866 0.19913 -1.4749 -0.60204 -0.61438 -0.004035 1.2005 0.59779 0.21709 1.1304 -0.16443 1.5008 -0.85785 2.1663 -0.54354 -0.69611 -2.3245 -0.36545 -2.7406 0.18025 -0.19621 1.2371 -0.73972 1.4497 1.2942 1.1809 0.92597 -0.81794 -0.0013772 -0.25988 
svamp -0.21794 -0.44912 0.8426 1.7936 -0.49372 1.0731 -1.5005 -0.53731 -0.57174 -1.2722 -0.14236 0.43037 -0.23976 -1.0787 2.8798 1.9728 1.3184 -1.4518 0.089683 1.7901 0.61923 0.91348 -0.48488 -0.28124 1.2714 1.6344 0.55608 0.55013 -0.17264 0.32518 0.11322 -1.4828 -0.26995 -1.8291 0.62375 1.746 -1.1234 0.59612 -0.31322 1.4205 0.78338 -0.33121 0.35057 -1.9758 0.42329 -1.7579 0.21231 -0.6869 -0.57675 -0.59577 -0.74233 0.48894 1.4057 -1.6998 -1.753 0.94467 0.80155 0.67637 0.30216 -0.95805 0.74973 0.60006 0.029069 -0.85103 0.058694 0.50671 0.82796 -1.8165 -0.51853 -1.1226 -0.52596 -1.0838 -0.33986 -0.13191 -0.9455 0.11799 1.1819 1.6864 0.79542 0.4062 -1.9079 1.4192 0.93526 2.0918 -0.6837 1.139 0.60465 0.43815 -0.92598 0.20177 -0.07849 0.4661 0.36136 0.02708 -0.83435 1.264 1.6599 -0.50587 -1.1553 0.74732 
hallon -0.33329 -0.064367 -0.26367 -0.77958 0.21478 -0.1445 -0.55058 -0.52208 0.52378 -0.020841 0.88171 -1.438 0.81996 0.52627 2.4726 1.3903 0.75311 -0.35677 -0.044931 0.68932 0.54639 1.6257 -0.24941 1.0663 1.0961 0.12248 0.15854 0.36892 -1.4156 0.6332 0.87074 0.65314 -0.50545 -0.68934 2.1721 1.2974 -1.3113 0.55927 0.18578 0.28999 0.79449 0.40891 0.96677 -0.26738 1.4821 0.7409 1.6518 0.88074 1.4865 0.61697 1.3863 -0.32858 0.02415 -0.43767 -1.4937 0.68675 0.91111 0.38064 -0.53004 0.66811 0.034883 0.79666 0.21446 0.51859 0.85507 -0.5666 1.2998 -1.5918 -0.027351 0.87916 0.24467 1.0486 0.17163 -0.90132 0.48025 0.59669 2.5337 -0.25066 0.28674 -0.31279 -0.17354 0.77071 0.36594 1.8913 -0.75088 -1.5768 -0.34604 -0.52179 -1.5439 0.63635 1.1216 -0.98526 0.77877 0.59007 -0.14069 1.147 0.10433 1.3404 -1.7207 0.40353 
mandel -0.17668 -0.65192 -1.2434 0.90283 -0.83409 -1.6494 0.71618 -0.94631 -2.0081 1.9001 0.41576 -1.3029 1.4771 0.48707 2.4948 2.0952 0.7607 0.148 0.31854 0.092465 -0.45597 2.789 -0.34968 0.3209 0.0032546 -0.092871 0.5642 1.7568 -0.34686 -0.65745 -0.5986 0.67887 0.45571 0.18708 1.1323 -0.54076 -1.8833 0.76803 -0.9617 2.1533 1.011 0.67079 1.7759 -0.77809 2.454 0.20859 0.28566 1.2713 0.7531 -0.5549 0.22013 0.77619 -1.3421 -0.34759 -0.4377 1.148 0.76525 -1.7647 0.17866 0.45711 0.96499 0.87412 0.67351 -0.46123 0.12287 -0.48255 1.1368 -1.3548 0.47105 2.1722 -0.7354 -0.19832 -0.56612 -0.48242 0.93168 0.75231 -1.1826 0.5631 1.4656 1.2226 -1.8706 0.389 0.55505 0.58238 -0.12813 -1.0956 -1.1965 -0.05174 -0.69757 -0.88951 -0.014098 1.4499 1.8444 -0.296 -0.52216 -0.4415 1.4084 -0.44603 -2.2362 1.1223 
björnbär 0.0167 -0.73526 -2.155 0.059411 0.23486 -0.0058022 -1.1667 -0.65636 0.054713 -0.84112 0.39756 -0.47113 -0.31778 -0.10056 2.8646 1.0383 1.0114 0.19034 0.2221 0.79773 -0.11056 1.6604 -0.42031 1.7024 0.37806 -0.34929 -0.34435 0.37899 -1.6061 0.019186 0.35774 -0.40074 0.35782 -0.79473 2.0126 0.84296 -0.55904 1.0959 0.74409 0.52163 0.25708 0.18342 0.78429 -0.15398 2.4412 0.44014 1.3358 2.0992 0.85287 -0.68312 -0.63871 0.90127 -1.1031 -0.73037 -0.27868 1.0956 0.62772 0.54163 -0.72345 -0.74649 0.95922 0.60345 0.24333 0.6336 1.1498 -1.1381 -0.12953 -1.2361 -1.3726 1.4236 0.27031 0.057148 0.096625 -0.33961 -0.19115 1.0793 3.3113 0.13732 0.40386 0.42514 -0.33281 1.1479 0.19744 0.98358 -1.2431 -2.0931 -2.1071 -0.52016 -2.044 1.282 -0.1791 -0.31887 0.98402 -0.24377 -0.53752 1.3879 -0.51392 -0.95565 -1.4679 1.5202 
kola -0.31593 -0.54844 -1.051 0.73244 -0.010155 -0.01535 0.54922 -1.4856 -1.4157 0.80621 1.8496 -2.4274 1.8331 1.0387 3.072 1.9629 1.5375 0.74539 -0.3454 1.4327 -1.3134 1.7272 0.37536 0.60065 1.3604 -0.39109 1.5653 1.6357 -1.4188 0.50623 0.28865 0.5933 -1.3105 -0.11452 1.2173 0.1554 -1.5095 -0.76919 -1.3452 1.3525 1.0708 0.61567 2.4972 -0.24808 1.5954 -0.20998 1.4339 0.45703 0.12503 0.45237 1.128 1.8076 -0.12724 0.48035 0.40188 0.77352 0.10006 -0.33533 -1.4847 -1.2878 -0.37782 0.80466 -0.4474 -0.18968 1.3209 -0.8222 1.3642 -2.5978 0.89555 2.5519 0.0054303 0.26918 -1.0826 -1.0896 1.4298 1.8954 0.67252 -0.81387 1.5423 -0.48851 -0.22215 0.47554 1.1334 0.27068 -0.17492 0.38224 0.0072018 -0.047269 -0.93733 0.08435 0.83617 0.17346 0.41675 -1.0549 0.19693 -0.39853 -0.10901 -0.45669 0.026057 -0.78875 
rökelse -0.31762 -1.4178 -0.81393 -0.31053 -0.68898 -0.35046 0.24132 -0.53288 -2.8111 0.85582 -0.53198 0.98316 0.15996 -0.88002 0.91841 -1.1341 1.0999 0.63514 -0.78924 0.80815 -0.85316 0.95875 0.27334 0.94509 -0.42599 1.0405 -0.045069 1.8166 -0.93608 -0.86046 0.010172 1.3744 -0.15572 -1.0748 -0.68633 -0.89889 -2.0674 0.67182 -0.26245 0.11012 0.33386 0.50241 0.00075477 -1.6004 0.18737 0.092731 0.15357 -0.78788 -0.08323 0.21547 -0.37087 -0.49125 -1.6642 -1.388 1.0613 0.61759 1.1621 -0.41662 -1.4468 1.0289 -0.3751 -1.1772 -0.85662 -0.11483 0.8859 0.1917 -0.81779 -1.1139 1.6065 1.4249 0.025748 0.9088 -0.85881 0.15749 0.96311 0.77546 0.26803 -0.42561 -1.1236 0.84628 -1.3025 -0.29337 -0.50159 0.56378 -0.41247 -1.0929 -1.6991 -0.72351 -2.2316 0.32938 0.30614 1.857 -0.13083 -0.14214 0.2017 -0.098779 1.6555 -0.50229 -0.39876 0.74663 
gummi 0.80033 0.60885 -1.4519 -0.047193 -0.50259 1.0289 -1.6121 -0.18176 -1.8314 0.34096 0.39876 -0.86754 1.0972 -0.61059 4.6049 1.1272 -0.64611 -1.532 0.053268 -0.045433 0.56697 1.1265 0.89098 -0.74288 -0.4704 0.71941 0.50242 1.2867 1.0497 0.55284 1.6754 0.14221 -0.35157 -0.21145 -0.8276 -0.79719 -0.84797 -0.14605 -0.53672 0.77584 0.93057 0.98449 0.82868 -0.90722 0.36284 -0.2988 -0.62812 -0.36643 -0.43728 0.90568 -0.086485 -0.087609 0.58657 0.36074 0.33721 1.3332 -0.7167 -0.069352 0.95087 -2.0017 -0.012152 -0.20283 -0.39235 -0.15071 0.72057 1.2452 0.46833 -0.50097 -0.48005 1.1933 -0.21092 0.35288 -1.6532 -0.36667 0.15406 -0.38952 -1.1521 1.5163 2.3775 1.3889 -1.0468 0.15706 -1.4924 1.4546 0.60958 -1.0917 -1.0055 -1.0244 -1.6799 -0.90129 0.65116 0.032025 -0.34462 1.037 0.72658 -1.0115 1.6497 -0.9074 -1.0588 1.1683 
rengöringsmedel 0.26068 -0.31527 -0.8156 0.31721 -0.78224 -0.60304 -0.43373 0.89206 -1.4563 0.47321 0.63363 0.24955 -0.49994 -0.086421 2.2986 -0.37286 0.72188 -0.61992 -0.13307 1.2764 -0.43736 0.72671 1.1308 0.23809 0.29227 0.89318 -0.18757 0.4928 -0.078609 -0.60331 -0.66706 0.91378 -1.4138 -0.11186 -0.96897 0.37275 -1.8358 0.80064 -0.91604 -0.88068 0.48814 -0.18174 0.80798 -1.1776 -0.062286 1.134 -0.91754 -0.20794 0.47206 0.3229 0.22876 -0.37755 -0.78287 -0.82448 -0.48446 -0.4081 -1.249 0.80031 -0.28995 -0.34165 -0.043134 -0.083127 -0.085122 0.47246 0.26483 0.93387 0.28967 -1.5822 1.1502 -0.99919 -0.27178 0.58688 0.83587 0.35396 0.75918 -0.45902 -0.44044 -0.1049 -0.24331 -0.07038 -1.0161 0.33184 -0.70101 -0.56494 -0.57229 -0.92347 0.15349 -0.13077 1.288 0.54775 1.1332 -0.28035 0.66299 1.6474 -0.4225 -0.41804 1.0913 -0.26373 0.2175 1.1755 
potatis 0.95703 -0.62918 -0.97333 0.53613 -0.12068 0.019404 -0.21856 -0.65977 0.57782 -1.3052 0.83251 0.53649 -0.10346 0.13663 2.1287 1.6889 0.92694 -0.74841 -2.1137 2.4713 0.18648 1.1402 -0.75379 -0.45732 0.095197 1.5215 1.2904 0.56323 0.42748 0.41565 0.74577 0.37877 0.042432 0.021342 2.18 -0.97705 -0.57086 1.0672 0.11772 0.2642 -0.11136 0.43527 1.8125 -0.19966 -1.3688 -1.6025 0.36095 1.3044 0.19796 0.8207 1.5408 -0.19155 0.77854 -0.94268 -1.041 0.3855 -1.2422 0.27531 0.43785 1.1775 -0.038968 0.41774 -0.43722 1.2682 -0.29437 0.31766 2.5688 0.0094478 1.4277 -0.22181 1.1381 -0.3437 1.0249 -0.2625 -1.3521 1.4525 -0.26618 1.4659 1.7616 1.8506 -0.54805 0.42953 -0.89289 -0.53215 -0.97776 1.7629 0.3971 1.9063 -0.39217 0.69129 -0.34581 0.8784 1.5707 -2.4839 -0.36137 -0.80998 2.3637 -0.97117 0.036301 0.39826 
päron 0.21159 -0.47484 -1.3722 -0.8253 -0.33616 1.0867 0.3949 -0.26251 0.5163 2.2921 1.6508 -0.6194 0.39031 0.95089 2.9126 0.3421 1.1765 -0.098067 -0.017052 0.40984 0.084649 1.2164 0.93407 0.60253 0.76975 -1.1921 1.6441 0.2905 0.031635 0.38828 -0.61319 -0.49716 -1.3851 0.12888 2.7718 0.5016 -1.0152 1.4468 0.27702 1.6589 0.29749 2.8366 0.47798 -0.40511 2.439 -0.62222 1.6328 2.4275 1.0258 0.37577 1.2591 -0.94724 -0.46747 0.32865 -2.1194 0.75805 1.3185 -1.1127 0.23652 1.0085 1.8641 -0.44629 -0.35248 0.04988 0.19153 -0.25228 0.20341 -0.87547 -0.78678 -0.01483 -0.53242 0.54258 0.2522 -0.99045 -0.66092 0.078317 1.1156 0.21224 -0.075579 0.23238 -2.9049 -0.077657 0.25315 1.8565 0.57294 -0.99329 -1.4648 0.26014 -1.257 -0.42284 1.296 0.80505 0.26924 -0.38319 -0.61327 0.44071 0.9829 -0.56059 -1.1142 0.91572 
russin 1.9257 -0.87188 -0.81197 1.3244 -0.24367 -0.82674 -1.1798 -0.86311 -2.2568 0.53565 1.2776 -0.21504 1.4124 -0.063824 2.6631 2.1218 0.26816 0.84407 -0.93948 0.84446 -0.93627 1.1806 0.44773 1.5974 -0.3348 0.19919 1.2381 0.70933 -1.4819 -0.97552 -0.26754 -1.0907 -0.31561 -0.81034 1.9278 0.046565 -0.46051 1.3109 0.17818 1.415 0.079755 0.22133 0.672 -0.46673 1.5467 -1.2112 1.8174 1.8821 0.32956 -0.78373 -0.43534 0.8891 -0.36991 0.78257 -0.88072 0.51034 -0.5411 0.47468 -0.19968 0.019007 0.73106 0.25084 0.67184 0.44598 1.4099 0.74843 0.86267 -2.9928 -0.35731 2.7229 1.0895 -0.41539 -1.5469 -0.73311 -0.24896 -0.052398 0.81276 -0.25982 0.87698 0.47941 -1.2984 0.35899 -0.061378 0.74439 -0.12792 -0.48072 -1.4595 -0.20905 -1.0882 0.52509 -0.63518 0.32014 1.2127 -0.12645 -0.39766 -0.01778 0.62615 -1.9187 0.10756 0.14861 
ek 1.7962 -2.0949 -1.7551 1.126 -1.8768 0.67939 -2.0763 -1.865 -1.418 0.048468 1.0595 -2.0959 1.4238 0.13185 5.4632 2.5373 1.9637 2.5147 -0.9918 -0.074167 -3.017 4.5188 2.9271 2.7843 0.76176 -3.169 0.14446 3.705 -3.9498 -0.64878 0.65649 -3.5392 1.5592 -2.8772 2.5046 0.91291 0.6803 1.4881 -0.65244 2.2583 1.3862 0.72335 3.9553 0.72426 0.6935 -3.3464 1.5875 3.1741 -1.4256 -1.8375 -1.3556 2.5869 0.89016 -1.1951 -0.63963 1.252 -0.91088 -2.1732 -2.5783 -1.2579 1.0385 0.47833 1.4002 -0.24007 0.53676 -1.0256 -3.6834 -3.4812 -2.3152 1.8411 1.3241 1.035 -2.6718 2.6372 1.4253 0.52598 1.6216 0.2414 1.6169 0.37447 -1.4092 2.8633 0.09881 2.6377 -0.63027 -0.10386 -0.89367 1.2689 -1.3713 -0.44395 -1.4642 1.6502 -0.36084 -1.8739 -1.1363 0.69566 0.23834 -0.021218 -2.2147 0.058231 
jordgubbe -0.34291 0.075541 -0.76616 -0.34029 -0.36318 1.0772 0.41145 -0.97889 0.19576 0.058714 -0.21909 0.11101 0.30202 0.52493 2.2119 0.84017 0.0037853 -0.8406 -0.46748 0.60714 0.49221 0.92958 0.091815 -0.5374 0.52258 0.58291 1.0156 1.2918 -0.66306 0.48968 0.53611 0.45652 -0.18475 -0.27758 1.3765 0.69679 0.015677 0.02253 -0.12891 -0.049525 0.72048 0.5124 0.96022 0.88188 0.62167 1.1629 1.0996 1.2765 1.5275 0.25662 1.6038 -1.0868 -0.81763 -0.31762 -1.5936 1.0239 0.93858 0.3544 0.043669 0.30278 -0.7987 0.88502 0.19642 0.22938 0.83823 -0.39582 0.88522 -1.1768 0.026397 0.93984 0.53471 0.5864 0.42233 -0.21224 0.49158 -0.19008 1.3007 -0.65878 0.5961 -0.808 -0.25604 0.30085 -0.0084348 0.95724 -0.69126 -1.3667 -0.60956 -1.1121 -0.31337 0.68384 0.8895 -0.91809 0.41245 0.084535 0.63395 1.0829 -0.22177 0.79278 -0.92247 -0.042302 
skinka 1.6758 -0.74611 0.40527 0.2774 -0.82869 0.90134 0.30815 -1.4046 -2.0886 -0.97186 1.0419 1.0832 0.90486 -1.6863 0.93579 2.0595 0.98267 -0.080829 -1.6161 0.84573 0.26871 1.8193 -0.1652 0.43701 -0.59288 0.19081 1.7042 -0.40805 -0.44089 -0.23277 1.0274 1.587 0.68372 -0.17289 0.75641 -0.81779 -1.0594 0.65094 0.78357 -0.77022 1.8915 -0.74179 1.5508 -0.13197 -1.3456 -0.5182 1.5553 0.88618 0.61861 -1.6325 1.5888 0.65049 1.0982 -0.091082 -0.86343 -0.059642 -1.3059 0.24185 1.1625 0.98501 -0.81971 1.123 0.36136 -0.51522 0.19161 1.4275 0.80349 -1.7632 1.3693 1.5901 0.69816 -0.05549 -0.0643 -0.11697 -0.93139 0.85436 0.56815 -0.7116 1.143 -0.57029 -0.65106 0.31371 -1.1083 0.054046 -0.024526 2.4764 0.63386 -0.15925 0.61227 -0.51167 -0.23346 0.13199 0.82816 -1.0142 1.232 0.062691 1.483 -1.425 0.30898 -0.10348 
kokosnöt -0.41679 0.20597 -0.47118 -1.5539 -0.21785 0.26556 1.5233 -0.14266 0.37069 0.42841 1.1435 0.04277 0.82574 1.1093 2.1073 0.91874 0.16866 -0.83789 -0.66689 0.3064 -0.063556 1.1442 -0.37982 -0.0018061 1.5211 -0.1335 0.29904 2.2286 0.37944 -0.16663 -0.42246 0.21246 -0.54594 1.6083 -0.025672 -0.55992 -1.3122 -1.0057 -0.6147 -0.64429 0.95416 0.77878 1.3774 -0.38741 1.2857 0.4066 0.96734 -0.26629 1.5726 0.13914 -0.27643 0.24314 -1.9028 0.78096 -0.58439 0.5644 0.92651 -0.64065 -0.21885 0.024103 0.04428 0.67592 0.52295 -0.39042 0.29836 -0.26927 1.1176 -0.76823 -0.041377 0.71582 -0.53445 -0.7567 0.74969 -1.0871 0.3811 0.56783 0.54787 -0.30081 1.2132 -0.39242 -0.0088123 -1.0891 0.66153 0.62055 -0.18829 -0.72495 -0.09363 -0.62525 1.1039 0.34644 -0.47274 0.60071 0.82869 0.40713 -0.29167 -0.49769 1.1719 0.8054 -1.0154 0.38612 
grönsak 0.68795 0.69594 -0.59409 -0.3753 -1.3085 0.13697 0.44639 0.11136 -1.052 0.59637 0.76741 0.52676 -0.42747 -0.47706 1.7705 1.0974 1.354 -0.78933 -1.6005 2.6865 -0.40039 1.2899 -1.2963 0.65751 0.28942 0.65618 0.85627 1.0619 -0.73908 -0.84535 -0.21766 -0.23321 0.20404 0.090044 1.9171 0.6618 -0.85299 1.4978 -0.74295 0.65123 1.6203 -0.16888 1.3693 -0.20561 -0.30757 -1.754 -0.65071 0.47236 -0.21568 -0.043316 1.1246 -0.10871 0.78568 -1.7546 -1.9175 0.9076 0.96873 0.015192 0.67775 1.1574 -0.373 0.23549 -0.10445 -0.42831 -0.43811 0.61695 0.74347 -0.843 0.49699 -0.66391 2.029 -0.94745 1.6148 0.31255 -0.71294 0.24883 -0.39474 1.7613 1.0729 0.32897 -1.9708 0.48236 0.79407 0.17588 -0.65512 1.6393 1.2517 0.49289 -1.1246 0.66865 -0.88208 1.4634 0.93645 -2.4046 -1.6617 0.38771 1.0502 0.23966 -0.51591 0.9796 
gurka -1.3946 -0.22333 -0.65357 -0.14951 -0.87493 -0.36798 2.1362 0.068483 0.64044 0.43729 -0.18631 0.078021 0.78075 0.31439 2.8403 0.76626 0.2025 -1.5741 -1.1945 1.9929 -0.083611 0.94963 -0.37222 -0.14355 0.73376 1.2017 1.3616 1.6718 -0.21503 -0.30302 0.29157 0.57908 0.36757 0.21864 1.2305 -0.079447 -0.69403 0.74132 1.1017 0.41984 1.6808 1.43 1.1804 -0.51498 1.1075 -0.036495 1.6161 0.81389 0.92895 0.5208 0.36089 -0.85551 -0.39872 0.086592 -1.86 0.33612 0.95062 -0.48582 0.43139 0.79475 0.79671 0.048921 -0.62922 0.22809 0.36075 0.28691 1.6043 -1.711 0.80174 0.39768 0.68446 0.7165 -0.93922 0.33124 -0.79322 -0.055116 -0.38615 1.0319 0.44309 -0.27004 -2.0506 0.87959 0.34352 0.35644 -0.66349 -0.093096 2.0239 1.1406 -0.83734 1.0788 0.38429 -0.030028 -0.32616 0.32532 0.23811 0.13771 2.4186 -0.35509 -0.88688 0.079874 
gödsel -0.13039 0.72755 0.59156 0.72589 -1.9721 1.954 -0.91852 -0.28001 -1.2372 -0.40539 0.33285 -0.073609 -1.3265 -0.60459 1.4698 1.925 -0.91474 -1.2042 -0.257 0.10954 1.7393 0.72419 -0.41134 -0.274 0.018185 0.35473 -0.51463 0.22921 0.091011 0.45658 0.38323 -0.6177 -0.21221 0.27912 -0.39756 -0.17943 -2.162 -0.28121 0.21625 1.0927 1.1203 -1.2314 1.1334 -1.3297 -0.85593 -0.73501 -0.61015 0.26618 -1.7938 -0.55085 0.6525 -1.9092 1.794 -0.27631 -0.023721 1.0359 0.46941 1.0856 -0.81872 -0.033554 -1.1609 -0.99219 -0.10927 0.95356 1.3823 1.5818 -0.65554 0.72908 -0.1937 -1.3968 0.34895 0.20395 0.73693 0.47254 -0.048826 -0.03382 1.0939 0.41278 -0.013149 0.35323 0.36141 0.53597 -0.48895 1.5159 -0.63989 -0.67051 -0.98325 -0.98444 -0.56055 0.049309 0.56248 0.54566 -0.7936 -0.72372 -0.80317 0.27164 0.10259 0.69257 -0.65501 0.68646 
lack 0.57275 -1.4654 -1.6774 1.4491 0.17166 -0.54304 0.16555 -0.14408 -0.12267 0.17718 -0.46321 0.51727 0.24737 1.5955 2.4768 1.8654 0.10653 0.5998 -1.418 -0.58863 -2.1502 0.87279 0.78598 1.1408 -0.24301 2.0747 2.0986 0.76551 -0.3879 -0.72493 0.65187 0.49598 1.4533 -1.5585 0.82776 -0.79515 -0.26735 0.26807 -0.058243 0.77504 -0.21738 -1.8018 -0.24017 -2.6252 0.45019 0.28779 0.71607 -1.0628 0.82517 0.67714 -0.71175 0.64365 -1.764 -0.002956 -1.3813 2.2401 1.5845 0.67813 -0.18366 -0.071553 0.61576 -1.5888 0.80304 0.16622 -0.33477 1.4813 -0.73247 -0.65834 -1.1829 -0.38868 -1.0192 -0.097792 -0.94807 -0.36579 0.55928 0.41125 1.7231 -0.19246 1.8113 -0.61878 0.80019 -0.24034 -1.665 -2.0923 0.06275 -1.0315 0.6946 -0.12177 1.1013 -1.5535 1.0651 -0.45628 -2.8262 3.2199 2.9979 -1.7107 1.3259 0.89069 1.9387 0.15452 
kartong 0.46444 0.25185 -0.71003 1.3561 -0.068642 -0.47213 -1.0492 0.89114 -0.99649 0.55834 -0.036765 -0.0082687 -0.034211 -1.0459 2.1078 0.9438 1.0366 -0.93143 -0.48006 0.57796 0.099815 1.1011 0.0022255 1.1417 0.55267 0.09206 0.82532 1.3432 -0.25768 -0.49452 -0.48625 -0.21103 -1.3348 -0.94722 1.8812 0.12808 0.19994 1.2241 0.027666 0.80016 0.86207 -0.66539 0.75081 -0.58975 -0.23612 -0.45058 0.17581 -0.30358 -0.63668 -0.025705 0.36546 0.15024 0.24954 0.11724 -0.25304 0.89384 -0.37735 0.62135 0.26329 -0.35942 -0.9187 -0.27486 0.91717 -0.16299 1.1034 -0.40771 -0.45609 -0.085629 1.4721 -0.953 1.9065 0.18484 -1.8129 -0.14854 0.19792 0.033766 -0.13264 0.5255 0.19888 0.28282 0.48304 0.2897 -1.3296 0.10603 1.2039 -0.74013 0.41639 -0.55284 -0.62349 -1.8543 0.5038 -0.60402 -1.0212 0.91426 0.87232 0.71859 0.21802 0.055731 0.44564 0.32862 
målarfärg 0.57127 -0.57014 -0.77701 -0.0312 -1.1422 0.27313 -0.34247 -0.40135 -0.31535 -0.18642 0.15464 -0.3615 -0.22857 -0.77038 2.1777 0.14267 -0.23851 -0.653 -1.0729 0.12297 -1.5399 1.0788 0.25587 0.0076241 0.31584 0.54495 0.62581 0.43488 -0.29022 -0.50182 0.23734 0.12138 -0.89025 -0.32245 -0.33773 0.78124 -0.38376 0.61119 -0.79237 0.74583 0.19525 -1.2751 0.37811 -1.6949 -0.29847 0.14647 0.71241 -0.82528 0.055629 0.53779 1.2722 1.0484 -0.16385 -0.5901 -0.1923 -0.38436 0.95941 1.1119 -0.76781 -0.4299 -0.3699 -0.20036 -0.8463 0.84427 0.64886 1.1944 -0.46526 -1.3846 -0.15396 -1.2711 -0.010051 0.91336 0.16297 0.70568 0.48475 -0.50838 0.27277 0.35522 0.18715 -0.51524 0.57109 0.33067 -1.3123 -0.2026 -0.52019 0.50478 -1.6285 -0.93147 -0.38309 0.48098 0.094785 0.58835 -1.4864 2.0043 0.68816 -0.18362 0.59959 0.099567 1.1226 0.10176 
ammoniak -1.1339 -1.1534 0.93161 1.0546 -0.87046 0.24244 -0.63747 1.3741 -1.1275 -0.74787 0.58757 -0.16929 -0.017321 -0.033433 2.3866 0.3138 0.022895 -0.34606 -0.96737 0.471 0.44745 1.3289 0.81363 -0.87174 -0.37787 1.1567 -0.20779 -0.079363 0.32142 -0.37737 0.021074 0.013561 -1.2239 0.21423 -0.30434 0.23737 -1.289 0.83773 -0.41866 -0.13288 1.6194 -0.89674 0.83232 -1.2217 -0.69923 -0.29292 -0.086887 0.02275 -0.38822 0.29117 0.23521 0.09852 1.0374 -0.20489 0.50621 -0.079553 -0.348 0.5761 -0.49685 0.48683 0.022643 0.016302 0.021425 -0.14594 0.68018 1.4498 0.41244 -1.2853 0.72977 -1.0051 -0.2239 0.56735 0.37802 0.068055 0.094961 -0.11438 -0.25705 0.85422 0.82165 0.39458 0.56341 1.1889 -0.34674 0.36363 0.52414 -0.3382 -0.64105 0.5723 0.13521 -0.30989 0.11781 0.015239 -0.66554 1.1857 -0.03432 0.37942 0.18713 0.30282 0.1477 0.86676 
bageri -0.78169 1.3013 -0.61521 -0.37875 -0.41638 -1.2487 -1.2875 0.33764 -0.97138 0.27669 -0.30872 -0.077848 -0.81031 -0.013637 0.018355 1.9505 0.77305 -0.50778 -1.1556 -0.64962 0.59471 1.4972 -1.6647 -0.6067 -0.76497 0.16164 0.98232 0.18439 -0.96111 -0.64779 -0.11086 0.75239 0.1283 0.98094 1.4263 -0.65593 -0.89798 0.20969 0.12819 -0.98247 0.77404 -0.062266 1.233 -0.78438 -0.19454 -1.143 -0.22777 0.67392 -0.58314 -1.1578 0.29439 -0.1009 0.52398 0.79167 0.55248 0.062131 -0.83787 0.67548 -0.43539 0.85307 -1.0575 0.18646 0.87368 1.3748 0.30412 -0.65854 -0.53569 0.11434 1.2208 0.41926 1.3502 0.91386 -0.42215 0.78276 1.4438 1.851 -1.2596 -1.2963 -1.2559 -0.22607 0.8398 0.39554 -1.3283 -0.21291 1.1324 -0.6364 -1.2656 -2.0895 -0.35566 -1.4545 -0.45521 1.618 1.651 -1.6466 -0.89617 0.56395 2.3167 -0.02633 0.9372 0.98592 
sirap 0.3802 -1.4709 0.035275 1.4121 0.057749 0.0087173 -0.96141 0.1412 -1.1265 0.48617 2.302 -0.88366 2.2623 0.91338 4.3158 2.7298 0.19843 1.0829 -0.53402 0.90986 -0.92135 2.0771 0.68603 -0.41924 -1.5816 0.85 -0.73142 0.94333 -1.5353 -0.43502 -1.3549 0.23909 -0.8978 0.20875 1.1781 1.4411 -0.71227 0.14532 0.25231 0.82324 0.9487 0.75318 1.8058 -0.55934 0.66471 -0.97687 0.48823 1.0303 -0.55659 -0.30258 -0.36406 1.5237 -2.2611 0.86069 0.39061 -0.019893 -0.51038 0.1047 -0.32863 -0.21547 1.7318 0.0038613 0.38997 -0.12072 0.64156 0.27195 0.47951 -3.0415 1.0843 1.9555 -0.17545 -0.10413 -0.17387 0.35065 -0.23671 0.19356 0.1157 0.0088182 1.5025 0.30805 -0.31122 0.64958 0.4946 0.00097949 -0.17134 0.12417 -1.4496 -0.35518 -1.3299 -0.12953 0.014766 -0.51331 1.062 -2.0575 -1.417 0.47263 0.85643 -3.138 -1.5201 -0.11941 
kork -0.077531 -1.3871 1.4188 1.1423 -1.6501 -0.79822 -0.3188 0.36087 0.55734 0.26842 -0.42463 -0.77448 0.0071847 0.3937 2.0706 -0.04415 0.46001 -0.77932 -2.0291 0.2728 1.1164 1.1264 0.423 1.879 1.0015 0.58502 0.46094 1.5974 -1.3798 0.1698 0.32746 1.0224 -0.86413 -0.843 2.8196 -0.24325 1.8518 1.0578 -0.86294 -0.75752 0.65396 0.46501 1.5262 -1.3174 -0.51011 -0.42225 -0.035621 0.33605 -0.51915 -0.10558 -0.4578 0.24807 1.003 -0.11912 -2.0546 2.5011 1.5694 -0.55611 -0.93985 -1.6448 -0.58244 -0.5845 -0.50277 0.30453 0.39526 -0.053428 -0.65542 -0.94648 0.25838 -0.39743 1.5896 0.59057 -2.4321 0.095498 1.4266 0.39247 0.72653 1.3158 -0.13705 1.7851 -1.091 1.6581 -2.3815 -0.28083 0.18813 -0.32121 1.8536 0.2546 -0.58131 -1.9283 -0.56809 -1.2263 -2.0829 0.65085 -0.0018445 -0.66569 1.2087 0.55967 1.0023 0.21063 
björk -0.088393 1.685 -1.8973 0.050168 -0.27782 0.82566 0.074347 -1.884 0.090089 0.83882 0.43926 -0.11078 -1.4872 0.54856 -0.83535 1.4192 -0.84293 -0.01731 0.7301 0.49455 0.34356 0.90337 -2.1407 0.23953 1.4978 0.32781 -0.30045 0.86888 -2.0662 -0.43311 -0.20258 0.63871 0.64279 -0.31286 1.2742 0.30132 -1.5446 0.42177 0.8103 0.26444 1.0157 -0.53675 1.4628 -1.6754 1.1398 -0.70814 0.0018764 0.72323 0.27977 -0.47545 -0.21789 0.67696 -1.1202 -0.25093 -0.29197 2.4525 0.48581 -0.22639 0.062131 -0.95016 1.3743 0.64998 -0.32457 -0.24811 0.36891 -1.4039 -1.034 0.037799 -1.043 0.44469 -0.61425 -0.39586 -1.0121 -0.99037 0.58543 0.020105 2.34 -0.18638 0.40587 0.32105 -0.56638 2.0373 0.84934 0.017779 -0.42125 -1.5445 -2.4056 -1.7298 -0.1965 0.72767 -0.87727 0.41975 -0.98411 -0.36389 -0.8754 1.5449 0.66712 -0.61361 -0.17379 0.51642 
eukalyptus -0.08571 0.15156 -0.13646 -1.0759 -0.13375 -0.69353 0.58962 -0.091151 -1.1055 0.33459 -0.38742 -0.4034 -0.13182 0.57271 2.0236 1.1872 -0.39918 -0.13299 0.2161 0.55999 -1.0054 1.1273 0.019416 0.39235 1.0029 0.67003 -0.41889 1.0267 -1.2987 -0.068665 -0.3268 -0.51365 -0.15114 -0.49613 0.47107 0.052441 -1.4219 0.08311 -0.034028 0.21961 0.82626 -0.22756 0.60937 -2.0907 1.8132 0.24393 0.93429 0.28329 0.51626 0.142 -0.82584 0.5146 -0.44624 -0.20255 0.56298 0.46964 0.71454 -0.59796 -0.0028403 0.55134 1.0681 -0.25349 0.29382 0.058936 0.033378 0.24518 0.48723 -0.71116 0.45308 -0.19971 -0.96691 1.48 0.13631 0.14492 -0.11996 0.44768 0.28042 0.47421 -0.20825 1.1498 -0.77559 1.2277 -0.080667 0.29376 -0.31189 -0.96439 -0.24027 0.084076 -0.16119 0.049683 0.032937 0.37207 -0.45291 0.34772 -0.68997 0.33945 1.0431 -0.77525 -0.61189 0.97059 
druva -0.21166 -0.73937 -0.37243 -0.67723 -0.66496 0.096177 -1.1388 -0.73389 0.30766 1.0665 1.4023 -1.0061 0.6527 0.3847 4.2197 1.1009 2.4722 0.80769 -1.7046 0.82339 -1.3165 0.0048031 1.4933 0.60696 0.37359 -1.8962 -0.12677 0.014222 -3.0013 -0.62597 0.2474 -1.336 -0.73038 -1.3421 2.2546 1.2817 -0.16991 1.057 0.39742 -0.20496 0.86474 0.55603 2.2537 1.4136 -0.0020989 -2.138 1.4802 0.61229 -0.61107 -1.1339 -0.57755 0.38612 0.33814 -0.82921 0.027019 1.8782 1.2907 -0.96765 -0.92816 0.93456 1.0956 0.019421 -0.24942 0.045772 0.83272 -0.12663 -0.27814 -1.3434 -0.53061 -1.2241 0.81486 1.0815 0.61154 0.41715 -1.1449 0.7259 0.71172 0.5154 1.1035 0.20491 -1.1014 2.058 1.5149 0.50409 -1.6081 -1.2696 0.57763 1.7034 -1.1392 0.10631 -0.017621 1.7272 -0.62594 -0.6032 -1.7171 0.51162 0.20721 0.19509 -0.1533 0.45823 
kryddnejlika 1.1551 -0.069926 -0.92376 -0.011908 -0.38632 0.072403 -0.14949 -0.2482 -1.7225 -0.4338 -0.19659 0.20593 -0.30265 0.48423 1.1288 1.3171 1.5121 0.63393 -1.3949 1.2872 -2.0649 1.7898 -0.14309 1.0173 -0.11533 0.30093 -0.48692 0.1809 -1.3288 0.19929 -0.73102 0.1484 0.093871 -0.40748 0.78704 -0.37655 -0.9581 0.94173 -0.4438 0.0072965 0.2718 -1.0343 1.2984 -0.82959 0.8545 -0.045907 0.3921 0.63547 -0.33198 -0.35737 0.18329 0.58082 -0.87891 -0.52214 -0.052938 0.56314 0.36702 -0.75574 -0.9357 1.694 0.63745 -0.16413 0.47033 -0.40838 0.58297 -0.11879 0.29179 -0.60201 0.20025 1.3699 0.71714 1.4402 -0.35986 -1.1489 -0.12719 0.38184 0.48404 0.66419 -0.28208 0.13852 -2.1378 1.1567 -0.38262 0.15151 -0.10284 -0.57328 -1.0094 0.071701 -0.91065 -0.20883 -0.48511 1.019 0.46656 -0.19338 0.19231 -1.1078 2.2564 -1.3639 -0.90582 0.24469 
bär -0.96423 -1.4558 -1.1717 -0.89037 0.56104 0.17104 -2.2403 -2.162 -0.33907 -0.30925 1.2456 -1.1342 0.41521 -0.77835 2.53 1.7875 3.3263 -0.22963 -0.28208 0.38829 -0.80477 1.9877 -0.6793 2.7083 1.3214 -1.3451 -0.20788 1.218 -2.8192 -0.26324 0.51502 -0.43284 -0.30316 -1.7959 3.8182 2.6968 -0.21116 2.2275 0.52494 0.49425 0.40666 -0.14499 1.5576 0.63369 1.9608 0.4513 1.2895 1.8882 2.4103 0.31485 1.6402 0.13221 -0.95971 -1.5083 -0.58771 2.1294 0.84034 0.44179 -3.0452 -0.41643 -1.1165 1.6502 0.28363 0.33742 1.7868 -1.3368 0.15596 -3.2197 -2.4638 3.3886 1.1703 1.0001 0.33185 0.62761 -0.48477 1.0634 5.3778 0.80319 1.0858 -0.54523 0.11203 1.6857 1.0887 2.3471 -1.0386 -2.921 -0.030322 0.076806 -2.6599 1.8076 -0.3049 -1.2546 0.46517 0.99324 -1.1035 3.8913 -1.2758 -0.9808 -1.791 1.7944 
banan 0.27784 0.63469 1.2439 0.46659 0.0032389 -1.1242 0.091352 0.067025 -1.2445 -0.82531 0.036567 1.622 0.5594 0.71757 2.5909 1.4351 0.066771 -0.68996 -1.5309 0.048656 0.38983 0.12921 -0.41137 -0.068975 -0.077215 0.055678 2.1806 1.1562 0.18427 -0.39169 -0.88438 -0.24601 0.16248 -0.59807 2.3891 0.53816 -0.50166 0.31293 0.16851 0.63578 0.58072 1.7739 1.582 0.5721 0.64064 -0.46315 0.74095 1.5057 0.78906 0.22469 1.7112 -1.0846 1.611 1.8744 -1.0505 -0.41191 0.86567 0.34319 -0.92294 0.66146 -0.22431 0.27206 0.4941 0.66126 1.3216 0.74489 0.888 -0.61215 0.89784 0.53041 1.6156 0.50036 -0.55361 -0.91773 0.70614 1.1306 -0.91369 0.52293 0.60707 -0.20462 -0.19393 -0.31017 -0.22813 -0.035881 1.0417 0.59759 0.4856 -0.54224 -0.17815 0.26222 1.068 -0.20317 -0.2914 -0.76408 -0.45532 -0.40267 0.23659 0.095838 0.46209 0.4562 
tallbarr 0.23405 0.67189 -0.80661 0.61292 -0.42077 1.3349 -0.2512 -1.961 -1.5628 0.43354 0.43602 0.62282 -0.19319 -0.020417 1.8193 1.4391 0.28804 0.5177 0.56337 -0.76294 -0.18841 1.1964 0.2654 0.14807 0.27168 0.1614 -1.0324 -3.6354e-05 -1.1961 0.77003 -0.61357 0.20828 -1.2416 -0.11996 0.37029 1.095 -2.0994 0.54395 0.39897 0.9506 1.1925 -0.52597 1.4296 -1.5471 1.7087 -0.36143 0.88613 1.6669 -0.076405 -0.19728 0.048127 0.43353 0.12083 0.088316 -0.47926 1.6274 0.74595 -0.31301 0.13801 0.57964 0.83218 0.80764 0.29268 -0.41541 -0.47478 1.1979 -0.0096642 -0.74915 0.35605 -0.048266 -0.15228 0.78271 -1.773 0.36584 0.13052 -0.4079 0.84413 0.41883 0.48421 0.63876 -0.90125 0.76033 -0.76012 1.1744 0.25619 -0.80881 -0.67623 -0.23321 -1.0181 -0.38311 0.044268 0.93363 -0.57523 -0.3137 -0.48186 0.37025 0.31978 -0.48006 -0.46937 0.054791 
mus -0.18671 -1.1263 2.0508 2.022 0.4449 -0.4141 1.3045 -1.2924 -0.96369 1.2229 0.22893 0.87109 1.4155 -0.37785 1.499 -0.11601 0.68214 -1.2117 0.37144 1.0019 0.33232 -0.61737 1.1101 0.89019 -0.85949 0.3119 0.99689 2.5457 0.17149 1.4903 0.19797 0.10121 0.89079 -1.7548 1.0643 0.3164 -0.43539 -0.24755 1.177 -0.025392 1.253 1.7476 -0.25387 -1.5313 0.77769 -1.1701 1.4693 0.57209 0.32429 0.32602 0.24076 0.1038 1.7064 -0.48071 0.60227 -0.066342 -0.45813 0.18583 -1.0293 2.2156 1.0892 0.19613 -1.8062 0.60939 0.099348 -0.11528 -1.1937 0.3613 1.227 0.95646 -0.30664 -0.79233 -1.5597 0.35171 0.46805 1.5425 -0.03305 0.92741 0.68665 1.4273 -0.41411 0.53768 -0.1658 0.92635 0.39206 -0.17974 -2.3109 -1.193 -1.1857 0.35935 0.65481 -0.57701 -0.61337 0.30248 0.47222 1.6823 0.63634 0.64936 0.65277 1.6551 
anis 0.25492 0.48519 -1.165 1.0137 0.30526 0.040618 0.23423 -0.6834 -2.0559 0.99122 0.60409 -0.16678 -0.64705 0.57103 3.8705 1.016 1.1429 -0.64274 0.47395 1.7428 -1.0285 1.513 0.0087748 -0.16084 0.39205 -0.38024 0.3396 -0.2216 -1.749 0.2207 0.00093144 -1.4457 0.31015 -0.83174 0.97422 -0.32611 -2.3961 1.0277 0.54365 0.98531 -0.32246 0.17797 1.3435 -0.74277 0.95263 -1.2185 0.73739 0.87246 -0.13592 -0.37713 -0.5612 0.33171 -0.37294 0.33408 0.016875 0.081095 0.18496 -0.58337 -1.1969 0.70818 0.74355 0.43372 0.95287 0.14827 1.4327 0.043379 0.70957 -1.2722 0.15318 1.2953 -1.1701 0.019647 -1.3204 -0.64744 0.34825 1.2233 0.36695 -0.26797 0.67874 0.39384 -1.5373 0.95705 1.2851 0.25973 -0.46308 -1.7017 -1.3293 1.2952 -0.77294 -0.78859 -0.25587 -0.75225 1.1373 0.4974 0.081829 0.084827 1.1248 -1.4463 -0.88518 0.31216 
rom -1.1906 -1.0446 -0.94733 -0.44047 -1.3188 -1.2573 -0.71871 -1.4921 -0.88765 0.29156 0.51271 -0.235 0.63788 1.015 2.004 0.20795 0.66581 0.25092 -0.25462 -0.35509 -0.16486 0.42904 0.49387 0.22339 -0.06652 -1.1449 0.7501 1.3484 -1.662 0.56861 -1.1919 0.13075 -0.273 -0.76343 2.1517 0.5671 0.25291 0.4231 0.26 -1.0428 1.0184 1.5344 1.5982 -0.56933 1.828 -2.3344 0.25922 0.0084524 0.14759 1.1792 -0.98361 -0.93163 0.17726 0.99686 -0.91236 0.68136 1.3814 -1.8089 -2.6072 0.052711 -1.1479 0.21223 0.82082 -0.02098 0.55581 0.46297 -1.051 -1.5708 1.1487 1.3334 -0.75288 0.9461 -1.127 0.16489 0.75537 3.2664 -0.13488 0.048612 0.30857 2.0204 -0.015185 1.0035 0.080713 0.48405 -1.7686 -1.8419 -2.1417 0.79911 -1.2537 0.55983 0.4602 1.347 0.27465 -1.7211 0.51607 0.045448 0.72606 -1.6923 -0.97028 0.12802 
bark -0.54181 0.58878 -0.50809 0.64496 -1.2006 1.4644 -0.34501 -1.742 -2.4799 0.34941 0.57546 0.62814 -0.25073 -1.0729 1.2891 2.2384 0.64749 -0.12789 0.68127 -2.0265 0.22525 0.85046 -1.585 0.36076 -0.17622 0.54944 -0.84923 1.9285 -1.9142 -0.21342 -0.65913 0.5521 0.78082 -0.2148 0.4116 0.9523 -2.1738 0.82915 -0.089635 0.22434 2.004 -0.10069 2.0764 -1.4574 0.24583 -1.5124 0.63453 0.85365 -0.46138 -0.3738 0.28333 -0.48397 1.3277 -0.6826 -0.37158 2.0443 1.2112 -0.49144 -0.72882 0.69518 0.62091 0.16009 0.090426 -0.20025 -1.632 0.40523 -0.7417 -0.72169 0.13973 -0.39746 0.013282 -0.60917 -1.8187 0.61789 0.25997 0.88735 1.128 1.2308 -0.25732 0.6267 -0.33857 1.0259 0.014917 1.0336 1.4657 0.01557 -0.78995 -0.3227 -1.1512 -1.2036 -0.59305 0.90631 -0.51698 -0.42904 -0.36171 1.2635 0.19013 -1.0972 -0.20937 0.43285 
morot -0.30793 -0.87255 0.72992 0.93043 -0.44344 -0.39996 -9.137e-05 -0.26595 -0.84004 0.46663 0.63595 0.63708 0.16949 0.6064 1.7238 1.1879 0.035992 -0.2263 -1.2155 0.96051 0.019372 0.75634 -1.1025 -0.90639 0.16408 -0.13204 0.51552 1.1942 -0.99821 -0.68232 0.51976 -0.63217 0.2891 0.87017 1.5827 0.47651 -1.3205 0.14028 0.040079 0.0032762 0.53279 0.41511 1.4444 -0.14644 0.25444 -0.59617 -0.073118 0.59609 0.22186 0.096716 0.22112 0.25801 0.6123 -0.27252 -1.029 0.049952 -1.1198 -0.6392 0.016205 0.86229 0.16806 0.91874 0.013186 0.18063 -0.079548 -0.17505 1.3918 -1.2117 0.74542 -0.14858 -0.52135 0.18957 0.077939 -0.85882 -0.29145 1.0765 -0.25292 0.39365 0.77589 1.7004 -0.56147 1.4344 -0.0814 -0.094762 -1.1159 0.38581 0.33794 0.4068 0.2831 0.84443 -1.4533 0.15339 0.78053 -0.87694 -0.77747 -0.40857 1.2872 -1.2272 0.41475 0.2191 
lösningsmedel 0.050022 -1.1774 -0.71227 0.48607 -0.98735 -0.56562 -1.0041 1.0413 -1.8362 0.25708 1.4577 0.16116 -0.2979 -0.20483 3.6879 0.2729 1.1525 -0.10037 -1.0986 1.4675 -0.11594 0.7497 0.86854 -0.28118 -0.84602 0.89824 -0.4765 1.1654 -0.12607 -0.15099 0.26609 0.017288 -0.48292 -0.54848 -0.77699 0.6685 -0.54661 0.48627 -0.87935 -0.37849 1.0108 -0.58115 1.2239 -0.99891 -1.086 0.88478 -1.0389 -0.44876 0.51212 -0.34516 -1.0022 -0.65212 -0.31908 -0.83016 -0.61104 -0.11419 -0.86366 1.117 -1.0391 -0.57631 -0.36103 -0.3619 -0.27922 0.1843 0.27022 0.5807 0.061947 -1.22 0.7888 -0.64311 -0.12061 0.28323 1.0562 0.38638 0.83849 0.26907 -0.3353 0.69555 0.75062 0.052427 -0.73036 0.52775 -0.040121 -0.29097 -0.086559 -0.77231 -0.51357 0.5609 0.24229 -0.14161 0.69297 0.00649 -0.33686 1.4241 -0.89678 -0.78655 1.1433 -0.46178 0.10639 1.2431 
lim -0.19018 -1.3328 -0.23929 0.34532 0.023919 -0.32057 0.38932 -0.10763 -0.32923 1.1974 0.86433 -0.072043 0.9041 -0.29902 2.797 0.57865 -0.44764 -1.3589 -1.0697 1.2055 -0.1002 1.2449 0.087069 -0.3062 -0.80864 0.07227 0.39547 0.72747 -1.2714 0.10884 -0.78107 -1.1075 -0.81416 -0.29625 0.993 0.09925 0.051578 1.5438 -0.57268 0.26761 -0.069303 -0.16206 0.68308 -0.047919 0.68532 0.29846 -0.12625 0.44239 -0.20706 0.13252 0.2239 0.17058 0.044393 0.37586 -0.32488 -0.09059 0.11239 -0.54235 0.56521 0.66754 0.5777 0.23906 -0.59385 0.19078 0.22852 0.24927 -0.15322 -0.127 -0.11719 0.39571 -0.57007 1.1446 -0.080649 -0.71769 0.1204 1.3387 -0.77291 -0.20937 0.14626 0.40744 -0.40484 -0.50617 -0.12129 -0.40558 -0.16904 -0.7504 -1.1086 -0.10565 0.93283 -0.37837 1.386 -0.74157 -0.73547 1.0187 1.4398 -0.074701 1.2922 0.37385 0.6306 1.0713 
ogräs -0.29567 0.67211 0.73081 -0.78202 -1.5919 2.0217 -0.12658 -2.247 -0.70232 0.24915 0.50704 0.71543 -1.327 -0.38549 0.98025 0.66199 -0.74357 -0.30763 -0.85879 0.82033 0.90328 0.54876 -0.37447 -1.3537 1.2864 0.54799 -0.27697 1.4479 -1.1785 0.10757 -0.75948 -0.77174 -0.54274 0.38638 1.4772 0.44812 -1.4131 0.39078 0.58463 1.0499 1.5842 -0.74636 1.798 -1.6581 1.0489 -1.6239 -0.20581 1.1079 -0.25072 -0.17246 0.98713 -0.95226 0.7162 -0.78147 -1.0754 1.3809 0.47849 -0.91499 0.22215 -0.12765 -0.096256 -0.17926 0.21245 -0.62624 -0.30479 0.91557 -0.70872 1.2536 -0.20058 -0.8953 1.0091 -0.29746 0.43181 1.6589 -1.4771 -0.51229 0.24676 2.165 0.15547 0.6044 -1.9567 0.066521 -0.88672 -0.053891 -0.39185 -0.30867 1.3206 0.047115 -1.336 1.6616 0.76679 0.47793 -1.1503 -0.87781 -1.0511 0.34465 0.7085 -0.11655 0.34396 -0.86226 
senap 0.18447 -1.2237 0.069226 0.95314 0.52915 -0.62956 0.51722 -0.067788 -0.49773 -0.27962 0.30812 -0.0054122 0.18536 0.30246 1.5578 1.0819 0.37722 -0.2557 -1.3103 1.4045 0.23356 0.75621 -0.67415 -0.44683 -0.015445 1.2507 0.68047 1.4304 0.0045877 -0.49231 0.56059 0.33914 -0.20991 -0.63108 0.87265 0.92423 -0.56285 0.097678 1.0514 -0.49347 -0.036541 0.39191 0.9924 0.37524 0.44745 -0.58404 0.76758 0.66532 0.55272 -0.47952 0.52625 -0.045265 0.59301 -0.25163 -0.1488 -0.50082 0.30583 -0.12075 0.32723 0.90594 0.091862 0.15387 -1.0322 0.52581 0.31737 1.3695 0.78175 -1.3278 0.79675 1.2129 0.45868 -0.1318 -0.023912 -0.6984 -0.92892 1.2523 -0.93883 0.46696 0.83187 -0.58319 -0.2778 0.2519 -0.40067 0.63764 -0.3437 0.40749 -0.87429 0.89892 -0.15526 -0.1836 -0.59927 -0.013796 1.8601 -1.293 0.80195 -0.90896 0.27105 -0.71695 0.71857 -0.063997 
cologne -0.57143 -0.336 0.26288 0.36467 0.99338 -1.2242 0.20135 -0.56484 -0.5132 0.61784 0.070333 -0.20111 0.0090907 1.0763 2.2897 -0.65526 -0.072142 0.09948 0.53048 -0.33523 -1.1428 -0.044085 0.78433 1.4513 0.36339 -0.24754 0.39582 -0.47682 -0.52409 -0.71157 -0.48962 -0.75027 1.1497 -0.71487 0.7034 1.5882 -0.6235 0.14701 0.86719 -1.4704 -0.89537 0.11418 0.78334 -0.71339 0.41958 -0.90995 0.25474 0.08327 0.28146 -0.69668 -0.65861 -1.8189 -0.43471 0.14415 0.59517 0.68806 0.8651 -0.289 -0.80506 1.2192 0.73485 0.02565 1.0178 1.0795 0.87862 -0.24853 -0.53646 0.19989 0.48969 -0.05747 -1.1655 0.86417 -0.767 -0.13249 0.75205 1.8951 -0.48336 -1.0527 1.0318 -0.48183 0.78286 0.64003 -0.6933 -1.3457 -0.84305 -1.5881 0.89559 0.68749 0.90555 -0.96866 0.24078 1.0702 -0.54687 0.26626 -0.69262 -0.19464 0.28764 0.60507 0.76974 1.1497 
geranium -0.18337 -1.3752 -0.67239 0.039685 -0.36092 -0.47089 0.10369 -0.27065 -0.39924 0.245 0.054814 0.063952 0.10316 0.46004 1.785 0.42728 0.10183 0.19427 -0.346 0.1595 -1.1527 0.8266 -0.25445 0.20641 0.33934 -0.088295 -1.2286 0.057463 -0.60953 -0.15537 -0.40608 -0.31024 -0.3048 -0.33801 0.59342 0.071688 -2.2163 0.044787 -0.062049 -0.40915 0.4105 -0.3406 1.2877 -1.3305 1.6691 0.10331 -0.36414 -0.083549 0.77225 0.29911 -1.2905 -0.064 -1.5619 -0.56725 -0.27333 0.34353 0.57453 -0.78888 -0.44329 0.066094 0.25326 0.32344 0.18397 0.10911 0.2013 0.2013 -0.36456 0.63475 0.013099 -0.60895 -0.67262 1.12 -0.16455 0.52324 0.28414 1.1906 -0.018422 0.54984 -0.40535 0.58549 -1.9875 0.91872 1.0923 -0.75883 -0.45963 -1.9272 -0.40695 0.91424 0.14932 -0.3995 -0.26526 0.53235 -0.0036083 0.56602 0.001772 -0.29637 1.1806 -0.44076 -0.52926 1.2977 
pepparmint 0.24098 0.049576 0.020124 0.052398 -0.26785 -0.64366 1.1856 -0.60179 -0.63483 0.6977 -0.5967 -0.89536 0.39208 0.93233 2.0599 0.91651 -0.75292 0.025521 0.10692 -0.072696 -1.4583 1.3613 0.4732 -0.35732 -0.058974 0.96438 -1.1427 0.82735 -0.42649 -0.31406 -1.1313 0.0057131 -0.57536 0.10697 0.53572 -0.45258 -1.4511 -0.060951 -1.0449 -0.24902 0.92628 -0.81609 0.73768 -1.3244 2.6064 0.63213 1.3857 0.5376 1.0979 0.31541 -0.37311 -0.55657 -0.012658 -0.46666 -0.43209 0.86883 0.62695 -0.75515 0.67346 1.0029 0.89631 0.47522 -0.51315 -0.085957 -0.10523 0.26333 1.0303 -1.2104 0.053492 1.1349 -0.87505 1.5217 -0.14357 -0.34247 -0.047266 0.61634 0.83191 0.27899 0.29926 0.75239 -1.5673 1.0255 -0.19408 0.28676 -0.1536 -0.57754 -0.16269 0.29904 0.28655 0.28614 -0.12819 -1.2484 -0.31303 0.71815 -0.11035 -0.58657 1.4469 -0.33385 0.28989 0.95418 
selleri 0.21909 -0.76038 -0.45702 0.74708 -0.26888 -0.32337 -0.29072 -0.30303 -0.84801 -0.44465 0.42496 0.0818 -0.036694 0.46077 2.4974 0.78572 1.1839 -0.52682 -1.0079 0.75928 0.166 0.79863 -0.76599 -0.34211 0.24487 0.32724 0.40351 0.98237 -0.20652 0.16502 0.084965 -0.20646 -0.35626 -0.32082 0.27233 0.97874 -0.75301 0.49172 0.083372 -0.041679 0.15704 -0.50442 1.0629 -0.11807 0.013145 -0.8727 -0.4149 0.51635 0.32702 -0.44441 -0.4916 -0.99205 0.749 0.11161 0.39119 0.5281 0.37131 -0.25881 -0.39296 0.54961 0.31069 0.38419 0.21215 0.72905 0.81372 0.55206 0.094344 -0.77813 -0.28473 -0.83716 0.1176 0.95272 0.47755 0.41664 -0.18954 1.5877 -1.3038 1.0427 0.42934 0.44054 -0.15467 0.8099 0.043545 0.15706 0.15458 -0.38276 -0.71643 0.6487 0.10247 -1.0329 0.15647 1.1002 0.70246 -0.25934 -0.81697 -0.19252 0.6336 -0.29602 -0.2158 1.388 
popcorn -0.071562 -0.22916 0.24948 -0.4885 -0.55184 -0.034172 0.40369 -0.51632 -1.4476 0.6508 0.15927 -0.66067 1.776 -0.36657 1.2447 1.8949 -0.35687 -0.2869 -0.074439 0.0075489 0.030488 0.26304 0.25877 0.4824 0.711 0.26906 0.47555 0.58428 -0.01737 0.85137 0.1073 1.1864 -0.86761 0.32535 0.88695 -0.86253 -0.33114 -0.30186 -0.031033 0.48543 0.22892 0.74176 0.81468 0.44049 -0.045433 -0.63255 -0.39701 -0.48159 0.20145 0.58789 1.333 0.70264 0.41064 1.0618 -0.23595 0.52602 -0.30636 -0.81557 -0.3892 0.40288 0.0031902 0.027408 -0.38965 -0.40057 0.0060848 -0.24121 0.63728 -0.24836 0.90631 0.85001 1.1456 0.034291 -0.30363 -0.16666 -0.20361 0.30299 -0.38188 0.14183 0.81068 0.025224 0.08605 -0.60467 -1.4029 0.12268 -0.57262 0.03998 -1.8659 -0.88966 -0.2857 -0.24664 0.38803 0.086226 0.46334 -0.44396 0.50451 0.63689 1.105 -0.049067 0.58641 -0.49247 
rep 1.2008 -0.58113 0.79347 0.51121 -0.7109 -1.1517 -1.1414 -0.59741 -0.25656 -0.65972 0.25379 0.87285 -0.32084 -0.91565 1.8443 -0.73451 -0.83315 0.94599 0.85414 -1.4765 -0.4271 -1.2113 -0.58843 -0.14758 0.13702 -0.69075 -0.56003 -0.1505 0.05868 -0.31591 0.4009 0.5748 0.41717 -0.80874 -0.016606 0.42909 -2.2144 -0.45112 1.1782 -1.1605 0.10792 -0.81982 1.5932 -0.77871 0.5049 -0.33579 -0.79038 0.17353 0.61101 0.048842 -0.67085 -0.7705 0.21202 -0.34441 -0.065163 0.62285 -0.74581 -0.26343 -0.15927 -0.89078 1.0046 -0.55011 -0.50852 -0.26728 0.59941 -0.42628 -0.9453 0.028441 -0.10065 -0.50958 -0.87562 -0.3379 -1.5323 -0.44578 0.85328 0.71783 -1.3063 -0.21616 0.80103 0.86706 -0.29733 0.70484 -1.2143 -0.57564 0.2105 0.16557 1.2809 0.81687 0.14763 -0.47169 -0.32991 0.37852 -1.6141 1.2547 0.50111 1.7476 0.37433 0.17539 0.74962 0.84014 
desinfektionsmedel -0.080711 -1.2429 0.7293 0.35893 -0.77725 -0.68629 -0.081616 0.99777 -0.91024 0.22277 0.57123 0.36313 -0.37648 -1.0382 2.268 0.022624 0.8102 0.20418 -0.37917 0.81249 -0.31401 1.4243 0.52671 -0.66657 -0.11341 0.62602 -0.42826 0.31538 -0.15456 -0.66377 -0.547 0.65842 -0.45012 -0.4507 -0.83277 -0.17391 -0.93446 0.50712 -0.094162 -0.3558 0.85664 -1.1631 0.9009 -0.15634 0.17799 0.5718 -0.31131 0.22231 0.55673 -0.28586 -0.5173 -0.51906 -0.066516 -0.64764 -0.58416 0.21483 -0.18488 0.7206 -0.11698 -0.12443 -0.053757 -0.38359 -0.56526 0.9741 0.14931 0.63594 -0.2827 -0.75709 0.26431 -0.87439 -0.25177 0.36805 1.2372 -0.17028 0.17905 0.85052 -0.72256 0.64383 -0.050589 0.16068 -0.71974 0.68882 0.13739 -0.16026 0.45974 -0.73997 0.064171 0.43793 0.37813 0.034875 0.81956 -0.45819 0.12954 1.6858 -0.77687 -0.33861 0.73742 0.34623 0.48166 1.0664 
violett -0.18205 -1.1889 -0.95143 -0.41289 -0.23169 0.1024 0.15734 0.064577 0.42818 -0.016655 0.41938 -0.076617 -0.050559 -0.78478 0.80672 1.0548 0.0099636 0.064492 -0.7217 -0.037592 -0.39782 0.64241 -0.79722 0.57249 0.55851 0.15484 0.68779 0.66673 -0.99662 -0.3651 -0.10741 -0.27026 0.45265 -1.1119 1.6851 0.29697 -1.38 0.22009 0.23778 -0.094164 0.83273 0.3789 -0.037657 -0.67352 0.72584 -0.74365 0.51717 0.23062 0.80402 0.029706 0.073735 -0.19235 -0.53377 -0.92297 -0.30699 0.93434 0.75486 -0.54205 -0.50453 0.39236 0.18641 0.48901 -0.051613 0.61838 -0.63148 0.25973 -0.88045 0.090395 -0.4051 -0.32483 -0.23331 1.2413 -0.22185 0.0089371 0.37165 0.87207 1.0921 -0.18292 -0.18102 0.71284 -0.4027 1.0149 0.33229 -0.48914 -0.4299 -1.2827 0.083213 0.8469 -0.66945 -0.21216 -0.25804 0.74982 -0.40855 0.42932 0.0053251 0.4397 0.21399 -0.90827 -1.1242 0.54135 
valnöt 0.15956 -0.40455 -0.36346 -0.17567 -0.046808 -0.11764 0.28378 -0.76643 -0.20809 0.067669 0.30222 -0.60735 0.93114 1.1237 1.7377 1.5021 -0.054362 -0.27962 -0.57421 1.0457 -0.60599 1.5236 -0.39372 0.57635 0.6883 -0.34444 0.37555 1.4085 -1.005 -0.26438 -0.19208 0.13364 -0.38515 -0.62976 1.5036 -0.1606 -0.87172 -0.18217 0.14321 0.26451 0.10235 0.43427 0.90943 -0.17744 0.72769 -0.7854 0.94376 0.53409 0.18805 0.024509 -0.38579 0.37516 -0.70435 0.33821 -0.13903 0.038713 -0.26461 -1.1922 -0.18376 0.58274 0.19408 0.11103 0.63425 -0.60714 0.6219 -0.39771 1.3164 -1.1843 0.02831 0.84563 -0.076706 0.096416 0.02214 0.043874 0.30577 0.6324 0.3582 -0.73059 0.2474 0.10784 -0.47035 -0.095973 0.532 0.22796 0.06942 0.25006 -0.85731 0.10304 -0.53826 -0.23334 -0.6472 0.18565 1.1434 -0.371 -0.33229 -0.10433 0.88399 -0.38033 -1.5455 -0.038057 
vinäger 0.40816 -1.0136 0.96198 -0.013862 -0.28513 0.42483 -0.074488 0.56582 -1.3034 -0.56368 -0.27688 -0.51531 -0.1675 0.52303 1.6946 0.94191 -0.31787 0.2763 -0.74448 0.23932 0.089849 0.36468 0.74757 0.99256 0.69275 0.43053 -0.25206 -0.0032897 -0.57122 -0.43117 -0.69439 0.8071 -1.1059 -0.76702 0.80035 0.021489 -0.85499 0.7311 0.068415 -0.34325 0.62283 -0.64855 0.96144 0.10313 0.10929 -0.91446 1.0088 0.41415 -0.02679 -0.63123 -0.00013272 -0.2369 -0.17344 -1.2319 0.49179 0.56977 0.091989 -0.11829 -0.22581 0.28077 0.28638 0.37933 -0.087716 -0.07937 0.36844 0.43249 0.92649 -0.62604 -0.053566 0.049662 -0.014635 0.30198 0.18378 -0.51944 -0.4003 0.51289 -0.39998 0.98517 1.7012 0.48769 0.3545 1.0903 -0.43761 0.75684 -0.043396 -0.20618 0.87042 0.79809 0.40049 0.20176 -0.40714 0.34148 -0.92986 0.36346 -0.35992 0.51433 -0.36778 -0.2769 0.14904 0.23251 
kamfer -0.36072 -0.69527 0.13238 0.54887 -0.25512 0.15266 -0.040954 -0.60676 -0.86791 0.41795 -0.050521 0.053241 -0.209 -0.13487 0.72095 0.38875 -0.16629 -0.14489 -0.29454 -0.19668 -0.0776 -0.082903 0.43955 0.094872 0.25468 0.10687 0.35594 1.4797 -0.052644 -0.2991 -0.41595 0.31742 0.24507 -0.24403 1.1491 0.41283 -1.0687 0.27409 -0.08545 -0.63897 0.55782 -0.15772 0.81292 -0.53354 0.19656 -0.50718 0.58306 0.28688 0.67104 -0.056072 -0.41261 -0.19388 0.042519 -0.46664 0.19933 0.15529 0.12123 -0.58242 -0.48188 -0.1682 -0.12159 -0.1503 0.35762 -0.1102 0.28236 0.21558 -0.36504 -0.038562 0.5273 0.24529 -0.48722 0.26834 -0.49163 -0.34655 0.31555 0.2012 0.34257 0.5953 0.27791 0.8151 -0.4102 1.2533 0.29467 -0.011336 0.11846 -0.29043 -0.18842 0.53501 -0.14006 -0.38875 0.41415 0.39922 -0.63628 -0.046708 0.35543 0.10171 -0.016082 -0.10821 0.031033 0.6444 
terpentin 0.30348 -0.2374 -0.87525 0.32291 -0.56895 -0.13271 -0.062578 -0.32654 -1.0038 0.005916 0.12204 0.047391 -0.23118 -0.32303 1.5033 0.1844 -0.013529 -0.69339 -1.1699 0.23094 -0.54533 1.2215 0.69539 0.32266 0.3166 0.38866 0.32103 0.72771 -0.46592 -0.69432 0.099421 -0.13019 -0.24478 -0.827 0.26911 0.55723 -0.19211 0.93656 0.16215 -0.0129 1.1407 -0.73625 0.85281 -0.29494 0.18294 0.051498 0.31972 0.23043 -0.25092 -0.090982 -0.036685 0.083238 -0.11909 -0.55491 -0.11607 1.2467 0.47758 -0.11014 -0.71043 0.18029 -0.034383 0.13312 -0.22262 0.92683 0.59807 0.6265 -0.49021 -1.0927 0.66152 -0.14399 0.098572 0.86021 -0.058816 -0.11503 0.085523 0.74088 0.60879 0.46975 0.18059 0.61046 -0.86563 0.67921 -0.21288 -0.36663 -0.4942 0.072138 -1.4505 -0.099196 0.47382 -0.78404 -0.2139 0.22814 -0.64132 0.7479 0.79402 -0.008632 0.62237 -0.82874 0.72788 0.14248 
kreosot -0.14578 -0.85351 0.26841 0.4148 -0.18439 -0.19234 -0.22712 0.14651 -0.26426 0.019174 0.028697 -0.063815 -0.17418 -0.0060416 0.73846 0.48616 0.11944 0.67162 -0.31843 -0.34914 -0.18432 0.39979 -0.4672 -0.029709 0.14492 0.25667 -0.084089 0.44418 -0.53767 0.14129 -0.13307 -0.065344 -0.2129 0.0060512 0.16571 -0.32616 -0.37339 0.077438 0.11218 -0.19585 0.31357 0.12923 0.86908 -0.12393 0.34884 -0.35059 0.1624 0.31578 -0.29958 -0.13408 0.0084986 -0.069394 0.066472 -0.67485 -0.14756 0.50704 0.27313 -0.27224 -0.014222 0.25026 -0.2222 -0.30025 0.07844 0.31488 0.00071727 -0.17979 -0.13493 0.27662 -0.56629 0.2241 0.15349 -0.15033 -0.44761 -0.14286 0.09004 0.16066 -0.19671 0.074215 0.38581 0.59076 -0.036414 0.46758 0.101 -0.24122 0.10329 -0.27485 -0.12517 0.17452 -0.52091 0.031651 -0.23857 0.70367 -0.21275 0.11258 -0.011174 0.020036 0.33169 -0.053788 -0.041634 0.49474 
ananas -0.52664 0.38577 0.1523 -0.60122 -0.094475 -0.46278 0.73582 -0.28215 -0.71377 0.81526 1.211 0.6943 0.46056 0.90271 2.5859 0.35238 -0.071568 -0.025473 -0.10807 0.18153 -0.28999 0.57234 0.5323 0.32113 0.0050579 -1.2859 0.11596 0.3834 -0.28744 0.19464 -0.10827 0.14651 -0.78269 -0.18194 0.86292 0.42145 -0.90059 0.24429 0.48935 1.0747 0.91188 1.1925 1.0542 -0.21442 1.1308 -0.47586 0.69841 1.2259 1.5368 0.46295 0.23031 -0.14833 -1.251 -0.083268 -1.0631 0.21444 0.62232 -0.70087 0.021906 0.46164 0.51508 0.56027 0.25296 0.097068 0.604 -0.077463 1.086 -0.87065 -0.030323 0.29924 -0.16611 0.54589 0.024836 -0.39916 0.61284 0.53376 -1.0977 -0.023754 0.5716 -0.62831 -1.1299 -0.013069 0.96535 0.67897 -0.15238 -1.2243 -0.60141 0.10997 0.069816 0.79703 0.45298 0.040209 -0.25706 -0.084187 -0.73167 -0.052289 0.71641 0.70238 -0.9492 0.21328 
jordnöt -0.95502 -0.24632 0.17701 -0.16372 -0.74162 0.36045 -0.38169 0.24698 0.13006 -0.33019 0.80841 -0.34386 -0.042366 0.22416 2.0791 1.1813 0.73614 -1.1621 -0.77268 0.65375 0.12997 0.90509 -0.074966 -0.51951 0.21731 0.64829 0.76553 0.58471 -0.27544 -0.37009 0.3086 -0.14706 0.21473 -0.28209 0.097879 0.34227 -0.63458 0.33404 -0.27244 0.5803 0.62904 -0.07807 1.296 -0.31006 0.68985 -0.44858 0.61858 0.28419 0.087018 -0.023161 0.55852 0.11437 0.32629 -0.35923 -0.45432 0.1702 0.3921 -0.78143 -0.25488 0.58695 -0.16593 0.69779 0.17329 -0.078543 0.85507 -0.0038715 0.89222 -1.2956 0.17988 0.83065 0.39835 -0.33894 0.46321 0.065078 -0.071074 0.018853 0.74219 0.24995 1.1297 -0.097526 -1.1222 0.24952 0.33212 0.93962 -0.1945 0.17461 -0.35082 -0.33354 -0.22356 0.054952 -0.11245 -0.35839 0.47288 -0.035534 0.10176 0.15205 0.47699 -0.2833 -0.25685 0.059013 
ceder -0.0084207 -0.23835 -1.2543 0.62026 0.059159 -0.0535 -0.43288 -0.73145 -0.38484 0.95635 -0.46573 0.15913 -0.11168 -0.075373 3.0917 0.35752 0.53591 1.0722 -0.30484 -0.50746 -0.64987 1.802 0.65278 0.41558 0.68498 1.1878 -0.012893 1.1663 -0.72994 -0.48375 -0.46526 0.18983 0.61548 -0.74423 0.67413 0.7378 -1.2119 0.85483 0.93064 0.30776 0.098738 0.19552 1.1406 -1.0828 1.3076 -0.22718 1.4003 0.79798 0.8722 -0.66018 -1.0866 -0.3846 -0.16278 -0.53521 0.072521 0.87322 0.28323 -1.0978 -0.76079 1.0309 0.46474 0.026245 0.63585 0.35081 0.88694 0.52459 -0.45673 -0.18802 0.37015 0.22444 -0.9222 0.39985 -1.0587 0.1077 0.24703 1.1177 0.66798 0.51157 0.45308 1.5351 -0.21523 0.99964 0.066906 0.051005 -0.083566 -1.2032 -0.58307 0.11935 -0.38335 -0.2723 -0.66742 0.54985 -0.27248 0.97878 -0.015029 0.26698 0.44335 -1.4248 -1.4501 1.2456 
fotogen 0.3032 0.16063 -0.24489 0.4739 -0.8372 -0.51538 -0.62051 -1.8062 -0.28322 0.21829 0.10082 0.032974 0.094029 -1.3204 -0.011496 0.50407 -0.025443 -0.091691 -1.0059 0.26438 -0.11469 -0.068391 -0.61284 0.72935 0.83313 -0.083432 0.8753 1.0621 -0.060893 0.14159 -0.076362 0.14244 -0.21645 -0.89715 0.83102 -0.099282 -0.26904 0.73643 -0.50422 0.56099 0.33639 -0.38535 0.8463 0.24218 0.24531 -0.47473 0.79961 -0.099452 0.74647 0.64044 0.28731 -0.26253 -0.7056 0.0036131 -0.59946 0.94371 0.74975 -0.19698 -0.26595 -0.38202 -0.086173 0.33543 0.41684 0.25907 0.11444 0.37455 -0.35519 0.59716 0.47068 -1.1757 0.75702 0.52905 -0.92772 0.020801 0.11803 0.013623 0.039108 0.79608 0.1068 0.25455 -0.10463 0.41964 -0.081187 -0.003218 -0.44671 -0.1376 -0.42461 -0.3113 -0.80564 -0.92669 0.32714 1.0424 -0.22936 -0.14411 0.2673 0.77852 -0.59525 0.31845 0.97376 0.19656 
