95 100 
parfym -1.6915 0.043843 0.1315 -1.2255 -1.0172 -0.77587 -0.04306 -0.44199 0.98092 0.6307 -0.30792 1.164 -0.9324 0.13271 0.61479 -1.6929 1.4165 -1.4433 -0.069858 -0.051263 -0.11725 -1.7848 0.77845 1.8492 0.59975 0.02904 0.81108 -1.2685 -0.51092 0.47568 -0.38554 0.052314 -0.16162 -0.28031 0.86447 -0.5865 -1.3502 -0.81483 -0.63979 -0.18057 -0.80321 -0.91939 0.61075 -1.1338 -0.60387 0.68872 -0.38873 -0.13334 0.7954 -1.5829 -0.4509 -0.60087 -0.65078 -1.2714 -0.23385 1.613 -0.081842 -0.30602 -0.65897 -0.34422 -0.65806 0.35262 0.63063 0.60504 0.58101 0.58637 -1.8609 0.72371 -1.0004 -1.088 -1.2852 -1.4417 0.45998 0.9315 1.5303 0.45082 -0.69971 1.3315 0.42624 -2.3405 -1.3753 -0.53719 0.21774 -0.26335 -0.075747 -0.96755 3.1516 1.54 -0.013746 -1.1959 -0.22499 0.50463 -0.096471 1.3846 1.472 -0.97867 -0.090581 1.7694 1.0719 1.275 
vanilj -1.1686 -1.1772 -0.56806 -1.3111 -0.16235 -0.24342 1.6181 -0.41894 0.93184 1.5899 0.86231 0.68643 1.0685 0.99923 1.2759 1.5889 0.12479 -0.67696 -0.32952 0.79815 -1.0267 0.77361 0.86792 1.1064 2.2768 0.65616 -0.46828 -2.5397 -0.19906 -0.3358 -0.92808 -0.85573 0.35421 0.59207 1.4762 -0.059492 -1.1852 -0.28389 -1.3772 0.03076 0.14095 0.52752 -0.17245 -0.25591 -0.53493 1.3205 -0.76498 -0.32223 0.93074 -0.5682 -0.86973 1.3422 -2.0873 -0.22897 1.0866 -0.48329 0.64163 -0.86409 -1.9479 1.1431 -0.21307 -0.17855 0.15642 -1.4037 -1.3133 -0.51244 -0.83319 -0.92167 -0.46366 1.0557 -0.97992 -0.49421 0.72979 0.9193 2.2302 0.15445 0.7472 -0.52189 1.0558 -1.4397 -1.0434 -0.19587 1.4741 0.38535 -1.3751 0.16213 0.58251 1.1662 -0.7841 -0.2395 -0.88642 -0.1543 -0.85865 1.2148 0.72617 0.61201 0.96725 0.97639 -0.57347 2.1948 
rök -3.3604 -3.5669 3.7087 1.1021 -0.43785 0.31342 0.4025 -0.0068274 -3.3237 -1.1062 -1.421 -2.9825 0.16537 -4.5106 1.026 -0.20397 2.2325 0.71843 -0.67279 -1.9212 0.5714 0.42995 0.082275 2.4976 1.4812 7.3683 1.5509 -1.4533 0.80045 1.9796 -0.10771 1.2159 -0.86047 -1.699 1.3321 -2.8623 4.9156 3.6104 2.4169 1.4467 0.91448 -1.8744 3.879 -3.3925 -4.8323 0.19704 -0.33458 -3.5471 -3.2642 -1.9879 0.25378 0.42809 2.0244 0.094984 0.11153 1.9523 0.62089 1.5352 -0.41326 2.0353 1.8072 -1.3133 -1.4486 -0.47069 -0.13232 2.8802 -0.1848 -0.21099 -0.64025 0.79734 -0.38446 -0.43565 -1.0956 4.5721 2.8283 -0.44628 -0.40605 1.8862 0.50839 -1.7024 0.73508 -1.0798 -1.1309 2.1916 -0.88662 0.88317 0.87139 -1.3507 -4.4092 -0.098927 -1.6208 2.5434 0.61921 -1.2896 0.44884 -0.81905 1.7353 -0.73039 0.052228 -1.0998 
kaffe -0.72353 0.33191 0.64416 1.4868 -0.57151 -0.78347 0.32701 -2.3919 -0.43861 -0.14868 0.71282 -0.74002 0.88224 -0.61089 1.1822 1.8786 -0.0022449 -1.0771 -2.0379 -0.15403 0.89274 0.57462 -0.36762 -0.2619 1.675 1.3481 1.012 -0.54028 -2.018 -1.0391 -0.93475 1.1585 -0.49451 0.51717 0.61849 0.39248 -1.7605 0.22198 1.9349 -0.33331 2.1844 -0.7642 0.53937 0.81709 -2.672 0.51536 -1.2727 -0.47771 -0.35226 0.43019 0.18023 1.968 0.98465 0.72191 1.4278 -1.55 -0.58044 -1.3 -0.79544 3.181 -0.93739 0.34378 2.9209 -0.14609 -1.9666 -1.1073 -0.98111 -1.583 -0.49708 -0.21683 1.7125 -0.076546 -1.2058 3.0142 1.5 -2.7303 2.747 -0.36073 1.2429 -0.41953 -2.6521 0.62615 -0.77653 2.0034 -1.1564 1.7358 -1.3325 0.45743 -1.7396 -1.211 -0.93958 -2.419 -1.3116 -0.50651 -0.25802 -0.51111 0.013957 -0.54881 0.95422 -0.20978 
choklad -1.1106 -0.67463 -0.093511 0.6973 0.13752 -0.93695 0.30079 -1.441 0.93398 1.1913 0.28732 -0.5689 0.95708 0.89253 0.56722 1.534 -0.63931 -1.0044 -0.34852 -0.071311 -0.28634 1.1113 -0.31922 0.42674 0.76022 0.42401 -1.1533 -1.5931 -1.4622 -0.94397 -0.44518 0.40528 0.24752 0.176 1.1495 -0.54899 -1.0557 -0.63627 -0.091773 0.14492 0.94595 0.36796 -0.018818 0.40186 -0.5163 0.38888 -1.6223 -0.53262 -0.42258 -0.59918 -1.0764 2.192 -1.1443 0.39978 -0.41787 -1.1031 1.1052 -1.1266 -2.1906 1.0751 -0.53422 1.2335 -0.45015 -1.4933 -0.27359 -0.09624 -0.43782 -1.9116 -0.88372 1.2835 0.68415 -2.1015 -0.24293 0.86915 1.5082 -1.0238 1.643 0.16226 2.2878 -1.2568 -0.69762 -0.37058 0.96698 0.46331 -1.4455 0.91656 -0.59267 -1.3989 -0.29155 -0.29861 -1.0958 -1.8199 0.036806 1.0768 0.40315 1.1278 0.67734 0.82751 -0.1195 1.1523 
vin 0.93116 -3.3113 3.1963 -0.81958 -3.7808 3.1818 -2.1705 -4.2579 -2.4689 3.4021 2.339 -1.8692 1.4413 2.8674 1.4821 -0.88119 4.7614 1.8886 0.081929 0.48547 0.17049 0.99031 1.2309 3.321 -3.3218 -1.1077 0.75693 0.021556 -4.7832 -0.38738 -0.57763 2.503 -0.11563 -2.2581 2.9237 -2.0428 -2.6769 -3.066 -1.821 -1.038 1.2736 -0.46056 0.94476 1.7074 -1.9857 -1.7329 1.8261 -0.05143 -2.1588 -3.2126 -0.60305 2.4021 1.7478 -0.57953 3.0934 3.6425 3.2456 -4.7211 -5.2479 5.5244 -4.4837 0.55246 1.5351 -0.49814 1.7187 0.30064 1.701 -3.213 -3.3202 -2.8625 1.9862 4.4824 1.3446 -3.1828 2.1627 0.16439 1.6447 -1.5312 1.3508 0.78249 1.4429 3.7976 -1.1137 0.98172 -3.4287 -1.3077 -1.1663 0.76748 -0.78508 -1.5069 -0.99652 6.3685 -3.0465 -0.32073 -5.5714 0.67506 -5.3455 1.244 -0.86561 -3.8952 
gräs -0.046277 -1.6901 1.5022 -0.24295 -1.5289 4.4656 -1.5268 -1.1112 1.3471 -1.1984 3.1906 -1.4871 -0.16529 -0.5608 -1.1649 3.4474 -2.3107 -0.44123 -1.4791 1.4782 -3.4049 -0.092577 1.2292 -1.9318 3.0607 -0.47484 0.79587 2.6935 -0.30282 1.6994 0.54792 -2.1441 -0.089648 0.98013 1.0425 2.5967 -0.54606 3.6262 -2.3309 2.4111 2.1612 -0.43197 -0.1659 0.75349 -1.6906 -1.4779 -3.4973 -1.1328 -3.0838 2.7943 -1.0498 -1.1951 -0.23679 -0.30711 -2.8232 1.2928 1.2478 -2.1185 1.7937 2.659 -0.56813 -0.99144 2.0191 0.33639 -1.8408 0.94468 -0.62086 1.9111 -0.57656 1.1748 1.3175 -0.87878 -0.46386 2.7534 -3.8928 -5.1462 3.753 1.3326 -0.84203 0.88037 -2.1389 -0.39715 0.086241 1.6519 1.13 0.025874 3.5428 -1.8837 -1.6008 1.3845 -0.066858 0.043489 -0.12783 -2.1581 -0.0037679 2.2456 0.45267 -2.2718 -0.5008 -0.7249 
ros 2.0375 -2.6027 -3.4996 -1.6168 0.055605 -0.29286 1.6533 -2.2078 2.6587 4.9414 -0.86855 -1.6774 2.8769 0.99935 2.4282 1.0602 -2.1301 -0.88167 -0.91731 0.53385 0.39962 -0.45696 -1.5379 -0.32355 1.7261 -0.39628 -0.20838 -2.952 -2.8402 -0.3618 -2.287 0.23455 2.2859 -0.6499 3.4426 -1.572 -1.4364 1.2248 -2.0388 1.457 0.090229 1.9005 -3.5478 -1.1282 -1.414 0.55113 -0.67653 0.16953 2.0983 2.8389 -2.2311 -0.87101 -5.3605 -4.4962 -0.34536 3.2748 0.94278 0.43426 -2.3118 1.5634 -1.2098 0.094279 -0.1735 -2.1043 0.21766 0.92849 -1.8616 0.3095 -2.5974 -0.085308 -2.2053 2.0651 -1.9162 0.47607 2.9719 2.5176 1.5046 1.7523 0.27341 2.4222 -1.6634 0.23094 1.9213 -0.97323 0.35214 -1.6308 1.1242 2.1966 -0.84949 -0.1968 0.47761 1.9007 -3.531 1.4882 1.2218 2.7693 -0.10651 0.85653 -2.9499 2.0754 
bröd -0.5555 0.51425 0.092115 2.0388 -0.18035 -0.45875 -4.0745 -0.93012 -3.6068 0.77491 2.104 -2.1248 -0.096304 -2.1411 1.753 1.7051 -2.3263 0.56231 -1.6239 -0.22937 -2.3075 3.5303 1.1639 -0.44053 -0.012043 -0.66705 1.2208 -0.98646 -4.3349 1.0143 0.21079 0.5155 0.46112 0.40101 0.78208 -2.4325 -0.39154 2.1316 0.0057692 0.60824 2.0358 -0.12218 -0.052192 -2.0477 -2.4054 -2.7719 -0.95149 2.5565 -0.16104 1.6915 0.10352 2.5801 1.3535 3.1715 2.3316 -3.248 -2.5788 -2.9279 -0.24124 1.9538 0.017861 -0.53866 1.4314 -0.7212 -1.8811 0.87009 -0.4835 0.98376 0.049586 0.6109 2.0821 -0.594 -0.68824 -0.86333 1.6315 -4.9719 1.5703 0.80968 1.413 -2.5735 -1.3038 2.3333 -0.77626 1.6529 -1.4098 0.83704 -0.48668 -0.77165 1.3965 -2.8552 -0.060266 -0.31172 0.19391 -1.1281 2.2217 -0.178 -1.0869 0.95811 -0.16398 2.9009 
citrus 1.1208 -0.62976 0.78391 0.55878 0.46166 0.19902 0.32089 1.5992 0.94594 2.7955 1.3562 -0.86446 1.8824 -0.5191 1.7261 0.18287 1.1181 0.29629 -0.62587 2.0892 -2.4896 2.3846 1.1805 1.3216 2.4798 -0.55212 -0.47265 -1.9638 -1.1692 1.9544 -2.6561 -1.8636 0.60557 1.4305 2.0031 1.9406 -1.2244 0.72731 -1.9562 0.86027 -0.46183 0.21931 0.43014 -0.86827 1.3978 1.0621 0.054276 -0.23008 -0.22755 -0.17876 -1.2302 0.47372 -2.217 0.48696 -0.65757 -0.59032 0.49982 -2.8825 -1.3657 3.1632 -0.44658 0.6323 -0.30694 -1.1628 1.0521 1.0397 -0.0061549 -0.76781 -1.668 0.040025 0.031186 0.55289 -1.0613 -1.1508 0.85306 -1.9251 0.62944 -0.0071745 0.51342 1.4222 -3.0305 -1.1239 2.7506 -0.91981 0.24694 -1.3618 1.9749 0.45164 -0.66556 1.3234 -0.54706 0.14323 0.83996 -1.1593 0.57054 0.3341 0.68217 -0.065068 -0.48364 0.31585 
tvål -0.55844 0.8703 -0.12692 1.1288 1.4041 -0.45419 0.66045 -0.62333 -0.26914 1.4308 -1.751 -0.55848 -1.4341 1.1656 2.5795 1.9914 -0.21019 -0.4427 -0.063961 0.37603 2.8321 -0.37661 0.71577 -0.6422 0.91173 -0.29475 -0.90874 -1.4903 -1.9633 -0.78875 -1.8491 2.9535 0.24248 -0.3654 0.97375 0.24992 -3.9193 0.20232 -0.84958 1.0416 -1.7967 -2.7283 2.0642 -3.0312 2.9682 3.05 -1.6454 0.3696 -0.6093 -1.385 -0.84257 -0.54966 -2.0542 -2.3475 -0.14586 -1.3849 2.2932 -0.57905 0.68466 1.649 -0.31388 0.068942 -2.4127 -0.15018 -2.9265 -0.35734 -1.5947 -1.4027 0.22231 -0.51436 -1.5756 -0.87915 -0.68369 0.58297 0.77449 2.0311 0.4372 0.76369 0.26453 -1.2758 -2.2923 0.047101 -0.050411 0.54233 -0.42287 -2.004 3.1677 -0.33226 1.8305 -0.37614 1.3365 -1.8579 0.25384 0.71791 0.8961 0.72831 -0.059408 0.88809 -2.1903 4.0511 
lavendel 0.57079 0.017115 -0.73138 0.3274 0.10951 -0.95557 0.65377 -1.2187 0.83777 1.1296 0.12889 -0.11492 0.55699 -0.78699 0.62084 0.7565 0.51217 -0.54522 0.28234 0.27777 0.53883 0.20099 0.66202 -0.55893 1.2636 0.50418 -0.56546 -0.0041471 -2.9909 0.99072 -2.4762 0.94761 1.264 0.62499 0.49764 -0.65596 -1.7028 1.6332 -0.21492 1.3127 0.53513 0.26089 0.25449 -2.1493 0.13463 0.56044 -1.2257 0.24525 0.66049 0.91276 -1.5413 -0.11059 -1.7279 -0.56924 -0.47091 0.39595 0.33265 0.174 -0.64297 1.5681 0.93533 -0.016438 0.17259 -1.0146 0.14542 0.047318 -0.54541 0.11779 0.25518 0.61676 -1.1531 0.55101 0.046818 0.97569 0.98826 -0.41189 1.6281 1.3221 -0.43877 0.50248 -2.4969 -0.11715 1.4135 -1.4041 -0.52118 -0.406 0.43147 0.2893 -1.3069 1.1781 -1.1032 0.32851 -2.4395 0.057577 -0.58552 0.78401 0.8967 1.0401 -1.4968 0.6959 
fisk 0.27056 0.10999 2.1961 3.2398 -2.1791 1.0247 -1.5811 -0.12574 -2.4106 -1.1629 1.993 2.022 -0.47485 0.46285 2.1878 -1.5511 -0.54017 -0.73235 1.6329 0.93304 2.0661 -0.92753 0.009851 0.12848 -2.0976 1.5203 -0.61389 -0.98226 -2.2728 1.5744 -1.4054 0.35351 0.47829 -1.8988 0.70901 -2.14 0.72117 0.31988 0.59153 -0.73595 -0.32429 1.4853 -0.59907 -3.6746 -1.3672 -0.33994 -1.1466 -1.6166 -3.1374 0.85041 0.48029 -1.0651 1.3888 0.85392 2.4289 2.1425 3.223 -1.2253 -1.4212 2.0589 0.74419 -0.11193 0.13242 -0.082082 -1.0495 3.0749 -0.13211 -0.78694 -1.122 -0.8317 0.70847 -1.5305 1.2908 -2.5602 -2.6881 -1.0614 0.9254 4.1675 -0.55698 -0.22123 0.58411 1.4998 -1.4331 2.1283 -0.64785 1.2485 -1.1048 -0.1309 0.7314 1.8458 1.6705 0.072054 -1.7476 -0.8917 1.1881 2.641 1.1652 -0.012173 -0.54014 1.0895 
äpple 0.35986 -0.90616 -0.49695 0.22866 -1.1423 2.1235 -0.9508 0.50455 1.2224 1.199 0.13978 -1.0555 -0.80813 -0.54552 2.1827 1.0313 0.76186 0.94517 0.26675 1.9291 0.069838 3.174 0.88376 0.75488 2.069 -1.0342 -0.5745 -2.5047 -1.097 -0.41477 -0.2261 -0.033691 0.28685 1.1903 1.9851 1.8727 -0.21717 2.4756 -0.85429 -1.069 0.13108 0.82837 -0.47596 0.71439 0.79743 1.9737 -0.14035 -1.3072 -1.1448 0.73121 0.30826 1.9095 -1.5962 0.82466 0.23165 0.34712 1.1391 -2.7276 -0.35592 3.2437 -0.50703 -1.1489 -1.1979 -0.41428 -0.49566 0.82562 0.78827 0.5425 -0.033725 2.3405 -0.68618 -0.32579 -0.31802 -2.5382 1.3545 -1.4373 2.3798 0.24965 -0.28643 -0.77364 -0.24743 -0.73138 0.24284 -0.2205 -0.5149 0.52551 0.98786 0.98522 2.1876 0.79625 -0.69033 2.521 -1.8299 -0.53417 0.040908 0.28017 0.45828 0.19082 0.4994 3.8328 
citron 0.77041 -0.12054 0.26222 0.95844 -0.79723 0.01878 1.0618 1.2576 0.48285 2.3942 0.30424 -0.049114 1.1323 -0.28408 1.989 -0.38092 -0.27343 -1.0909 1.2298 0.62053 0.66829 1.9074 1.719 0.14104 1.6376 -0.13491 -0.32842 -1.6462 -1.3188 1.5566 -2.4973 -0.12429 -1.2864 1.1482 0.79072 1.5919 -1.0293 1.0141 -0.71373 0.21955 -0.081269 1.1638 -0.20937 -1.519 0.79462 0.64493 -0.58402 0.46095 -0.044717 0.55032 -1.3245 0.24285 -0.36465 0.14987 -0.51662 0.87167 0.49839 -1.864 -1.0428 3.3521 0.66136 1.3968 0.19192 -1.5045 0.020123 0.85548 -0.28934 -0.21063 -0.68085 0.50057 -0.11318 0.6431 -0.74899 -2.1148 0.53966 -1.2347 0.93782 0.70595 -0.69455 1.0788 -3.5368 -0.53338 1.0425 -1.0444 -0.76232 -0.33468 1.536 0.0055993 0.94678 1.4952 0.24204 0.96657 -0.29036 0.77504 -0.22058 0.43581 1.7836 0.28706 -1.3652 1.3413 
öl 1.4007 -3.5522 8.7656 2.2656 -3.5401 2.2956 0.8517 -0.90176 -4.9911 -1.5031 -3.3984 -0.87759 6.5637 -1.286 3.7747 -0.082421 -2.7614 2.9845 -5.7544 1.3737 2.7416 0.97276 2.2253 2.7578 -1.6757 2.1991 5.6679 -2.4023 0.81326 -0.53509 -1.5044 2.3252 -2.5167 -3.8362 3.8862 1.5493 -1.3015 -2.4073 3.2796 1.5002 0.78822 -2.4413 2.7407 1.5003 -4.5722 0.41422 -5.6957 -3.0848 -4.2705 -6.389 -2.2078 -2.0197 1.7871 2.2855 1.5357 1.4241 5.3755 -2.0346 -4.4245 6.2012 -2.9182 2.7411 3.6186 -1.9196 -1.2707 1.0318 1.8999 -5.4775 -1.4093 -2.9114 5.6515 1.4518 -1.6448 0.84278 2.7299 0.12812 2.9429 -1.4422 3.9761 -3.4328 -0.55281 -1.7204 -5.567 4.3552 -3.5248 -2.221 0.45449 1.2321 -0.064506 -2.3324 1.3607 1.1074 -2.4531 -2.6234 -2.5895 -1.3929 -6.405 0.043529 2.267 -3.4815 
kanel 0.056658 -0.74586 -0.35011 -0.074432 -1.6198 -0.27076 0.50248 -1.8283 -1.9901 0.35795 0.84235 1.8305 1.1283 0.29496 0.69014 3.995 2.4951 -1.0401 -0.99829 1.3138 -0.10833 1.6617 -0.061745 -0.53613 1.9108 2.1922 -1.5272 -2.5482 -0.41119 0.15535 0.4073 0.028638 -0.90345 0.72365 0.99173 0.50802 -1.275 0.7517 -1.0784 -0.92178 0.10043 -0.39534 0.16168 -0.20436 -0.43379 1.4017 0.069273 0.87128 -1.067 -1.2016 -1.5448 2.098 -1.5455 0.33963 0.55736 -2.1256 0.47107 -1.7659 -0.94485 2.3391 1.4439 -0.49445 -1.7189 -1.8485 -0.41264 0.84876 -0.75784 -0.18613 0.32966 1.8272 -0.342 1.4394 -1.123 -1.7921 2.0755 -1.6068 1.5811 -1.1383 -0.24463 -2.2828 -2.9776 1.4628 1.7871 -0.65187 -1.1472 0.66854 -0.97586 0.85409 0.62737 -1.004 -2.0364 0.37029 -1.2815 0.8131 0.44973 -0.030795 2.8007 1.3504 -0.32644 1.959 
apelsin 0.45078 -0.03582 -0.51072 0.17693 -0.96686 0.30197 1.3284 -0.88202 0.26831 1.877 0.2448 0.61933 1.7608 0.080613 2.0883 0.24351 1.4752 -0.22478 0.10303 2.2241 0.11881 1.671 1.0994 0.54984 1.2131 0.14179 -1.443 -1.1671 -0.31126 0.008251 -2.007 0.36866 -0.78801 0.28728 1.9766 0.92342 -1.1495 0.61852 -1.0752 0.46765 1.1372 -0.56046 0.32103 -1.0079 0.71212 0.81566 -1.0079 0.056521 0.81036 -0.79008 -0.1932 1.209 -0.79926 0.61348 1.1499 0.035815 1.5208 -0.99625 -1.0753 2.0922 -0.083388 0.90808 -1.4453 -0.66999 -0.1247 0.3798 -0.38923 -0.24115 -0.92235 1.9491 0.25943 0.73705 0.46975 -1.4465 0.66042 -1.0255 2.318 0.091465 -0.54163 0.85639 -1.6122 -0.33459 1.7027 -0.96123 0.90246 0.52944 -0.11682 -0.43304 0.53244 -0.23897 -0.67918 -1.0547 -0.62121 0.075404 0.78613 1.2619 2.0317 1.0437 -0.92401 1.3434 
te -2.4412 1.6036 2.0383 -0.1631 -4.0347 0.43093 0.86258 -4.6576 1.0957 1.627 -1.4017 -2.598 -0.93158 3.3767 3.6258 7.667 -1.8777 -1.9763 -4.519 -0.37552 3.8001 0.11102 -4.0898 5.5255 2.9034 3.1319 -0.021025 1.3905 -5.7564 -1.9342 -2.6628 4.2634 1.3941 -0.19765 1.8451 -0.15109 -6.7719 -1.1399 4.4796 -2.3241 0.38755 -0.091311 1.9684 3.2194 -2.7304 2.454 -2.547 -7.0953 -0.14803 3.408 -1.1185 4.1713 -2.0638 -0.59567 1.9814 -1.877 3.3068 -8.5635 2.5371 9.105 1.0964 -1.2397 4.7362 -2.8679 -4.0473 0.23314 0.89246 -2.784 2.2255 0.75414 -0.46134 -2.5339 -2.9125 3.8568 2.5881 -1.8151 7.63 -0.76146 4.0803 0.077303 -8.8569 0.62211 -1.4123 -2.2557 -0.50974 4.0055 0.11065 2.9384 5.4575 -6.5187 0.60364 -1.9577 -1.499 -1.0937 -2.727 -3.7214 0.20485 -0.60444 4.2548 0.22073 
vitlök -0.5024 -1.9837 1.4481 0.70314 -1.1078 0.44163 0.58942 0.16624 -1.5809 -1.102 1.1472 0.46345 1.7081 1.1074 1.7414 -1.3497 -0.54802 -2.1256 0.57131 -1.4157 2.3939 0.69636 -0.15496 -1.083 -0.48914 2.6958 -1.2042 -2.3581 -2.0472 2.3865 0.58267 0.23839 0.53348 0.41603 1.8564 -1.6992 2.3651 -0.36959 -0.30027 0.04471 0.27567 -0.33402 0.45 -1.5757 0.24899 -1.693 -0.13597 0.49719 -2.0612 -0.15561 0.5997 -0.20785 1.6645 0.48027 -0.72778 1.7473 0.50059 -0.88737 0.83632 2.7978 0.95231 2.1609 0.62514 -0.29732 -1.2665 1.6589 -0.35831 -0.40808 0.71823 -0.36416 1.3381 0.33868 0.013606 -1.9832 0.66174 -1.0926 0.46934 2.6531 1.2036 1.2503 -1.4688 0.11224 -0.013912 -0.83964 -1.73 -0.0089308 0.27227 0.84901 -0.94176 1.9967 -1.4945 1.7408 0.57319 -0.83415 -0.19123 -0.11068 2.0334 2.1499 0.62633 0.96203 
honung 0.20205 0.41631 -0.72556 0.17766 -0.52981 0.26942 2.1842 0.63433 -0.2566 0.97601 0.43579 -1.2679 0.55545 -1.0493 1.3556 1.3894 -0.27019 -0.38803 0.38964 1.9283 -1.997 1.3838 2.5164 -0.92247 1.3046 -0.5786 -2.4076 -0.76105 -1.2723 -0.59245 -0.17502 -1.2239 0.011903 2.0559 1.5355 0.054064 -0.28922 -0.35796 -1.8881 0.73948 -0.011049 1.4345 -0.085165 -0.33529 -1.3973 0.0039539 -0.21852 0.094655 -0.57843 0.074927 -1.2962 1.0461 -2.0852 -0.22463 -0.35941 -0.55491 2.2342 -1.0992 -1.876 1.1946 0.52256 0.34636 0.1163 -0.922 0.24833 0.66873 0.56503 -0.55613 -0.54667 -0.62019 -0.53182 -0.58351 -0.0604 -0.08713 2.4926 -2.156 0.91986 1.5611 0.6093 0.45825 -2.8685 0.46765 1.3561 1.6185 -0.033026 -0.029393 -0.51889 2.3412 0.1871 0.55918 -1.3023 -0.018204 0.16483 -0.13102 0.12494 -0.099436 -0.092926 -0.4676 -1.9545 1.1797 
körsbär -0.14593 -1.4338 -1.289 0.22596 1.1987 -1.2364 -0.077846 -0.99242 0.98746 1.0401 -0.69627 -1.7035 0.98836 2.5148 2.1932 1.3257 1.9972 1.9071 -0.15709 1.9916 -1.2881 0.56432 0.92486 0.64177 1.3321 -0.20496 0.55674 -1.7475 0.58292 0.37298 -1.3589 -0.95124 0.68059 -0.34996 1.8406 -0.63054 -2.3378 1.5766 -1.1991 -0.2305 0.89104 -1.5909 -2.2011 1.3592 -0.78871 0.018251 -0.64885 -0.04334 -1.2947 0.034442 -0.25714 2.4532 -0.14901 -1.7656 -0.64672 0.10362 1.3968 -1.8533 -2.3872 1.5182 -1.971 1.4823 0.30464 -0.67851 -0.090739 0.18748 0.41888 -1.3211 -1.9448 0.50829 -1.1628 -0.70487 1.8522 -0.037561 1.2246 -1.3038 2.6088 -1.2684 0.75534 -0.087538 0.57508 -0.33439 2.0653 1.009 0.13918 -0.69184 0.50098 -1.5354 -2.4614 1.547 -1.5353 0.50208 -1.1747 0.21624 -0.58105 1.4544 1.5354 -0.85769 -0.72045 1.8659 
bensin -1.2382 -1.6839 1.5797 1.7102 -0.14581 -0.16766 0.71561 -0.77681 -0.28306 -0.4604 -1.4114 -0.08075 0.84331 -1.3944 0.22976 -0.70069 1.034 -1.9818 -1.1338 0.82415 1.3392 -0.74093 0.35302 -0.18137 0.2198 -0.15624 1.469 -0.23459 0.88611 -0.82842 0.073403 0.89498 -1.9696 0.69381 -0.39882 -0.32962 0.37174 1.8996 0.14516 -0.52886 1.2017 -1.5916 0.8792 0.15807 -1.976 0.75354 -0.96521 -2.0576 -0.32582 -0.37274 -0.2275 0.52624 -0.028957 0.47691 1.6299 1.1677 1.3396 -0.14352 -0.20175 -0.05342 1.1186 -0.0010719 0.43371 0.49255 -0.90135 1.1414 -0.17084 1.6035 -0.89539 -1.2173 -0.65886 -0.2041 0.57496 0.87803 -0.95998 -0.73072 -1.4332 0.36675 0.40701 0.32549 -1.4191 -0.47874 -0.085467 0.086373 -0.36906 0.24701 0.46879 0.54512 -1.5723 0.42362 -1.1647 0.6574 -1.2332 -0.0082278 -0.78802 -0.27632 1.8392 -0.72864 -0.29407 0.5823 
djur -1.7113 1.2368 1.2648 2.7551 2.8896 0.63673 1.7661 0.051927 -1.2763 -0.22995 0.62404 0.975 -2.0519 0.82614 -2.059 0.48649 1.3912 -1.0404 1.4519 2.4563 0.52528 -1.1721 0.22406 -0.89926 -0.43038 -1.5519 -1.7613 0.38234 -3.235 1.8471 -0.34499 -0.045302 0.35224 0.22161 -0.19421 -3.212 0.42402 -0.56757 -0.38668 -0.26686 0.65169 -1.9105 0.70161 -0.85199 -1.3784 -1.6603 0.054479 -0.56035 0.80744 1.781 -0.031108 -2.0699 3.1476 -0.097344 -0.96562 2.3934 0.22054 -0.50221 -3.8926 0.38026 0.95079 -2.2466 -0.68657 0.89321 0.98108 2.6041 -0.096985 0.51348 1.3527 -0.87252 0.83287 -2.0892 0.91571 2.7942 -4.1589 -0.87821 0.084359 2.3993 -2.4758 -1.0726 0.57497 1.0789 0.48792 1.1791 1.528 2.8003 0.16723 -0.14054 -2.2111 0.57745 0.30637 1.9189 2.0067 0.14688 -0.68737 2.7658 -1.9433 -5.2379 0.22197 1.3498 
persika 0.32294 -0.83883 -0.4883 -0.22674 0.077014 -0.10957 0.96711 0.61499 1.1801 2.0149 0.91954 -0.5812 0.47423 -0.094899 1.0237 -0.11327 0.59338 -0.79983 0.30958 1.1514 -1.137 1.1812 1.157 0.020384 1.8096 -0.90554 -0.93487 -2.525 -0.97569 1.3269 -0.24044 0.063275 0.5159 0.18538 2.3241 1.1396 -0.49431 -0.38966 -2.4537 0.54309 0.70902 1.118 -0.19823 -0.68024 -0.3223 0.50839 -0.33327 -0.39789 0.98053 -0.17421 -0.76469 0.32177 -1.1995 0.73105 -0.69085 0.17149 1.9721 -0.8267 -0.9057 2.1823 -1.0413 0.39035 0.64889 -0.88221 -0.48886 0.78302 0.42196 -0.014029 -1.1375 -0.26204 -0.27391 0.20893 1.0286 -1.375 1.5613 -0.22895 2.4154 -0.62642 1.0908 -0.12086 -0.32788 -1.409 1.7881 0.52608 0.69525 -0.3612 1.2593 0.53711 0.46627 0.031035 0.0024271 -0.10691 0.21036 -0.12799 0.60133 0.71983 0.61484 0.27428 -1.4373 1.6752 
ägg -1.0284 -3.8094 0.93177 2.9703 0.25119 2.0094 -0.77219 -0.12365 -0.49939 -2.778 2.3071 4.709 0.88702 0.27505 3.6961 5.5833 -1.8507 -0.87062 -1.1181 -0.68724 2.9083 2.6425 -0.0044312 -0.86505 -1.4426 3.2387 -1.7758 -1.2474 -1.598 -1.2399 -1.5849 1.8032 -1.3021 -0.55885 0.69489 -2.1129 5.0548 -1.0044 -1.9741 -2.1848 0.55978 0.81234 -0.84283 -1.548 -2.153 0.45422 -3.009 0.43913 -3.3346 1.3666 1.3869 -1.8755 3.5387 1.0448 2.6323 -0.35874 0.85357 -2.6888 -0.98854 2.2279 -1.1184 -0.21615 -1.0909 -1.4582 -0.8365 0.58252 -0.81655 -0.30979 -0.72663 -1.1205 -0.65829 -2.7693 0.7241 -4.1562 -0.9978 -3.8118 2.0006 5.0739 2.1589 -1.087 3.4528 2.0045 -2.9847 0.68142 -0.7416 0.82973 -1.8784 1.1694 0.66671 1.532 0.037589 -1.1672 -2.8297 -0.33631 -0.14465 0.78485 -0.54598 -0.025622 -0.12696 2.1903 
mint -0.73232 -1.0288 1.3271 1.3226 -1.4957 -0.0071754 1.3527 -1.9416 1.5176 1.8476 1.2177 -0.684 2.1951 2.0241 1.8109 0.69148 -0.094821 -1.1875 0.27605 1.4677 -0.31645 1.925 1.0924 0.39178 -1.7478 2.5517 -1.3123 -2.2232 -0.2208 0.73895 -1.9036 -0.59067 -1.1592 0.065579 1.2871 3.1087 -0.72125 1.9345 -0.32887 -1.1755 -0.38638 -1.0795 0.29462 -2.2191 0.64592 2.9712 -1.2982 -1.3123 0.072636 0.91116 -4.6239 0.73169 -1.4012 -1.1698 -1.9217 2.6147 2.314 -1.7623 0.98661 1.7557 -1.2574 -0.092472 -1.4995 -1.8934 -1.7222 0.030327 -0.051933 -1.5662 -2.2561 1.3721 -1.6509 0.5495 -0.72334 -0.36379 0.78956 -0.5769 1.8367 -0.59009 1.5879 0.11759 -1.7025 -0.84494 3.9322 -0.0046922 -0.45783 -0.042171 2.1863 -1.6558 -0.60474 1.1969 -1.716 -0.98386 -1.1715 0.48647 0.78234 0.50866 -0.62754 0.87445 0.3079 0.039913 
blod -1.657 -1.6057 -0.37143 1.5123 -0.44746 0.54562 -0.35063 -1.4428 -1.7291 -1.8451 0.18679 1.0025 1.3636 -1.5884 -0.13277 -0.39411 -0.50111 0.4921 -0.88768 2.376 -1.2417 1.8682 -0.28505 -0.45359 0.10045 0.40841 0.14202 -0.08963 -0.3715 0.18928 -1.4687 2.1724 -1.1931 -2.1109 0.51672 0.16862 2.167 2.2851 -0.34708 -0.99306 0.81487 -0.43255 -0.06619 1.0937 -1.5319 -1.2135 -2.3131 -2.3426 0.2917 0.33921 -0.42871 -1.085 2.0754 -2.5993 2.4482 2.0379 1.9693 0.20832 -2.7411 -1.7128 0.45536 0.29816 -2.0693 1.669 0.41517 0.9618 -0.33771 -0.4146 -2.4866 -0.42209 1.2013 -3.8262 -1.004 0.68204 -1.8217 0.27004 3.8848 2.8199 1.7195 -2.17 -0.18472 2.9429 2.2253 0.79926 1.1412 0.38277 2.4256 2.7078 -1.8783 3.1639 -1.3592 1.3609 0.78301 -1.4043 -1.0089 1.8765 0.64006 -1.7675 -1.3032 0.094392 
ost -2.6887 -3.3976 -0.63067 2.2725 -0.91588 -0.34589 -0.29582 1.1472 -5.6514 -1.0905 2.497 3.2454 1.7023 0.96008 6.743 1.7552 0.3853 -3.0746 -1.0605 -0.050111 3.3462 2.1851 -2.5435 -0.5451 -2.8115 -2.0265 -3.3046 0.34571 -5.8696 0.69302 -1.0677 -1.1796 2.3479 -4.3947 0.19846 -3.2157 0.09048 -2.07 1.1606 -1.721 1.9573 2.594 -0.61844 1.8877 -1.7798 -0.81901 -1.9153 -0.70721 -5.0471 -1.988 1.3605 2.3527 3.833 0.55633 -0.75187 2.002 1.0541 -3.4638 -0.98533 4.4873 -1.7149 -1.3834 1.6751 -2.8887 0.34445 0.20751 0.65454 -0.30791 0.38626 -1.389 1.4749 -2.2284 0.59575 -3.8225 2.243 -1.4386 2.6937 4.1035 1.5456 1.5724 -0.32283 -0.27803 -2.1951 -0.20919 -1.3655 -0.22678 1.436 -2.5339 -0.3221 -2.1381 -0.98364 -0.25703 1.6457 -0.68592 0.44693 -0.131 -0.26072 3.5491 0.19031 1.418 
lakrits -1.23 -1.1278 -0.73014 1.0839 0.66592 -0.37863 -0.29745 -1.1678 0.80685 0.7772 -0.78166 -0.75059 0.72475 1.357 3.0818 1.3549 1.5417 -0.297 -0.38335 1.4563 -0.27669 0.40988 0.62126 0.30371 -0.044288 0.30138 0.13604 -1.1633 0.14957 1.1788 -1.2704 0.33418 0.43532 -0.6565 2.0433 -0.25182 -1.4668 1.2265 0.29866 -0.11655 0.88477 0.032233 -0.72423 1.521 -0.42578 0.30727 -1.3398 -0.36748 -0.16631 0.40074 -1.3385 1.9571 0.53546 0.30853 -0.47344 -0.6665 1.9299 -1.45 -0.69334 0.83521 -1.0664 0.98955 -0.29752 -1.3323 0.16452 -0.028098 -0.018347 -1.6074 -1.6239 0.66089 -0.83669 -0.53617 -0.37811 1.0692 -0.26935 -2.1574 1.7866 -0.54889 -0.38984 -0.43194 -1.2598 -0.11107 1.6276 0.78993 -0.5358 0.26535 -0.33043 -0.57031 -2.6374 1.1368 -1.2188 -0.36833 0.32728 -0.53062 0.56175 0.47896 1.4001 0.17842 -2.0359 0.36495 
lök -0.14362 -5.0936 0.025853 1.5967 -0.34995 2.2163 -0.56527 0.75931 -3.4099 -0.24831 0.60888 1.1935 0.31967 1.239 3.7917 -0.051001 -2.2294 -3.0729 1.6406 -0.5812 2.3081 0.48725 0.2015 -3.1135 -1.3077 3.8663 -1.6619 -4.067 -2.7866 2.6591 -0.29917 -0.11025 1.2449 0.28144 1.8195 1.3996 3.611 1.0941 -2.9346 1.1508 -1.8498 -0.76556 -0.67831 -2.0675 -1.4282 -5.077 -0.5558 0.56069 -5.7762 -1.5314 3.0907 -0.316 4.4503 0.29157 -0.26027 1.8245 -1.2145 -3.2104 3.1557 3.2359 3.0011 2.3544 0.64284 -0.089881 -1.9241 3.0033 -0.65309 1.9097 -1.3299 -1.2984 0.97905 2.3812 0.90511 -3.0273 0.85795 -1.9452 1.9959 5.6366 -0.73607 1.1703 -2.754 1.5742 0.26837 -2.792 -2.7276 1.2608 0.34849 -0.7743 -1.1751 1.4549 -2.2086 1.8723 -0.23403 -3.183 0.19708 -1.455 2.2946 1.4185 -1.7528 3.3929 
tobak -0.29424 -2.8599 -0.28104 1.2685 -0.63474 -2.6381 -1.8309 -0.62836 -1.6357 1.1005 0.51416 -2.1244 -0.75324 -0.14748 2.91 0.12313 2.1811 0.95207 0.77996 3.2233 0.83773 0.95669 -0.27212 0.19979 1.0113 1.2945 -0.49508 -1.5952 -0.33105 0.15702 -1.0422 -1.4555 -0.19388 -1.5736 2.2626 0.6001 -0.79555 0.098315 2.0457 0.85374 0.99049 -0.26344 0.79558 1.0007 -2.4613 0.59933 -0.24141 -1.159 -1.3058 -0.80578 0.20585 0.77267 0.69219 -0.1968 -0.43834 -0.48698 1.5457 -2.5715 -1.1359 -0.69743 -0.79216 0.50166 -1.0863 0.1488 -1.3426 1.0807 0.18804 -0.36502 -2.4068 1.2707 -1.397 -0.74578 -0.49321 3.0051 1.1333 -0.75278 2.3486 -1.4672 0.84678 -0.79539 -1.6994 0.85131 1.9138 0.37703 -0.82206 1.334 0.71932 -0.31202 -4.6385 1.0601 -1.8603 0.3375 -1.9493 -0.89617 -0.42856 -1.1899 1.7928 -1.3605 -0.18273 0.27137 
grapefrukt 1.0982 -0.9029 -0.22341 0.20154 0.94724 -0.56725 1.1204 0.072623 1.5001 1.5983 0.772 -0.080998 0.75539 -1.0498 1.1143 0.71012 0.51394 0.58082 0.25369 1.6099 -1.2194 1.9979 1.4465 1.4792 1.0419 0.85173 -0.9165 -2.1109 -0.45915 0.59848 -2.4037 -0.13218 0.18126 0.33809 2.132 1.2169 -1.6125 0.030654 -0.541 0.53688 0.53592 -0.0071326 -0.023733 0.26123 0.60129 0.0486 0.45008 -0.43705 0.34366 0.28956 -0.67057 -0.19854 -0.81869 -0.077939 0.13562 0.41439 1.2395 -1.4082 -1.1748 2.4348 0.54187 1.5552 -0.086545 -0.87025 0.37301 0.35551 -0.16101 -0.75992 -1.4663 0.39394 -0.75128 0.23992 0.44088 -0.79432 1.2398 -1.1562 0.94159 0.29301 -0.31577 0.98697 -1.9149 -0.58162 1.5101 -0.28586 1.63 -0.57593 1.2286 0.47655 0.062528 1.1072 0.42047 0.13079 -0.0074223 1.0926 0.85615 1.1104 0.23906 0.59134 -1.1414 0.24337 
urin -0.98309 -1.4947 2.0759 2.5465 -1.1748 -3.2254 0.96654 0.46455 -1.4001 -1.6219 -0.25631 0.51382 0.80315 -1.7867 2.0163 -0.43059 -0.28268 1.1917 -3.5309 1.389 1.8763 2.5026 -0.10197 0.85805 -1.0295 2.3514 -0.93362 -0.22918 -1.5972 0.025444 -0.077805 0.70834 -1.6625 -1.0706 0.43736 1.6843 2.4626 2.1877 -0.059775 1.264 0.66287 -1.6265 0.631 -2.1641 -1.8401 0.12579 -1.2684 -1.9447 0.58171 -0.36525 -0.31175 -2.6787 0.95058 -0.25106 0.71477 1.5445 -0.45233 1.8367 -1.5472 -0.86732 -2.2728 -1.0308 0.40893 1.5966 0.59452 2.0603 -0.67458 -2.1906 -0.40665 -4.0625 1.6144 -0.15713 0.99646 1.9615 1.5192 -2.0579 1.2523 2.7171 0.18126 -1.1689 0.17482 1.5859 1.4846 0.80328 0.44391 -0.84065 0.92702 2.2135 -2.4423 0.51969 -0.23664 1.1554 0.1617 -0.84817 -3.4363 1.8262 -1.2789 -0.73926 0.59886 0.3153 
läder -0.94145 -1.9432 0.22516 0.95227 1.629 -0.76453 -1.6602 -1.1945 0.98144 0.31644 -0.50905 -1.2987 -1.1394 -2.1563 1.5892 1.6135 3.7458 -0.42299 -1.3307 4.3906 -0.91559 0.59873 0.66032 0.5476 2.5137 -0.51129 -0.69496 0.075392 -1.1287 0.64679 -0.13568 -0.64617 -0.21633 -2.0709 0.27804 0.013797 -1.4756 0.9183 1.3805 1.0717 1.4588 -0.88058 0.30624 0.19992 -1.0779 -0.050747 0.45861 -0.59029 -1.8911 -1.2401 0.52729 3.2334 0.9035 -1.026 1.1817 -0.90222 2.6044 -2.1947 -1.791 -0.58101 -0.91745 0.8222 -0.47306 -0.66664 1.3104 -0.055986 -0.82569 -0.70596 -2.166 -0.69269 -2.5283 -0.82918 0.86195 2.6042 -0.16904 -1.234 1.6573 -1.5806 0.58768 -1.0119 -2.6718 0.92102 2.9565 0.32014 0.25306 0.42263 0.37655 -0.084266 -3.0616 -0.61623 -1.7336 -0.61362 -1.5136 -0.24798 -1.3245 -1.5394 1.7865 -0.27706 -0.83804 1.0107 
hö -2.1336 -3.8266 3.4514 -0.27549 1.7449 2.5604 -3.352 1.1798 3.5404 -2.1848 4.2877 -6.9885 -1.1892 -3.0973 2.2293 9.9819 0.57328 -2.5822 -1.9686 4.9446 0.43175 0.46807 2.7933 -3.7049 3.8625 -5.5828 -0.3251 1.9918 -7.5131 -2.2683 1.9577 -4.9609 -2.2878 4.306 -0.76381 2.8734 2.8779 -0.28508 -2.9427 4.1141 -1.2142 -3.4504 2.1077 -1.4286 -5.5054 -0.83744 -1.0387 -3.9778 -3.3372 2.8063 2.2226 -0.92461 4.7144 -2.5913 -0.26004 2.2282 1.6009 -0.79952 -1.9615 4.3555 -0.6827 -1.0831 4.8888 -1.4264 -1.8938 0.95176 -0.21288 1.5133 3.3097 2.3093 -1.8331 -1.0437 -0.50117 1.3278 -7.169 -4.6291 1.5379 -4.1517 -0.05543 3.1111 -1.3771 -1.5081 -0.27892 4.1366 1.52 0.28036 3.2008 -2.66 0.15753 1.6642 -1.5826 3.3857 -1.9405 -4.4779 -2.1953 2.2083 -1.3956 -6.2572 0.69666 2.944 
tjära -0.58831 -0.063836 0.99836 0.079602 0.29577 -0.62397 -1.2184 -1.8434 -0.78224 -1.0146 -1.1654 -0.19884 -0.54483 -1.6792 2.1801 0.76878 2.0005 0.6543 0.18476 1.4713 -0.093768 -0.21492 -0.39095 0.11366 0.72747 0.42415 -1.1546 0.21064 -0.31377 0.54413 -0.14582 0.81441 -0.69295 -0.46922 1.1817 -1.9429 -0.31545 1.8913 0.88821 2.4532 0.91412 0.93726 1.3063 -1.8403 -1.6853 0.76537 -1.7614 -2.694 -0.43336 -0.95086 -1.1492 2.0156 -0.29253 -0.74964 -0.70996 1.0209 1.5568 -2.6253 0.31554 -0.45588 0.59144 0.52354 -0.26177 -0.70137 0.073429 1.3686 -0.030443 -1.8158 -1.3296 -1.0231 -1.0769 -0.067811 -0.46942 2.1568 -1.2386 -1.5277 -0.20993 0.30882 -0.061546 -0.23542 -2.1837 0.31257 1.3676 2.2951 -0.97571 0.11541 -0.75604 -0.82591 -4.2668 0.43889 -1.344 -0.38059 -1.1829 -0.30343 -1.0808 0.77217 0.99918 -2.8308 -2.3033 0.006781 
svamp 0.47285 -2.9413 -1.017 2.9096 0.75057 0.48104 -0.66598 -0.03629 0.39697 1.3568 0.93642 0.59377 -2.0491 -0.36954 1.0138 1.7922 1.3107 -1.281 1.3991 2.7966 0.089742 0.095705 -0.1728 -0.15888 1.2826 1.0286 -1.0881 0.14378 -0.49416 0.37504 -1.3894 -0.14853 0.099106 -0.32963 -1.2674 0.87347 -0.935 0.32356 -0.51878 -0.11812 0.74583 -0.97158 -1.4301 -1.1901 0.18804 -1.0355 -1.0536 -0.85673 -1.7376 -0.85297 -0.52236 2.2522 3.1958 -1.1845 -1.375 -1.0866 0.91958 -2.4835 0.14756 -0.73508 0.96024 0.17344 -0.43124 -0.50588 0.31022 1.3738 1.8407 -0.49541 -0.3203 -0.76923 -1.6096 -0.027413 0.37659 -1.043 0.42177 -1.8194 2.2173 2.9562 -0.60255 -0.32117 0.11343 1.4097 1.8026 0.18671 -0.23733 1.1415 0.046091 -0.30925 -0.52778 1.1543 0.097095 1.9799 -0.3511 -1.8108 -0.45746 1.3509 0.47507 0.59278 -1.9709 0.72391 
hallon -0.4358 -0.52068 0.12062 0.31932 -0.19685 0.10856 0.58221 -0.22562 2.1709 1.3226 1.351 -1.2496 0.59898 1.6017 1.2355 1.2349 0.7451 -0.12128 1.6995 0.79358 0.092643 1.9939 0.35541 0.73662 1.8127 0.21485 -0.010695 -2.0459 -1.0082 0.42677 -0.44426 0.34309 -0.071629 -0.47954 0.76742 -0.16136 -2.1519 1.1581 -1.0307 0.033209 0.65443 -0.071998 -1.5074 -0.062752 -0.50166 0.73223 -0.60614 1.0353 0.4886 0.55037 -0.47308 1.7127 0.95277 -2.0469 -0.85836 0.12032 1.8087 -0.15282 -1.9317 1.9845 -0.56637 1.1877 -0.4611 -0.4631 -0.37544 0.34658 -0.070187 -1.8837 -1.5556 0.36705 -0.43981 -0.6286 0.85079 -0.63677 1.255 -1.0956 1.1631 0.015946 1.0984 -0.78662 0.83199 -0.4674 1.924 1.355 -0.032722 -0.57411 0.93529 -0.26393 -1.1821 0.66155 -0.26579 1.3928 -0.83564 0.6603 0.39316 1.4282 0.19705 0.73009 -1.8817 1.6805 
mandel 0.33249 -0.76791 -0.85322 0.20278 0.90303 -0.41143 1.393 1.6131 -0.26651 1.4703 1.0019 -0.79901 1.931 -0.53481 0.59813 1.1801 1.9701 -0.40219 -0.086068 2.4949 -1.2902 2.5032 1.2906 -0.91423 1.5597 -1.3688 -2.3308 -0.9496 -1.5919 -0.21288 -0.50868 -0.43767 0.85454 0.43056 1.2579 -0.29 -1.1758 0.84227 -2.2542 0.36649 0.57115 0.099096 -0.38897 -0.094147 -0.67322 -0.43468 -1.6195 0.4178 0.43425 -0.87121 -2.1507 1.8384 -0.98682 0.89778 1.5333 -0.60074 1.4565 -1.1802 -1.5412 1.9379 0.12539 0.34887 0.22203 -1.7091 -0.063593 0.56303 -0.7716 -1.2476 -2.1134 1.0116 -0.48028 0.033997 -0.57605 -0.90618 1.6572 -2.4304 0.76196 1.0767 -0.30449 0.92818 -4.1045 1.4492 1.3821 0.24547 -1.4206 0.21315 -1.1621 0.45296 -1.4478 -1.6138 -0.65051 -1.3971 0.61987 1.3062 0.49269 -0.84301 1.3027 -0.15569 -1.1179 2.4985 
björnbär -0.29322 -0.57385 -1.1077 1.0156 1.1436 -1.0376 0.31819 -0.6938 1.1057 0.13316 0.11618 -1.2022 -0.19609 1.9331 2.1529 2.1185 1.6682 1.3312 0.15724 1.4234 -0.8438 1.8977 0.58186 1.4615 1.4935 -0.44165 -0.34864 -0.055695 0.17897 1.3173 -1.0036 0.21972 0.48766 -0.49425 2.3673 -0.76485 -1.586 0.16986 -0.30854 -0.38018 0.75014 -0.097898 -0.94617 1.2524 -0.85005 -0.041481 -0.73529 0.35186 0.32623 0.64446 0.44932 1.9624 -0.53305 -1.9208 -0.69393 0.34295 2.1004 -1.518 -1.9709 0.66997 -1.0166 1.6397 -0.21157 -0.35072 0.40535 -0.53212 -0.24321 -1.0552 -2.1398 1.1229 -1.7122 -0.58289 1.4965 0.16285 0.84655 -1.0979 2.0531 -1.7138 0.19994 -0.10918 -0.2347 1.0898 1.7646 0.39779 -0.43477 0.28745 0.27517 -0.56376 -3.5873 0.86756 -1.1355 1.4125 0.147 -0.079829 -0.75479 -0.086064 0.88085 -1.6131 -1.612 1.2322 
kola 0.15327 -1.0911 -0.65902 0.23134 0.40605 0.29646 0.76217 -0.93307 1.2172 1.5116 1.5438 -0.77763 2.461 1.2082 0.7281 2.3933 1.2349 -0.18124 -0.11705 0.83744 -2.9457 1.9277 0.27006 -2.0861 1.0814 0.30075 -0.63618 -2.7514 -0.91446 -1.1274 -1.0607 0.23404 -0.22793 0.67841 1.1225 -0.42081 -0.25215 -1.1102 -0.94847 1.8774 1.0623 -0.48647 0.81321 0.019305 -0.38867 1.8359 -2.6905 -0.017765 -1.0465 -0.49507 -0.9537 2.5364 0.19375 -0.4688 1.5375 -0.58838 0.64662 -2.387 -3.297 0.80048 0.91529 0.23276 -1.3192 -1.9734 -0.16153 0.085043 0.64596 -2.6188 -0.8143 1.3023 0.49128 -2.6399 -0.39341 0.5993 2.0009 -1.4759 1.0336 0.084465 1.0325 -2.4386 -0.40371 -1.1045 0.87003 2.4057 -1.2644 1.0151 -1.5422 0.76596 -1.4625 -1.0242 0.44384 -0.4795 0.48257 0.64616 0.85199 -0.085381 -0.34617 0.55296 0.077098 2.7029 
rökelse -1.7274 -1.1987 -0.20377 -0.2563 -0.0039472 -0.19943 1.5694 -1.0172 -1.8312 1.1832 -0.56504 -0.033614 -0.61681 -1.1633 0.21046 0.26636 1.3258 1.2165 -0.69341 0.76204 0.5204 0.011647 -0.49642 1.0504 0.68786 1.4589 -0.33671 -0.6445 -2.1409 1.3541 -1.6124 0.6134 1.1317 0.18197 1.6465 -0.25935 -1.9011 1.1499 -0.030974 0.77661 0.23368 0.80352 0.68998 -1.3884 -0.59344 0.57414 0.87497 -1.141 0.18666 -0.86645 -0.37222 0.0075962 -0.92211 -0.57364 1.7701 0.058206 0.56615 -0.15631 -1.5691 0.99092 2.4319 -1.0699 -1.5923 -0.81479 0.42265 1.0842 -1.476 -0.63932 1.2862 0.32304 1.0463 0.58264 -1.4974 2.2108 1.0318 0.16492 -0.49907 0.59901 -0.12199 -0.7053 -2.275 -0.079053 1.0225 -0.48637 -0.6456 0.78059 0.6832 0.18707 -2.648 -0.64181 -0.53202 1.1578 -0.40211 -0.73846 -0.16258 -0.55918 2.7099 -0.54383 -0.48992 1.6756 
gummi -1.2316 -3.6829 2.4855 0.2963 1.7065 0.78732 -0.70015 0.88292 0.24066 0.55251 -0.52669 -0.85616 1.1931 -0.11402 1.0257 -0.33482 1.1154 -1.6851 -1.4549 1.607 -0.233 0.36779 0.20915 -1.2052 1.031 0.38866 -0.23278 0.0022069 0.67018 0.6789 0.17555 0.12045 -1.2849 -1.0116 -2.007 -0.19691 1.2805 0.95523 -2.0996 -0.12481 0.15867 -0.99544 -0.4344 -0.42622 -1.2748 0.09577 -2.174 -2.4348 -0.21983 -0.087268 -0.75052 1.6525 1.5233 -0.10756 0.29064 -0.24924 0.41971 -1.6363 -0.94513 0.39716 0.17459 0.53974 0.36562 -2.0117 2.1106 1.4763 0.055891 -0.45338 -1.4837 -0.20744 -1.345 -0.083081 -0.31654 1.5341 -0.58329 -2.3979 -1.2698 0.021625 1.7906 1.5272 -2.2358 -0.83796 -0.30292 0.23213 0.52771 -1.4277 -1.123 -1.2206 -1.7241 -0.51163 -0.53655 1.1527 1.0612 0.25895 0.25277 -0.33885 2.358 -0.37692 -1.297 2.0709 
rengöringsmedel -0.078981 -0.11274 0.45232 1.1725 -0.323 -0.4255 -0.064238 1.0346 -0.52317 0.76024 -0.14351 -0.54216 0.71771 0.22119 0.61684 -0.29562 0.90799 -0.35141 -0.054639 0.45532 0.68861 0.22958 0.59938 -0.62106 0.63412 1.1434 -0.12916 -0.83686 -0.83612 0.64371 -1.425 0.92457 -1.2896 1.0015 -0.81334 1.0121 -0.1802 1.2129 -0.77487 -0.38301 0.73258 -1.1733 1.3641 -2.0106 0.369 0.32658 0.53957 0.18549 0.3525 -0.15211 -0.58148 -0.29295 -0.086839 -0.24029 0.94039 0.069231 -0.85947 -0.43752 -1.0828 0.0037711 -0.67531 -0.046515 0.48243 -0.31037 -0.32165 1.7581 -0.33191 -1.0073 1.093 -1.2392 0.353 -0.1479 0.5093 0.19157 0.20706 0.15249 0.12064 0.54448 -0.04252 -0.73238 -1.8385 -0.73124 -0.051023 -0.55705 -0.74972 -0.15461 1.6669 0.018421 0.15289 0.45384 -0.14131 0.2323 -0.071139 0.96479 -0.94457 -0.024659 1.366 -0.33683 -0.3113 1.2126 
potatis 0.6864 -1.2692 0.30978 0.53038 -0.76749 1.1814 -0.76104 0.34782 -0.29609 -1.0382 0.52183 1.2196 -0.026121 0.97619 2.7243 1.6106 -0.34166 -0.61671 1.3299 0.3879 0.82649 1.2225 -0.37562 -1.2309 -0.6917 1.1485 0.54823 -0.2317 -2.542 1.9077 -0.96832 1.0036 0.1966 -0.40895 0.76088 -1.0572 0.85567 0.8691 -1.2482 0.39155 1.432 0.55471 -0.43725 -0.27675 -0.7496 -0.91086 -1.4197 1.9307 -1.5835 0.26267 0.64791 0.98518 2.6078 0.59914 1.3282 0.61198 -0.16673 -2.8562 -0.041137 -0.087523 2.3593 1.152 0.14907 -0.16982 -0.4929 0.51319 0.6563 0.35302 -0.16636 -0.23847 -0.14071 -0.41724 1.1198 -3.1628 0.17614 -0.79707 2.0513 2.0522 0.72091 0.94261 -0.076998 0.47991 -1.0863 -0.2434 -0.34995 1.2686 -0.35719 -0.2172 0.0089754 -0.61992 0.39474 0.43087 -0.38915 -0.32793 0.75216 -0.036367 1.7658 0.63209 -0.95766 0.90302 
päron 0.18278 -0.025219 0.35642 -0.35621 -1.0679 1.7157 0.79491 1.6779 1.1453 2.6931 0.63559 -1.0683 0.54887 0.19103 2.5972 0.77153 1.396 -0.28688 -0.4896 1.1968 -1.4439 2.8255 0.50696 0.045888 0.75484 -0.93819 0.77608 -1.5724 -0.58051 1.9569 -0.50365 0.13257 -0.0047806 0.31099 3.1222 0.61536 -0.13077 0.093092 -3.0346 -0.72466 0.34262 2.6298 -2.2591 -0.18211 -0.070212 1.2374 -0.71489 -0.87151 0.68034 1.7204 -0.10966 0.31298 -0.4368 0.91269 -0.2813 0.59134 1.3713 -2.532 -1.327 1.7575 -0.59402 -0.70635 -0.65971 -1.2221 -0.0062918 0.12271 0.24451 0.13161 -0.86895 0.5687 -0.96983 -1.2102 -1.4707 -2.7859 2.0219 -2.2123 1.6146 -0.11074 -0.84045 -0.03418 -1.8665 -0.93433 2.0112 0.52256 -0.49281 -1.0211 0.90829 1.4608 0.14794 0.18093 0.62024 1.8393 -0.10578 -1.0782 0.33755 0.92486 -0.47098 -0.88358 -1.2056 2.2583 
russin -0.19257 -1.2268 -0.97858 0.71893 0.5146 -0.82712 0.76417 -0.87344 -1.0362 2.3212 0.65185 -0.58021 2.5183 0.29637 2.722 1.0229 1.2932 0.1275 -1.7104 3.6063 -0.66375 0.13717 0.65447 0.25197 0.51524 0.21172 -1.6895 -0.64714 -0.87491 -0.99121 -0.71862 0.56677 -0.46142 -1.0609 2.3952 -0.0035071 0.32471 -0.021401 -0.39261 0.26158 -0.086721 -0.24108 0.22124 0.11216 -1.3031 -1.2296 -0.99994 0.34309 -0.45051 -1.0866 -0.45216 2.9859 0.61085 0.50872 0.63379 -1.65 1.8704 -0.93202 -1.6335 1.2632 -1.536 0.39069 -0.65363 -2.1643 0.1688 0.34631 0.93971 -2.3843 -1.7482 1.5789 0.61475 -1.8766 0.31411 -1.6383 1.357 -3.1039 2.4671 -1.4643 -0.60763 0.60442 -0.83805 0.52386 0.40052 0.83834 -0.9126 0.1425 -1.5679 0.49689 -1.1736 -0.49795 -2.42 -0.038726 -0.27655 -0.13859 -0.99511 -0.36908 0.88373 -0.21184 -0.4071 0.60411 
ek 1.9713 -5.3848 0.94805 1.9809 0.27497 -1.0612 0.34711 -2.8155 -0.85553 3.9229 1.0789 0.40602 0.99535 -0.029685 3.0744 1.2328 3.9412 2.9379 -1.2358 4.1454 -4.1905 0.35041 0.96057 -0.34565 2.5582 -7.0513 -0.341 1.529 -0.73022 1.5267 0.10966 -2.3892 1.3788 -1.6921 2.2576 1.7502 0.21863 0.57996 0.23265 3.4177 0.068786 2.4091 1.9517 1.0073 -3.4191 -2.5871 -1.4632 0.58601 -1.1994 -4.1085 0.30482 4.8104 -1.2376 -1.3981 0.038523 1.2877 0.029988 -9.5256 -6.6686 0.52507 -1.6462 0.79647 0.30195 -0.0077102 1.7716 -3.5211 2.1023 -4.9176 -4.2674 1.385 0.51536 -1.4704 -0.99768 2.745 4.1261 -4.0966 2.9254 -5.3702 0.081033 -0.1947 -2.525 3.5901 3.26 0.49775 -1.7183 0.68235 -1.8316 0.69432 -2.2508 0.73497 -3.2526 1.2145 -0.34098 -2.0202 -2.203 -0.72155 -0.47347 -1.5541 -4.809 -0.60932 
jordgubbe -0.85635 -0.22668 0.089276 0.39415 -0.32331 0.66287 0.56756 0.39354 1.8155 0.54666 0.05028 -0.22039 0.1505 0.41603 1.3009 0.90701 -0.032975 -0.17148 0.67446 0.44388 0.93144 1.2011 0.0562 0.41019 1.6537 -0.23837 -0.12909 -1.2161 -0.685 0.64011 0.51843 0.44931 -0.12111 0.062585 0.38144 -0.30201 -0.72564 0.76253 -0.8288 -0.14737 0.78159 0.50435 -0.87275 0.41314 -0.97059 0.88819 -1.019 -0.6759 0.54463 -0.53743 -0.50786 0.68689 0.31143 -2.0103 -0.8249 0.0080661 0.95223 -1.3711 -0.55184 1.3854 -1.4461 0.74847 0.049777 -0.72845 -0.59913 0.44746 -0.61264 -0.38357 -1.4634 0.67448 0.26629 -0.011407 0.089478 -0.17217 1.4542 -0.36975 1.3476 -0.33869 1.2491 -0.5536 0.012018 -1.2502 0.2993 0.42138 -0.93361 -0.21103 0.84467 -0.52446 0.42759 0.68835 0.64321 -0.2425 -0.73061 0.60648 0.50685 1.0961 0.41016 -0.21168 -0.49264 1.8881 
skinka -1.2448 -0.79802 -0.19714 0.95351 -0.87019 2.3295 0.030094 -1.196 -1.545 -1.0625 0.83836 1.2174 1.2624 -0.14041 0.28021 0.99742 0.78163 -1.5623 0.92054 0.27533 1.4251 1.6405 0.19607 -1.6766 -0.5119 -0.72121 -1.2252 -1.5419 -2.1672 -0.38858 0.39979 1.3477 0.64058 -1.2598 0.83978 0.0055547 1.2252 0.5524 3.0349 -0.112 1.5314 -0.84187 0.52007 -1.4338 -0.8271 -1.1248 -0.6814 0.17335 -1.7441 -2.1978 0.82093 1.717 2.6983 -0.32736 1.4003 -0.52178 -0.077653 -1.7983 0.25723 1.8633 0.42908 0.065054 0.67211 -0.80535 -0.81066 -0.081248 0.02669 -1.8354 -0.32857 0.72947 1.1802 -0.3139 0.060124 -2.5632 0.84326 -1.2128 2.0653 0.32804 -0.58517 -0.86968 0.43679 0.19311 -1.0948 0.70696 0.043085 1.6669 0.87384 -1.43 0.18837 -0.95957 -0.71526 0.42942 0.19378 0.25088 0.97607 -0.65319 1.5704 -0.53859 0.026045 1.3417 
kokosnöt -0.10958 -0.16677 -0.37902 -0.99112 0.1683 0.31714 1.3888 0.6909 1.4371 0.206 0.47841 2.2602 1.2161 0.51651 0.68469 1.2 -0.63389 -0.78105 0.78724 0.19862 -1.3485 0.21952 1.2959 0.68985 1.744 -0.074116 -0.9825 -2.0424 -0.15679 0.39069 -0.66585 0.23918 0.00023052 0.84477 -0.11381 0.14208 -0.6747 -0.7591 -0.70379 -0.4769 -0.39961 0.93424 -0.33092 -1.1205 0.2336 0.65022 -0.084684 -1.0344 0.76314 0.50683 -0.60304 1.0368 -1.5024 -0.067367 0.58142 0.054354 1.2377 -0.93568 -0.7022 1.8613 0.41654 0.68499 0.97148 -0.93716 -1.0309 0.45756 -0.37955 0.11015 -0.73661 -1.1091 -0.34277 -1.0747 0.9214 0.14734 0.95743 -0.60241 -0.24015 1.1937 1.0834 -1.1733 -0.62693 -0.15137 0.67177 0.93701 -0.58568 0.056221 0.3032 0.48914 0.8585 0.019079 -0.15776 -0.78659 -0.79503 1.5751 1.0998 -0.029589 1.5469 -0.12303 -1.3231 1.8515 
grönsak 0.96805 -0.98045 -0.9023 0.61534 -0.99491 0.4153 -0.69304 1.2984 -0.67444 0.23961 0.7407 0.22726 -0.12216 0.25772 0.94234 2.4817 0.44919 0.82937 1.5437 1.1439 0.33697 -0.057618 -0.98415 0.072039 -1.7439 -0.605 0.3348 -0.80345 -3.6684 1.6354 -0.83561 -0.25287 1.2597 2.0947 0.2631 -0.42072 0.37896 0.25539 -0.61626 0.36996 -0.12169 0.4781 -0.83438 -0.15029 0.75943 -1.7224 -0.49156 1.3866 -3.765 0.26189 0.72379 0.63831 3.3392 -0.41781 0.29777 0.808 0.88985 -2.3501 -0.71341 2.6348 0.34004 -0.12078 0.90894 -0.59206 -0.83147 1.3582 -0.65852 1.3226 0.17033 -0.91947 1.4894 -0.72523 0.41523 -1.1631 0.26452 -1.6795 2.3154 2.3024 0.62971 -0.14071 -1.6073 1.4939 0.073216 -0.21158 -0.024074 1.2963 1.1052 -0.61085 -0.12379 0.25911 0.96687 0.34931 -0.17532 -1.1257 0.29725 -0.28381 0.42357 -0.05969 -1.8616 0.82041 
gurka -1.18 -0.19078 -0.31287 1.5158 -1.2617 0.88297 0.59719 1.1152 1.5652 2.0224 0.94489 1.3705 -0.78171 0.25804 2.7965 0.056689 -0.26249 -1.2122 2.1495 0.64306 1.8538 -0.23375 -0.22384 -0.64591 -0.36417 0.99569 -0.58573 -2.2482 -1.0826 1.7282 -2.0095 0.4126 1.9151 -0.70599 0.098894 1.7032 -0.66086 1.1152 -0.30315 -0.41501 0.39334 1.793 0.065899 -0.32163 0.63165 0.17672 -2.0484 -1.0377 -1.3584 1.2654 -2.0844 0.51259 -0.19625 0.19284 -0.92898 0.1114 1.0253 -1.7307 0.41975 1.2999 0.83868 -0.52274 0.79472 -1.014 -1.0089 0.11026 0.53043 -0.35575 -1.3776 -1.3982 0.40388 0.020609 -1.0901 -1.606 1.0215 -2.1928 1.4382 1.2988 1.0744 -0.14166 -3.0514 0.032687 0.68548 -0.63502 -0.13248 0.56998 2.2024 -0.41135 0.17366 2.2531 0.31893 -0.79561 -0.25175 -0.66849 0.99475 0.754 0.38565 1.4027 -2.0797 1.5195 
gödsel 0.42715 -1.2662 1.7095 0.4128 -0.32126 0.40593 -0.2821 0.52999 0.59789 -1.6546 -0.050231 -1.4869 -0.30392 0.1018 -0.26378 2.0248 0.029864 -0.89726 -0.62398 0.35027 1.2569 1.2651 0.015198 -0.45856 0.27557 0.43196 -0.42503 0.4015 -0.58097 0.12161 1.4735 -2.0807 0.23122 1.258 -0.72247 -0.4132 0.048367 1.3422 0.038468 1.3016 -0.62215 -1.2131 0.41366 -1.3243 -1.4263 -1.0024 -1.4165 -1.0062 -0.73147 -0.43069 0.64513 -2.1869 1.4357 -1.284 -0.29747 0.82074 0.38497 0.021206 -1.2136 0.82841 0.16105 -0.6147 0.66718 1.1449 1.5963 2.319 -0.13532 0.078717 0.012151 -1.9178 -0.61398 -1.0923 -0.33692 1.0427 0.40455 -1.4538 0.050666 0.4356 0.10036 0.83142 -0.043416 -0.7496 0.32042 1.7028 -0.67344 0.15193 0.31849 -1.3525 -1.8711 0.17588 -0.35724 2.8655 -1.5888 0.33874 -0.50048 1.2032 0.067558 -1.6564 -0.75563 0.32166 
lack -1.5164 -1.7504 -0.87918 0.51304 0.78477 -0.85934 0.22172 -1.0071 0.55213 0.66096 -0.60438 0.14827 1.6054 0.91844 1.8275 -0.069958 1.6642 -2.1384 -2.7124 0.73585 -0.54083 -1.9761 -1.9011 -0.53196 0.4422 0.071821 -0.4129 -0.66042 0.18329 -1.3429 -0.91543 2.2441 -1.9278 0.6581 0.97593 -0.62839 2.0138 2.5417 1.7424 0.42016 0.2128 -2.8936 0.8366 -3.5215 0.65448 -0.9318 -0.16989 -0.18001 0.17875 -2.9457 -1.482 3.0296 -2.7347 -1.752 -0.29625 1.8167 1.901 -2.0614 0.17926 -1.2762 -0.84968 -1.309 -0.32742 -0.83827 0.98118 0.19605 -0.62852 -2.5275 -2.5302 0.28411 -2.943 0.87807 0.40858 0.13198 0.89539 1.0255 1.0438 2.1753 2.3114 -1.0799 -0.86229 -0.53919 0.65943 -3.5478 0.49668 -2.0583 1.7319 -1.2576 -1.2468 -0.40927 0.33583 -0.39835 -1.1647 2.286 0.12047 1.0159 -0.33378 0.032401 1.8921 0.51324 
kartong -0.13801 0.088785 0.67449 0.86118 0.2938 -0.22725 -1.2719 1.0292 0.068991 0.49867 -0.9217 1.1252 -1.2454 -0.63939 1.1659 0.325 1.9885 -1.6826 -0.71829 0.54325 0.12875 -0.052717 -1.4021 -0.49868 0.43632 0.1409 0.046016 1.449 -1.0929 -0.12827 -0.88093 1.0315 -1.3362 -1.1567 0.69026 0.61464 0.59393 1.638 -0.65356 0.33414 1.2783 -0.9576 -0.096202 -0.50592 -0.68884 -0.22796 -0.18816 1.1507 -1.5731 -1.1625 -0.84553 0.90115 0.45379 -1.2113 0.62527 -0.13153 0.31453 -1.608 -2.2328 0.70185 -1.862 0.0099571 0.51029 -1.553 1.4309 -0.63639 -0.7302 -0.19845 -0.79101 -0.49943 0.80225 -1.1208 -0.26488 0.14049 -0.075976 -0.79762 -0.23638 0.41399 -0.14421 -0.39751 -0.27156 -0.39258 -0.75802 0.37383 3.0459 -1.1288 -0.47799 0.25755 -0.12043 -0.37599 -0.22991 0.33869 -0.97173 0.36188 0.73727 0.98393 0.67826 0.75111 -1.0023 -0.236 
målarfärg -0.24626 -1.7848 0.59937 0.51036 -0.43043 0.11772 -0.039249 -0.15207 -0.23435 0.19488 0.4911 -0.42307 0.6025 -0.39001 1.3965 -0.85032 1.4451 -0.549 -0.61321 0.24895 -0.62836 0.3096 -2.5774 0.30086 -0.059766 0.2238 1.0062 -0.023437 -0.40356 -0.70676 -0.91557 0.2166 -1.2985 0.77937 -0.77094 -0.32816 0.72021 1.6407 0.12563 0.4965 0.4736 -0.85251 1.0746 -2.1742 -0.427 0.35905 0.27582 -0.60926 -1.256 -0.4745 0.22799 0.91915 -0.39459 -0.83701 0.54112 0.98228 0.16903 -0.46837 -0.67046 -1.2131 -0.62281 -0.29231 -0.40843 -0.1019 -0.1851 0.9409 -0.86387 -1.532 -0.030144 -0.88613 -0.93427 0.51952 0.4708 0.94827 1.4678 -0.50167 0.53828 0.68636 0.53602 -0.99784 -1.0657 -1.127 0.33545 0.17059 -0.25084 0.66298 0.67545 -0.44848 -1.1879 0.87124 -0.13069 -0.58236 -0.43742 0.65564 -1.2644 1.5048 0.75803 -1.0596 0.26441 0.40769 
ammoniak -1.0735 -1.961 0.62052 1.2595 -1.457 -0.46029 -0.00083764 1.4649 -0.90768 -0.32804 1.1299 0.07238 -0.022513 -0.8527 1.0023 0.13911 0.70039 -0.328 -0.31385 -0.0127 0.98402 1.228 0.17766 -1.0836 -0.28201 1.6374 -0.80568 -0.31756 -0.71123 -0.69886 -0.2835 -0.14626 -1.4147 0.68441 -0.61526 -0.12404 1.2659 1.0229 -0.13739 0.52476 -0.08441 -1.7773 1.0565 -0.96567 -0.86837 -0.67907 -0.02204 0.14275 -0.20971 -0.12431 -0.14479 -0.49389 1.2584 -0.94753 0.7414 0.44738 -0.29973 -0.52866 -0.38925 -0.75307 -0.41951 -0.31659 0.84147 -0.50908 0.26733 0.86092 -0.12124 -2.0927 -0.12897 -2.123 -0.77302 0.37626 0.60227 0.88975 -0.28273 -0.76643 0.50244 1.3528 0.98755 -0.37045 -0.32792 0.39798 0.86543 0.36556 0.15496 -0.82481 -0.19299 1.1655 0.40448 0.79132 -0.32688 1.4547 -0.55812 0.12733 -0.74262 0.74065 0.23612 -0.43179 -0.42751 0.81127 
bageri 0.1875 0.577 -0.086239 0.78964 -0.80023 -2.8823 -2.0349 0.58289 0.99426 0.3655 1.9479 0.26531 0.47751 -0.80661 0.0062571 0.74491 -0.44714 -1.2569 -0.62741 -0.99769 -0.068696 1.8011 -0.74324 -0.8506 0.071406 -0.45761 0.92154 0.38261 -3.3918 -0.79723 -0.32397 -0.4501 -0.161 -0.18051 1.5334 -2.1879 -1.1578 1.086 -0.006326 -0.24376 -1.2051 0.34995 1.5687 -1.3435 -2.4398 -0.46511 -1.3058 1.2628 -0.52727 -0.035168 -0.28509 -0.077512 -0.34682 -0.1127 0.53181 -0.47828 -1.8036 0.10313 -1.0515 1.7257 -1.2469 -0.59872 0.42392 0.075807 -0.57532 0.28481 -0.9822 0.8134 0.15949 -1.021 1.7006 -0.36075 -0.66292 0.35891 1.2977 -1.9642 -1.8543 -0.7083 -1.0397 -1.8394 0.57087 1.712 -1.4644 0.77609 0.20053 -0.42752 -1.5284 -2.0467 -1.0271 -2.1413 -1.1135 -0.7072 0.36662 0.34403 0.99566 -0.17873 2.333 -0.14306 0.61463 1.369 
sirap -0.85873 -3.0497 -0.61558 1.675 0.6258 0.33295 0.65602 0.80775 -1.4758 0.097367 0.93416 -1.5347 1.9456 -1.0462 3.0764 2.3049 -1.5238 1.7409 -1.3637 2.5695 -2.2709 2.4663 1.9305 -0.75196 -0.64663 1.1205 -0.4699 -1.0917 -0.40437 -1.2691 -0.58106 1.2848 -0.85248 0.76437 1.4713 1.0607 -0.33363 -0.36649 -1.2431 0.88348 1.0106 0.35895 -0.963 1.8373 -0.81513 0.075076 -2.3244 1.7004 0.16944 0.6989 -1.1146 2.2178 -1.2806 0.68897 1.9855 -2.891 0.1701 -2.0157 -1.0942 2.4739 -0.3132 -0.26062 -0.64218 -0.81622 0.3687 1.0268 0.26129 -2.9414 -0.58373 0.48866 1.0583 -1.7888 0.10047 0.045788 0.85822 -1.1645 1.2385 -0.58545 0.23602 -0.51447 0.16822 1.6353 0.50272 0.55042 -0.49837 8.2489e-05 -2.7979 0.1551 -0.54173 -1.0704 -2.0161 -1.3699 0.021666 -0.96641 -1.8667 0.61067 1.7243 -0.79394 -0.79128 1.0021 
kork -1.6122 -1.1462 2.6209 0.72681 -0.22004 0.74591 -0.48184 0.55322 -0.071197 2.2861 -0.36848 0.62412 -0.47355 1.1996 0.60067 -0.2002 0.24731 -0.56686 -2.0703 -1.0858 1.8731 -1.0908 -0.60947 -1.6526 -0.20432 -0.04232 2.0955 0.62469 -0.88872 0.72782 -1.2199 2.2591 -2.5931 1.1654 0.20064 1.3139 -0.26287 2.2808 0.69522 -0.90549 0.2781 0.0089817 -0.81169 -2.1633 -1.0408 -0.63564 -1.06 3.1721 -0.41334 -1.1824 -0.51663 1.8701 0.39509 -2.1477 0.35267 0.63151 0.15541 -3.8993 -2.9486 0.27326 -0.40898 0.3103 -0.66116 0.70462 0.68213 -0.79197 0.17174 -0.65009 -3.4139 -1.5073 0.0034003 -0.4189 -2.6644 0.085876 1.6029 0.76586 1.0246 1.2649 0.030697 -0.69402 -2.9567 2.5474 0.90563 0.32096 2.1228 -1.2365 0.12023 -0.62485 0.079652 -0.59278 -0.93418 0.53535 -1.605 0.0072404 0.037418 1.0577 -1.9899 1.4464 0.83593 -1.1969 
björk -0.17093 1.5465 -2.4812 0.71451 0.082725 0.852 -0.63854 -0.49561 1.613 0.92774 1.622 -0.55325 -1.0682 0.86891 -0.028205 3.3418 -0.36161 0.36774 -0.38184 0.96353 -0.57929 1.9528 0.44932 -0.10291 2.3501 -0.22894 -0.49904 2.4379 -1.7471 1.2669 -0.80031 -0.60539 -0.84884 1.7778 -0.41634 -1.2288 -1.7519 0.56465 1.4825 1.4151 0.01112 -0.69293 0.32212 -0.6949 -0.73315 -0.705 -2.4914 -0.88946 0.77368 0.5228 0.73435 2.412 -2.3295 -1.5348 -1.8527 2.4899 0.89343 -2.6299 -0.73817 0.4674 1.4382 0.75454 -0.33379 -2.1591 0.5971 -0.63172 0.0097957 0.49201 -1.6024 2.0442 -1.4477 1.1577 -0.79433 1.2517 -0.68793 -1.2017 0.052986 -0.45216 -0.20667 1.0372 -0.5177 1.3209 1.716 0.446 0.56038 0.38895 0.38776 -2.2802 -0.79872 0.21418 0.049449 0.3483 0.42452 -0.73987 -2.0498 1.0256 0.16719 -1.8402 -0.1257 1.4531 
eukalyptus 0.15029 -0.43115 1.1109 -0.8429 -0.32873 -1.3607 0.71359 -0.78108 0.8654 1.0915 1.4059 -0.763 0.71551 0.28321 1.3919 1.3627 0.43851 0.33396 0.60349 1.2289 -0.25412 0.80078 -0.064418 -0.2365 0.60374 0.91075 -0.26939 -0.46604 -0.78645 0.31287 -1.513 0.0048024 0.29248 -0.1598 0.92743 0.39109 -1.2524 1.3233 0.059335 0.11082 0.41898 -0.34364 1.1079 -1.2527 0.54162 0.18245 -0.43387 -0.31733 -0.0737 0.1065 -1.51 0.50665 -0.7563 0.20292 -1.1667 0.62027 1.2522 -1.1422 0.032089 1.3225 0.39135 -0.42501 0.28115 -0.9081 -0.07315 0.47333 0.1356 -0.97956 -0.40284 -0.22333 -1.3868 1.4327 0.509 1.0654 -0.39289 -0.75878 0.348 0.53686 -0.69832 0.5167 -1.9511 1.0357 1.5709 0.34843 -0.25018 -0.42012 -0.28478 -0.0017109 -1.209 1.1673 -0.99963 0.28582 -0.3657 0.43405 -0.46178 -0.53575 -0.054199 0.45218 0.041129 0.83634 
druva 1.6267 -0.63302 0.74497 0.34291 -0.97266 0.30737 -1.0546 -0.96499 0.80941 0.47749 1.6286 -1.2586 0.74109 0.47359 3.049 1.5997 1.2695 1.6776 0.32068 1.0346 -0.56475 0.33856 1.1306 0.43387 -2.0286 -1.6457 0.7879 -1.1428 -3.3366 0.18874 -0.27462 -0.49338 0.58012 0.64082 0.95523 0.073268 -0.32531 -0.57225 -1.1381 0.27568 -0.4173 1.2569 1.0414 0.81247 0.033673 -1.2209 0.14014 -0.24422 -0.55291 -0.30247 -0.64912 0.21826 1.207 -0.42547 1.1028 2.5197 2.3893 -5.7429 -3.0165 2.6405 -1.2726 -0.35172 0.28243 0.068254 1.1005 0.036864 1.1525 -1.1141 -1.4314 -2.049 -0.025239 -0.12323 0.48501 -0.91048 0.64762 -0.60889 1.0891 0.10472 0.49183 -0.28154 0.58599 2.8486 1.1233 -1.0321 -0.5279 0.64618 1.1439 0.72761 -0.99831 0.96731 -0.24251 2.767 -1.5898 -0.7839 -2.4775 0.46736 -1.6345 -0.54134 -0.85437 -0.094199 
kryddnejlika 0.50278 -0.57839 -0.2427 -1.1155 -0.776 -0.078156 -0.035437 -1.6705 -1.5204 0.7939 -0.1303 -0.13942 1.1253 0.31146 2.1872 2.0118 2.7287 0.74068 -0.049394 1.6702 -0.052614 0.10025 0.30522 -0.27068 0.62816 0.65932 -1.1245 -0.93738 -0.8217 -0.092613 -0.72324 0.5494 0.16058 0.077702 1.2437 0.084165 -1.2164 0.33901 0.12153 0.73083 -0.73403 -0.98417 1.0104 -0.32225 0.18942 0.16447 -0.28991 1.2025 -0.44524 -0.91524 -0.076481 0.33699 -0.02241 0.23237 0.3753 -0.11031 0.29781 -1.4342 -0.51008 1.957 0.98885 0.33774 -0.52456 -0.92749 0.18233 0.4315 -0.1657 -0.72827 -0.4972 1.71 0.36933 1.3854 -0.28311 -0.86123 0.021231 -0.81213 0.94436 0.19686 -1.0486 -0.59954 -2.2029 0.92461 0.87248 -0.4341 0.43893 0.27393 -0.77944 0.069549 -1.5365 -0.17775 -1.9735 0.81264 -0.92223 0.012489 0.12756 -0.20751 1.7624 -0.0036621 -0.58751 1.1658 
bär 0.20814 -0.23154 -2.5425 0.29268 2.1704 0.52514 -0.75554 -3.0876 3.4426 2.5903 1.3283 -0.79738 0.29178 1.3171 0.59447 1.4275 1.6631 2.5353 1.6664 1.2393 0.10226 1.2203 0.98494 2.5981 1.1299 -1.7616 0.031013 -2.1113 -0.21489 -0.16993 -0.83742 -0.40352 -0.016677 -0.68598 1.8491 -1.0197 -2.3678 0.93743 0.95655 -0.34084 1.2934 -0.5553 -2.6809 3.1298 -1.5266 -0.42805 -1.1333 1.8736 -0.46845 0.19508 1.2329 1.4484 0.95441 -3.5817 1.0092 0.32866 2.3514 -3.6806 -4.0698 2.6759 -2.8843 0.64237 -0.15941 -1.2844 -0.39041 0.72358 -2.2497 -3.6254 -2.6711 1.8417 0.14018 -0.58475 3.5728 1.137 2.2872 -0.28183 4.0462 0.29901 1.3974 -0.7061 0.83078 1.9387 2.3854 2.0845 -0.45407 0.062465 0.6593 0.082435 -1.9454 3.472 -2.3249 3.1634 -1.6469 0.78042 -2.4917 2.2261 -0.021099 -2.3935 -1.7665 2.8535 
banan -0.38464 -1.8384 1.2131 0.81851 -1.7486 -1.2735 1.1337 -0.19136 0.38641 0.36555 0.71785 1.4735 0.28164 -0.025994 0.44046 0.55003 0.63877 -1.734 0.29823 0.77272 2.0997 -0.73742 -0.075356 -0.59478 0.81098 0.44893 0.70152 -0.15314 -1.2333 -1.0791 -0.30613 -0.16646 -0.90415 0.69121 2.7476 1.6229 0.37847 -0.090805 0.40698 0.40735 -0.16408 1.454 0.41763 1.1179 -0.23802 0.75134 -2.2948 1.1459 -0.47266 -0.71366 0.089719 0.38824 1.827 0.58206 0.58311 -0.28803 1.7517 -0.27993 -1.7598 1.9725 -1.8635 0.45813 0.54776 -1.0979 0.3681 0.40179 0.30788 0.19722 -0.37865 -0.23898 0.55606 -1.2725 -0.67216 -2.3344 1.4556 -2.6858 1.0052 1.1939 0.47962 -0.70012 0.63056 0.067839 -0.21966 0.80108 0.77778 -0.51641 -0.46495 0.65949 0.71267 0.49352 0.90887 0.90044 -0.42728 0.6786 1.173 0.038125 -0.10562 0.83863 -0.085459 2.4401 
tallbarr -0.12109 -0.61345 0.088522 1.0085 -0.098101 0.88846 0.2264 -0.80205 0.37465 1.2406 1.3166 0.15005 1.1424 -1.9101 0.11147 1.7858 0.71476 -0.94595 -1.2476 1.8704 -0.85549 1.9321 1.1051 -0.34034 1.4429 -0.53201 -0.18785 -0.016244 -0.84937 1.1476 -1.2568 -0.30377 -1.2613 -0.16254 0.92294 1.1942 -1.2081 1.4845 0.92124 1.1975 -0.54051 -0.77029 0.99771 -0.30905 -0.17408 -0.28546 -0.74748 0.047618 -0.59157 -0.45161 -0.67202 0.37741 -0.025518 -0.046295 -1.0664 -0.6216 1.0707 -1.2315 0.20529 1.6953 0.1925 0.58112 -0.74652 -1.4331 -0.33424 1.3692 0.12157 -0.60566 -0.28233 -0.088852 -0.80648 1.1348 -1.241 1.236 -0.69738 -1.8788 1.0334 0.15244 -0.85917 0.55558 -0.94376 0.079881 2.0312 0.94997 -0.27168 -1.1677 -0.4139 -0.42566 -1.1265 0.11469 -0.12422 1.1239 -0.54586 -0.021958 -0.5032 1.2133 0.17196 -1.3215 -0.85111 0.44153 
mus -1.0452 -0.74956 2.6076 2.1892 0.11844 -0.57442 2.4333 -2.5794 -1.1218 0.22966 0.58943 2.6428 -0.61096 -0.1735 -0.64554 1.5862 0.52049 -0.90969 0.68244 1.5974 0.069368 1.6077 -0.37288 0.25686 -0.53847 0.24692 -0.28677 0.15414 -3.0235 -0.46858 -1.5287 -0.30192 0.11224 -2.377 0.55765 1.4167 0.77042 0.78732 0.61871 -0.57166 1.8565 1.8832 -1.7896 -1.2622 -1.7386 -0.40915 -1.8311 -1.4989 1.8211 1.1051 0.48291 -0.16123 -0.32003 -1.0334 -0.72482 0.14847 -0.10814 -0.76359 -1.1713 -0.35316 0.19689 -0.90041 0.00034155 -0.099856 0.73966 0.5936 0.16681 -2.001 -1.041 0.69795 -0.27242 -1.5448 -1.6473 -0.40747 -1.2889 -0.64268 0.46319 0.76848 0.55108 -0.36392 1.3848 1.6072 1.0847 -0.0066158 1.0643 -0.1607 1.3469 -0.32044 -0.28418 0.42257 -0.12304 0.79262 1.4232 -0.38657 -0.13949 -0.27644 0.96663 0.38542 0.39724 1.0205 
anis -0.049216 -0.63184 -1.911 -0.43166 0.061804 0.1841 0.6344 -0.1242 0.51809 1.4337 0.66536 -1.7471 -0.39867 1.3382 3.9443 1.1876 1.9207 -1.4331 0.28489 3.9467 -0.21626 1.4364 1.1981 -0.77427 0.95537 0.54281 -0.95718 -0.3653 -1.4453 0.82314 -1.6759 -0.82239 -0.58739 -1.3109 1.0144 0.16654 -1.1646 -0.22583 0.27795 0.61585 -1.9125 -1.1943 0.71317 -0.79924 -0.32269 1.0435 -1.0874 0.056964 -0.15968 -0.39689 -0.31404 -0.40984 0.38378 1.1467 0.92331 -0.25346 0.97513 -2.6615 -1.1516 1.7597 0.61745 0.86931 -1.1258 -1.5843 1.1333 0.77474 0.97536 -1.5578 -2.1427 0.15427 -0.8905 -0.75927 -0.22447 0.33035 0.75889 -2.375 1.4815 0.033089 -0.058757 -0.74658 -1.798 -0.6399 1.7773 0.81255 0.49638 1.009 -0.21588 1.2071 -1.2533 0.25132 -1.2145 1.2716 1.1799 -1.9812 -0.95832 0.18343 1.1423 1.0832 -1.0144 1.6069 
rom 0.039451 -1.7373 -1.1479 0.48628 -1.0668 -0.81157 -0.24119 0.25676 -1.5691 1.4047 0.70934 0.68636 1.954 0.75216 1.6054 0.86672 -0.706 0.053528 -1.1683 1.4954 0.51574 -0.20496 0.90596 1.5019 1.3392 0.42201 0.49306 0.90905 -1.845 -1.2525 -0.40406 0.37423 -0.30357 -0.85346 2.1418 -0.67034 -1.5599 -2.8795 0.4709 -0.31658 -0.28471 2.0073 0.79831 1.5931 -1.6449 0.29903 -2.0153 -0.11848 -0.40649 1.5535 -1.5772 -0.23241 -0.045538 0.045823 1.3558 0.36389 1.5304 -1.7668 -4.4113 2.317 -0.16405 0.8186 -1.0843 -0.55477 -0.75109 1.1023 -0.41892 -1.8097 -1.1654 -0.59374 -1.1134 -0.14439 -2.6076 0.71981 0.85071 0.20339 0.53624 -1.3063 0.39428 0.086754 -1.686 0.55521 1.7116 -0.18123 -3.1764 -1.0981 -1.2882 1.9958 -2.3009 -1.0063 -0.31575 1.5067 -1.1771 -0.50836 0.14347 0.17768 1.4636 0.19308 -0.36244 1.4342 
bark 0.25986 -0.35678 -0.1776 0.83032 -0.85888 0.73427 -0.85807 -0.55351 -0.46217 1.3843 2.445 0.56121 -0.15287 -2.0862 -0.54317 1.9627 1.3719 -0.33016 -0.4031 3.2324 -1.3076 0.01829 -0.069305 -0.69256 1.356 -1.0209 -1.1492 1.2113 -1.7449 0.29041 -1.1125 0.15538 -0.72159 -1.4201 1.4838 0.10443 -0.97585 2.0257 1.2777 1.2755 0.23716 0.47337 1.21 -0.56381 -1.3777 -1.6623 -2.6497 -0.39277 -1.496 -1.2346 -2.0218 0.29136 0.55813 -0.26501 -1.5777 0.48599 1.2657 -3.013 0.38083 1.1482 1.0456 -0.73176 -0.38214 -1.6761 -0.42125 1.1005 0.76712 0.5335 -0.91794 0.28046 -0.66177 0.42833 -1.1787 2.4253 -1.3149 -1.2774 0.10323 0.66197 -1.2908 1.138 -0.60781 1.6498 2.3995 0.4136 0.70686 0.45572 -0.18623 -1.1687 -0.8868 -1.3413 -2.271 1.9932 -0.12656 -0.77953 -1.5379 1.7708 0.19686 -1.8303 -0.91086 2.3459 
morot 0.43616 -1.5202 -0.85561 0.10702 -0.3472 -0.49701 0.32543 -0.61197 -0.79938 -0.018126 0.3579 0.76204 -0.10919 1.2054 0.93166 1.8743 -0.55636 -0.94908 1.0846 0.27239 0.012491 0.8503 0.40843 -1.5513 0.011639 0.86467 -1.1705 0.26016 -2.5622 0.30138 -0.53365 -0.47382 0.72194 1.5147 1.2585 1.4888 0.48514 -0.095197 -0.54598 0.50875 -0.062319 -0.74396 -0.22813 -0.57074 -0.9028 -0.24522 -1.4344 1.0095 -0.13824 0.43467 0.057481 0.51162 1.9432 0.22894 0.8329 0.92528 -1.0309 -1.9876 -1.1016 0.44959 1.489 0.64999 0.27088 -0.56471 -0.98745 -0.31647 0.17893 -0.30272 -0.64886 -1.0578 -0.13814 -0.064687 -0.23543 -1.7301 0.53705 -1.5498 0.90701 1.6832 0.14251 0.67205 -0.71743 1.0273 0.5228 0.10755 -1.0282 0.43665 0.56365 -0.26598 -0.37125 0.15926 -1.3041 -1.1616 -0.29882 -0.68448 0.32107 -0.67341 0.56021 -0.27437 -0.37834 1.5617 
lösningsmedel -0.51171 -2.1321 0.3371 1.12 -0.75393 -0.62425 -0.070071 1.2678 -0.69459 0.65474 0.34104 -0.45783 0.13367 0.43495 1.9316 -0.42019 0.56015 -0.20246 -0.055605 1.5299 0.51067 -0.34071 -0.71082 -1.1205 -0.24056 0.87702 -0.58761 -1.0021 0.015268 -0.13661 0.016227 1.075 -1.114 0.54013 -0.59717 0.76426 0.42696 0.59485 -0.87457 -0.34888 0.46274 -1.5997 2.3968 -1.0014 -0.47039 -0.27113 0.20546 0.42256 -0.34392 -0.1572 -0.45363 0.11204 0.59992 -0.76361 0.32693 0.23607 -0.00040416 -1.525 -1.455 0.31679 -1.0447 -0.151 0.63623 0.096282 0.50605 1.8953 0.38568 -1.3208 0.21092 -1.3697 -0.26972 0.099445 0.99852 0.59166 0.34689 -0.092888 -0.31593 1.0875 0.0012381 -0.63199 -1.1685 0.49852 0.43269 -0.62498 -0.58278 -0.22607 1.5012 0.66448 -0.62765 -0.14592 -0.4287 1.8974 -0.49439 0.76081 -0.86596 -0.49187 2.2418 -1.0218 0.39975 1.2192 
lim -1.0051 -1.4931 1.3618 -0.22693 -0.60245 -0.35588 0.035943 -0.80842 -1.6166 -0.30442 -0.51652 -0.65107 -0.17222 -1.3337 3.4512 -0.58788 0.49041 -1.7514 -1.5311 1.7411 0.59773 -0.050197 -0.40688 -1.6365 -0.8438 0.45941 -0.79191 0.46048 -0.93974 -1.7641 0.1471 0.49106 -1.6696 0.22027 -0.34795 0.5675 1.3712 0.17244 -0.77708 0.42457 -0.81143 -0.017256 1.6103 -0.91745 -0.70625 1.3396 -0.70991 -1.0704 -0.19177 -0.14131 -1.7919 0.43496 -1.2871 -2.033 0.88723 0.22052 0.35244 -2.1763 -1.3073 0.73949 -0.99755 0.10799 -0.57571 0.59848 0.26835 0.63947 0.39401 -1.7357 -1.5143 1.0225 -1.1603 -0.50476 -0.051898 -1.134 1.8424 -0.42741 -0.23483 0.08128 0.40458 -0.30179 -0.94487 -0.38617 1.2654 -1.487 0.78963 -0.91854 0.0068778 -1.5866 2.1008 0.20917 1.0195 0.65467 0.57069 1.2361 0.7205 0.82588 0.66302 0.74841 -0.51745 2.1358 
ogräs 0.70708 -1.7933 0.14243 -0.69609 -2.1534 2.4058 0.34701 -1.0687 0.19517 0.15486 1.0233 0.22494 -1.3979 -0.034884 -0.37484 2.2468 -1.675 -0.040245 -0.67597 0.4677 0.30411 -0.79249 0.51931 -1.8901 1.4997 0.88196 0.11827 1.769 -0.95707 1.991 -0.9027 -0.74548 0.80846 0.5776 -0.45057 -0.020281 -0.36235 2.1407 -1.2587 1.6461 0.54603 0.71475 0.38707 -0.73971 0.33632 -2.0332 -1.316 0.11351 -1.3623 1.7205 -0.34895 -0.34942 0.38766 -0.85096 -0.21072 0.16207 0.55371 -2.0686 -0.19542 1.2156 -0.10686 0.096663 1.945 0.23375 -0.56389 1.6308 0.47229 1.747 -0.32352 0.39123 0.64672 -0.10401 0.12433 0.77617 -1.2202 -3.6708 2.5176 1.7939 -0.06611 1.1987 -0.095523 0.97461 0.87661 -0.38026 0.87026 -0.85892 1.7757 -0.7855 -1.2517 0.74607 0.93328 0.12734 -1.2281 -2.048 -1.7257 2.0751 -0.32201 -1.0295 -1.1825 -0.2863 
senap -0.81282 -0.40728 -0.42153 0.13418 -0.23383 0.96084 0.83752 -1.3046 -1.7768 -0.53672 0.23995 1.0468 0.52506 0.54011 2.3555 1.6685 -1.2483 -0.33511 0.92682 0.49847 1.9627 1.1209 -0.32347 -0.88532 -0.55108 1.2478 -0.32741 0.043948 -2.0784 -0.068782 -0.19988 1.0261 -0.21837 -1.4401 1.2144 1.0561 0.78934 -0.77388 0.55063 0.29488 -0.033318 -0.67557 0.6315 0.85578 -0.6433 -0.55403 -1.3547 -0.043534 -1.0742 -0.5023 0.37956 0.84719 1.2807 -0.25869 1.4715 -0.31685 1.8315 -1.3808 -0.050387 0.24604 1.3825 0.15106 -0.92722 0.3545 -0.32788 1.3684 -0.56545 -0.53175 -1.9573 -1.1365 1.0642 -0.29361 1.1292 -2.4827 0.48667 -1.7623 0.27665 1.3791 0.40106 -1.0531 -0.69824 -0.29899 0.39582 0.39565 -1.4073 0.02425 -0.64826 0.63562 0.39446 -0.8211 0.1956 0.031284 1.7782 -0.70189 0.95154 -1.2747 1.5436 0.83793 -0.35652 0.44339 
cologne -1.3864 -0.85352 0.74611 0.06188 0.59679 -1.5784 -0.2376 -1.1621 0.70223 -0.17729 2.658 -0.41475 -1.1088 -0.62505 0.82013 -1.3754 0.98398 -0.9965 -0.69795 0.46995 -0.33779 0.47036 0.47503 2.063 0.71641 0.25385 0.17649 0.61842 -1.2188 -1.0557 -1.7962 0.12569 -0.31492 -0.28103 1.2994 1.1664 -1.0438 0.20018 1.5659 -1.3181 -0.68099 0.31443 1.5061 -1.7199 0.7023 0.20035 -0.91764 0.76905 -0.88591 -2.1242 -0.31477 -1.2636 -1.1372 0.90555 0.42449 1.2898 0.5358 -1.3561 -1.2065 0.77861 0.33078 1.2864 0.33622 0.89086 0.20701 0.74158 0.23069 -0.33381 -2.0634 -1.5962 -0.42742 0.13276 -0.10699 -0.72781 -0.21254 1.2713 -0.98373 -1.3958 1.4108 -0.55273 -0.75102 1.2808 0.59853 -1.7983 -0.14272 -1.816 1.1521 1.7283 0.97426 -0.27261 1.0707 1.9733 -0.91422 0.34112 -0.87601 -0.40365 0.25746 1.8888 0.53735 1.2626 
geranium 0.78499 -1.0974 -1.7644 0.039133 0.14397 -0.075318 0.11239 -1.0283 0.7149 1.5224 -0.058411 0.059132 0.077196 0.29609 1.5348 0.5054 1.0263 0.30623 -0.036523 1.7913 -0.96235 1.0716 0.53265 -0.78369 0.30638 -0.023768 -1.6328 0.24942 -0.89098 0.24472 -1.3417 -0.17034 0.010301 0.56791 -0.2265 0.33806 -1.4799 0.26652 -0.11441 -1.1091 0.378 -0.003522 1.4118 -0.97597 1.1529 0.35062 -0.12156 0.65419 1.4555 0.35609 -0.90854 -0.65292 -2.0637 -0.42155 0.31629 1.1078 0.43074 -0.76608 -0.91564 1.2737 1.2328 0.0049806 -0.21596 0.12201 0.75487 0.69908 0.15526 -0.35427 -1.051 -0.70542 -0.91998 1.5693 0.00053369 0.3681 -0.014032 -0.26904 0.58436 0.86548 -0.96462 0.82373 -2.1621 0.49464 2.6779 -0.98705 -0.11682 -1.0969 0.87008 1.2845 -1.0633 -0.10884 -0.076578 0.52739 -1.3364 -0.26331 0.78253 0.47823 1.5693 -0.76401 -0.74803 1.0204 
pepparmint -0.57217 -0.23838 1.2328 0.3125 -1.1157 -0.20176 0.9427 -1.4855 0.69257 1.2434 0.62982 -0.098948 1.3364 1.0138 0.80848 0.90778 -0.37043 -0.41099 -0.071146 1.389 -0.065948 1.4075 0.64358 -0.88741 -0.51647 1.2974 -1.6164 -1.2047 -0.27662 0.35869 -1.5755 -0.55802 -0.5208 0.45493 0.51571 1.01 -0.82919 1.0354 -0.13372 -0.60455 0.18759 -0.77181 0.57652 -1.6833 0.57409 0.96253 -0.62389 -0.37442 -0.2584 -0.029398 -2.3634 0.54812 -0.71897 -0.17821 -0.4587 0.6119 0.80651 -1.1526 1.0741 1.6755 0.6038 -0.081804 -1.1474 -0.61043 -1.2696 0.27909 0.14763 -0.58033 -1.21 0.59342 -0.48867 0.20645 0.55614 -0.73347 -0.22109 -0.42426 0.97721 0.13265 0.48482 0.59494 -2.2368 0.27196 2.7681 -0.14959 -0.52896 -0.55491 0.83059 0.0092282 -0.49715 0.53215 -1.5586 -0.56491 -0.83091 0.47161 0.58601 0.030553 0.72863 0.62299 -0.18893 1.1349 
selleri 0.86837 -1.5625 -0.17342 0.67914 0.58507 -0.73874 0.26004 0.46789 -0.31388 -0.16277 1.3903 0.2608 0.20742 0.50032 3.1542 0.3487 0.54912 -0.68729 0.1555 0.26897 0.63222 -0.011133 -0.58908 -0.34598 0.27698 0.14871 -0.27273 0.16567 -1.1483 0.23444 -0.19762 -0.31913 0.056931 -0.3074 0.21833 0.017388 -1.0516 -0.049657 -0.87056 -0.084134 -0.9569 0.039666 1.2744 0.25649 -0.39159 -1.146 -0.41188 0.17591 -0.71019 0.13287 -0.8856 -0.74666 1.8759 0.11414 0.94882 0.20654 -0.178 -1.8839 -1.1852 0.51039 -0.51393 0.2779 -0.29753 0.10549 -0.55549 0.61167 -0.090264 -0.94674 -1.6419 -1.597 -0.67967 0.45552 0.65416 -1.009 -0.38431 -0.99196 0.84344 1.2524 -0.45042 0.41006 -1.0286 1.3042 1.2365 0.53158 -0.51975 -0.96347 -0.043863 0.45092 -0.64552 -0.75442 -0.78755 1.3766 -0.31257 0.037407 -0.18177 -0.010169 1.0842 -0.31635 -0.28989 0.78287 
popcorn -0.49599 -0.96159 1.0955 0.14107 -0.48767 -0.30728 1.8177 -0.86549 -0.77795 0.22352 -0.4606 0.2746 2.0052 0.33958 0.77106 1.0658 -0.57063 -0.59123 -0.050307 -1.0797 -1.2248 1.2396 0.32638 -0.25659 0.21209 0.49065 0.17277 0.36483 -1.2289 0.42676 -0.34444 0.49343 -1.3123 -1.141 0.22479 -0.65492 0.47612 0.36098 -0.75211 0.48887 -0.01244 -0.013019 -0.017848 0.11374 -0.724 -0.80831 -1.3115 -0.22677 -0.68781 -0.30441 -0.69868 0.75992 1.0066 0.033851 0.89555 0.02026 -0.95672 0.12423 -1.0932 1.1814 0.3405 0.46034 0.30331 -1.9188 -0.41128 0.017285 -1.4337 -0.7353 0.042713 0.9207 -0.38823 -0.82744 -0.96472 -0.043967 0.79591 -1.0897 -0.78802 0.97387 0.95414 -0.34534 0.061983 -0.71018 -0.28106 0.33545 -0.067816 -0.77785 -1.7573 -0.81564 -1.0929 0.13809 0.62029 0.70583 0.5043 0.5293 1.0851 1.589 0.60904 0.62294 0.70998 0.11273 
rep 0.049624 -2.0184 1.1371 0.65458 -0.4674 0.11709 -1.3967 -1.18 -0.37688 0.83634 0.69883 0.097503 -1.395 -1.747 -1.9964 -2.8123 0.12452 0.74617 -0.50322 1.8143 -0.96191 -0.18703 1.1235 -1.4492 0.57895 -0.2132 -0.3941 2.2733 -1.5466 0.4912 0.18895 0.22065 -1.0983 0.068337 1.2151 1.1464 1.4854 1.4535 0.93387 -0.70331 -1.1458 -0.79952 2.2105 -1.0089 0.52319 0.59017 -0.62649 1.252 0.68705 0.35892 -1.6043 0.67621 0.1267 -0.67936 1.2905 0.27914 0.642 -1.1938 -0.67295 -0.59145 2.1132 0.65026 -0.67949 -0.88552 1.2049 -0.66637 0.54242 0.091741 -1.9179 -1.0654 -1.1812 1.0001 -2.2454 -0.45815 -1.091 0.22159 -1.3667 0.31626 -0.4317 -0.4352 -0.33111 1.0154 -0.33893 0.68072 -0.54361 -0.12772 1.6079 0.053513 -0.1284 -1.3422 0.89181 -0.024699 -0.47709 -0.55 -0.90028 2.154 1.6936 -0.82509 -0.53489 1.7554 
desinfektionsmedel -0.22024 -0.82929 0.87044 0.3759 -1.1567 -0.54881 0.20673 1.4638 -0.54153 -0.017139 0.073274 0.085374 -0.15022 -0.5631 0.71679 -0.49814 0.56662 0.85538 -0.35437 0.82358 1.0369 0.37277 0.10692 -1.4469 -0.48759 1.1558 -0.9488 -1.1203 -1.2879 0.22166 -0.80109 0.47246 -0.14535 -0.34121 -0.47495 0.75431 -0.0053543 0.52877 -0.37 -0.41443 0.19205 -1.4516 1.2979 -1.8228 0.82513 -0.36267 0.31438 -0.052225 -0.27357 0.15604 -0.25474 -0.5688 -0.13323 -0.45492 0.45399 0.095459 0.074487 -0.48857 -0.81218 0.49033 -1.0346 -0.94789 -0.26986 0.62238 -0.10744 0.75703 -0.4571 -1.0001 -0.081475 -0.85775 0.012343 -0.52755 0.7201 -0.4223 0.65616 0.059496 0.28584 1.2276 0.11031 -0.32328 -1.1501 0.26768 1.1217 -0.19984 -0.083581 -0.11029 1.6467 1.1091 0.20656 0.098458 -0.42442 0.50786 0.2416 0.45212 -1.0127 0.21925 0.96589 -0.57888 -0.060261 1.0155 
violett 0.34316 -0.90399 -1.985 -0.83897 -0.14675 0.65119 -0.22182 -1.1303 1.2547 1.1284 0.38753 -0.35387 0.50166 0.79177 0.28504 0.70784 1.1391 -0.041287 -0.46386 0.58354 -1.3078 -0.54742 -0.59923 -0.62784 -0.14138 -0.20501 -0.24724 -0.1573 -1.8511 -0.24543 -1.584 0.54522 1.0988 -1.0347 1.849 0.096225 -1.2429 0.54455 0.2321 -0.84329 0.42958 0.86904 -0.5775 -1.0758 -0.29666 -0.21399 -1.131 -0.095615 0.31206 -0.31681 -0.084926 0.0080132 -0.40915 -0.88226 -0.58559 1.3296 0.52786 -0.96293 -0.66565 0.07454 0.19171 0.46981 0.77689 -0.19116 -0.14045 0.86385 -0.2974 0.04626 -0.89587 -0.51833 -0.75643 0.80657 -0.30746 0.069708 1.3049 0.11311 1.1759 0.38365 -0.37904 0.79196 0.024887 1.2044 1.0715 -0.5104 -0.41084 -0.86262 0.70324 0.92424 -1.0268 -0.46173 0.26005 0.54154 -0.96308 0.10331 -0.025449 0.78265 0.20112 -0.83416 -1.2676 0.8169 
valnöt -0.36784 -1.0677 -0.96846 0.48976 0.38946 -0.5349 1.7362 -0.17838 -0.7569 0.84869 -0.1279 -0.29031 0.66634 0.26216 1.3501 1.3344 -0.65118 -0.51612 0.93779 0.51898 -0.64895 1.4153 -0.21327 -0.42752 1.3303 -0.27847 -0.93968 -0.36653 -0.60046 -0.14384 -0.56857 -0.6457 0.013626 -0.37463 1.3057 -0.011447 -0.6644 0.19657 -0.23802 0.28915 -0.93572 0.67775 -0.11815 0.17533 -0.69677 -0.047841 -0.055932 0.45334 0.49713 0.055529 -0.53752 1.3087 -1.0025 0.70346 0.029197 -0.3258 0.22935 -1.7974 -0.91328 1.3135 1.3526 -0.0063367 0.4208 -1.5148 -0.032435 -0.678 -0.099273 -0.38007 -0.40254 0.30648 -0.47004 -0.14521 0.42195 -0.06461 1.4675 -1.2899 1.4508 -0.50765 0.80977 0.0137 -0.84091 0.57809 0.29019 0.25929 0.002248 0.47678 -1.0317 0.34906 -0.53735 -0.93198 -0.83984 -0.54288 -0.082821 0.401 0.13652 0.16975 0.15614 1.1859 -1.6361 1.1806 
vinäger -0.61807 -0.67082 0.6965 0.12567 -0.11931 0.96702 0.5211 -0.81512 -0.9465 -0.32415 0.39572 -0.035655 0.30224 0.44422 0.092812 -0.42185 0.74151 1.3041 0.57096 0.25251 0.24869 1.0695 1.5638 0.06493 -0.48126 1.4391 -0.60572 -0.88498 -1.1305 -0.036649 -1.5392 0.41861 -0.90085 -0.13681 0.21102 -0.34744 0.36824 0.46182 -0.90305 0.018913 0.82258 -0.8763 1.1783 -0.98437 -0.21084 -0.40471 -0.43036 0.34645 -1.3033 -1.5204 -1.1351 -0.096049 1.2834 -0.62322 0.97716 0.40352 0.56802 -1.1444 -0.74502 0.928 -0.12188 0.25452 0.53375 -1.0416 -0.084522 0.4877 0.59457 -0.3223 -1.2655 -0.83004 -0.40336 -0.05967 -0.46514 -0.9642 -0.34708 -0.74314 0.43748 1.3502 0.62959 0.16894 -0.47607 0.73685 0.60084 0.92235 -0.18049 -0.95888 0.25715 1.2167 -0.40552 0.67079 -0.47267 0.63022 -1.5657 0.1868 -1.0535 -0.32415 -0.53113 0.31739 -0.25226 -0.63264 
kamfer -0.59643 -0.55631 -0.38691 0.54035 -0.14902 1.0901 0.11151 -1.4074 -0.73165 0.76164 0.16838 0.037561 -0.5151 0.039059 -0.10159 0.58323 0.50325 -0.40568 -0.35025 1.1593 -0.49391 0.82743 0.53341 -0.26491 0.40066 0.39794 -0.11309 -0.12879 -0.65406 0.27236 -0.43726 0.35029 0.79558 -0.20303 0.51981 -0.11111 0.013215 0.66266 0.23562 0.3586 0.35407 -0.53584 0.24535 -0.95069 -1.0787 -0.21739 -0.73121 -0.15158 0.41445 -0.24157 -1.1867 -0.60543 0.082565 -0.58137 0.2791 0.21197 0.63991 -1.5331 -1.2903 0.29924 -0.33607 -0.021979 0.24783 -0.1336 0.23352 0.71449 -0.12928 -0.31108 -0.99816 -0.50018 -0.65805 0.08798 -0.44761 0.34336 0.20806 -0.68188 -0.037884 0.65789 -0.12453 0.43421 -1.0095 0.85384 0.89314 -0.17264 0.16038 -0.55946 0.34964 1.3066 -0.85416 0.047718 0.35075 0.24667 -0.69275 -0.32388 -0.10078 -0.26838 0.055789 -0.16658 -0.21567 0.71591 
terpentin -0.38787 -0.54691 -0.27238 0.19084 -1.1823 0.2775 0.20221 -1.0004 -0.21064 -0.35202 -0.10165 -0.077384 -0.021435 -0.054005 1.1868 0.35189 0.76557 -0.99133 -0.77973 0.747 1.1367 0.78163 -0.81703 0.39625 0.071203 0.22903 -0.21009 0.69152 -1.1493 -0.098284 -0.063983 0.3595 -1.0723 -0.28988 -0.47494 0.57351 -0.58639 1.2036 0.32977 0.48149 0.93876 -0.30923 1.2668 -0.79235 -0.39051 -0.47789 0.090268 -0.51359 -0.66295 -0.8904 0.02585 0.41823 0.52481 -0.99734 -0.12197 0.62686 1.6604 -1.8479 -0.97896 -0.40923 -0.23906 0.031694 0.41465 0.11767 0.60691 -0.15626 0.31996 -1.1272 -0.91428 0.097817 -0.61746 0.59146 0.029351 0.45214 1.1534 -0.32786 0.54947 0.65209 0.63324 0.89004 -1.6615 0.12037 0.45754 -0.45803 0.18991 0.56314 -0.33984 0.48204 -0.095471 0.18567 -1.662 0.050954 -0.46611 0.39573 -0.6333 -0.2728 1.2486 -0.81651 -0.68978 -0.021169 
kreosot -0.010323 -0.64688 0.065199 0.029718 -0.19326 -0.16605 -0.26426 0.29629 -0.21802 0.059354 -0.1126 0.47433 -0.16715 -0.34005 -0.058616 0.61013 0.44908 0.33764 0.11137 0.24568 -0.20533 0.47592 0.11206 -0.58842 -0.02315 0.396 -0.4754 -0.38803 -0.45902 0.34125 -0.38392 0.16651 -0.11164 -0.46072 0.42809 0.13962 0.18956 -0.020545 0.073807 -0.2916 -0.30948 -0.28517 1.1333 -0.25048 -0.65832 0.069897 -0.68241 0.18457 -0.29675 -0.40189 -0.86115 0.29972 -0.098674 -0.68228 0.31766 0.72051 0.77156 -0.76902 -0.34714 0.34098 0.00085098 -0.059841 -0.1752 0.36885 -0.21855 0.06581 0.042702 -0.28937 -0.64955 -0.01382 -0.38664 -0.37322 -0.59643 0.1818 0.042949 -0.51368 0.31861 0.34424 0.056858 0.93126 0.08612 0.90983 0.26315 -0.099377 0.10851 0.08378 -0.70625 -0.094215 -1.2033 -0.48871 0.35818 0.25084 -0.74947 -0.28409 -0.18991 0.43084 0.73203 -0.32955 -0.42964 0.54687 
ananas -0.28159 -1.5938 0.03314 0.059047 -0.82628 -0.018301 1.7057 0.86141 0.5685 0.63757 0.69647 0.22343 0.44336 0.49282 1.1798 -0.41497 -0.090961 0.19293 1.1571 0.79265 -0.83781 0.92055 1.1363 0.32891 0.31818 -0.44624 -0.45899 -1.9708 -1.4071 0.27047 -0.683 -0.9492 0.21234 0.71886 0.97594 1.6062 -0.88768 -0.63065 -1.5892 0.6052 0.10864 0.31167 -0.034352 0.54599 0.28278 0.24573 -0.50164 -0.063789 0.69262 0.79332 -0.69389 0.47372 -0.65177 0.26698 0.28884 0.89806 2.0056 -1.2699 -1.413 2.2953 -0.60097 1.0063 -0.11827 -0.5702 -0.13015 0.39068 0.70435 -1.0695 -0.33275 0.14057 0.26824 -0.60484 -0.63129 -1.1382 0.66111 -1.133 0.058784 0.86648 0.60104 -0.092185 -0.19823 -0.80946 0.86217 1.0877 0.085685 -0.087676 0.3066 0.60085 0.16167 0.95502 0.82414 -0.74945 -0.89175 0.18548 0.20089 0.22685 0.45208 -0.33424 -0.80102 0.88458 
jordnöt -0.37092 -0.45133 0.14256 -0.13606 -0.7683 -0.42995 0.19163 0.79842 0.37123 0.92517 0.60956 -0.11628 0.59533 0.4371 1.1828 1.0971 0.4799 -1.2117 0.34418 -0.41149 0.23507 0.32449 0.22337 -0.40941 0.43543 0.31222 -0.70916 -1.0517 -0.94699 -0.5234 -0.20459 -0.62069 0.029881 -0.20839 -0.50827 0.51214 0.33988 0.29519 -0.54733 0.27925 0.10876 -0.26118 -0.077087 0.71063 -0.58888 -0.44084 -0.26138 -0.054958 -0.70778 0.050726 -0.053677 0.47515 0.51944 -0.79668 0.2373 -0.48346 1.0619 -1.3116 -0.80451 0.1821 -0.063857 0.37327 -0.14362 -0.027939 -0.27202 0.011659 -0.16023 -0.34104 -0.24842 0.036921 -0.29565 -1.2442 0.70341 -0.084964 0.61647 -1.7788 1.5616 1.1612 0.7164 -0.35778 -1.7977 0.053417 0.70278 0.41364 -0.41076 1.1373 0.11142 -0.99391 0.18561 0.041112 0.191 0.57685 0.17114 0.016015 0.22452 -0.022114 0.19157 -0.41003 0.11107 1.2502 
ceder 0.0094693 -1.0382 -0.50058 0.85704 0.038508 -0.15083 0.35287 -1.2061 0.84793 1.3128 0.14998 0.11575 0.21891 -0.63481 0.5526 1.6566 1.6166 0.81065 -0.58412 2.2894 -0.55237 2.2319 0.2021 0.22661 1.8778 0.78316 -0.28702 -0.82459 -0.94699 0.82334 -0.47283 -1.1491 1.2426 -1.1272 1.8378 0.67229 -1.1729 0.31115 1.1843 0.3898 0.46898 -0.27729 0.11377 -0.46272 0.13038 -0.2 -0.25036 -0.13926 -0.41091 -0.36344 -1.1778 0.3174 0.52043 0.088677 0.41653 0.4321 0.63071 -1.6367 -1.0822 0.47796 -0.43454 -0.21189 -0.6247 0.14045 0.73672 0.39608 0.18883 -0.024789 -1.7083 0.64189 -2.4361 -0.028772 -0.47107 0.60328 0.068848 -0.68622 0.31927 -0.037866 0.21512 0.88027 -1.1922 1.3787 2.0864 -1.5036 -0.26604 -0.78743 1.0331 0.050454 -1.6292 -0.075729 -0.6323 -0.29691 -1.3025 0.19499 -1.1601 -0.2314 1.0618 -0.079403 -0.77808 1.7764 
fotogen -0.7902 -0.28109 -0.82899 0.33532 -0.3257 0.57425 -0.054568 -1.3188 1.009 0.40355 0.28098 0.75528 -0.50448 -1.309 0.17968 0.21059 0.3883 0.13153 -0.14843 1.0085 0.40397 -0.48912 -0.694 -0.62501 0.48212 -0.21618 0.49779 0.95643 -1.3728 0.7844 0.45284 0.31856 -0.62834 -0.66547 0.4374 -0.63128 -1.1839 0.61422 -1.1264 0.34975 1.4951 0.52266 0.33273 -0.3663 -0.51554 -0.82549 0.50378 0.093153 -0.61533 -0.045815 -1.0081 0.75793 0.071084 0.29818 -0.10293 0.66695 0.6556 -0.61488 -0.86546 0.27627 -0.019292 -1.3096 -0.40708 -0.3425 0.76939 0.74869 0.10486 0.1721 -0.86236 -0.26621 0.2812 0.62739 -0.26757 -0.18822 0.34477 -0.78555 1.1576 1.0147 -0.59167 0.30338 0.087043 0.071771 -0.16858 0.70446 0.67232 -0.34833 -0.67141 -0.26935 -1.2932 -0.61457 0.4702 -0.78976 -1.1116 -0.014388 0.64084 1.3091 0.013581 -0.062182 -0.31711 -0.96237 
