95 100 
parfym -1.2165 0.16093 0.71978 0.61001 0.54386 -0.7832 -0.62965 0.92872 -0.59882 -0.54823 -1.7717 -1.0177 -0.44361 1.3187 2.0994 -1.2337 0.91043 -0.93342 -0.03301 -1.4673 -0.31606 -0.74369 0.35684 1.0018 -0.78525 -0.44596 -0.43353 0.79602 -1.7638 -0.13389 -1.7317 -1.2935 -0.71939 -0.97398 -0.1062 -0.65825 -1.5701 1.2731 -0.44099 -0.16367 -0.10879 -1.6149 -1.9102 -0.76962 0.75924 0.01748 -1.1535 -0.7073 1.0064 0.63696 1.7424 1.2442 -2.2402 -0.78421 -1.0481 0.39293 1.7736 2.2545 -0.37132 -0.081779 -0.0112 0.045107 1.3385 2.0724 1.3763 -1.5985 -0.77696 0.50259 -0.14241 -1.3878 -0.82396 0.45254 0.52859 1.8495 0.056256 0.60419 0.93593 0.16195 -0.23491 -0.58969 -1.9512 -0.39773 0.44322 0.65571 -0.54223 -1.1758 2.7646 -0.92409 -1.0817 -0.42094 -1.4831 -0.54857 -1.535 2.3526 0.59465 -0.084692 0.16128 0.93193 -0.60039 1.9283 
vanilj -1.9282 0.59421 -0.064107 -0.9905 1.4584 -1.4337 -0.40796 0.46554 0.74382 0.44831 -1.0419 -0.40009 1.2428 1.7162 3.4556 1.3819 0.21607 -0.50425 -1.2434 -1.2826 -0.97801 -0.44489 -2.2074 1.791 3.0445 -0.33954 0.63983 1.0576 -1.4311 0.84397 -1.7616 0.38349 -1.1991 1.3232 -0.06512 0.77874 -0.93521 -0.08154 -1.8357 0.62835 0.67196 -1.0662 1.47 -0.9448 1.2602 1.2136 0.023509 0.80158 0.24271 -0.028065 0.40303 0.62567 -1.0102 0.22791 1.0852 1.6907 1.6379 -0.56904 -0.94675 -0.23133 1.6645 -0.22681 -0.73436 -1.2721 -0.44548 -0.58299 -0.39444 -0.6706 0.51644 1.277 -0.31133 1.1372 -1.3914 1.4384 1.529 -0.89865 0.76917 0.67734 0.85508 -0.69135 -1.2901 0.32078 1.6182 2.0805 -0.19154 0.57175 1.0042 2.1718 -1.2926 0.49459 -1.2351 0.01274 -0.87783 1.7953 0.71564 1.5125 0.73225 -0.15057 -0.052542 -0.016864 
rök -0.21656 -4.1769 1.445 0.31149 -1.1548 2.2839 -2.5683 2.5735 -4.8536 -1.4702 2.1815 -1.942 -0.008772 -3.055 0.49713 -0.69976 1.9704 1.7523 2.0382 0.47923 4.5105 0.5379 -2.1844 0.34163 -0.54458 4.5298 -4.308 -3.5386 0.40392 -0.46265 -1.3889 1.7205 -0.73762 0.02204 -2.9144 -0.62118 0.66165 4.2675 1.4905 3.3289 -0.73304 0.69527 0.15318 -3.6814 -0.9308 -1.1865 0.46498 -1.1653 -5.826 0.20451 -1.0802 5.9336 4.0986 2.1 -0.67558 -2.6278 3.4951 0.73646 0.021192 1.8301 -2.08 -3.2339 2.1006 1.9708 0.75894 2.073 0.045857 0.45313 -1.592 -1.2932 -2.0864 1.3119 -1.1374 3.8692 -1.0761 -8.3183 -1.6341 0.04173 -1.8043 -0.50676 0.72495 -0.61686 0.6159 0.98711 -1.6047 -1.4163 -4.6016 -0.71514 -4.5952 -2.8429 0.59054 0.92787 3.1167 0.3102 -0.42431 3.2143 -1.1513 -0.05898 -3.258 2.402 
kaffe 0.64295 -1.85 -1.1355 -0.86758 -1.1228 -0.7421 -1.0211 -0.46782 -0.35489 -0.40546 0.70768 -0.25928 1.1367 0.35744 2.6046 2.295 0.12885 1.1275 -1.109 -0.31201 -0.55909 -0.87029 -1.3267 -0.28682 1.8774 1.0262 1.5041 -2.1518 -1.2175 -0.58898 -1.9773 1.031 0.8508 0.87689 -0.09802 0.76979 -0.054804 -0.61129 2.1699 1.776 3.2595 -0.13619 2.02 2.8284 -2.3403 -2.0208 -0.91325 0.17491 -0.51242 0.02128 -0.20305 1.916 -1.1708 0.90542 1.1148 -0.9376 0.40547 -1.4541 -1.9994 2.1382 -2.1205 -0.81997 -0.085389 -2.2906 -1.1368 -1.0833 -0.24605 -1.001 -0.88347 1.771 3.7302 2.8271 -1.4966 0.4679 1.572 -5.5406 2.0996 -0.12944 -0.0030051 -1.1323 -0.016292 0.97117 -0.77402 0.2615 -2.3361 2.18 0.13657 -0.27314 -0.74379 1.2253 2.3673 1.4878 -0.26059 -0.066776 0.71496 0.27809 -0.33271 0.65816 0.77906 -0.24022 
choklad -0.97728 0.057115 -0.91309 -1.2868 0.65325 -1.0055 -0.43021 -0.26925 0.20734 -0.33089 0.52239 -0.28489 0.46662 1.4393 2.3845 1.8074 1.1963 0.14158 -1.3457 -1.1873 -0.85774 0.55651 -2.2185 0.00087605 1.8622 -0.23547 0.42243 -0.75905 -0.63822 0.16054 -0.94419 0.015215 -0.46066 -0.027707 0.90085 0.36625 -0.24179 -0.55728 -1.3101 1.1813 1.7417 -1.2622 1.4979 1.3776 0.43318 0.53394 -1.0307 0.94648 -0.80943 -0.29355 -0.26543 1.7891 -1.4474 -0.76094 1.2352 1.1103 1.4451 -0.65235 -1.2234 0.10947 0.076445 0.24013 -1.2416 -1.028 -0.24628 1.4526 -0.13808 -2.0504 1.162 1.4535 1.9741 0.61788 -1.3907 1.4765 1.0508 -1.7396 1.2669 1.5747 1.2264 -0.69512 -1.6319 0.12213 1.5098 1.9821 0.23665 1.2886 1.1577 0.70024 0.10746 1.2092 -0.028347 -0.18581 0.51289 1.3567 -0.43122 2.2582 -0.33711 0.023133 0.59172 -1.3231 
vin -0.70128 -1.9101 2.6508 1.8517 -2.3676 -1.123 -7.0547 -3.1396 -5.1832 -1.7854 0.19769 -3.1638 0.7254 1.2147 7.1631 -0.094786 1.5763 2.9599 -1.4215 0.12818 2.1312 2.5129 -2.3374 6.6138 -4.8308 -1.9278 3.1661 7.1452 -4.1366 0.06069 -2.302 0.054323 -0.031 -7.002 1.4391 -1.6516 -3.0557 1.6198 0.7817 -0.46606 5.2773 1.9149 2.9428 1.3194 1.1508 2.7745 4.103 3.3882 -2.2172 -2.2501 2.645 2.2438 2.3898 -1.097 3.2196 -0.13761 -1.0534 -1.194 2.3065 3.4357 -4.7639 1.6507 -1.1533 -0.15095 -2.0737 1.1336 -3.8671 -0.66392 -3.3237 -0.13504 2.822 1.7442 0.73502 -3.3781 1.5317 -2.1545 -0.649 -1.8852 4.1192 -0.65981 4.1534 3.6222 1.868 -4.9699 0.2833 4.2415 4.7427 0.42184 0.81967 -3.4793 1.6709 1.9631 -0.77106 -1.2984 -0.60011 1.4977 -4.2031 -2.4713 -2.6603 0.38385 
gräs -1.4172 -0.90178 1.4038 -1.0868 1.1764 1.7676 0.30875 2.9743 -0.093352 -2.4691 3.1838 -1.7152 -0.90689 2.7789 0.61329 2.908 -4.6083 0.45685 4.1333 -1.0978 -0.24377 -3.3773 2.0012 -6.4656 -1.6799 -1.904 -0.86614 3.4049 -1.6681 1.3839 -0.39462 0.10295 1.4748 2.0841 0.61514 0.13242 1.7864 -1.2844 2.6989 2.8438 -0.014034 2.2685 2.175 0.8754 0.48725 -2.6736 3.7863 -0.75014 -2.4551 2.1227 -1.305 -1.0787 -0.80523 -0.14395 -3.1119 -0.4348 0.74251 -5.2255 2.5867 1.8201 -0.37028 -2.7304 -0.51401 -2.8265 -2.3312 1.0769 0.50318 0.53697 -0.33239 0.18152 -0.49603 -0.95351 3.5075 -1.1694 -1.8844 -5.1625 2.1401 0.2735 0.24368 0.1931 -1.1663 -0.70208 -2.0442 -1.0401 2.2324 1.0926 0.53519 1.4355 -1.9746 4.2004 0.55604 2.4344 0.62142 -4.8615 -1.8569 1.3294 -1.1477 -2.766 -2.0158 -2.2117 
ros 1.7544 0.25006 -2.4286 0.17715 2.1746 -2.6367 -1.9713 1.7343 1.8797 2.5671 -3.8932 -1.5872 -0.2983 2.0815 4.3278 2.2005 -3.6503 -1.8653 -0.80015 -2.9422 -3.8725 -2.909 -5.568 3.7513 3.0174 -3.1716 -2.1871 2.4341 -2.1965 -0.041091 0.79332 1.1951 1.9554 1.1314 1.7842 -1.4135 -2.2772 1.62 -1.1383 0.60093 2.4588 1.8709 0.84872 -2.5378 4.9471 0.66124 3.5577 1.8338 0.0035488 2.4582 -1.6456 -0.2097 -2.7894 -4.8218 -1.0986 1.5758 2.8325 -0.89132 -1.213 -0.40519 1.8932 -0.63841 -1.8984 -0.44423 1.7544 3.5966 0.14159 1.5542 0.65494 1.3324 -2.7173 4.0191 -0.99088 -0.22871 2.7054 1.3864 1.449 0.25791 -0.33195 -0.45003 -0.96846 1.4881 2.4435 -0.85196 1.6603 -4.0557 3.4917 5.9248 -2.5527 -0.095722 1.8775 2.7797 -1.6059 3.453 1.1335 -0.93317 -0.3539 -1.7616 -1.2789 -0.98106 
bröd 2.0755 -2.1882 -2.5569 -1.0142 1.7428 1.6116 -0.85277 0.20773 -1.5215 0.66782 2.1436 -2.4912 1.0557 1.2917 0.58083 2.208 0.40495 1.6833 -2.867 1.477 0.46583 1.2235 1.1223 -1.3102 0.21989 -1.2647 0.24245 -1.9946 -1.5362 -0.68231 -2.8976 2.4853 0.64365 2.1454 4.7629 -2.0505 -1.3168 -3.1882 -1.8221 2.2184 2.537 -2.6673 1.1249 3.2594 -3.6898 -4.3752 2.6356 1.8338 -2.5338 0.2793 -0.30599 2.6547 0.1626 3.0056 2.0907 0.81088 -1.4322 -1.9143 1.1027 0.19882 -1.1221 2.8377 -3.1531 -3.2203 -3.937 1.3485 0.57307 -1.4725 -0.86534 1.448 3.144 2.4374 1.1497 -0.14339 0.54326 -2.258 -1.2452 4.4588 -0.5114 -1.542 -1.0105 1.3219 -0.83731 -1.7765 -3.684 1.6554 1.3757 -2.1451 -2.4368 -0.68623 0.98541 3.2521 -2.0555 -2.5458 1.2802 0.31168 -1.1604 1.6977 -0.5096 -0.5358 
citrus 0.11323 2.3553 2.4928 -1.8951 1.1041 -1.1098 -0.9288 -0.2001 0.72114 1.8676 -0.47408 -1.5247 1.3311 2.2859 4.6268 0.79442 -1.5321 0.87996 0.14144 0.26181 -2.0909 -1.0732 -0.76711 2.9652 0.52586 -2.0168 1.4958 2.225 -0.55609 1.7638 -2.2337 2.1471 -2.2528 3.3754 1.4771 0.59416 1.0587 1.4562 -1.0426 0.61239 -0.42491 0.68841 1.9984 -1.7822 0.2981 1.46 1.9393 0.95144 -1.9873 -0.7378 0.6454 0.06632 -2.4633 -0.21886 -1.1341 2.1999 -0.55364 -0.53896 2.3296 0.23508 2.1129 1.6699 -1.1518 -0.98374 -1.3158 0.94217 -1.0472 -2.1685 -0.19352 1.4115 0.85955 0.85641 -0.09252 -0.022243 0.26222 -2.5155 -0.51396 0.47378 1.8488 0.19962 -3.3133 0.53556 1.3689 -0.10834 0.84996 -1.092 0.5496 3.2184 -2.7411 1.5211 0.80309 0.99693 1.5531 -1.471 1.1622 1.637 -0.022848 0.14402 -1.6711 -1.667 
tvål 0.81306 1.2909 -4.7083 1.567 -0.72933 -2.3717 -0.41173 -0.17385 -0.020862 2.8473 -4.3655 -1.8975 -0.30225 2.1127 5.5435 1.7269 -1.3758 0.5052 0.38674 -0.22389 -0.93679 1.272 -1.0659 -0.31432 1.2425 -2.5554 -2.7582 0.75124 0.1425 0.86892 -1.6244 -0.66924 -0.26025 2.456 -1.3253 -0.44133 -2.0953 2.1483 -0.58238 0.77063 1.906 -4.3336 -0.86301 -0.55576 1.7953 1.1138 -4.3717 -1.3322 -1.1918 -1.4053 0.053216 -0.91578 -2.3121 -2.2737 0.67052 3.0619 1.6708 -0.063682 2.0595 0.53317 4.3551 0.362 -1.4588 1.8323 1.5242 -0.66601 0.50099 -1.5564 1.8734 -0.20033 -0.23685 1.5446 0.098241 2.5349 -0.13789 -0.16824 -1.621 -0.68061 -0.038094 -0.8683 -1.5986 1.1886 -0.16175 1.0935 -1.952 -0.915 1.7136 -1.2338 -0.033406 1.3592 1.8071 -2.245 -0.21088 3.0644 0.34623 -0.36751 -2.2395 1.9706 -1.6425 0.69839 
lavendel 0.821 -0.31313 -1.7713 -0.71598 0.19209 -2.7205 0.40452 -0.47702 -0.43743 0.47503 -1.4193 -1.2229 0.79727 1.5967 2.1868 0.2363 -1.1434 0.41343 0.33031 0.16169 -1.617 -0.72457 -0.65096 0.71094 1.7756 -0.019797 -0.36594 1.6433 -0.050606 0.88166 -1.7874 -0.19151 0.084705 0.28244 -0.30646 -1.4946 -0.61596 0.95221 -0.18813 2.8053 1.6714 0.26648 1.5338 -1.7236 0.46857 -1.008 0.91587 0.50626 -0.095304 0.48088 -1.2048 0.39369 -1.1133 0.30267 0.59478 1.1687 0.13737 -1.0034 -0.59505 0.13787 2.7198 -0.58395 -0.73605 -0.24784 -0.10444 0.55975 -0.065968 0.15272 1.6477 1.0435 -1.2961 1.1841 1.1493 -0.38193 0.41815 -0.66714 0.090132 1.1136 -0.72454 -0.83935 -1.497 2.1461 0.29682 -1.7384 -1.0758 -1.971 0.12529 1.0627 -0.64481 2.2036 1.2132 0.65812 -0.47864 1.105 -0.0055358 0.14703 0.34141 -0.4655 -1.3736 -1.0109 
fisk 1.7461 -2.335 0.054377 0.076627 -2.02 0.31815 0.38973 2.1228 -0.24088 -1.0966 1.3476 3.1252 -0.22823 0.98787 2.2229 0.15214 -0.16277 -0.091582 -0.92536 2.0552 2.3592 0.76835 0.90746 0.45492 -3.3792 1.3753 -0.68549 0.36598 2.5935 1.5318 1.7847 -1.1129 1.0681 -2.7433 3.0303 -1.813 -0.88494 2.1424 -0.7303 1.6758 2.6306 -2.2198 -0.87884 -1.1109 -0.25987 -4.1548 -1.3348 1.8519 -4.4358 -2.5914 -1.3408 1.6671 3.8744 -1.0812 1.905 0.24162 1.044 -0.74616 1.3524 2.4622 -0.058005 1.6636 -0.31394 1.2885 -0.82081 2.3355 3.5809 -0.15212 -1.1862 -2.5045 0.90956 -0.65934 2.8025 -0.94247 -2.7885 -1.9012 1.024 2.9674 -1.1326 -0.14189 -0.18401 2.0208 2.0499 -0.6279 -0.0041402 2.3178 -2.5442 -0.97211 -0.3832 -0.62349 0.99676 0.891 -1.2317 1.1582 2.7946 1.2913 0.25409 -0.68535 -1.2547 -1.676 
äpple 1.251 0.013242 1.013 -1.2734 0.96457 0.74735 -0.40798 1.9459 0.10376 2.3433 0.8031 -1.7925 -0.21872 2.001 2.6291 1.4383 0.13727 1.178 0.059729 0.43952 -1.218 -0.092738 -2.4788 0.39618 1.3071 -1.5162 0.18171 3.1841 -1.1291 0.9484 -2.692 0.91407 -1.7897 4.5237 1.8758 0.44005 0.13195 0.90057 -1.5504 0.59707 0.87132 -0.5191 1.7745 0.64625 1.5621 0.13111 0.35033 1.9247 -2.0232 0.69296 1.1982 -1.1835 0.97066 -0.74674 -0.26894 3.4298 1.7698 -2.0983 1.6984 -0.042534 1.7879 2.6327 -0.66673 -0.82351 0.2556 -0.12844 0.14434 -2.1264 -0.95486 2.9443 0.23501 2.4758 0.30898 0.44063 0.38842 -1.1049 0.24404 0.23387 1.127 -2.2124 -1.1522 0.80297 -0.47423 1.299 1.0655 1.5519 2.3278 3.229 -0.27708 -1.5232 -0.059255 2.8977 0.37569 -1.2305 -0.73495 0.60685 -1.7115 -2.0192 -1.637 0.46585 
citron 0.17508 1.0885 0.20761 -2.2554 -1.071 -0.45269 0.68147 -0.5073 -0.18276 1.9844 -0.67797 -0.87305 2.0227 2.2645 2.4964 0.40843 -0.26487 -0.0073864 0.57574 0.54034 -1.7193 -0.65733 0.068696 1.9602 0.69519 -0.98363 0.7935 2.6499 -0.50713 0.58436 -1.3511 1.8019 -2.0937 2.7804 0.56529 0.0022375 -1.0536 2.2414 -0.71303 0.2543 0.40441 -0.31832 2.4509 -0.45436 0.71892 -0.30189 -0.84759 1.3887 -1.6548 -0.10839 0.66444 -0.056078 -0.94401 -0.77623 -0.029389 3.0106 1.2777 -0.6809 1.3869 1.7301 2.5042 2.3481 -1.3149 -0.29877 -1.1602 0.64775 1.3351 -1.0049 -0.88994 0.96333 0.17827 2.0427 0.92024 -0.54023 -0.15895 -1.5024 0.61433 1.4334 0.69622 0.64677 -2.5046 2.1528 -0.30813 -0.24811 0.92636 -0.23811 0.069891 2.6845 -0.42869 1.8655 0.82787 0.89073 0.78576 1.5083 0.037906 0.92083 0.46143 0.70048 -2.4747 -0.98189 
öl 3.2772 -5.3398 1.0062 0.16267 -7.863 1.9045 2.5831 0.89336 -5.8354 -4.2981 -0.22673 -3.4713 2.3448 -0.63648 10.182 2.5404 1.3356 5.0308 -2.721 -3.7657 7.2941 1.1214 1.1911 1.7726 -4.225 0.89062 1.9515 0.81207 0.16129 -4.1943 -1.2504 -0.77288 -0.58632 -3.4109 -1.6719 -0.040255 -4.5831 3.0229 3.7522 -4.1266 3.3558 3.3458 1.8877 -2.4252 0.71859 1.3574 1.5456 -1.0272 -6.5516 -4.1963 1.3108 0.51197 1.5243 2.4876 0.099221 2.1893 2.801 2.1408 -0.3822 8.1458 -11.317 -2.4282 1.4674 1.1562 0.26499 3.0311 3.4194 -4.5801 -4.4436 -2.5468 5.502 1.3051 -7.0346 -3.2299 1.7884 -9.9133 -2.3178 -0.62556 4.49 -0.2156 2.5474 1.8467 -0.21097 3.0196 -1.8653 4.1942 2.5649 2.7211 -3.9832 -0.37835 5.2653 -1.2433 -3.0622 -1.7369 0.39286 3.7241 -11.591 2.4792 -1.3153 1.0674 
kanel -0.1404 1.4127 -0.70477 -1.2515 0.75202 -1.0561 -0.78574 -0.52903 -2.4926 -0.42705 -1.0544 -1.2813 2.3238 1.6414 2.0082 3.0133 1.1662 1.8354 -3.8219 1.746 -2.5941 -0.63536 -3.8473 -0.13362 2.4437 0.50425 -0.78411 0.14782 0.25122 0.74945 -1.6814 1.6089 -3.0239 2.581 0.53524 -0.32628 -1.1344 1.0274 -2.4603 1.3201 0.50488 -1.3168 2.126 0.4922 -0.079528 -0.2631 -0.80254 1.3065 0.24162 -1.0563 1.2333 0.23914 0.78906 0.10192 2.632 2.0141 -0.16019 -1.8473 -0.63782 2.8587 1.7488 -0.96296 -2.0486 -1.2823 0.51837 -1.5438 -1.6654 -0.77682 1.7703 2.5325 -0.52395 3.0376 -2.2528 -0.19453 1.8336 -1.9375 1.0445 0.76234 0.45242 -0.15926 -2.0974 2.7416 -0.15458 2.2856 -0.14538 3.2865 0.66465 1.6084 -0.72464 -1.2638 -0.54637 2.7095 0.395 -0.80913 -0.65727 -0.50429 1.9898 0.76702 -1.2361 -0.15596 
apelsin 0.32899 1.8041 -0.099056 -1.6474 0.32947 -1.0954 0.032917 -0.69176 -1.5773 1.5329 -1.1882 -0.087862 1.2105 2.0198 2.3074 2.2267 0.56179 1.1458 -0.62614 -1.125 -1.4623 0.46223 -1.9983 0.61487 2.0388 -0.36058 0.39627 1.0653 1.1651 0.61772 -1.4846 0.88502 -1.098 2.1228 1.0392 0.63512 0.22887 0.52216 -1.3929 1.2514 0.89247 -1.3484 1.2551 -0.019688 0.84231 -0.37184 0.042024 1.4384 -0.69468 -1.3622 1.6039 1.0712 -1.7586 -0.42593 1.2307 1.997 0.67383 0.046713 0.34801 0.88665 2.1607 0.84266 -2.101 -0.70612 -0.11147 0.3656 0.81521 -1.0817 -0.73402 2.7389 0.6315 1.6722 0.85862 -0.7789 -0.00047183 -1.3569 1.96 0.022729 1.632 -0.39401 -2.1282 0.88108 0.78763 0.88209 0.94581 0.079925 -0.25056 1.3083 -0.38263 -0.47695 0.07473 2.424 -0.26376 0.080267 0.041398 0.10104 0.018113 0.059096 -0.65345 -1.524 
te 2.2337 0.11304 -1.3625 -3.6179 -4.1674 0.2166 0.49675 2.1552 -2.843 4.5392 -1.1362 -1.0522 -3.4367 6.9286 5.5781 7.8703 -2.4428 2.4211 -1.6665 -4.4772 0.54715 -0.56393 -3.8577 1.3422 2.9437 3.5292 -0.55586 1.6186 -4.3792 -3.8467 -4.4037 2.0061 3.9077 3.9035 2.4887 -1.1462 -0.522 0.27444 3.4834 2.6278 7.9459 2.9393 6.3577 1.7491 -0.60472 3.0795 -7.4462 -3.6573 1.1788 1.9508 -0.55589 1.9025 -5.5182 -2.1639 2.7957 1.7304 4.8791 -6.8042 -0.69727 6.7863 -7.8548 -4.0755 -1.963 1.3947 -1.2299 -2.1151 -0.12078 -6.8562 3.8481 4.2964 4.9544 8.4912 -8.9513 1.2076 5.3273 -6.4442 3.1175 3.6247 -0.17886 -8.4511 -5.9955 6.2918 -3.1409 -4.7963 -3.7287 6.148 7.0981 4.1738 4.5731 0.10195 4.539 1.5087 1.3391 0.77584 3.08 -1.1807 -0.17006 -2.3665 3.331 6.3345 
vitlök 1.0619 -1.0882 -0.93284 -1.905 -1.9018 0.25767 1.6671 -0.62065 -2.9713 -0.45052 0.56314 -1.1277 1.1893 0.6617 0.16767 -0.49726 0.2084 -0.95442 -1.4538 2.2355 0.64611 0.69201 0.058564 -1.1491 -1.8949 2.4825 -1.7236 -0.54994 -0.40953 1.6791 -0.78186 1.3783 -0.8287 -0.30293 0.6572 -0.35043 -1.7154 0.074411 -0.11429 0.2856 1.8563 -0.88997 3.3279 -0.37321 -1.31 -1.3752 0.43345 3.4533 -3.1483 -3.1016 1.4968 1.5782 2.2789 -1.9192 0.83649 -2.4591 2.6271 -0.11106 1.0863 1.7655 -2.4171 2.6543 -0.17822 1.8222 -1.4076 1.4204 1.3266 -0.18055 -0.89575 -1.8909 -0.32665 0.70285 3.0056 1.1776 -0.15495 -2.1443 0.84268 1.9976 0.40737 0.57526 -2.8567 1.5047 -0.71404 0.62571 0.67377 -0.10674 -0.73159 1.3218 -1.0744 0.13103 0.22778 -0.026288 -0.45621 1.3698 0.1879 0.44208 1.6143 -0.18336 -0.50166 0.12804 
honung -0.57339 0.19986 0.34842 -1.4202 0.73333 -0.069063 -0.76597 -0.43607 0.64644 -0.19856 -2.3582 -3.0431 1.3805 2.5876 3.4422 1.122 -2.1655 0.041014 -0.28022 0.85019 -0.85093 -2.0141 -2.0047 1.733 1.4349 -1.8462 -1.1197 1.6524 -0.73 0.72287 0.16617 2.1675 -0.89085 1.5772 0.40818 1.7016 -1.4318 -0.19325 -3.072 0.69711 0.9528 0.13613 1.5021 -0.10413 0.035308 -0.041152 0.15792 0.4419 -1.9985 0.0037779 -0.44841 0.78196 -1.8036 -0.7073 2.0481 0.31561 -0.32285 -1.3071 1.3661 -0.75686 1.1481 1.0752 0.56043 -0.9164 -1.1228 1.4592 -1.7167 -0.91929 -0.30777 2.5865 0.57391 -0.42696 -0.32767 -1.2023 -0.58357 -1.9115 0.047 1.3083 0.58906 -0.16026 -1.711 0.91384 0.76748 1.9437 0.5963 -0.16391 -0.62904 2.8621 -1.5115 1.9594 0.89829 1.2178 0.613 1.0717 1.6438 2.7883 -0.52592 -1.24 0.081459 -0.067378 
körsbär 0.21359 0.885 0.4683 -0.6598 0.67242 -1.3346 -2.0785 -0.29609 0.28714 -0.58066 0.0027106 -1.1275 -1.5012 2.0326 4.3137 1.8695 0.15035 1.1584 -1.3855 -0.55541 -0.66997 -1.3199 -3.3652 2.8468 1.8145 0.45574 2.6744 0.51867 -1.4947 2.4445 0.19451 0.43154 -1.1125 1.2449 1.3493 0.24709 0.45624 2.1751 -0.11819 0.64921 1.2539 0.1985 1.506 0.60066 0.90553 1.457 0.99097 1.5747 -0.12963 0.62026 2.2505 2.7698 -0.011047 -1.391 -1.3453 2.5706 -0.17464 -0.53227 -0.52895 -1.1737 1.7662 -0.11118 -0.78096 -1.4085 -1.1004 1.3829 0.98073 -2.4642 0.019792 1.649 0.5299 -0.051622 0.46038 -0.82572 0.67607 -1.2722 2.2533 0.94235 2.3846 -1.1443 2.2424 -1.1432 1.5395 2.0109 0.28872 0.59507 2.5798 2.8649 -0.76374 2.1166 -0.033337 -0.87011 0.0049931 -1.5914 -2.5102 1.0206 0.40779 -1.2311 -1.927 -2.1508 
bensin -0.76339 -1.9513 1.406 0.81688 -1.1209 -0.21313 -0.54065 -0.75725 -0.32224 -1.1399 -0.49144 -0.019177 0.65692 -0.72961 1.3797 -1.6499 -0.55222 -0.17339 0.16948 0.62135 2.1016 -0.48749 0.30983 -1.5727 0.16208 1.5284 -0.068242 0.1278 2.6566 -1.2001 -0.58464 0.84703 -1.5147 -0.2692 -1.5664 0.25775 1.3041 1.3045 -0.22992 0.19193 0.90223 -1.067 0.51401 1.6655 -1.7925 -0.83921 0.80284 -0.83222 -2.283 2.3161 0.027474 2.0713 -0.78016 -0.12979 0.56508 0.56218 1.9638 0.15476 -0.71846 1.4471 -0.16354 -0.65748 1.7076 1.0076 0.66401 0.37343 0.89851 0.86345 -1.0217 -0.96329 0.416 0.25537 0.2472 -1.2073 -0.51006 -1.8545 0.44992 -0.9921 0.0015395 -0.71129 -0.43648 -1.6313 -0.40009 2.5351 -1.4737 -1.4494 -1.2882 -0.3346 -1.0299 0.47343 -0.57592 1.1148 -0.07989 0.21163 0.26156 0.033886 1.5141 -0.33429 -2.4054 1.2752 
djur -2.5306 -1.9834 -0.31673 0.98939 2.3834 0.90499 1.428 1.3361 -2.6686 0.23695 0.91719 1.3411 0.029191 2.9369 3.2129 -0.37765 1.1786 3.4332 3.1037 2.2468 3.0213 -1.0453 0.45274 -2.7911 -4.2784 -0.42012 0.1217 -1.5756 -0.22519 3.3076 0.55257 -0.46231 0.050815 -1.02 -0.19357 -2.9158 0.81746 -1.2889 -1.4921 0.67671 -2.2978 -0.32169 -0.57819 0.68017 -0.30014 -1.1981 0.2062 -2.5278 1.8328 2.3079 -1.3075 0.41855 2.7151 -0.9474 0.60441 -1.7662 -0.47425 -1.4937 -2.0791 -1.3019 1.4385 -0.84011 1.5026 3.1391 0.30752 3.1951 0.71116 -0.12006 -0.079733 -1.9062 0.24661 -2.4781 2.3706 -0.58374 -3.1504 -0.53748 2.4733 3.1581 -3.0245 0.39066 3.7789 -1.0396 -0.17493 -3.8272 -0.071603 1.8724 -3.3016 -0.51765 -0.04773 2.9206 1.2427 -0.39507 -0.00035515 -0.08768 0.79604 2.6644 -0.027189 -6.1532 -0.74413 1.4626 
persika -0.025958 1.2573 0.82889 -1.0577 1.4986 -1.5596 -0.23841 0.74893 0.86212 1.6734 -2.0925 -1.574 0.82791 1.1913 2.4867 1.2767 -0.11104 -0.32955 -0.69803 -0.85559 -0.94397 -0.55914 -1.8806 1.1228 1.0521 -1.1307 -0.067539 2.3335 -1.0592 1.3782 -0.76837 0.64087 0.0846 2.8584 0.53614 1.5965 -0.82139 0.20845 -0.74818 -0.66134 0.12007 -0.020631 1.0481 -0.33946 0.92212 1.5443 0.49407 0.61575 -0.16042 -0.35441 -0.14277 0.0088424 -1.425 0.13391 -0.48683 1.155 1.8342 0.15681 2.1102 0.61122 2.3666 1.3558 -1.2854 0.33924 -0.92578 0.85031 0.56113 -0.21466 -1.0833 0.52999 0.50817 0.11422 0.71316 -0.75462 0.78712 -0.30576 1.0101 0.98248 2.5994 -0.12755 -0.46682 -0.68509 1.1404 1.0285 1.296 0.27879 1.8433 2.3258 -1.1823 1.3039 0.16099 1.8221 -1.1433 0.24602 0.54671 2.1115 -0.12169 -0.80604 -0.39909 -0.74745 
ägg 1.3661 -4.065 -0.85919 -1.0706 3.1344 0.64036 1.8447 4.2867 -0.42174 -1.575 1.8599 1.5169 -3.6286 4.1538 2.7965 3.1595 -1.338 -2.1126 -0.2681 2.076 4.0163 0.91644 -1.9606 -1.598 0.40215 1.8591 -0.41472 -1.3172 0.094622 -1.2166 -0.082856 0.046576 -1.922 -0.9965 0.076915 0.35388 2.7816 -1.0443 -1.4296 0.76723 3.7054 -5.0916 3.1443 0.46367 -1.8704 -8.5353 -4.0507 3.2487 -6.5185 -1.7458 -0.12082 0.29212 6.4187 -2.7947 3.2324 -1.368 2.1012 -3.1164 2.5932 2.2198 3.3832 2.4256 -0.39444 0.48992 2.0303 1.0449 1.9636 3.1001 -1.5653 -2.2901 3.7145 -0.99181 1.2093 -0.60564 -3.037 -3.7101 0.89548 0.072148 3.9058 -0.18093 1.5178 3.2971 1.4811 1.2097 0.70019 5.3098 -2.4431 0.99962 -1.3153 -4.5007 0.22365 1.0061 -3.7215 0.27612 2.3363 -0.018711 -1.5381 -0.56353 3.749 -0.91775 
mint 0.295 1.453 0.85328 -3.0874 -0.69214 -2.6969 1.5817 0.70526 -0.33671 1.5367 1.3246 0.24717 0.83948 1.7794 4.792 1.4836 -0.68311 0.53538 1.295 -0.43803 -1.9205 0.26963 -2.8313 1.4175 -1.0528 0.99409 0.45971 -1.09 -1.2951 -1.5406 -0.0048031 -1.3881 -2.4279 0.90734 0.7532 1.4204 1.0397 3.3214 -1.6382 -0.21112 -0.6453 -0.64545 1.8726 -0.31808 1.2262 2.2438 1.3771 1.387 -0.64251 -1.1382 -1.907 1.323 -1.6867 -3.0562 -1.348 4.2357 2.2913 0.57058 1.5826 0.50415 1.2656 -1.1819 -1.2337 -1.4536 -2.1828 0.014004 2.2975 -3.869 0.37362 1.0011 -2.9576 2.6894 1.0231 1.4379 0.68938 -3.8988 0.63851 0.16282 0.26501 -0.39352 -3.4588 2.8437 2.694 -0.18118 0.4742 -0.66189 1.1969 1.8829 -1.7729 0.64037 -0.35358 0.70141 0.24689 3.79 -2.9487 -0.022547 -1.979 -1.6554 -1.4964 -1.79 
blod 2.7763 -2.9811 -0.86583 3.7088 1.7882 1.7123 1.9598 1.4244 -1.7964 -2.8135 2.211 -0.76004 -1.44 0.41586 2.1189 1.2779 0.070581 3.3097 1.2079 0.46682 0.42397 -1.1337 -0.67717 -0.19824 -2.7552 0.97884 1.0325 -0.56254 2.5841 -2.0903 1.0756 0.42938 -1.1053 -0.87652 1.3784 0.30446 1.8372 1.7134 -2.6161 1.1327 0.60808 0.47954 -1.6338 0.13815 -0.58943 -2.9474 1.0565 -1.5627 1.6729 -0.74091 0.6903 3.957 2.1327 -3.8796 2.019 0.31221 0.24671 1.5887 -0.84473 -0.24079 2.7755 -1.4958 1.2078 1.58 -0.7092 3.2958 0.24715 -0.93256 -0.66792 -0.61124 -2.3604 -2.4255 -1.3962 -1.9079 -0.21386 -2.74 5.2754 1.1559 0.95349 -2.2276 0.87978 1.0142 -0.3105 2.158 1.0813 -2.3643 -1.3982 0.48803 -0.50686 1.436 1.7047 3.1818 -1.4701 1.309 1.0135 2.5792 -0.87525 -0.48881 -2.2685 -1.8484 
ost -1.5464 -4.6723 -1.4189 1.1553 1.1176 -0.86372 0.65803 3.7937 -4.7563 0.8839 4.0629 0.78474 4.3667 1.0316 1.5949 1.0618 -1.6545 -0.27603 -2.9944 6.3687 -0.24097 4.6244 -3.0423 -2.8805 -1.4854 -1.3929 -1.1996 0.94916 -2.1605 2.898 -0.2313 -2.3755 3.2113 -5.6048 3.3625 -2.2693 -4.1865 0.27779 -0.37809 0.48031 7.7395 -1.0676 4.3183 0.27383 -3.399 -2.465 -2.428 2.4124 -3.9943 -5.8288 1.1277 3.6231 0.89178 1.0907 1.441 -0.060415 1.7482 0.062441 4.8125 2.3869 -3.3525 4.2964 -2.6033 1.1789 0.99188 2.0143 2.4677 -4.2032 -2.4246 1.5818 4.9741 0.63371 0.15338 -0.63081 -1.4321 -0.12639 1.8576 5.9381 2.1202 -0.71697 -1.9551 0.67425 -3.1777 -1.5226 -1.269 3.3324 3.6946 0.57052 -1.6549 -0.69319 -0.15282 -1.0746 0.34349 -2.783 2.171 1.5874 -1.5258 1.8814 0.85477 1.8638 
lakrits 0.19692 -0.54897 0.39569 -0.63918 0.042256 -1.7642 -0.99305 -0.75946 -0.51866 -1.3715 0.33298 0.41636 -0.21485 1.6856 3.7101 1.3484 -0.18803 0.59052 -0.35268 0.44918 -1.4445 -0.31966 -1.9555 0.5689 0.38625 0.011079 1.6006 -0.70357 -1.1172 1.5176 0.14427 -0.42708 -0.10991 0.38299 1.7283 0.52069 0.084734 1.6249 -0.42406 1.0674 1.4731 1.1064 2.5899 0.80689 0.3663 1.1237 0.13304 1.1615 0.092355 -0.64569 0.24428 2.2205 -1.3437 -0.31394 0.62995 0.52517 1.2256 0.091454 -0.23162 -0.29161 1.067 -1.0888 -0.87214 -2.2287 -0.19978 1.356 1.4957 -3.1919 -0.45764 2.0717 0.50262 -0.79877 -0.61687 -0.34706 1.6053 -2.9527 1.6226 0.082529 0.69017 -1.6444 -0.21566 -1.3148 0.63504 0.95154 0.25961 -0.079421 0.6669 2.3075 -1.3292 1.24 -0.035704 0.64457 1.7798 -0.45963 -0.94629 2.3047 0.73406 0.51694 -2.4493 -1.1984 
lök 2.9814 -2.3318 -1.4413 1.1978 -1.368 -0.635 1.7547 -1.594 -4.8475 2.0256 -0.071059 -0.95524 0.14604 0.17717 0.66913 0.43333 -3.1061 -0.6134 -2.346 5.9349 0.35763 0.0080919 -1.1974 -4.3604 -2.5817 3.0841 -2.6556 -0.06675 -1.9543 4.0112 -1.5462 3.4385 0.54861 0.70492 0.3903 3.5504 -3.4025 1.8777 -2.8001 1.1666 1.992 -1.031 4.9938 -3.192 -1.9674 -4.9418 0.74085 4.1316 -6.5551 -5.5025 0.57147 0.75217 3.5441 -2.6313 0.41841 -3.4461 2.0916 -2.4084 -0.26322 4.1397 0.40531 4.1783 -0.1125 0.23005 -1.1721 3.1424 3.0597 1.7075 -5.041 -3.0127 -2.5228 1.6316 4.1756 1.4435 -2.5646 -3.376 2.5778 3.3656 -1.2142 -1.0141 -3.6028 2.2476 -4.455 -0.59429 3.9709 1.4322 -0.21163 1.2163 -2.1753 -2.1564 -1.1582 -0.45591 -2.1078 -0.68248 2.228 0.1781 0.94332 1.5319 -1.5019 -3.2186 
tobak -0.12973 -0.056156 0.095454 1.2584 0.22037 -1.4093 -3.1078 -1.2461 0.36452 -0.42367 1.8013 -2.6934 -2.5397 0.97274 4.3826 -1.0342 -0.86854 3.6446 -0.49376 2.5228 -1.835 -1.0838 -2.5506 1.3924 0.91097 1.1709 -0.91054 -0.65734 -0.41608 2.4893 -0.67238 -0.8931 -0.33368 0.44975 0.42736 0.51911 0.93923 1.7835 -0.57703 3.5912 2.1479 2.5811 1.0361 1.1109 -1.7576 0.48887 0.38577 0.97425 0.10606 0.2634 1.0919 2.3337 0.93403 -0.98248 -0.848 1.1685 1.5266 -0.092104 -0.14031 0.44868 0.18458 -0.17562 1.9891 -2.0591 1.2841 1.9849 1.8336 -3.2647 -2.7511 3.202 0.099615 -0.16219 -0.88907 1.104 0.24489 -5.3394 1.6501 0.30938 1.2203 -1.5872 0.74253 -0.097556 0.31248 0.36331 0.13332 0.162 -1.5739 0.30656 -4.8856 -0.19055 -0.81177 -0.13725 0.55179 0.7065 -1.55 0.25352 0.24946 0.47102 -1.4067 -0.48158 
grapefrukt -0.093516 2.4055 1.0515 -1.239 1.4593 -1.0506 -0.32102 0.098065 -0.49533 1.3817 -0.94791 -1.006 0.91466 1.9075 2.591 0.92214 -1.2025 -0.024359 0.75028 -0.55399 -1.4056 -0.43549 -0.84408 3.2211 1.5141 -0.68539 -0.2077 0.83386 -0.26635 1.1972 -1.8199 1.7738 -0.10138 1.8472 0.78061 0.52758 0.30376 1.6477 0.26878 0.42715 0.025717 -0.075813 1.837 -0.65217 1.1095 0.96206 0.99813 0.32328 -0.73068 0.36663 0.73127 0.83214 -1.0507 -0.25378 -0.42818 2.8238 0.74438 0.025032 1.4446 0.73932 1.4501 2.1244 -1.1761 -1.9455 -0.48044 0.75491 0.14868 -0.22535 -0.34943 0.90744 0.68332 0.081914 0.73379 0.31558 -0.53852 -1.2994 0.26858 0.20287 1.0508 -0.40806 -1.9516 0.54293 1.3584 0.30258 1.5825 -0.94646 1.1132 1.9391 -0.86427 0.029897 1.2315 1.3613 0.79256 1.6747 0.6173 0.78294 -0.83281 0.31514 -1.0738 -1.9146 
urin 1.7068 -3.3833 0.57312 0.021033 0.53475 -0.16622 1.5898 4.8821 0.12893 -1.3433 -0.39144 -0.60168 0.62136 0.4084 4.7223 0.82652 -0.68433 1.6991 -1.7292 2.9144 2.4733 0.23808 -1.4873 1.1176 -2.4845 1.9866 0.25117 0.047841 3.1139 -2.4817 -0.76772 -0.57818 -1.6934 1.3821 -1.3633 1.5915 0.46253 1.7228 3.4909 1.7211 1.4263 0.67857 0.22808 1.0373 -3.0811 -0.73352 2.3578 -2.7959 0.33967 -2.2144 -0.28057 3.9635 2.005 -0.3785 0.74648 -0.6376 -0.060205 2.982 0.53472 0.62058 -0.99485 -3.2259 0.12404 4.2623 0.85315 1.0762 -0.19665 0.57433 -4.342 -3.0202 -1.1534 -1.785 0.18994 -2.0288 -0.84205 -2.1848 2.8143 0.38515 1.1429 0.9029 1.5773 3.1065 0.76072 0.12077 -1.7645 -1.206 -3.8879 -0.16275 -2.5615 1.8435 2.0298 1.9318 -0.87073 -0.30645 -1.9227 -0.03922 -1.8937 0.36664 0.96989 0.088618 
läder 0.89984 0.47804 1.4638 2.1127 1.4945 -0.47583 -4.3138 -2.0842 0.37931 -1.9328 0.67012 -1.5516 -0.56405 0.037848 4.7518 1.7708 0.45496 3.3527 1.3246 1.9263 -1.3496 -0.94938 -1.8951 -0.019776 1.9534 1.4619 0.75818 0.45425 -0.24399 3.2908 -1.8472 -1.3277 -0.67112 1.0899 -2.6376 2.2975 1.0732 1.0778 -1.207 2.6678 1.2242 2.3203 1.5204 0.48372 -1.3737 -0.11827 0.39651 1.1485 1.1298 0.64343 0.97833 6.0169 -3.1179 -1.3861 0.63821 2.4847 0.36426 -2.0543 -0.99152 -1.06 0.47096 -0.51359 1.7729 -1.0611 1.1391 1.4628 -0.38046 -3.3632 -1.1639 1.5796 -0.089351 0.60331 -0.27117 -1.132 0.74117 -2.6883 3.0252 1.6095 1.2487 -2.1336 0.47487 -1.6936 1.0748 -0.12 1.2393 0.72209 0.12179 -0.69377 -1.1718 1.4848 -0.48547 0.62887 -0.17615 -0.70221 -1.6631 -0.35804 0.44685 0.4557 -3.0805 0.23728 
hö -1.2821 -1.7847 0.28204 -4.2109 1.3235 3.8836 -3.7237 -0.36344 0.11213 -2.8745 8.2135 -4.3225 -1.9719 2.4363 7.0058 5.1112 -4.3149 -1.4101 7.4283 -0.51682 6.4797 -2.4917 2.9476 -7.2913 -2.0721 -5.2969 0.3465 0.49112 -6.9814 4.9233 -3.1334 2.5938 0.13298 8.7599 -3.4755 2.5684 7.0343 -2.1032 2.9024 9.3178 3.1178 -1.2346 4.3058 -0.68871 -5.7784 -1.1832 8.0972 -3.041 -3.6563 1.5536 -3.5094 -1.2536 1.1684 -0.30058 0.98212 4.2095 2.5753 -10.484 3.6192 0.36867 1.0375 -1.084 6.4913 -0.7572 0.68271 1.161 1.5362 -5.1289 -2.2846 0.50094 1.233 -1.8516 4.7241 -8.9431 -2.6154 -1.547 1.1915 3.2984 -0.27797 -0.3106 -1.9566 3.0155 -2.454 0.0083468 2.9655 2.9899 -1.9883 -0.74962 -4.3796 9.1553 -0.52448 0.26221 -5.3287 -7.8956 -0.68331 0.15699 -1.0872 -9.4178 4.1817 5.9735 
tjära -0.16069 -2.1031 -0.45029 -0.4999 -0.6036 -1.7117 -2.0012 -1.1652 -0.088587 -2.4533 -1.1277 -1.4459 -3.2669 -1.359 4.8866 1.3088 -0.72204 2.0086 1.2098 1.4194 0.1631 0.29353 -2.0488 -0.46159 -1.6039 0.37905 -0.063603 -0.33831 2.4464 0.68563 -0.22919 -0.87881 0.25207 -1.2333 0.13524 0.49433 0.93174 1.548 1.2658 2.1773 1.1002 0.53368 0.61856 -0.50422 -1.0786 -1.3018 0.51988 0.15193 -1.0089 1.7274 0.12078 2.9508 -0.98432 -1.1452 1.5838 0.56036 1.4315 -3.6586 0.58041 0.79161 0.28245 -1.8016 0.99142 -2.1995 -0.46722 1.313 1.5297 -0.581 0.39399 1.2711 0.24963 -0.21373 0.093299 -0.38628 -0.78254 -3.1729 1.3786 0.34207 -1.5819 0.2627 0.052457 -1.7861 2.8965 0.35264 -1.4061 -1.62 -2.3905 0.17 -2.5201 0.74346 0.19584 -0.30346 1.446 -0.63257 -0.86148 2.0706 1.2554 -0.1271 -2.2414 -1.2192 
svamp 0.76531 -0.20289 0.60915 4.5353 1.0094 -1.9362 -0.66813 -1.5847 -0.29295 0.12761 0.50782 -0.2527 -1.6001 0.8447 2.3584 1.1405 -2.8922 -0.30764 1.2893 3.0811 -0.24707 -0.026028 -3.9248 -1.2084 -0.58521 0.51401 -0.30262 1.0551 -0.36339 0.52391 -1.5316 -1.1037 -0.91886 1.256 -0.22725 2.1978 1.6764 0.70066 -1.5488 1.4325 1.0982 0.48677 0.98729 -0.20471 0.39134 -1.1217 -1.0143 2.1036 -3.2037 -0.26659 0.52377 2.4661 1.3603 -0.019769 -0.4085 -0.71453 -0.96091 -0.817 0.93263 0.20806 1.5376 2.3077 0.94155 -0.24233 -0.281 0.40788 0.44696 -1.7464 0.056184 0.56974 -0.47507 -0.61605 0.60053 -0.30259 -2.7921 -0.74289 2.3668 3.3079 -0.54008 -1.9317 0.56779 1.6061 -0.53858 -1.0312 1.141 1.8392 -0.50758 0.09153 0.37987 -0.8664 1.7638 0.36455 0.92209 -0.25005 -0.14235 1.3244 0.4366 -1.1153 -2.6934 -1.873 
hallon -0.16902 0.78501 0.084711 0.087565 0.67732 -0.58974 -0.57975 0.41346 0.47833 0.23949 -0.092696 -1.2539 -0.76563 1.7692 3.3052 1.7423 0.31422 -0.23888 0.32783 -1.3702 -0.76431 0.93227 -1.9783 1.4801 2.8355 -0.60121 0.31608 0.47367 -3.2469 -0.46924 -0.13703 -0.57624 -0.97942 1.5323 0.44376 0.98572 -0.50845 -0.39518 0.25637 0.29988 0.41046 -0.98033 1.6381 0.6356 0.94249 0.51384 -0.30403 0.69746 -0.54513 0.48546 0.56809 1.7404 1.0147 -0.89096 -0.19717 1.7333 1.39 0.96743 0.5101 0.68403 3.5271 1.8759 -1.0471 0.29759 -0.91842 1.4081 0.5453 -1.5062 0.97212 0.70635 0.79961 0.19255 1.9442 0.0053514 1.8499 -1.0976 1.4826 0.63618 0.80617 0.24004 1.4503 0.15949 1.7992 0.31729 -0.25959 0.95496 1.9285 2.6135 -1.3772 1.9758 0.090473 1.1472 -0.92532 0.52661 -0.61827 1.4487 -0.79063 -0.96822 -2.4713 -1.3669 
mandel -1.8122 0.86568 0.53023 -0.97514 1.6418 -0.53905 -2.134 -0.030715 -0.48879 0.9754 -1.8168 -3.3626 2.5322 2.1645 3.9252 1.8729 -0.71955 1.5832 0.33212 1.009 -0.42836 -0.19519 -2.9568 -0.79033 1.7993 -1.8722 0.94403 0.22581 -0.36853 2.5564 -0.20705 2.3168 -0.072188 0.064489 0.5034 -0.57884 0.38331 -0.19492 -2.7295 0.60996 0.70929 0.27369 2.4454 0.095865 0.55292 -0.98164 -0.18775 1.2006 -0.35762 -0.4022 0.69303 2.3491 -2.8547 0.46227 1.9473 0.89497 -0.33403 -2.8042 0.74318 -0.73878 2.8866 1.9251 -1.0853 -1.7869 -1.5839 1.4077 -0.75459 -1.4227 -2.6622 2.85 0.34819 0.77756 -0.25532 -0.9932 -0.67262 -1.3297 0.72874 0.48632 1.4753 -0.27113 -2.5517 0.81373 0.22515 0.73222 -0.45054 0.71378 -0.41159 2.2679 -2.5412 1.314 0.98016 0.79238 -0.52016 0.84965 1.0152 1.0958 0.78192 1.0799 -0.47223 -1.9511 
björnbär 0.38737 1.3982 0.14903 -0.28024 2.7045 -0.17083 -0.63811 -1.3819 -0.099742 -0.94297 -0.91979 -1.6734 -2.7373 2.4165 3.484 -0.019289 0.013496 1.176 0.70176 -0.52348 -0.17762 -1.3293 -3.1421 3.4227 1.2306 1.0149 1.5625 0.82572 -0.84235 2.1811 0.78791 0.59356 0.73813 1.2794 1.4509 0.63212 0.56546 0.72119 -0.19906 0.86533 1.0364 -0.088126 3.038 1.3636 0.61019 1.3076 0.52645 1.773 1.0422 -0.56304 1.6749 1.6258 -0.0014691 -0.12897 -0.8957 1.9909 1.3234 -0.59203 -0.51173 -1.1948 1.8201 -0.043102 0.72944 -1.4454 -0.84864 1.8595 -0.57777 -1.846 0.30095 1.1752 0.84342 0.092455 0.48549 -0.14153 1.0174 -2.6092 1.8932 0.3027 0.29685 -2.1678 2.2296 -1.7536 1.8673 0.35799 0.45031 0.42262 0.94291 2.2846 -1.3484 0.99501 -0.25563 0.63708 1.173 -0.31355 -1.1144 0.89584 0.91192 0.19474 -1.5601 -1.8762 
kola 0.11892 -1.1022 -2.1131 -0.21521 0.29033 -1.3533 0.68874 -0.29191 1.6834 -2.1296 0.84185 -1.5191 0.051277 1.5713 4.9905 1.4483 2.4213 -0.24422 -1.3693 -1.3935 0.29364 -0.050634 -3.6452 -1.1687 -0.16835 0.022417 0.28177 -0.70135 -1.6002 0.33164 -1.0319 -0.4259 -3.0389 2.576 0.31618 0.66013 -1.8372 -2.1467 -2.6977 -0.89787 -0.29952 -0.85284 2.2722 0.23993 2.1846 0.63278 -0.07427 1.6645 -0.83119 -0.20377 0.193 3.1263 -0.40636 0.048128 1.8188 0.41913 -1.3654 -1.6613 -0.16615 -1.8334 1.1439 0.086906 -1.9463 -2.0087 -1.2496 0.74129 -1.2415 -3.4527 -0.55418 1.8661 2.7067 -0.096331 -2.3687 1.2923 0.93794 -2.9255 -0.17422 2.2006 1.0953 -1.1245 -1.0355 1.1113 3.0549 2.7422 -0.44187 2.7967 0.89157 1.8404 -1.7577 0.7735 1.2561 -1.0956 -0.16068 0.20934 0.52358 1.6005 0.58253 -0.58532 0.7775 0.011384 
rökelse -0.62466 0.61711 0.40257 0.50037 0.75125 -0.56718 -0.4869 0.79517 -2.5929 -0.60438 -1.6691 0.12016 0.58735 -1.2652 2.1899 -0.43474 0.73715 3.1327 -0.66633 1.2293 -0.61653 -1.6007 -2.6893 0.69227 0.15874 0.95536 -0.19884 0.69298 0.88837 1.878 -3.1755 1.4189 0.15101 -0.17996 0.15935 -1.0145 -0.63701 1.6396 -0.024261 1.8453 0.64874 1.1003 0.46699 -2.0159 0.55783 0.34668 0.80576 -2.2828 -1.4246 -0.13269 0.66418 0.6808 -0.27699 -0.52519 1.6185 -0.84576 2.2065 -2.2662 -1.9033 0.14372 2.3143 -1.5833 -0.1469 0.75311 -0.35901 0.24439 -1.5397 -1.3506 0.56272 0.2246 0.33408 1.5664 -1.4409 0.59891 0.54455 -1.8332 1.1712 -0.49348 -1.6504 -0.50189 -1.5937 0.44991 0.14258 -0.65614 -1.8996 -1.1146 -1.248 -0.097855 -2.291 0.33865 0.20537 0.90927 -0.53458 0.83482 0.031197 0.12363 2.1091 -0.43745 -1.3382 1.0862 
gummi -1.2061 -0.69064 1.8652 0.14408 0.47813 0.22294 -2.9314 0.7417 -1.3625 -0.47661 1.334 -1.4469 -0.37827 0.33482 2.5999 -0.24584 -2.1281 -0.75569 0.95979 0.53125 2.0574 1.3814 -0.88287 -2.7983 -0.19163 1.2979 0.60485 0.67252 -0.1153 -0.11556 0.43584 1.758 -1.2511 0.094546 -2.8928 0.3207 1.2099 0.68407 0.24564 -0.42164 -1.6505 1.5215 1.6398 2.1071 -1.2674 -2.1841 0.26027 0.17607 -1.7993 -0.20392 1.8335 4.2615 -0.37073 0.14405 1.1242 2.6933 0.4932 -1.5029 0.1809 0.18792 1.3972 -0.3794 -1.0177 -0.089259 1.3199 1.9399 2.2692 -1.0923 -0.79361 -0.12748 0.83811 -0.0076439 -0.046694 0.6249 0.34869 -1.5209 1.8517 0.40691 1.291 1.441 -1.6115 -3.2469 0.75858 1.9501 0.054698 -0.36386 -1.1853 0.79754 -1.4833 1.3649 0.01948 -0.24679 1.3666 -0.28766 1.409 1.0142 1.2917 0.49669 -2.0845 0.83665 
rengöringsmedel -0.31428 0.2582 -0.13911 -0.51881 -0.63467 0.67272 -0.76821 0.6129 -0.49425 0.56691 -0.71572 -0.96537 0.82629 0.43583 2.1019 -0.28206 0.50989 0.45609 -0.32672 0.69935 -0.42063 0.53402 -0.071716 0.18561 -0.71314 0.71196 0.56085 0.93927 1.5318 -0.69344 -1.4381 1.0382 -1.4587 2.2564 -1.2071 -0.086739 -0.81934 1.19 -0.31891 0.24756 0.26114 -0.90608 0.44821 -0.60836 -1.0301 -0.1805 0.16522 -0.32086 -0.91149 -0.46093 0.39301 0.18141 0.17799 -0.486 -0.33556 0.55123 -0.36711 1.0491 0.17125 0.34071 1.6732 -0.074935 -0.79089 0.34708 0.2369 -0.78991 -0.12466 -0.6644 -0.54061 -1.4212 0.35489 0.84647 1.0503 0.98198 -0.41403 -0.36788 0.04791 0.040775 -0.31254 0.45635 -0.7924 0.70274 -0.96898 -0.428 -1.0334 -0.047803 -1.2583 -0.2514 0.44524 1.1728 1.2504 -0.54393 -0.60954 0.90725 0.033567 0.081868 0.43372 0.73345 -1.6191 0.87968 
potatis 0.97346 0.41439 -0.95709 -0.25635 0.17318 0.68155 1.4135 -0.86374 -0.70346 -1.8047 0.19539 -0.31083 -2.5081 0.20157 -0.61745 1.3491 0.39366 0.14063 0.1423 1.9801 0.43112 1.2484 -0.81959 -1.6973 -0.59678 2.1831 1.6117 1.3226 -0.34645 1.5562 0.37769 1.4641 -0.14279 0.2768 1.6543 0.89902 -1.7479 -0.36743 -1.8555 0.38277 3.0392 -1.7583 2.8884 -1.1893 -0.13489 -2.6463 -1.0724 3.205 -2.0916 -1.414 -0.86026 1.1699 2.118 0.4084 0.94138 -0.28912 -0.1571 -1.3495 -0.17482 0.71051 0.56041 1.1663 -0.89892 0.43397 -1.1833 -0.23243 3.2009 -0.50679 -0.1483 -0.98503 1.176 0.044128 1.0024 -1.3226 -0.76913 -1.7064 1.9012 1.6518 0.27056 -1.0146 -0.16986 1.2656 0.25112 -0.55858 0.96855 1.509 0.73073 0.74276 -0.2427 -0.15544 -0.49437 0.035564 -1.0364 -0.1427 1.6525 -0.93623 -0.4254 1.0113 -0.060974 -1.4167 
päron 1.8982 1.3962 1.7358 -2.0423 1.0856 0.46633 -0.76634 3.2778 1.1822 2.3019 -0.80515 -2.4304 1.3917 2.0194 3.4783 1.4771 0.97624 -0.075257 0.7118 -0.14313 -1.4289 -1.1702 -2.5657 2.0058 -0.44928 -1.0348 1.1007 4.0343 -2.0582 2.0906 -2.2089 0.026693 -1.6374 3.0007 1.8483 0.0016682 -0.62597 0.62933 -3.0074 -0.077329 1.089 0.88351 2.0495 0.68019 1.728 0.11475 -0.009964 1.6839 -1.3289 0.47425 0.64333 -1.942 0.83572 0.96256 0.60771 0.37667 0.80219 -0.69204 4.1046 -0.061821 1.8297 0.71581 -0.66528 -1.1588 -0.64417 0.25678 1.0791 -1.3756 -1.0575 1.8833 0.53436 -0.063501 0.5246 -3.2782 1.0949 -1.2712 1.6165 0.89996 0.89211 -0.82416 0.34376 -1.9588 1.9631 0.89379 1.2927 -0.49812 1.3694 3.6299 -2.7975 0.36486 0.48549 3.1064 1.4244 0.62851 0.79357 1.1864 -0.41879 -0.34683 -1.7852 0.1634 
russin 0.092429 -0.046606 -1.7764 -0.92881 0.781 0.37055 -1.1145 -1.1986 -1.816 -0.26575 -0.2692 -1.0492 1.7307 0.69335 3.8608 1.505 -0.4609 1.5732 -1.6204 0.52174 -0.18356 -0.21953 -3.7342 2.0733 1.2775 -0.69688 0.66622 0.57864 0.86917 1.7876 -0.72749 -0.30946 0.31554 1.3577 0.031601 -0.38257 0.12129 0.46604 -2.1943 0.57349 0.93322 1.442 2.3184 1.1951 0.2005 -1.3664 0.15635 3.4764 -0.60956 -2.26 1.5667 3.1335 -0.82827 -0.16262 1.6262 -0.078801 -0.64233 -0.12209 0.020181 -0.080358 -0.53758 -0.030043 -0.9706 -1.4618 0.42422 -0.16204 -0.24947 -4.114 -1.126 1.1934 2.6034 -0.95315 -1.6966 -3.573 -0.1298 -2.363 1.3537 1.9609 3.0362 -0.882 0.032218 -1.6556 1.2526 2.493 -0.59776 1.7763 -0.83536 2.0634 -0.96792 0.02115 0.2248 1.0526 0.9118 -0.58012 -1.1817 0.091051 -1.1691 -0.66586 0.45293 -2.5733 
ek 3.351 -0.097 2.9392 1.053 3.2077 -3.1192 -3.3819 -8.2356 -1.6235 -1.4564 1.0066 -0.16894 1.64 0.15253 11.879 -6.0274 -0.45121 8.7934 0.75193 3.0862 2.3582 -2.7693 -10.327 4.7574 0.5308 -3.4217 6.2482 7.9615 -3.8051 -0.47463 3.2623 -3.1276 -2.4388 -0.16514 -0.85407 4.1602 -3.0604 -4.8684 -2.9397 3.2229 3.225 5.7857 10.271 1.6562 -3.7416 1.3492 6.4592 6.5124 0.10957 -1.1132 5.238 4.486 -0.128 1.4115 -0.82653 5.1506 -5.9787 -4.7836 -0.6088 -1.9621 -1.5974 -3.2357 1.6153 -7.2219 4.4208 2.7449 -6.4156 -6.0741 -2.806 5.8454 3.9 -0.076604 -3.597 0.56771 -0.39707 -3.8622 0.54098 1.3521 2.7629 3.0536 -1.4095 -3.3639 2.7063 -0.030522 1.5846 -1.1759 2.4771 -0.77785 -3.2263 1.12 -1.6982 -4.9829 3.0481 -1.7354 0.8045 6.6062 1.8218 -2.6066 -5.7014 -3.5678 
jordgubbe -0.69145 -0.44343 0.026361 -0.11889 -0.44158 -0.20521 0.24799 1.6848 1.1419 0.016134 -0.80976 -0.18789 -0.064512 0.57008 2.2345 1.8572 0.077827 -0.18712 0.50914 -2.1333 0.35882 0.73104 -1.7179 0.084113 1.4128 -1.1381 -0.31235 0.68506 -1.6369 -0.1312 0.13603 0.49702 -0.30382 1.3015 0.847 0.99591 0.15252 1.0216 -0.30206 0.31926 1.3781 -0.67578 1.0005 0.61497 -0.027056 0.93232 -0.12059 1.0746 -0.94146 0.33705 0.7456 0.34926 0.73714 -0.82268 -0.57588 1.558 2.0417 -0.31101 0.39319 -0.10212 1.6972 1.4497 -0.70213 -0.10044 0.10512 0.4135 0.99722 -1.4802 0.56764 0.62809 0.66826 1.0359 0.94188 0.18089 1.4782 -0.31096 0.863 1.0894 0.685 -0.33162 0.3677 0.063896 0.92632 1.3906 0.52139 0.14065 2.0064 0.82546 -0.79661 0.80798 0.14554 -0.12678 0.027598 0.58164 0.34847 1.6575 -0.22848 0.10976 -0.62227 -0.28165 
skinka -0.71157 -3.2287 -1.9312 0.26556 1.066 2.5274 -0.22712 -1.9713 -1.2824 0.75815 1.0099 -0.052105 0.6946 -0.49904 -0.27593 2.2771 1.6703 1.2967 0.71731 1.2653 0.040335 1.5476 -1.201 -3.1663 -0.48261 0.72748 -0.9347 -1.0568 0.79271 -0.56376 -0.71773 0.25761 1.2972 -0.65502 -0.10284 0.65078 -0.39388 0.16441 0.08293 1.3823 2.6141 -3.4892 0.9086 -0.58808 -0.97953 -2.2666 -2.2118 2.2585 -0.75711 -3.2779 1.4369 1.3355 2.7523 0.45326 0.035211 -0.57443 -0.017796 -0.46529 0.98542 1.2559 1.2835 0.096256 -0.40349 -0.37897 -0.43629 -0.79091 1.5411 -1.9913 -1.0453 1.3598 1.2472 0.62086 1.2378 0.73478 -0.71804 -1.7333 2.3419 1.2382 0.89766 -1.0449 0.015996 0.83729 -0.090334 0.75682 0.063512 2.9397 0.81597 -0.47668 -1.8125 -2.1825 -0.31841 1.2954 -1.5573 -0.62795 1.1932 -0.15583 0.034296 0.24201 -1.3 -2.1827 
kokosnöt -1.0656 0.6357 -0.05085 -0.54162 0.81505 -0.63213 0.15764 1.173 0.85523 0.94949 -1.8544 1.0771 0.83381 1.9251 2.1988 1.9173 -0.80098 -0.74494 0.21475 -1.7351 -0.73381 0.13439 -0.0005091 0.57681 2.0979 -0.18794 0.59757 1.0803 -0.56979 -0.32726 -1.0161 0.63658 -1.3984 -0.039448 0.52228 0.77548 -1.1967 -0.1655 -0.91435 -0.19587 1.0144 -1.2716 0.75205 -1.4639 1.959 0.55122 -0.80408 -0.28031 -0.97918 1.0731 -0.90559 0.28978 -0.80032 -0.2829 0.26397 1.8033 1.5679 -0.44355 1.0322 0.33289 1.8817 0.49266 -1.0497 -0.31339 -1.1978 0.60918 0.17066 1.3487 0.13873 -0.20453 0.18518 -0.27948 -0.41219 2.3201 0.63977 -0.62149 0.28354 1.1967 1.712 -0.46102 -1.9023 -0.18472 0.716 2.0855 -0.039145 -0.28204 0.84354 1.3899 -0.72326 1.5016 -0.35593 -0.67553 -1.564 1.3403 1.7899 1.0704 2.4303 -0.39222 -0.59663 -0.073492 
grönsak 0.31003 0.19132 -0.0885 0.043028 -0.76451 0.20568 0.54778 0.79964 -0.13255 0.56557 -0.54768 -0.4347 -1.3048 1.5229 1.3286 0.4856 -0.7905 2.1202 0.68307 3.4715 0.72404 0.62186 -0.28972 -0.33738 -0.91629 0.25099 -0.090673 0.029129 -2.0463 2.0506 -0.38764 1.6161 0.50592 -0.36079 2.2056 1.1456 -1.2648 0.82061 -1.1501 2.1433 3.322 0.63413 1.7281 0.40331 1.0264 -1.5508 -0.8804 1.3634 -2.8453 -1.5652 -0.94165 -0.21014 2.1577 -1.2126 -0.35487 -1.0782 -1.3533 -0.82699 -0.12552 2.287 0.22294 1.1902 -0.97489 -0.44489 -0.89731 0.81408 0.89552 -1.3707 -1.1426 -0.40224 2.4375 -0.43711 1.9287 -1.3775 0.10597 -0.084535 0.82714 3.002 1.1718 -1.6273 -1.5756 1.7656 -1.0343 -2.4223 0.51085 2.6514 1.3216 0.64197 -0.82168 1.3559 -0.15302 0.55687 -1.1402 -2.3075 1.5112 -0.39665 1.9887 -2.2306 -1.7808 -1.2823 
gurka -0.0097071 1.0347 -0.43076 -0.047001 -1.899 -0.23469 2.3061 2.6863 0.91512 1.8585 -0.11564 0.14301 0.49879 1.2097 2.1412 -0.39768 -0.57063 -0.45193 0.27818 1.6883 -1.9915 0.05568 -0.41401 -0.72284 -1.2399 -1.0054 -0.2019 1.9078 1.2278 1.0049 -1.0786 0.25473 0.25622 0.42413 1.6233 0.12373 -0.79967 2.1495 0.0043935 0.43329 0.55521 -0.3511 3.6444 -1.0538 0.659 -2.1123 -1.6237 2.2492 -2.7515 -0.24068 -2.252 -1.1277 0.27933 -0.072275 1.7072 0.87543 2.2967 -0.17198 1.6763 1.1339 1.9637 0.56267 -0.32784 0.45046 -0.70644 -1.2888 2.452 -2.7706 -0.15979 0.60012 0.10957 -1.2246 0.80193 0.78428 -0.51018 -1.8448 1.1986 1.8591 -0.6206 -1.4158 -2.1991 1.599 -0.84808 0.38659 0.043495 0.41489 2.8766 2.784 -1.5708 2.3249 -0.30563 0.65558 -0.014637 2.5852 -0.48297 1.2925 0.15405 -1.0414 -1.6236 -2.4321 
gödsel 0.23118 -2.427 2.1688 1.7401 -1.6366 1.7259 -0.56061 0.076067 0.71622 -2.6443 1.4928 -1.5338 0.075801 0.73575 2.4593 1.1334 -1.9896 -0.22479 1.0965 0.73029 2.7087 0.71117 -1.3433 -0.94744 -0.82201 0.51606 -0.096058 -1.2966 0.14496 0.92205 2.0722 0.45897 -1.2717 0.49896 -0.18461 0.80685 -0.92702 -0.92159 1.5983 2.5966 0.43281 0.25326 0.39364 -0.29257 -1.5145 -0.10247 0.99044 -0.16011 -1.6039 0.22421 -0.39809 -0.67373 1.2065 -0.24118 -0.7339 0.81345 -0.33802 -1.6528 0.54776 0.19829 0.513 -0.010403 1.3174 2.0633 1.7682 2.4859 -1.331 1.9603 0.37157 -0.87071 -1.3295 -0.20025 0.52872 -1.2764 -0.5828 -1.8127 0.67532 2.0652 -1.8387 0.8995 0.11927 0.59049 -1.0094 0.26815 -0.035117 -0.64505 -1.368 -0.32704 -1.4998 1.0679 0.90367 0.083291 -0.92482 -1.2805 -1.1606 0.30525 0.58021 -2.1066 -0.63401 1.6178 
lack -2.025 -1.7867 -1.6389 1.7901 -0.3267 -0.33352 -2.3122 -0.25972 -0.2365 1.1043 -1.8455 -0.088871 -1.0099 -0.14135 2.9089 2.727 1.6561 -1.0462 0.73529 -1.0684 -0.55293 0.019362 -4.3669 -1.4983 -0.95382 0.34588 1.3994 -1.4368 2.8626 -0.78203 -0.48938 -0.17966 -3.6293 -1.7443 -2.5555 0.82682 -0.79169 1.9705 1.2857 -1.0929 -0.31214 -1.5634 0.6413 -0.93299 1.7349 -1.1256 2.4438 3.908 1.3549 1.5603 0.94572 3.806 -2.8374 -1.7096 0.35446 0.723 1.9972 1.737 3.0489 1.4606 -0.36941 -2.3622 -1.1419 -1.3083 3.5608 -1.2664 -0.27624 -2.7378 -2.5721 -0.41668 -0.6858 3.1504 1.5841 1.3006 -0.78382 2.7404 1.5029 2.3619 2.4923 1.4949 -3.8592 -1.4962 0.41514 -1.6041 -0.034604 -3.4325 -0.084386 -0.11001 -1.8431 -1.6319 -0.93482 -2.3839 -1.6428 1.5979 -2.0245 1.9566 -0.4339 -0.56861 -0.49846 2.0732 
kartong 1.3589 -0.56024 -1.2904 1.2907 1.3076 0.12155 -2.1923 1.531 -1.2068 0.22426 0.24529 0.6043 0.090654 -1.1704 1.6572 0.14661 1.3758 -1.1526 1.7499 -0.44204 -0.57079 0.83415 -0.58547 0.16848 -0.86177 -0.76039 1.551 1.146 -1.0451 0.75575 -0.956 0.36981 -0.73593 -0.32394 0.40083 -0.11755 -0.83782 0.77245 -0.6189 1.9681 1.7219 -0.30239 0.36107 0.53863 -1.3888 -2.4732 0.47126 0.051092 -1.1929 -0.78808 -1.1239 2.7874 -0.59852 -0.77301 -0.34172 1.706 -1.2523 0.33464 -0.0044997 0.85853 0.26166 -1.6256 0.44872 0.76026 2.8996 -0.37755 0.29805 -1.1383 0.78462 0.18557 2.7768 -1.1369 0.035313 -0.95667 -0.2251 1.3121 -0.28819 0.79343 0.86512 2.272 0.27233 0.94026 -0.93336 0.17958 0.61899 0.62729 -0.89523 0.52802 -1.4754 0.2731 -0.15345 0.0099835 1.0758 -0.99728 -0.57615 0.44858 -1.0109 0.41397 -2.4174 0.2502 
målarfärg 0.11837 -0.52673 -0.35917 0.42186 -1.402 0.26042 -0.33886 0.84711 0.93141 0.67291 0.74921 -1.0513 -1.4622 -0.54394 1.7393 -0.79535 1.1359 -0.027674 -0.24149 0.65371 -0.049581 1.7685 -1.8662 0.012091 -1.33 0.56677 0.80733 1.5974 1.3102 -0.67832 -1.0544 -0.50439 -1.8071 0.77963 -1.9899 1.4248 -0.59335 1.098 0.67805 1.7473 0.49274 -0.83675 0.45698 -1.4816 -0.80217 -1.4472 1.1043 -0.59202 -1.127 1.3469 -0.6943 2.6031 -0.39311 -1.2835 -0.54987 0.20765 -0.092854 0.72486 0.28848 0.25697 -0.70169 -1.2124 -0.13394 -0.55113 0.63672 0.64879 -0.33973 -0.37398 -0.86221 0.55754 0.52849 1.6155 1.4053 0.72078 -0.26133 -1.2369 0.41834 -0.27227 -0.59573 0.93517 -1.519 -0.8313 0.062865 -0.41218 -1.1891 0.36679 -1.5494 -0.1564 -0.48209 0.36003 -0.78983 0.35185 -0.29094 0.50316 -0.44081 1.4318 0.20315 -0.6568 -0.98714 0.95279 
ammoniak 0.64837 -3.1892 0.37329 0.24742 -1.1014 1.0829 0.05396 0.32701 -0.070615 -0.72857 0.31822 -0.97284 -0.091852 -0.98897 1.6321 -1.622 -0.73921 -0.50593 -0.23484 0.80026 0.55739 1.8132 -0.097162 -0.71134 -1.0247 2.5781 -0.16824 0.71884 0.97497 -2.1517 -0.084283 0.43019 -2.7685 0.82063 0.71311 -0.026158 -1.1114 -0.47021 1.0206 0.46977 0.46154 -0.82401 1.1922 -0.24554 -2.3075 -0.2464 0.99709 -0.82136 -0.55452 -0.72279 -0.29877 2.3066 0.61872 -0.79673 -0.24487 0.011604 -0.020369 1.4154 1.2362 0.7562 0.63936 -0.64411 0.16075 -0.01544 0.5421 0.86347 -0.039883 -1.6194 -1.6023 -1.3976 -1.4723 0.13657 1.3497 -0.62995 -1.0691 0.059164 0.33308 1.678 0.75922 1.3195 -0.062138 1.8003 -0.54321 0.15975 0.35915 -0.4283 -2.1169 0.8175 -0.87879 0.88799 0.66185 0.57975 -1.2373 -0.42932 0.3915 0.29876 -0.52803 0.10948 -0.39852 0.65954 
bageri -1.4739 -0.18486 -3.6466 -1.2779 0.8338 -0.73436 -2.9394 2.049 0.35712 -0.25978 0.66993 -0.78619 0.42673 1.3276 -0.9123 0.24026 1.3239 0.43754 -1.5199 -0.47161 0.5122 -0.34158 -1.3824 -1.4108 -0.30103 -1.1631 -0.31407 -0.84195 -1.2198 1.4002 -2.9539 -0.09606 0.37451 0.44432 2.2532 0.26555 -1.6713 -0.88994 1.1095 0.28128 0.33727 -1.3092 0.96515 1.1826 -2.3159 -4.8658 -0.1208 -0.50413 0.044633 0.67189 -0.41948 1.6598 0.35369 1.8541 0.38718 1.6084 -0.72695 0.43714 0.44303 1.6363 -1.0161 0.29875 -0.31602 1.4938 -1.1876 1.0147 -1.4476 1.1105 -0.2337 -1.5236 2.1912 1.1464 -1.4693 0.68647 1.1551 0.88475 -1.6971 0.39768 -1.6936 0.75333 1.3197 1.5536 0.17509 0.47276 -3.9602 -0.033737 0.38241 -2.2131 -2.4452 1.095 0.47789 1.9082 0.78765 -0.88896 -0.014411 -0.3511 1.4757 0.41935 0.076095 -0.96975 
sirap -0.68837 -1.478 -1.7779 -0.84827 1.8552 0.64589 1.1022 -2.383 -2.8157 -1.5296 -0.84622 -1.9895 0.85137 -0.25291 3.4778 3.1544 -1.1728 0.7066 -2.4492 -0.055501 -1.2527 -0.5305 -2.3739 2.1778 1.175 0.69393 0.26297 -0.66007 1.4002 0.23131 -2.0171 2.7655 -1.4125 1.901 1.8907 1.6234 -0.6548 -2.9624 -1.3936 0.68397 2.4043 0.42476 0.73322 1.3732 1.1348 -1.2159 0.24481 1.1626 -3.085 -0.6888 -1.5357 1.9306 -0.18005 0.49236 1.849 1.139 -1.6331 -2.7052 0.43522 -0.59857 0.3389 -0.5786 -2.2623 -2.1568 0.10628 3.5716 -2.2999 -2.494 -2.4651 0.95095 0.66806 -2.0998 -1.3278 -1.5761 -0.058309 -3.292 -1.4702 0.038575 2.3041 -1.6331 0.42296 -1.2254 -0.22682 2.0054 1.7833 1.3678 -1.8616 1.38 -2.7067 0.21301 0.68107 0.59629 1.0407 -1.0315 -0.63967 1.0419 -1.0686 1.8377 1.3959 -1.4248 
kork 1.9938 -2.9154 -0.68664 2.1213 -1.6794 -0.46473 -1.9582 -0.63096 -1.9135 0.65986 -0.75265 0.71524 -2.1057 1.6864 4.0371 -1.3173 1.6716 1.0945 -0.093324 -3.4127 1.6909 -1.8056 -0.24667 0.15804 -1.6833 0.44632 1.2198 -0.58595 -2.6005 -4.7649 0.5729 -1.3356 -3.9483 -0.48617 0.79539 -0.16954 -0.41264 2.759 0.32748 -0.27427 2.1529 1.0577 2.9838 1.7813 -0.53605 -3.1207 1.8016 2.546 -1.4951 0.61442 -0.4942 1.1016 -2.8124 -2.3034 1.0859 0.99209 -2.0115 1.7 -0.52109 1.8311 1.2233 -2.383 -1.9435 0.19381 0.59902 -1.3385 -1.7824 -2.4555 -0.7638 -3.0221 3.7653 0.47636 1.1133 -2.2636 0.48654 0.77787 1.5988 -1.334 2.0626 2.6375 -1.1369 1.5259 -0.93918 0.65771 0.81854 -1.4369 1.5076 -1.1846 -0.91438 -1.3588 1.6015 -1.2363 1.0475 1.8376 -1.3989 -2.2282 -1.0069 2.1952 -3.4888 -1.0011 
björk -2.3511 0.73336 -0.20144 0.57504 2.0383 -1.4591 0.23374 -2.7939 1.0994 0.24701 -0.41845 -0.86839 -2.7939 1.7417 1.4393 0.3371 -1.2395 0.092258 5.6737 0.62438 -0.40081 -1.0231 -1.3923 -1.36 1.3437 -1.1772 -1.6294 0.65596 0.60387 -0.0029935 -0.40266 1.2221 -2.4642 -0.81471 2.4908 1.3156 2.1 -0.9674 0.72347 1.3359 0.38305 -1.6596 2.4562 -1.3529 0.41078 -0.39277 -0.15878 0.025587 -1.6705 0.93029 2.5987 0.46421 -0.93768 0.43768 -2.3849 1.0204 0.11493 -2.7078 2.0956 -1.2001 2.2724 -1.7385 1.3051 -2.1931 0.85359 -1.0963 -1.2192 -1.6759 0.66076 1.4412 0.38868 3.3744 -1.7316 -0.97226 -0.057002 -2.3995 0.45776 -0.25214 -1.9021 -1.3415 -0.15395 2.4591 1.754 -2.222 2.2388 -0.31399 -0.31918 1.0834 0.15284 2.5253 1.0833 1.9839 1.9186 -1.1687 -0.51446 0.48765 2.3899 -1.2611 0.15981 -1.6985 
eukalyptus 0.17135 1.2279 0.2069 -1.715 -0.65639 -2.0614 0.33225 -0.81912 -0.43746 1.3367 0.033944 -1.3885 -0.93424 1.456 4.0598 0.77287 -1.2427 1.6096 0.14005 1.8169 -0.43795 -0.039321 -2.4862 0.30598 0.36969 0.92351 -0.5404 0.17919 -0.0021139 0.57735 -1.1149 -1.1969 -0.68609 -0.89783 0.60908 -0.58231 0.19546 1.1427 0.6234 0.1496 -0.34187 0.74656 1.3731 -0.28797 -0.20361 -0.53109 1.1219 0.25301 -0.1526 -0.029022 0.28936 0.88122 -2.1036 0.00849 -0.027599 1.0224 0.31734 -1.2442 0.5521 1.1973 1.6233 -0.65398 -0.52095 -1.7467 -1.4441 -0.30111 0.808 -0.76374 0.31854 0.016666 -1.4558 1.304 1.6008 0.89474 0.16238 -0.70728 0.038811 -0.051223 0.059471 0.39691 -0.59218 0.89229 1.094 -0.4237 0.24181 -0.64148 -1.3534 1.0439 -0.53072 1.2128 0.04982 0.23803 -0.015741 0.75415 -0.53707 0.75844 -0.086302 -0.49102 -1.1568 -0.41758 
druva -1.1162 1.0325 2.3313 0.84594 0.42231 -0.14576 -2.3946 -0.86619 -1.317 0.10187 0.84725 -1.8597 -1.3321 2.5626 6.54 -0.28392 -1.0476 3.1755 -1.4229 1.577 1.1748 0.73617 -2.4129 2.9941 -1.848 -1.1135 2.9605 4.6437 -2.2725 0.92959 -0.36798 -0.42727 -0.35005 -1.5445 1.9604 0.42587 -1.6942 -0.16557 -0.80337 0.52069 1.4388 3.0776 3.4363 0.53438 -1.486 -0.0036392 1.3332 -0.16854 -1.6697 -0.77346 -0.028873 0.51633 2.2967 -1.3655 1.6984 2.4074 0.61822 -2.5253 2.5651 -0.2686 -1.7644 1.939 -1.5318 -2.0187 1.4124 1.3457 -0.88518 -0.37067 -0.050301 -1.0175 0.11676 -1.8716 3.9526 -0.81382 -0.76611 0.2619 -1.3478 2.1174 1.4006 -2.0075 0.80977 0.8686 2.127 -3.123 0.65835 1.5787 1.6094 0.55659 -0.027363 -1.9124 1.1195 1.9577 -2.2352 0.5684 -0.25457 0.13254 -0.98209 -3.1268 0.9064 -1.5316 
kryddnejlika 0.85321 0.25693 -0.20465 -1.8233 0.41304 -0.39891 -0.605 -1.5142 -2.0433 -0.32653 -2.1677 -1.3442 0.094871 0.97465 3.3724 1.9389 0.023041 1.6273 -1.6298 1.0719 -1.9968 -0.46001 -2.107 1.8763 0.94954 0.30152 0.071945 -0.50361 -0.017641 1.0391 -1.5024 1.1234 0.61682 0.0011317 -0.3077 -1.4095 -0.39565 -0.070639 -0.27269 0.24693 -0.7379 0.24256 2.6154 -0.25556 -0.21288 -0.94066 -0.080929 0.58615 -0.21335 -0.87656 1.5562 1.0686 -0.00744 -0.36083 1.3155 0.83493 -0.68492 -0.59901 -0.60441 1.3734 1.1959 -0.098001 -0.78648 -1.971 0.70209 0.34546 -0.48607 -1.3947 0.17872 2.1817 -0.50574 0.99382 -0.21008 -1.0059 0.69489 -1.7793 1.5411 -0.85043 0.1945 0.30241 -0.84942 0.64513 -0.74151 0.18517 1.0377 1.2134 -0.51011 1.0244 -0.60668 -1.6866 -0.35935 1.0164 -0.14496 -2.11 0.17787 -0.58979 0.69976 -1.0056 -1.2531 -0.59811 
bär -0.95595 -1.081 -2.7831 0.25173 2.9878 1.4896 -2.2543 -1.1306 0.087469 0.95047 1.0877 -0.58787 -2.3206 0.48199 6.6571 2.435 0.54562 1.417 -1.0347 -2.8318 -0.26638 0.65181 -3.2292 4.6612 1.7307 -2.1332 -0.048691 3.103 -2.0321 0.90174 1.9365 0.14136 0.65706 -0.78112 4.9314 1.8351 1.6045 0.39771 1.8574 2.0149 1.8722 0.87135 0.16287 1.1963 1.5144 2.185 0.80787 1.4391 0.33833 -1.5385 3.3111 3.6817 3.9722 -1.3878 -2.3924 2.5741 0.066407 -2.4333 -3.6423 -0.47128 1.835 1.2766 -1.1743 -5.6902 -2.9094 1.3185 -0.31627 -0.066266 -2.4507 0.9129 2.4236 1.3063 4.769 0.71127 0.2054 -0.91984 5.0339 2.946 1.2662 -2.9999 1.3558 2.0578 0.30425 -0.10455 1.4043 1.9131 2.8977 3.0229 -1.9578 1.5703 0.24732 0.73086 -1.7263 1.12 -2.8706 2.5415 -1.2957 -6.4317 -3.4173 -0.87577 
banan 1.0831 0.58811 -1.2186 0.21193 -1.0825 -0.18399 0.5355 2.1613 -0.12826 -1.7713 -0.83373 0.16226 1.1305 2.1269 1.5694 0.75306 0.42733 -0.81003 -1.4628 0.25021 2.1364 -0.10924 -1.9829 -1.6836 0.929 -1.6641 0.75488 1.0986 -0.24584 0.1369 -1.9262 -0.6692 -0.7064 -0.035081 0.60571 0.98258 -0.21182 -0.8025 -0.32522 1.4307 0.27175 -1.4958 2.7284 2.0061 -0.36232 -1.6355 -2.3775 1.99 -2.8547 -0.0041952 1.0851 1.1028 2.0874 0.23304 -0.72938 -0.20766 -0.12139 1.32 1.3912 2.1623 0.04899 2.4075 2.0203 2.0199 1.0569 -0.25554 0.59506 -0.045013 -0.77774 0.60354 1.7494 0.51675 -0.40146 -1.3955 0.48347 0.15535 1.3392 1.475 1.8157 0.44851 0.54446 -0.16 -1.4639 2.2001 1.5259 2.0402 0.78426 1.5811 -2.1687 0.13722 0.040357 1.6993 -2.8878 1.7274 -0.49428 1.8857 -0.52856 -0.4907 -0.48256 1.9298 
tallbarr 0.34078 -1.4131 0.1467 0.43225 0.84284 -0.68711 0.15534 -0.34369 -1.3193 0.13643 -0.69715 -0.1528 0.54556 -0.56322 3.6989 0.85452 -1.8391 0.9622 1.1599 -0.21994 -0.84194 -1.5112 -0.81037 -0.21019 0.82728 0.45882 -0.99391 0.99383 1.2137 0.29305 -1.0356 -0.777 -1.2801 1.7614 0.94823 0.11761 0.26279 0.14901 1.8185 1.6848 -1.1836 -0.00093971 -0.40991 0.92136 -1.0592 0.65725 0.087506 0.5958 -0.79541 -0.8991 0.58379 0.67722 -0.90011 0.5513 -0.068587 1.7762 -0.83477 -1.6983 1.1442 1.4016 1.128 -0.003498 -0.20971 -2.1699 -1.4844 1.8045 -0.59724 -1.1701 0.23065 -0.014388 -0.84637 0.89283 -0.59645 -1.1021 0.20735 -3.5345 1.3703 -0.060115 1.0573 -0.7471 -0.76176 0.54971 0.29433 1.0157 1.0751 -0.0018531 -1.3501 0.7266 -2.1158 1.9079 1.5545 2.1399 1.4243 -2.1057 -0.79155 0.29347 -0.73486 -0.43334 -1.7033 -1.5651 
mus -0.20037 -1.7551 -0.43901 -2.4495 6.1388 1.1506 2.8803 -0.1846 -0.62104 -0.8602 2.7808 3.8483 0.18184 -0.37724 -0.93475 -0.25103 2.1136 -0.89195 2.2542 1.3165 0.34865 -4.7946 -1.9571 -0.040059 -3.1605 0.88367 0.61422 -0.14786 -0.30948 -1.2489 -1.4678 -4.2093 1.4334 2.2638 -0.56111 -0.71212 0.33066 1.1097 0.54499 -1.2342 0.5939 -0.44112 2.2301 0.8652 1.3224 -4.5386 -2.0469 -1.0184 -1.2639 -0.4429 0.92854 1.7296 0.40068 -1.0328 -0.11049 0.91215 0.89279 -1.1123 1.5554 -1.3089 0.79171 -1.1647 -0.5782 2.2505 1.2479 0.92649 1.0873 -3.4542 -1.2166 -0.7436 -0.09594 2.5968 -0.75782 -1.2066 -2.8813 -1.3559 3.5463 -0.92274 -0.72421 1.9797 1.5507 2.0721 0.49134 -1.3521 -0.39934 -1.6011 -0.076823 3.2267 -0.041213 -0.31778 0.08011 -0.37457 -0.64097 2.2853 0.78674 1.9669 -0.84345 -1.4165 0.27254 0.14113 
anis -0.4815 -0.35068 0.93406 -3.8032 -1.5365 -0.75001 -0.52875 -4.2177 -1.8073 1.1293 0.17372 -1.6233 -1.8862 4.2278 4.827 2.9936 -0.52743 0.57028 1.6603 2.5522 -1.658 -0.20278 -4.1374 2.8797 0.33947 0.50694 0.07591 0.26893 0.32977 -0.43899 -1.0296 -0.054657 -1.2436 0.47024 0.92192 0.017444 -2.1566 -1.4436 -2.5983 1.875 -2.0574 1.8248 1.9481 -0.084746 -1.8048 -0.0078667 0.77956 -0.68926 0.51789 -1.196 2.0915 1.4738 -2.9278 -0.02171 1.048 0.96553 1.9593 0.62669 2.0137 1.0115 0.82015 1.3173 0.55255 -2.9113 2.1115 0.068957 0.32369 -3.6937 -4.0503 1.1854 0.15035 -0.38625 -0.27532 -1.1215 0.8145 -2.2674 2.209 2.1381 0.52586 -0.56939 -0.047391 0.23671 2.1336 1.6752 -0.65879 0.9611 -1.2113 1.7436 -1.5445 1.8791 -1.482 2.2517 1.5564 -0.67524 0.020126 0.55438 1.2419 -0.14273 -0.78225 -1.6761 
rom -0.26709 -0.88235 -2.2444 -0.87847 0.33658 -2.0728 -1.1592 2.3095 -0.4193 -4.3366 -1.0925 0.71309 2.7377 3.0781 6.5678 1.0055 -0.070478 3.8046 -1.112 0.27976 -1.6416 -3.4632 -3.4366 2.1851 0.39014 -1.2171 3.3926 2.1643 -1.0186 2.4866 -0.039975 -0.036121 -2.1034 -5.3061 2.5055 -0.7712 -0.95771 -0.81562 -0.19126 0.45382 3.6454 3.0874 0.859 -1.1462 -0.83576 0.8151 -0.1886 0.85487 -0.85889 -0.5088 -0.31483 0.88521 -0.89664 -0.18721 3.1197 1.5341 0.57527 -1.0727 -1.8863 0.71123 -2.2622 0.67174 1.9414 -0.69291 -0.88891 1.5505 1.4365 -0.62742 -0.74023 -0.078269 1.3249 -1.4454 -3.6605 0.0033311 1.7472 -4.3353 0.66333 -0.77769 0.3763 0.15836 -3.0972 1.543 -0.63231 0.27851 -0.066181 0.99562 -2.7933 3.2327 -2.6034 0.080335 -0.22469 0.58105 2.6038 3.5927 0.15457 1.2306 0.59661 0.68651 -0.32277 2.9666 
bark 0.59 -2.6064 -0.86385 1.1447 2.3197 -0.44631 -0.84327 -0.82 -3.0886 0.08992 1.4285 0.11865 -2.4132 -0.049611 4.5867 -0.11309 -0.93662 3.9878 2.932 2.0827 -1.5229 -1.8631 -2.3906 -2.5103 1.1411 -1.7315 -3.5673 1.3577 1.3544 1.0295 -2.7422 -0.73731 -0.26832 -1.0862 3.0432 1.0114 0.024749 -0.70492 0.84406 0.53878 -0.52643 1.5899 -0.46129 -0.82882 -0.3597 -1.1527 -1.3199 -1.6728 -2.2271 1.3784 0.15773 1.5284 -0.74872 -1.258 -2.0185 1.3345 -0.52196 -5.4984 1.983 1.1814 2.1027 -3.7169 1.183 -3.5974 -0.94464 -0.19421 -0.46544 -0.58464 -1.7304 3.5668 -2.1429 0.3688 0.46928 -0.87174 -2.824 -4.5042 1.6988 3.1063 1.8988 0.45518 -0.91651 0.70527 1.23 -1.4836 0.17435 0.076865 -1.1127 0.2184 -0.89708 1.3682 -0.55749 3.9299 2.3093 -2.5689 -1.0446 2.3015 0.10648 -3.058 -0.4586 0.20756 
morot 0.069982 -0.57331 -1.3268 -0.96891 0.31215 -1.5052 1.9527 -1.298 -1.634 -0.23996 -1.495 -0.93593 0.10838 2.7339 0.48065 2.4011 -1.7885 0.59699 1.408 2.1976 1.6644 -0.090447 -1.8985 -0.30943 -0.66174 1.351 0.20175 0.21327 -0.85014 -0.14566 -1.2366 1.8697 0.27377 1.0245 0.64438 1.1978 1.1825 -3.094 -1.2669 -0.1729 0.66847 -0.57921 3.686 0.40866 -0.084797 -1.5468 -0.28569 2.1762 -0.67438 -0.67776 -0.17995 2.0847 1.9648 -0.57111 -0.81623 -0.0026467 -0.5797 -0.70423 0.084101 -0.67816 -0.25601 2.6289 -0.8837 -0.77104 -0.012313 -0.27285 2.5213 0.081439 -1.7553 -1.2789 1.0074 1.2874 0.43691 -0.66525 -1.7918 -1.316 1.7613 0.67888 -0.91082 0.72138 -3.2433 2.1369 -0.76874 1.1221 2.1919 0.63787 0.91868 0.38418 -0.76265 -1.3562 -0.33483 -0.056761 -1.0286 0.77514 1.0137 -1.1432 0.35822 -1.1312 -0.68637 -0.43423 
lösningsmedel -0.5605 -0.12356 -0.33443 0.56188 -1.1715 0.78153 -1.1434 0.39753 -0.75993 0.15575 0.12721 -1.6729 -0.56259 0.26231 4.5336 -0.36079 -0.64671 0.47315 -0.72851 2.0198 0.22427 1.0012 -1.5271 -0.40646 -1.2704 1.4878 -0.79208 1.1349 0.80513 -0.49354 -0.89992 0.70934 -1.7114 0.48699 -0.37199 1.0533 -0.97758 0.040537 -0.47728 -0.32393 -0.29464 0.11889 1.7664 0.62066 -1.06 -0.13113 0.74596 -0.77162 -1.2333 1.1349 1.6068 1.6286 0.45429 -1.2244 -1.3309 0.64876 -0.65919 1.1148 0.13056 0.94747 0.55668 -0.26365 -0.42643 1.1026 0.6313 -0.43308 -0.24738 -1.1099 -1.1196 0.38804 -0.3546 0.32525 2.1424 1.0264 -0.92327 0.08708 0.32432 0.54904 0.39823 0.88572 -0.55265 0.018345 -0.29079 -0.54229 -0.36842 -0.043609 -1.0855 -0.46989 -1.3304 -0.5734 0.12747 0.14446 -0.43433 0.73261 -0.082066 0.083476 0.72718 0.73932 -1.1362 0.74588 
lim -1.0538 -2.4305 1.1831 -1.0945 -2.2478 0.87982 -2.6244 0.61526 -0.0066765 -1.8024 -1.4377 0.21403 -0.75879 -0.99274 3.6397 3.1535 2.0824 -1.6632 -0.84736 0.63017 -1.2388 0.63301 -5.0728 -0.86541 -1.9949 -1.1975 -0.093423 0.43715 0.82007 -0.46534 0.64024 -1.3706 -0.3726 0.92793 -3.0838 2.2102 -3.6819 -1.7525 -1.489 -1.2904 -2.1766 -2.5115 2.2122 2.3867 -0.64021 -0.15847 -1.1137 0.88971 -2.9378 2.4852 1.03 5.7794 -0.6598 -3.2892 -1.2255 2.4865 1.437 -0.99029 2.3931 -1.1417 -0.21638 -2.1067 0.33281 -0.39378 2.5018 -0.5694 2.5568 -1.1702 -1.7689 1.0975 -0.55873 1.281 -0.31351 -1.4926 -0.33482 1.0368 -0.50834 1.3457 0.88155 2.4572 -2.1464 -1.9299 -2.4397 0.13168 0.91635 -1.6922 -1.2754 -2.9898 -0.35579 -1.6598 -1.1385 0.46356 1.1649 3.0451 0.63124 -0.21626 -0.16193 1.6048 -0.83685 1.1685 
ogräs 0.36154 -0.27852 1.7309 -2.5697 0.10512 0.33902 0.040748 0.9928 -1.3091 -2.0015 -0.16996 0.95967 -3.6432 1.7696 2.0184 0.13933 -1.7592 0.082875 2.5897 0.89013 -0.53924 -1.6539 -1.0943 -4.1598 0.59121 0.82997 1.4534 2.3961 -1.2378 0.44179 -1.897 1.2145 0.93084 0.028209 -0.22911 0.5556 1.0428 -1.7462 2.3705 3.1115 -0.55144 1.3545 4.4752 0.04225 0.93846 -2.5999 2.4961 0.10408 -3.246 0.75044 -0.37047 -2.5483 2.3415 -0.25347 -0.80628 -2.27 -2.5927 -1.6373 0.57944 1.0326 2.4024 -0.84461 -0.53328 -0.22352 -0.57068 2.1352 0.31912 1.2156 -0.70312 -2.5349 1.5591 -0.33706 0.98478 -1.0666 -2.0227 -2.4026 3.3992 3.8385 -0.055146 -1.6246 1.391 2.0671 0.8524 -2.6775 1.0548 -2.206 2.0075 0.34262 1.0976 1.8145 2.9995 0.69523 -1.1207 -1.6335 -1.5011 0.6129 2.2637 -1.3366 -1.6814 -1.6471 
senap 0.18507 -1.3962 -2.7302 -0.34146 1.051 0.96825 0.78344 -1.0334 -2.1607 -1.4459 -1.0444 2.6954 -0.64435 -0.24093 0.88687 3.0668 0.28203 1.0114 -1.7762 1.2487 1.2261 1.2765 -1.8286 -2.4 -0.43611 0.25811 -1.331 0.12062 -1.4383 0.69568 0.3792 0.47602 -2.218 -2.1365 0.11334 1.5113 -1.6016 1.7365 -0.23978 -0.40966 0.69126 -2.4563 2.3856 0.42889 -0.72302 -0.35268 -1.597 0.34037 -0.45306 -2.1411 1.2093 1.7181 0.85226 -0.18531 2.0721 -0.82892 1.1071 -0.5831 2.2072 0.72201 0.27657 0.87096 1.158 1.4449 0.70224 0.9552 0.78654 -1.5618 -1.6715 -0.18541 0.79529 0.22445 0.47611 -1.738 0.85868 -1.8834 2.8315 0.97946 -1.3095 -0.67791 -2.5084 0.043343 -0.09667 0.86453 0.50017 1.0286 0.81157 2.1975 1.1435 -1.6778 -0.53335 0.65225 0.55421 -1.0347 1.7471 -0.7263 -1.1576 2.6608 0.2747 -0.77759 
cologne -1.691 1.5163 0.088554 -0.14939 0.66432 -0.13655 -0.36282 -1.3406 1.2221 -0.44422 -0.44932 -2.7159 0.70432 -0.28635 2.0766 -0.020112 0.74888 0.57902 1.407 1.4891 -0.64712 -0.5416 0.22083 3.3698 0.31562 1.4237 -1.9077 3.7087 -0.34829 1.09 -4.3093 -2.4279 -2.4706 0.47774 1.2334 1.1788 -0.42332 -1.0102 0.80064 -0.095306 -0.76826 0.4019 -1.156 -0.20217 0.34015 -2.4902 -0.86693 1.6712 -0.29433 -0.64887 1.7241 1.0466 -2.4723 -0.28413 -0.83277 2.8453 1.4434 1.525 0.95206 0.88772 -1.5223 0.44171 1.9712 1.3997 0.26232 0.54871 -1.0231 -0.35328 -2.0977 -2.926 0.65802 1.3441 -0.75846 1.7994 1.0378 1.4259 -0.30494 -1.3672 1.966 1.5074 -3.064 1.7108 0.018662 -1.2131 -0.42487 -0.54359 -0.22311 -1.3025 -0.42255 -0.7697 0.43227 1.8635 -1.3356 3.2045 0.69749 -0.78716 1.0697 1.2392 -1.1138 0.95609 
geranium 1.403 1.1238 -0.66386 -1.582 1.8995 -1.3289 -0.96826 -1.1839 -0.22778 1.5583 -2.1688 -1.6175 1.0543 1.8213 3.0409 1.0456 -0.97426 1.0905 -0.62323 0.70887 -3.4097 -0.95842 -0.31542 -0.088415 0.6751 -0.10221 -0.72489 0.96268 1.0735 0.75352 -1.0262 2.1697 -1.4881 0.0034786 -0.11254 -1.6811 1.2759 0.58467 -0.35899 0.016214 -0.2955 1.0322 1.9248 -0.7266 1.43 0.38736 1.3935 -1.075 1.1098 -0.16996 -0.38075 0.46876 -1.3009 -0.74559 0.78605 2.6256 -1.4921 0.22085 -1.7211 0.28114 2.5167 0.67456 0.41977 0.054681 -0.98126 0.85745 -0.16734 0.59323 -0.80053 0.98528 -3.1079 0.80713 0.58298 -0.28342 0.38977 -0.48432 1.8219 0.86648 -0.61732 0.45671 -2.4045 0.96948 1.9825 -2.6163 0.74236 -2.6025 -0.53062 1.8764 -0.76882 0.28829 2.9092 0.83969 0.21042 -0.01733 -0.91474 -1.913 0.8323 -0.57137 -0.74557 -0.3848 
pepparmint -0.58077 1.1415 0.21769 -2.8497 -0.70566 -0.74281 0.88376 -0.71845 -0.24902 1.623 -0.39962 -1.3205 0.45739 2.2763 2.4653 1.5643 -1.0468 0.20715 -0.29008 0.22594 -1.1544 0.71335 -0.59582 -0.181 0.22773 0.26252 -0.17579 -0.64453 0.17623 -0.2799 -0.51354 -0.99692 -1.5167 0.36 0.42133 -0.35411 0.60196 2.4918 -1.4646 -0.15366 -0.18036 -1.0032 1.2728 0.13913 0.09578 0.3754 -0.20383 0.44042 -0.37649 -0.88878 -1.1566 0.65027 -1.4716 -1.3903 0.31022 1.8889 0.14611 -0.97156 0.092407 1.6828 1.0317 -0.69706 -1.2547 -1.4646 -1.6704 0.5922 1.2499 -1.383 -0.1952 0.58601 -1.6552 1.2885 1.7206 0.24625 0.54342 -2.1013 1.0577 0.18156 0.49458 0.033492 -2.1095 1.8495 1.7306 0.73842 0.47978 -1.1805 -0.10027 0.91339 -1.1463 0.50806 0.77515 0.74947 0.20704 1.6236 -1.6042 -0.86932 -0.34443 0.046351 -1.2988 -1.2016 
selleri 1.8716 -0.19477 -1.5315 1.0078 1.251 0.38818 0.013516 -0.46577 -1.3987 -1.3825 -0.81016 -0.76181 -1.499 1.7223 3.1659 0.38244 -1.2867 -0.27686 -0.7354 3.4852 -1.5997 1.141 -0.28904 0.24061 -0.88127 1.2426 -0.17467 1.3904 -1.3 0.88733 0.92449 0.23378 0.35851 -0.3978 2.1774 1.4843 0.48519 0.30928 -0.46933 0.96026 0.84294 1.3972 2.7346 0.91352 -0.64291 -0.90934 -0.33324 0.06008 -0.65646 -0.90305 1.1906 1.6646 0.87286 -0.79004 -0.31124 0.4373 0.50278 -0.11381 1.4969 1.6915 -0.29585 0.13978 -2.4675 0.2401 -1.4845 0.040216 1.5473 -0.91398 -3.1737 -2.147 -1.0729 0.31017 1.8796 -1.6301 -0.022952 -1.2033 1.2664 0.48866 0.053676 0.97029 -1.7903 1.2258 -0.32948 -0.05639 0.185 1.4422 -0.53513 0.50301 -1.9058 -1.3655 0.3769 -0.82925 -0.694 1.4238 1.182 -0.11207 1.1 0.6886 -0.22946 -0.5916 
popcorn 0.65711 -2.3725 -1.2363 -0.29184 -0.21249 -0.6567 0.48829 0.89191 -2.9198 -0.69465 0.70784 -1.1672 0.6456 -0.04564 -0.7121 1.4301 1.3736 -1.2819 0.63752 -1.0643 1.1467 0.45388 -0.31286 0.25636 0.48853 0.55656 -0.53043 -0.75433 -2.3297 0.054308 -1.0236 0.78294 -1.1433 -0.61672 -0.73392 -0.056157 -0.11781 0.8486 -0.33249 0.22292 -0.57846 -1.2719 3.0033 0.65677 -0.047811 -2.0173 0.95602 -0.51518 -0.72038 -1.9976 -1.1186 1.3765 1.218 0.64322 0.97724 -0.098871 -0.49439 -0.3532 0.1985 0.36281 -1.1753 -0.013674 -2.0272 -1.0896 0.51834 1.507 1.7101 -0.25769 1.0482 -0.39578 0.88571 1.2979 -1.3513 0.10231 -0.15862 -1.0098 0.54904 -0.43457 0.48933 0.53751 -0.068991 -0.49109 0.99346 0.34682 -1.8093 -0.51194 -0.29288 1.1166 -1.4262 -0.36829 -0.93486 0.84367 0.31248 0.094911 2.1959 0.20378 -0.48653 1.2332 -0.34834 -0.053357 
rep 2.6083 -1.7467 -3.2375 -1.2278 -0.97899 0.19005 -3.2839 -4.1717 -2.241 -1.6688 0.36861 -0.94283 0.34668 -2.9457 3.0256 -1.8634 -0.8451 2.4648 2.9609 -1.5696 2.1616 -2.7226 1.1921 -1.6755 1.0141 -1.3514 1.7897 1.1159 3.8503 -1.1582 -1.6092 -2.6411 -2.3162 -1.9591 0.55876 -0.63165 1.0364 0.42435 -0.16802 1.775 -3.8309 -1.8666 -0.17201 -1.1617 0.54673 -1.1234 -1.3948 -0.14677 0.026464 -1.1651 -0.41302 3.3682 2.8994 -0.77762 1.8554 4.4555 -0.68061 -3.665 -0.11891 -1.9398 2.7418 -0.77379 0.83677 -0.48272 1.1785 -0.69926 0.91911 -1.6895 -3.619 -1.5723 -1.6062 0.65087 -1.8857 -1.4738 -1.1539 2.2274 1.8774 0.76279 -0.61588 0.55886 0.30589 -1.131 0.39791 -0.32254 0.2848 -0.78192 -1.5726 -2.6333 -1.774 -2.8071 0.53574 2.8662 0.5577 -1.5318 -0.16243 -0.084244 0.99344 0.13642 -3.6239 -1.439 
desinfektionsmedel 0.26594 -0.17092 -0.33188 -0.17899 -0.88793 0.91846 -0.093637 1.0959 0.85795 0.78545 -0.33404 -0.89637 0.50144 -0.74432 2.8519 -0.65233 -0.50752 1.6761 0.11124 1.1807 -0.16891 1.1228 -0.84104 0.34096 -0.93975 0.77473 -0.40396 0.92362 1.9967 0.28445 -1.1128 -0.59452 -1.3082 0.88797 -1.8236 -0.97698 -0.65638 0.47077 -0.48593 -0.3263 0.49195 -1.2082 0.26671 -0.7729 -0.93947 -0.49422 0.01164 -0.81564 -0.46089 -0.78956 0.61154 1.0303 0.4142 -1.4559 -0.34482 -0.45482 0.31689 0.91129 0.74238 0.48757 1.3378 -0.50584 -1.5292 2.0168 0.21692 -0.55246 -1.2031 -0.85022 -1.6899 -0.94769 -0.41978 0.73623 0.26263 -0.020878 -0.20039 -0.018492 -0.076718 0.40594 0.20501 -0.41566 -0.60269 0.87343 -0.77159 0.11293 0.095679 -0.79599 -0.61481 -1.1528 -0.44135 -0.65275 0.68264 0.70933 -0.30443 1.2812 0.7567 -0.41404 -0.74368 0.44352 -1.1642 -1.1548 
violett -0.52152 0.20738 -2.2874 -0.51631 1.0402 0.10028 -0.13091 -1.1519 0.65363 -0.20081 0.34487 -0.44371 -0.5257 0.79295 2.4652 0.9399 -1.6505 1.3154 -0.69026 0.84104 -0.071634 -2.7082 -2.0569 0.050444 0.79674 -0.23596 0.7482 1.275 -0.89814 -0.42207 -0.34881 0.76201 0.28035 -1.5489 2.0083 1.3914 -1.5831 -0.1545 0.44726 -0.53575 1.746 0.39715 0.84298 -2.3795 2.1542 0.65378 1.7701 0.20883 0.73116 -0.6631 -0.42833 0.87286 -2.3603 -1.3185 -0.5912 -0.57612 0.21335 -1.1232 -0.2097 -2.2214 1.0095 -1.3003 0.17685 -0.62855 -0.54334 1.6263 0.22082 0.56549 -1.1644 -0.66585 -0.42411 0.93818 -0.76153 -0.89124 -0.27177 0.83717 1.81 -0.72109 -0.74342 -0.90841 -0.10039 0.43118 2.2365 -1.5832 1.0921 -1.2731 0.41239 0.76216 -0.50601 -0.25544 0.59098 1.7149 -0.21603 0.062146 -0.82537 -0.64377 -0.21716 -0.8107 -2.1518 -1.0661 
valnöt -0.10087 1.1313 -1.8621 -0.52605 2.4907 -1.1248 -0.054571 -1.2207 -0.53979 0.88319 -1.6432 -1.04 0.32479 1.4396 0.067576 -0.31948 -1.6584 -0.29144 -0.00063181 1.3463 -0.62516 0.73069 -3.2689 1.2945 3.7156 -0.81914 0.44334 0.12208 -1.0461 0.90139 0.64237 0.82754 -0.90537 1.9179 0.44307 0.64783 -0.50369 -0.17671 0.68931 0.57476 0.023045 -0.96689 2.6933 -1.0155 0.59932 -0.27411 -0.43955 0.75098 -0.70045 -1.0302 -0.74825 1.5409 -2.4965 0.67026 0.78535 1.5654 -0.072682 -1.8972 0.020072 -0.11684 0.37661 -1.0776 -0.28768 -2.2081 0.38349 0.77287 1.0581 -0.69733 0.067374 2.6664 1.6465 0.39464 -1.9343 0.1477 0.24437 -1.6166 0.0066349 0.38479 1.3955 -1.0701 1.5016 0.5635 -0.17959 0.79738 -0.54658 0.32527 0.20708 0.54661 -1.8886 -0.40713 0.35301 -0.64924 -0.26045 -0.32991 1.5331 2.7287 1.9162 -0.19742 -0.1905 -0.46102 
vinäger -0.83137 -2.2261 -0.43016 -0.065966 -1.3529 0.59641 -0.10544 -0.099918 -2.2183 -2.4433 0.23949 -2.1109 -1.0342 1.1474 2.0472 -1.2181 -1.0827 1.3991 -0.94009 1.3444 -0.22167 0.3936 1.0448 -0.58508 -1.0795 1.4551 0.29587 0.28512 -0.10887 -0.48925 -1.1589 0.6482 -2.5103 -0.42748 -0.84917 -0.48931 0.1386 2.4142 0.46538 0.66092 0.63048 0.65687 1.2448 -0.058902 1.3156 -0.27845 -0.17335 1.1198 -2.1892 -2.0385 0.10025 0.85872 -0.13626 -1.8721 2.4332 0.21337 -0.87105 -1.2816 1.6686 0.89277 0.22294 0.54376 0.5388 0.52395 -1.1577 -0.61747 0.73891 0.785 -1.918 -1.2911 -0.013703 0.39981 0.60096 -0.42901 -0.89255 -0.81239 1.029 0.33961 1.98 0.3166 0.5491 2.3629 1.2149 -0.0073498 -0.1928 -1.152 0.2327 0.54888 -0.66511 -0.090185 0.020966 -0.83005 -1.1552 1.5675 -0.24615 0.91146 -1.0007 -0.89996 0.045744 -1.4632 
kamfer 0.053573 -0.36624 0.11089 -0.42412 -0.57808 -0.068852 -0.89949 -0.35602 -1.5692 -1.6536 -1.4761 -0.10744 0.78181 1.8052 4.8014 -0.80306 -0.15828 0.17198 -0.014909 1.7597 0.40363 -1.2221 -1.556 -1.175 -0.48637 0.44848 -1.5173 0.9609 -0.01027 0.1981 -1.1696 1.1114 -0.70012 0.41591 0.58575 -0.66498 0.60206 1.653 1.0832 1.6759 -0.32987 0.87793 -0.037673 -0.93365 -0.62621 0.0049405 0.8735 0.62074 0.89423 -0.2399 1.4403 1.1648 -1.2167 -1.338 0.91899 1.7926 -0.18854 -0.59752 0.55885 -0.80661 1.7309 -1.0118 0.76734 -0.62903 1.2219 1.0239 0.3039 -1.3363 -1.4563 -0.23577 -0.95419 0.88537 -0.34944 -1.0523 -0.43338 -2.2979 0.58554 -0.52866 0.40269 -0.48992 -0.51923 1.6238 1.2025 -2.7283 -0.3814 -0.66719 -1.0175 0.12557 -1.6001 1.817 1.4249 0.073907 -0.73578 1.262 0.54838 -1.204 0.75684 0.85766 -1.4551 -1.0564 
terpentin 0.3314 -1.4496 -0.091433 0.35154 -2.1023 0.27697 -0.023465 -0.97105 -1.4088 -0.69033 1.018 -0.96588 -1.9163 0.077352 2.1398 1.3447 -0.024158 0.19265 0.88202 0.91212 -1.0938 1.4402 -1.9368 -0.31076 0.36387 0.23098 -0.033228 0.94461 1.8984 -0.022436 -0.10386 0.47297 -0.03275 -0.90379 -0.27802 1.0127 0.27944 1.0016 0.95574 1.7608 1.1797 -0.10116 1.7874 -0.063777 -1.3019 -0.5485 -0.39056 -0.88256 0.19351 0.21347 1.3136 1.9052 -0.83496 -1.7806 -1.1317 0.98303 1.0392 -0.15034 -0.45236 -0.33901 -0.99515 -0.14316 -0.050155 -0.28917 0.80787 -0.17374 0.1737 0.032861 -0.1508 0.63732 1.1092 1.369 0.35961 -0.2538 -0.43178 -0.10625 2.006 0.47875 -0.5977 1.5077 -1.3186 0.8174 1.7409 -1.4383 0.33322 -1.0942 -1.486 -0.11109 0.75639 -0.31527 -0.23004 0.29267 -0.23214 0.45881 0.99578 -0.81428 -0.49625 0.016457 -1.3117 -0.47186 
kreosot -1.9799 -0.52963 -0.52023 -0.48082 -0.29268 -1.136 -2.3302 0.93973 -1.1312 -1.6648 -0.17961 -0.59231 -2.0845 0.31325 1.9233 0.98567 -1.5011 1.8021 0.97449 0.50802 1.7275 0.24761 -1.3401 -0.59752 -1.018 1.5969 0.8734 -0.7353 1.07 0.23676 0.61681 0.21005 -1.8854 0.20045 0.71675 0.21162 -0.80146 0.11776 0.50983 0.75378 1.1328 0.28481 0.76639 -0.23888 0.24765 -1.8083 0.42561 1.2471 -1.2615 0.48333 -1.1634 1.3482 0.29934 -0.72762 -0.29939 1.7287 0.23234 -1.6077 0.27759 1.4961 1.0607 0.013058 -0.19465 0.55828 -1.1588 -1.334 -0.75242 0.73421 0.075345 -0.0067855 0.52357 -0.48916 -0.93681 0.1917 0.42363 -0.95725 0.16091 -0.37339 0.19154 0.20107 0.050291 -0.54653 -0.12714 -0.55801 0.26679 0.092381 -1.2343 -0.59385 -1.2802 -1.1627 1.2849 1.4255 0.45397 0.54157 1.1495 -0.010198 0.9612 -0.11899 -0.31527 0.14795 
ananas 0.58696 0.50159 1.3231 -0.88916 -0.80497 -1.2096 0.10947 0.55627 -0.91439 0.10332 -1.7787 -0.68218 1.4274 1.0128 2.3622 0.49194 -0.34098 1.056 -1.2159 -0.17263 0.17562 -0.7413 -0.93669 0.87143 -0.19186 -0.42619 2.5349 2.8176 -1.544 0.13141 0.54753 -0.11303 -1.023 1.0247 0.34965 2.2539 -0.67704 -1.725 -0.18371 0.83155 0.47718 -1.2388 1.969 0.13928 1.7933 0.2022 -1.0772 -0.69326 -2.3103 -0.40476 -0.088024 0.25044 -0.50766 -1.3382 -0.67512 1.2086 1.4079 -0.048455 1.777 0.67098 1.5307 2.4789 -1.5525 -0.0088478 -1.4456 1.6373 0.33326 -0.43922 -0.14395 2.6908 1.3862 -0.15483 -0.5548 1.1705 -0.76067 0.27037 0.97449 1.1056 1.6167 0.04838 -0.45759 0.92536 0.29256 2.2727 0.75714 0.084539 0.8862 2.8176 -0.95793 0.60641 0.0019979 1.0193 -2.0827 0.9141 0.13906 1.084 0.070529 0.037045 0.62514 -1.5261 
jordnöt -0.45783 1.6784 0.37722 -0.51695 -0.11131 -0.48876 -1.6488 1.0594 0.83201 0.87157 -0.32092 -0.36234 1.2824 2.1096 2.1533 0.57577 0.67668 -0.22942 -1.1043 0.5638 0.63201 -0.32799 -1.2566 -0.95616 0.16464 0.70021 -0.9487 -0.28158 -0.5191 -1.2643 0.22168 -0.2131 0.28148 -0.62061 1.1025 -0.46234 -0.077374 -0.39385 -1.357 1.2268 -0.17897 0.022231 1.9107 0.53526 -1.0129 -1.0112 -0.18816 0.28959 -0.18089 0.16766 -0.024969 0.98214 0.35298 -0.6737 0.54895 -0.67335 1.7005 -0.8138 0.72302 -0.069806 0.97181 0.28376 -0.32195 -0.020536 -0.78335 -0.82741 -0.50699 -0.21223 0.0019917 1.0253 0.55609 0.23568 1.3235 -0.31541 0.048583 -0.53064 0.32337 2.4586 0.63801 -0.32793 -2.7113 0.6435 -1.8326 1.3003 1.0637 1.4797 -0.39775 0.62212 -1.4592 0.37451 0.43187 0.17601 -0.077665 0.23394 1.2236 1.6882 -0.51799 -0.10467 0.043816 0.28515 
ceder 0.52848 0.60271 0.68364 -0.30035 0.81114 -2.1254 -1.2009 -0.84126 0.15814 0.84314 -0.046652 -0.030743 0.26098 1.123 3.6675 -1.4611 0.14115 2.3362 1.559 0.55748 -0.53632 -1.1507 -3.221 1.1022 2.3061 0.72785 -0.38558 -0.056856 1.0662 3.6266 -0.44429 -0.41832 -0.16148 0.84286 0.95085 -0.23396 2.9102 0.11028 0.047307 0.50219 0.062321 0.23986 2.3391 -0.5381 -0.23537 -0.55675 0.44838 0.12925 1.8705 -0.6029 1.8234 0.40626 -1.3206 -0.37972 0.70032 1.9244 -1.5265 -1.8315 0.91843 -0.51704 0.4669 0.056175 0.49111 -0.064234 1.5291 0.58879 0.10873 -0.40737 0.25542 1.7516 -2.0511 1.0594 -0.76429 0.16969 -0.79542 -3.3226 1.0213 -0.24627 1.4346 0.21894 -0.3082 0.77841 0.83482 -1.4076 0.40624 -1.0102 0.53433 0.89019 -2.8943 0.1101 0.56194 1.6086 -0.40522 0.69157 -1.9073 -0.65123 0.1316 -0.068415 -1.5619 -0.77033 
fotogen -0.27113 -1.533 -0.63797 1.535 -0.82489 -0.60409 -0.95135 1.5955 -1.8348 -1.4097 -0.36074 -0.57373 0.15729 -2.0773 0.5926 0.90801 0.59616 1.155 1.4451 0.6294 -0.70784 0.56223 -0.52193 -0.59708 0.024753 -0.56031 -0.27356 0.075832 0.62284 1.0336 1.0251 -0.47992 -1.1033 -1.0627 0.94153 0.34944 0.49216 0.68205 -0.61194 1.4782 1.1628 0.68113 -0.18778 0.53929 -0.20383 -0.55432 1.509 0.65302 -0.55399 1.554 0.15023 0.9415 -0.62213 0.19116 0.35264 -0.039644 -0.056304 -0.64518 0.16287 0.80325 -0.55842 -0.0251 -0.75949 0.55965 1.2489 -0.54812 -0.7077 0.65247 0.082656 -0.026715 -0.050159 0.53601 0.58854 -0.63339 -1.2932 -0.21558 1.0086 -0.038208 0.28479 0.61173 1.65 0.52412 0.092806 -0.99997 0.042205 -0.010137 0.64702 -0.072373 -1.301 0.20638 1.1823 1.0079 1.2965 -0.7322 0.044815 0.154 0.51676 -0.71782 0.046116 -0.87261 
