96 100 
blood 1.6814 2.7859 0.74327 2.2079 2.8947 -0.52157 -1.5649 -0.51736 2.2106 2.0738 1.093 1.1241 -2.1062 2.4388 1.2637 -0.24442 0.47112 -6.1526 0.14822 1.7228 4.256 0.3897 -1.4974 5.0782 -2.2049 0.32525 0.68455 4.3686 1.024 -2.596 1.7084 -1.602 -2.0142 -4.2352 4.3843 1.1351 -0.50783 -1.4504 4.458 1.3971 3.0863 -2.0132 -1.0317 -4.6485 -0.43856 1.6766 -4.5278 -0.43254 1.6991 -0.19424 1.3031 -1.2543 -0.13749 -3.8985 -0.54903 -3.5868 -0.75109 -5.5206 -1.3582 0.64087 3.4759 2.3993 -0.97963 2.7775 -2.5724 2.2779 0.85822 2.7275 1.1243 4.073 0.59716 -1.9202 1.7697 2.626 0.96902 1.1491 -0.25586 1.0605 1.7397 -2.1973 2.0032 0.7189 -0.094215 -0.00071417 1.0972 -6.2553 2.6558 -1.4702 0.14977 0.93329 -5.5529 -0.87771 2.6081 -0.6064 -4.8862 2.8669 -2.1126 -0.20874 1.2432 4.8561 
animal -0.77717 0.23857 4.2736 1.9336 4.3494 2.9431 0.97071 0.78002 -2.4368 -3.3711 1.6027 5.0528 -2.1499 2.057 1.4995 2.4386 -1.0746 0.23582 -1.8749 1.804 3.92 -2.1387 0.79646 2.6103 -2.2423 0.53223 2.6392 -0.87625 -0.27206 -3.5459 2.2229 1.6055 -2.3273 -5.1136 6.2871 -4.1721 1.4805 -2.7595 3.1935 -0.6135 -0.16524 -0.25554 2.2585 1.77 0.74458 -0.61378 0.66586 1.1151 1.1663 -0.29196 4.0008 -4.3657 -2.177 -4.2848 0.14965 -1.8694 -0.79239 -0.94481 0.14643 -0.2619 -1.0952 1.2713 -1.2899 2.5508 -2.2749 -1.0297 0.92744 0.21589 3.0343 -1.7193 0.3756 -0.32691 0.26611 -1.2701 1.5365 -3.131 1.4119 2.0193 -0.28468 -1.8093 3.8459 -1.0016 3.55 0.99535 -0.56024 -5.6777 2.0539 0.69864 0.92131 1.5558 -0.68728 0.18939 0.80175 0.96527 -1.5062 0.82334 -1.0089 0.12672 -0.62781 1.5108 
fish -0.92146 -2.8504 4.2874 2.2765 0.24071 0.54629 5.4407 -1.9525 -4.4583 -3.4695 -0.27765 3.6736 -3.493 3.6457 0.02326 0.75406 -4.6122 -1.9149 -0.067455 -0.27712 3.2557 0.32262 0.008203 1.3773 -3.7601 1.8794 3.0399 2.4135 0.83443 -2.0703 3.8809 2.3365 1.0517 -3.411 5.1249 -2.1443 1.0589 -3.3256 2.5022 -1.369 -1.2824 2.0387 0.10216 -2.2137 -2.2099 3.8629 1.5788 3.3886 -0.028782 7.5909 0.85139 -3.0777 -1.5763 -2.9642 5.4942 -1.6787 -2.8771 -0.79133 2.0903 -2.7495 2.3606 1.0585 -2.7814 3.2923 -0.81465 5.5314 -1.3591 -2.934 2.4977 -1.6527 2.4578 -3.9889 4.8256 0.60531 1.3758 -3.1798 1.0846 4.4791 0.12479 0.52508 0.056141 2.7577 6.8308 1.4898 0.99756 -4.6575 2.8177 3.194 4.3033 0.91035 -4.8699 -1.757 -1.4714 0.13659 -4.6569 -2.0487 -4.0232 -2.3074 -1.4298 4.1824 
paint 3.3732 -1.0212 0.65927 4.0779 0.63416 0.9998 0.1734 -1.3067 -0.49141 -1.8372 -0.64357 -0.089314 -0.16767 -0.70212 1.3368 -0.19147 0.15338 -2.5229 2.8905 1.9525 1.6738 1.7937 -1.5734 3.7381 -2.7407 0.13185 0.88789 5.6169 1.5406 -4.0129 -1.6953 0.49895 -0.28487 -0.9009 5.5289 -2.0945 2.0463 0.77522 2.1595 -2.5933 2.056 1.8788 2.8186 0.53079 -7.8712 1.7125 -1.8222 -0.97379 0.77403 -0.79812 2.9676 2.0698 1.967 -3.0597 -2.2718 -2.2109 1.5062 0.72471 3.3869 -1.1634 2.1142 2.3578 -2.1977 0.086298 -0.42936 -2.0538 -6.6018 1.5055 2.1306 0.22834 3.0109 -0.9588 0.030351 0.81583 0.59174 -0.69655 2.1122 0.74933 -2.8095 -0.22336 1.4311 -1.2492 -1.8868 1.5502 0.86551 -1.1366 4.1156 1.9318 -1.7984 -1.1273 -1.6498 -3.2605 1.7699 1.4882 -3.1439 -0.12132 -4.6316 -0.90736 -5.81 -1.2512 
apple -3.1495 -0.74944 4.3808 0.023609 -0.20128 1.3581 0.47291 -2.1488 2.5622 -1.5714 -4.9088 -0.3266 0.0749 1.2833 -0.0034897 1.7847 -1.0726 -1.8572 1.0071 2.4848 0.014799 0.0054523 -1.3045 2.0411 -1.7646 -0.74008 -0.89136 -1.3733 3.5035 -2.7146 2.8006 6.7099 2.1712 -1.2698 -2.4831 -0.75215 -2.1489 0.42449 -1.2598 -2.2822 2.7405 -2.9595 1.6736 1.8672 -2.4931 -0.20151 0.21076 2.6021 -1.5768 1.3439 5.376 -1.7667 -0.3436 0.061631 1.7689 -0.74005 -0.27812 1.3845 4.8294 -3.2975 -0.034291 1.268 -1.7529 1.7216 1.2608 -1.3467 -3.8488 -1.7001 0.30687 -1.755 4.0299 -3.9114 -1.996 -2.8372 3.6411 3.7763 0.29257 2.4653 0.7 -3.9649 3.3681 0.66342 1.5327 5.5637 0.39925 -2.6288 3.1043 -0.90826 -1.3909 0.13378 0.21377 3.3011 1.9239 2.1417 0.3088 -0.40905 -2.4705 1.9269 -0.85694 2.0621 
smoke 0.3684 1.2576 2.6741 0.79825 -2.647 0.11269 -2.3379 -1.1429 -1.0887 3.3899 -2.0859 -1.5777 -2.858 0.13475 -1.7238 -0.25237 -1.038 -2.2878 3.0521 -1.488 3.0486 0.48992 -0.70419 0.8648 0.50246 0.49335 0.32164 4.6299 1.5387 -2.3342 -0.26706 4.9351 0.9386 0.52116 3.3541 0.8475 4.3526 0.63391 0.5497 -1.9854 0.5716 2.3893 -1.0971 -5.1478 -0.64593 1.1367 -0.73492 -4.0697 -2.9416 -0.97282 4.2666 0.28502 -0.836 -3.1525 2.4578 -0.0093516 -1.2007 -1.5793 0.77324 2.0596 3.0198 2.8844 2.4055 -1.1521 -1.3414 3.662 -3.0211 0.15999 2.4754 1.8972 1.1167 -2.4898 3.2801 -0.0021285 0.63378 -2.1057 -0.065955 1.2851 1.2069 -2.1284 0.76493 0.64814 3.1237 -0.20332 0.34322 -0.61175 -0.77767 1.2588 -0.89803 -1.1941 -1.85 1.7025 0.7472 -0.00090898 -0.56221 3.2073 -3.491 -2.2035 -0.75843 7.309 
coffee 0.096569 0.94742 2.2479 0.47505 0.89157 2.229 -0.67832 -0.96582 -1.1998 -0.2096 -0.29962 -2.3345 -2.0811 -0.98109 -1.1436 -1.5168 -0.84925 -1.8564 1.1253 1.5949 1.7871 0.99301 0.20374 -2.4402 -1.0152 1.1994 0.44265 3.9564 1.5141 -1.3434 0.86408 2.9367 2.9269 0.40807 0.30585 0.9527 0.30918 0.25192 -1.3614 -1.7297 0.089421 -2.0077 -0.80636 -3.1245 -4.4672 2.9165 -0.138 -1.2938 -1.5309 3.3552 2.1365 -1.0841 1.4615 -0.78112 -0.031448 2.8275 0.67209 -0.26511 3.4432 -0.27231 4.8681 -1.3759 0.43213 0.7393 0.63596 2.8682 -2.1285 -0.66934 0.16506 -0.93871 1.5178 -1.7468 -1.0333 -0.4971 2.1881 3.325 -0.32917 0.53796 0.56733 -1.6781 3.9418 1.3913 1.4591 2.6868 1.0984 -2.7333 -0.3793 -1.0995 1.5303 2.0982 -3.2072 0.10189 2.472 -1.1037 1.6409 2.9109 -4.7041 -2.3561 -1.5747 3.561 
egg -4.8347 -2.3343 -3.5687 0.37485 2.4782 1.8 5.6497 2.1944 -3.0652 3.9714 5.2307 5.0676 -5.514 -0.47459 2.4459 5.3188 -1.5736 3.9095 -0.8807 -1.464 6.6663 2.0166 3.2027 0.61787 -6.7708 -2.9445 4.1167 4.4226 -0.58629 0.33639 7.2692 4.091 4.4496 -4.0714 -1.4167 -2.3988 -2.265 -4.71 0.15427 5.8489 5.5088 1.6251 2.1493 -6.4855 -1.4618 4.7013 -5.6074 9.4526 -2.4371 5.7747 3.6917 -4.5382 -3.2471 -3.3913 1.6606 1.1162 0.016242 -2.9719 8.401 -3.3408 2.1353 2.3125 -2.8378 1.4156 1.7132 1.6135 -2.0318 1.1046 5.4664 0.73501 6.7725 -9.1001 -4.8014 4.0386 4.5653 -3.2414 2.8146 -2.2366 1.1175 2.4736 3.9015 0.31439 4.2908 1.9623 1.1104 -10.836 5.5019 2.3762 8.082 -0.85956 -3.1413 0.63049 -1.356 -0.86192 -3.7489 1.1262 -0.86847 5.0009 -3.8086 1.9067 
honey 1.2015 2.6194 1.8029 1.1714 0.20927 1.1694 0.87703 -0.95651 0.20314 1.3544 -0.46033 -2.3697 1.0879 -1.2079 1.1119 1.0342 -1.5192 1.1662 0.51383 0.58637 0.92786 1.9969 2.6098 -1.0418 1.2537 -1.3358 0.044585 2.0438 -0.097021 0.96798 0.18172 2.1977 1.1086 -0.4677 0.32961 -0.51445 1.0147 -0.66329 -1.6456 -0.97457 1.5281 -1.5898 -0.85327 -3.2954 -2.3612 0.52515 0.60455 1.3156 0.18053 0.74372 2.6231 -0.86188 1.1165 -1.5793 -0.82532 -1.4835 1.4441 -1.1913 1.8356 -1.544 -0.27964 0.72429 -0.84946 -0.27736 2.2346 0.82631 -0.56898 -0.33687 0.52508 0.22833 0.26384 -1.9136 -1.0476 0.62514 2.4803 -0.85639 -1.1936 1.8721 0.51731 -0.82919 1.6438 -0.55873 2.7073 0.28427 1.4476 -5.3279 0.61694 -1.749 3.004 2.2952 -1.4894 0.21074 2.0533 1.3765 -0.12618 0.81579 -3.1365 -0.37072 0.55051 1.782 
wine 2.2956 1.7016 5.8098 2.7758 2.5287 -1.0384 1.1123 -2.2196 -1.4009 -2.6989 -0.17356 -0.54082 -1.4945 -0.63786 -2.3655 -3.0957 -1.6297 -1.7142 1.7822 5.211 3.4915 1.9186 -1.7416 -1.0573 -0.372 1.5175 1.3047 0.89694 1.4884 0.66544 2.0382 3.6987 0.9834 -2.0915 2.2468 2.4831 0.68668 0.35394 -1.1823 -6.5084 -2.5887 -3.4647 0.32771 -4.7463 -9.8344 -0.5747 -0.20797 2.7049 -1.5111 4.1557 3.732 -0.82941 1.7942 0.66726 -1.5009 5.0541 -2.4697 -0.55895 3.2564 -3.7783 6.5505 -0.89926 1.4048 4.8702 0.29741 4.8491 -3.6905 0.74164 1.6431 -1.3871 2.9078 -1.0616 1.7056 4.6497 2.0305 1.9385 1.4117 4.379 2.1275 -2.4293 2.2335 5.6622 -0.79362 5.559 -1.8311 -6.2198 -1.0646 0.44695 0.93547 -1.3343 -2.7666 -0.32946 0.29061 0.030621 1.4035 3.8557 -3.6294 -3.9118 -1.8182 2.4904 
rose 0.83556 2.1238 0.8376 -0.42033 -1.1762 0.15379 -0.2499 0.55056 -0.94716 -0.4652 -4.2105 -2.0841 -0.11812 0.18947 2.3543 0.73536 -1.2277 1.1163 3.8863 2.8273 1.57 0.9747 -0.21006 -2.4098 1.0442 -0.2276 3.6035 2.2796 2.7482 1.5294 -0.14524 1.1305 0.44498 -1.0108 0.012435 -0.87325 1.055 0.00092793 -2.5276 -0.78017 1.3714 0.27591 1.0486 -4.1798 -5.0479 -2.6045 -0.40789 0.40119 -2.4348 0.04958 1.9565 3.1446 2.0249 -2.6583 -2.6321 -0.8292 1.2199 0.94148 0.092186 -2.056 2.8353 0.7423 -2.4481 1.5462 0.53269 -0.33173 -4.1379 -0.41604 1.2911 -0.70189 -0.95696 0.60551 0.73409 2.8798 0.87156 -1.7756 1.4854 1.7683 1.0485 0.81763 -0.90247 -3.5605 -0.3529 -0.75631 -1.7539 -4.7654 0.37415 -0.87027 -0.45137 -0.24387 -2.0752 1.4223 0.32763 0.84781 -2.0507 0.55561 -0.77942 2.0088 0.33571 2.2012 
beer -0.67053 1.0088 4.328 2.4905 1.9178 1.3222 -0.7964 -0.28847 -2.3313 -1.5526 0.6999 -2.4676 -2.3808 -0.27882 -2.6477 -3.2975 -2.6178 -1.4061 -0.096825 4.8867 1.3702 2.3541 0.0046946 -1.6591 -2.5274 1.2079 -0.74582 3.9208 0.059063 -0.41363 0.37169 6.924 1.9107 -1.0012 1.8457 -0.13536 0.9649 -0.69123 -0.092996 -3.9624 -0.058797 -0.041308 -0.079032 -4.2345 -5.7277 1.3878 1.509 -0.2514 -2.4872 4.1212 2.4976 -0.93097 0.24662 -0.98207 -0.72456 4.6268 1.8845 -0.76311 3.4358 0.73636 3.0457 1.0272 1.472 2.2922 1.7455 4.8121 -2.0198 0.64136 1.2543 -0.86134 1.9263 -1.804 2.21 2.8002 1.0749 3.0817 -0.64326 3.3833 0.41229 -1.3819 1.5955 4.3495 3.2466 1.4196 -0.079128 -4.5994 -2.5329 0.69237 -0.62039 -0.46121 -2.5076 0.002505 2.4869 -2.0181 1.7329 3.6428 -5.245 -4.7107 -0.19878 6.3926 
tea 3.2491 2.0937 4.183 -4.0111 0.65976 5.8899 0.56536 1.3112 2.0186 2.1427 -2.6186 -3.8044 0.59575 -4.7758 3.9774 -4.6979 -4.1759 -3.9832 -1.5392 3.4736 4.3417 2.7442 2.5007 -8.3322 -4.8597 3.5632 1.5963 3.0985 2.8586 -2.795 -0.71874 3.8117 7.2756 -0.40319 0.57943 -0.43122 0.28751 -0.99611 -0.24708 -1.3951 0.61087 -2.1208 -1.3833 -5.1655 -9.7227 2.0674 0.015283 -2.5997 0.16502 5.7721 4.7489 -1.2777 6.0778 0.86242 -3.5328 3.0206 -3.3011 -1.8656 4.2495 1.7516 5.2887 2.7106 -1.3407 -0.48637 -0.6486 1.8143 -1.0523 1.6281 -2.5518 -1.6842 4.2211 -0.4484 1.7267 4.2749 1.3453 3.7868 -4.3333 2.4054 1.8731 1.4239 6.4133 1.6978 1.5835 2.6726 0.269 -12.427 0.87169 -2.7235 1.3575 0.83083 -1.2241 -0.43832 -1.9644 -3.1607 2.3547 4.1048 -7.0281 0.76458 -2.8989 5.0323 
orange 1.8392 0.32205 2.772 0.52752 -0.7524 0.44306 -0.092503 -0.39724 -1.1945 1.3133 -1.7529 1.5255 -0.47952 3.3817 0.47223 2.1202 -4.0464 -0.85115 2.6208 1.1085 2.32 0.20354 -0.22319 0.37882 -2.4177 0.41429 -0.53347 1.9403 -0.098043 -2.7268 -0.14897 1.8763 0.30885 -1.1823 0.55285 -1.2053 -0.97685 1.4354 -0.52006 -0.84691 0.095745 1.9938 -0.25279 -0.97437 -5.3633 0.80461 -1.4646 1.554 -0.9388 -0.21512 2.1217 0.53442 -0.43227 -3.1666 0.37038 -2.5776 -2.1019 1.0808 2.908 -0.56122 3.5279 1.1797 -0.008841 0.70283 -1.156 -1.1576 -4.7093 -1.9792 1.2702 -0.56428 2.0317 -2.5633 1.4177 0.11153 1.756 2.7605 -0.065131 1.4232 0.91592 0.050674 0.53476 -0.37049 0.29799 1.4138 -0.47054 -2.0393 3.7218 -0.54771 -1.6718 -0.78999 -2.9378 3.6382 -1.8454 0.022906 0.8742 1.4622 1.1166 0.70414 -0.52705 2.4912 
bread -0.42426 0.81104 3.3346 1.6254 4.1148 -1.1649 0.48966 -1.9098 -0.75794 0.98617 1.2632 -1.8176 -1.707 2.1363 -2.9292 1.3151 -0.16518 -1.379 0.5216 1.7409 3.5513 4.0161 0.90058 -0.31785 -0.40719 0.57923 0.038796 3.2201 -0.21923 -1.4813 1.3075 4.9736 4.1596 -3.172 -0.62119 -0.0012949 -1.7606 0.50659 -0.88468 -1.752 2.9338 -2.0006 0.52421 -5.9637 -3.3569 0.30653 -2.0483 1.3015 -2.3999 1.2855 2.471 -2.1406 3.068 -1.6991 1.7791 1.9722 -0.25587 -0.98705 3.6153 -1.5906 3.5153 -2.6766 0.77548 0.1829 -1.137 2.3181 -1.9658 1.9006 5.0989 -0.34679 -0.67182 -6.1827 1.2611 1.9463 3.0648 0.66546 2.3367 0.28908 -1.7488 -0.55397 4.4559 2.6661 -0.0047092 4.5862 3.256 -5.7462 1.6273 -1.1193 1.3667 0.50416 0.18374 -1.6808 1.2864 0.3793 -2.6776 1.5902 -4.5614 0.92174 -2.5095 0.23085 
cheese -1.0549 1.6788 3.2691 2.5975 2.196 0.18173 -1.0883 -0.60252 0.24175 -1.4451 1.8034 -1.2151 0.55995 1.142 -4.4592 2.0915 -0.54509 2.2476 0.057963 -0.34566 3.9134 4.1097 0.85427 -0.039529 -3.2393 -1.0827 -1.3763 2.9031 1.0481 -1.4587 0.32508 5.6502 0.86315 -1.7505 0.40334 -0.2646 -1.6014 -0.045023 -2.1427 -0.68144 1.5369 0.44679 0.143 -4.185 -2.8712 1.3139 -0.093413 3.3615 0.77297 1.9495 1.7943 -2.3108 1.2672 -1.0277 0.25957 2.3739 -0.29205 -0.37693 3.0538 -0.79955 2.6654 -0.93362 0.69719 1.1468 -0.18791 0.98089 -4.2158 -1.3723 3.2925 -1.2749 2.0084 -5.5054 0.55153 1.9762 2.0021 -0.59979 -0.18475 1.4631 1.116 0.79457 3.4574 3.01 0.71848 3.9581 -0.91144 -3.5237 1.7795 -1.4236 2.0444 -1.4918 -1.2359 -0.10423 -0.0059049 1.916 -0.72511 0.60026 -1.4486 0.99615 -3.0446 1.4008 
grass -0.32897 2.2813 3.9771 2.4488 -0.83036 -0.48038 4.3124 -2.4768 -3.2044 2.0802 -1.8063 2.8027 -1.8882 4.4803 1.1117 3.8132 -1.1941 -2.0809 -0.31667 3.2433 1.7469 -0.47584 0.27977 2.5092 -3.0839 1.0626 2.4011 5.7866 2.1077 -2.4882 3.6515 1.3502 0.6095 -2.7992 0.88977 -2.811 3.0974 0.43396 0.034886 -5.1051 1.1477 1.3863 -0.091184 -1.9862 -5.1907 -1.1427 1.5621 0.33593 2.0442 -0.29368 1.8007 -0.38812 0.55152 -5.2618 -1.5456 -2.048 -0.83762 2.2887 1.4111 -0.22914 2.9994 -0.084529 -4.7995 0.017355 -3.2206 0.44938 -2.5224 -0.92246 2.7201 -1.4247 2.0758 -3.7384 3.104 0.70013 0.43391 -1.522 0.31291 1.3059 -0.61619 3.1796 2.486 -3.6285 3.7682 -0.15172 1.7936 -4.2847 1.7516 -2.991 0.24295 -2.2829 1.3018 3.1955 1.8169 -2.4203 -5.1012 1.6821 -5.7567 2.1201 -1.3327 5.595 
vegetable 0.026885 -0.079863 4.1315 0.91783 2.2589 -0.11552 1.9302 -1.6644 -1.1262 0.9612 0.38478 1.0852 -1.731 -0.88742 -2.8544 3.0492 -2.1052 0.59861 -0.66551 1.2812 4.0832 0.94468 1.0716 1.8751 -3.1864 0.26641 1.1545 1.1672 1.2506 -4.2438 2.9421 2.1365 -0.37508 -1.9684 2.4336 -0.41422 -0.67401 0.010696 -1.63 -2.7306 0.77976 -0.2203 1.4354 -1.4538 -2.9701 -0.46839 1.2131 1.5868 0.075856 2.3823 2.2151 -1.5454 1.8146 -2.4375 1.9353 0.15058 -1.7904 0.93672 2.7951 -1.2634 3.0536 -0.76767 -1.4733 1.5263 -1.628 0.65458 -1.0108 -0.35953 1.6497 -2.3586 0.6661 -2.729 0.49152 -0.69593 3.9392 -0.44493 1.3486 0.48048 1.8216 -1.2287 3.2093 0.14481 0.66591 3.9099 0.071931 -5.2596 2.309 0.14636 0.33247 -0.12776 -0.71269 -0.40809 0.1536 0.042899 -0.67253 1.5921 -2.4138 1.3089 -2.1505 1.3233 
mouse -2.5215 -0.95868 1.2429 1.089 3.397 1.488 -0.9123 0.34328 -1.0647 -2.7663 -0.30309 3.8121 -2.1179 2.5326 2.6067 1.8912 -1.3979 -1.1451 -1.0091 -0.93788 4.279 2.3119 -1.8294 1.6633 -6.518 -0.49731 -0.71933 3.0152 1.4187 -1.9664 1.8104 3.9059 -1.7988 -0.73825 2.8825 -5.4744 2.3535 -2.4954 3.8434 2.1115 1.4772 -3.0852 0.44868 0.68633 -0.095911 0.091904 -1.4513 0.56688 -1.1069 0.35887 2.979 -3.1686 -3.2403 -2.5373 -2.6049 -2.2032 2.086 0.79926 -0.84806 1.9175 2.6419 4.2124 -5.3034 0.84823 0.70963 -3.8543 -2.0481 -1.3863 0.16141 -0.84447 1.4027 -4.825 -0.84214 -2.3507 2.3853 -0.95197 0.25273 3.5799 0.2062 -1.5337 3.855 0.57688 4.0169 1.1078 -2.6342 -4.5518 1.3792 0.17457 -0.39446 0.13217 -3.6788 -0.1009 0.93983 -0.70275 -1.9587 5.3798 -1.1863 0.32424 -1.8118 2.5304 
potato -1.9455 -0.31651 3.5058 1.4143 1.4288 -1.2031 1.8212 0.46541 -2.6011 0.46059 0.5877 -0.63434 -1.1561 0.95514 -1.9907 2.3714 -1.5882 0.55872 -1.0304 0.70425 1.7034 3.1803 0.15146 1.5421 -3.9413 -1.7356 -0.32616 2.6295 2.6489 -2.0951 0.80143 2.9155 1.1015 -1.3938 0.15467 0.016089 -2.4727 0.50772 -3.2162 -0.10754 2.0048 0.38883 -0.8705 -3.3981 -1.9278 1.0576 0.44972 0.96357 0.32513 2.3213 0.48715 -1.932 0.67461 -1.5242 1.6727 -0.7571 -2.5439 0.87021 3.8474 -1.8008 3.8752 -1.2141 -0.79802 -0.6395 -1.9848 1.2043 -2.8169 -0.20127 2.0799 -0.29255 2.0085 -1.8442 2.0365 -0.46572 3.3336 0.61669 0.32276 -0.0073299 0.92481 1.3609 1.357 1.2962 1.3831 2.9435 0.079078 -6.0408 1.7823 -0.67738 2.6889 -0.22668 -0.32065 -0.34699 -0.47842 0.48025 -1.2977 1.1676 -0.98704 3.1248 -3.4228 0.52348 
onion 3.7108 -0.16784 1.8277 0.17797 1.3959 -1.3054 -1.3868 -0.56806 0.84511 2.4761 -0.0033202 0.47017 -0.61027 3.736 -2.1348 1.7801 -2.6152 -1.3837 -1.4129 -1.4134 5.0327 1.3122 0.85833 2.5175 -3.2247 -3.6971 0.53335 2.3718 2.1625 -2.6099 0.368 4.3046 1.5702 -3.6778 -1.3161 -2.3291 -3.184 -0.60527 -2.524 0.38528 2.866 0.014866 0.62801 -1.9289 -4.1984 0.49962 0.78882 1.7092 0.76948 2.8552 2.3475 -0.044701 3.0785 -4.4907 2.7011 1.6754 -1.6601 1.3086 4.2259 -2.8463 3.6739 2.1101 -0.89724 0.68713 -4.3846 2.0088 -2.8144 -0.42481 3.0437 -0.72168 3.5142 -3.7935 2.1341 -1.3677 3.7699 -0.24441 0.28177 1.0681 1.026 2.4845 0.15733 -0.64794 0.091897 5.3176 0.42761 -6.9978 1.224 1.1037 -1.3151 -2.0202 -0.22033 2.6931 -1.7551 -0.46714 0.19813 -1.1473 -1.6316 3.605 -3.1756 0.71867 
chocolate 0.19755 1.1826 2.0315 0.56102 3.0295 1.558 -0.36422 -0.73424 0.53433 0.19746 0.16599 -1.2686 -0.87902 0.43629 -1.5337 0.54456 -0.99698 -0.46549 1.3605 0.026842 2.1108 2.0896 1.0411 -1.6442 -2.1029 1.1263 -0.11837 2.2864 1.0551 -0.89306 0.18867 4.432 -0.1713 -1.6452 0.5833 0.20883 -0.68005 0.51917 -0.91436 -1.1045 -0.20054 -0.76557 1.1524 -3.0164 -3.1987 -0.6085 -1.048 2.1986 -1.3806 0.94992 1.4065 -1.5192 0.99532 -1.8801 -1.1533 0.57643 0.83602 -1.7043 2.6553 -0.29186 2.0563 0.28532 0.68877 0.98034 0.67453 0.99216 -3.9272 -0.18325 0.9503 -0.44154 2.2538 -2.9222 0.097599 0.41971 2.5428 0.78345 0.91762 1.061 1.3999 -0.0066167 3.3999 0.64537 -0.19613 2.7836 0.60843 -2.9487 2.4928 -0.4093 0.88459 0.73063 -1.0238 -0.072317 0.16679 0.79747 0.47194 0.73892 -0.78936 0.9791 -2.682 1.6425 
rope -1.6943 3.409 0.07375 3.4153 0.11205 -3.1925 1.4336 1.2934 -2.0116 0.20361 3.8075 2.266 -1.6653 3.3362 0.13141 1.5537 0.55525 -5.8201 -3.5162 -3.4531 2.383 3.0314 0.92436 0.40132 -0.93057 1.2358 1.468 4.1618 1.0857 -0.0039855 2.1903 0.31071 -1.7376 -2.7136 -2.1173 -6.6917 1.3434 -1.1168 1.1538 -1.7261 2.2894 1.3079 1.3244 0.39964 -4.3356 -3.4543 0.10464 -3.4542 -3.095 -1.264 0.090101 -0.42738 -1.8167 -0.13724 2.2997 0.60504 -1.3294 0.25814 2.6858 0.75184 1.6836 1.2707 -3.2168 -1.0238 -0.71551 1.2692 -2.0995 0.67328 0.080837 -2.1067 3.5297 -3.1675 1.5368 3.6829 -1.8155 -0.33719 -1.0158 4.0076 -0.11129 -1.4595 -0.07114 -1.0765 4.8653 -1.6477 3.5756 0.67204 1.2727 -0.62243 -4.1253 3.6181 -0.048341 -3.2807 1.0737 -2.3715 -6.2608 -1.1267 -3.0277 0.34784 -0.30624 5.673 
tobacco 0.99397 0.5774 3.1252 2.1833 0.7789 0.87695 -0.31357 -0.44762 0.49232 -1.2384 -4.6999 -1.3971 -1.5504 0.40828 0.36924 0.93271 0.59252 -1.4185 2.6582 1.7169 -0.66579 -1.5691 0.51724 -1.5692 0.13074 2.6929 0.6074 2.3441 0.23744 -3.0708 0.98605 1.6629 -0.81913 -1.0767 2.6398 0.75486 -0.92077 -0.79372 -1.7543 -2.2566 1.1755 1.4622 1.0932 -1.893 -1.2976 -1.7912 -0.78014 -1.214 -1.0998 3.0589 3.6276 1.3686 -0.69562 0.10625 1.2229 0.96233 -0.81685 -2.6252 0.43583 2.4517 1.9807 -0.60106 -1.1819 -0.35742 -0.89345 3.6386 0.41957 0.47668 2.3856 -0.65203 2.443 -1.8678 -0.076842 -3.0953 0.50232 -1.1589 -0.22674 1.7657 -1.8342 -2.7259 0.53546 1.4007 2.9279 1.7313 -1.2211 -2.3711 -0.251 1.7262 -1.0787 -0.6732 -2.436 5.1529 2.8797 -0.78073 0.50364 1.185 0.75772 0.071817 -1.3547 2.286 
leather -0.23015 0.31333 0.52723 3.4215 2.4653 -0.85845 0.55173 0.59512 -0.33739 -1.8979 1.2556 -0.49562 -0.245 2.3471 0.94461 0.82301 -0.035624 -3.6212 -0.1263 -0.34441 1.7438 3.3575 -1.8804 2.3129 -1.5309 0.068671 0.44224 3.5666 -0.35621 -1.8423 0.52722 -0.62847 0.41392 -1.4078 1.021 -3.5371 -1.0849 2.5065 -1.2571 -3.7868 0.38558 -0.072066 0.053905 1.0909 -4.4262 0.04659 0.05912 -3.2839 -4.2052 -0.6806 3.0882 -0.4229 -3.4373 -4.6353 -2.9239 -2.1962 -1.7628 -0.042641 3.8701 0.060092 4.7035 -0.80444 -2.8727 1.4118 -2.1087 -1.0702 -4.4574 0.77434 2.8407 -1.2119 2.2913 -1.4458 1.1591 2.1111 1.7053 -0.50224 -1.2353 2.7624 0.090831 -1.675 3.1832 0.54437 0.7563 -0.11981 1.6778 -1.9973 1.3131 -0.088202 -3.0344 0.25135 -1.1011 -1.7227 1.8003 0.9615 -1.8533 0.22222 -3.2184 -0.60356 -1.6748 2.9473 
oak -0.73365 5.3206 2.5244 0.22925 -8.7495 0.17915 1.3034 -0.30257 -2.524 -1.5295 -3.6704 0.6761 -0.34679 4.4907 0.99857 1.3246 3.3757 1.7318 5.0109 1.8748 2.2464 -3.4807 -4.7027 -1.7227 -0.36824 2.6962 -0.15554 8.3163 -0.99706 -3.5108 9.3716 0.69982 1.2792 -1.1909 -4.1121 0.10549 4.6015 -2.6669 -1.2346 -6.2563 1.6472 2.2369 -0.68596 -1.3716 -6.3963 0.91832 -3.5407 3.5191 -0.043545 -2.7654 1.5393 -0.96333 -0.18731 -3.2211 -3.8173 -0.81318 -5.1693 3.146 2.0673 -0.48817 7.14 -1.8918 -1.4454 0.73584 -2.0617 0.86047 -7.1518 -3.4869 -1.0406 -7.6451 5.377 -0.42526 3.6005 5.3242 -5.7004 -1.4273 3.8965 -2.6681 1.4414 6.7258 -2.3709 -0.26108 -1.1773 -7.3821 -3.9247 0.077729 5.5147 0.36376 -1.5516 -3.0517 2.3229 8.114 -3.8737 0.25943 -5.2052 7.9147 -6.7163 5.0031 -2.019 3.8314 
weed 0.56944 2.0606 6.2931 2.1539 -3.2242 -1.6138 3.2847 -2.6711 -1.9378 1.4026 -0.95837 0.69313 -3.3667 0.073223 0.66936 5.6567 -1.2958 -0.99315 1.9934 2.8323 0.38822 -1.5582 1.1355 2.9256 -2.4231 0.73681 -0.088319 3.6414 2.9075 -3.8437 4.1243 3.61 -0.92521 -3.7198 2.5626 -1.1001 0.70042 0.85578 0.29984 -3.8751 1.0082 0.0929 1.33 -1.1324 -2.8503 -1.1669 4.1558 -1.3097 0.12342 0.062327 4.8647 -2.3994 2.7705 -1.2745 1.2588 -1.1183 -2.6399 0.032949 -0.093697 0.5802 1.9755 0.84031 -3.7478 -1.9237 0.037322 2.9435 -1.0311 -1.1957 3.765 -0.72489 1.8097 -4.5302 0.49929 -1.2655 1.0122 -3.3374 0.0032541 0.71621 2.371 -0.92535 2.8034 -3.1939 6.7497 -1.3683 0.076718 -6.3058 -0.51425 -0.19608 -0.20839 0.86658 0.097804 1.6596 2.3968 -1.218 -1.7907 2.5803 -4.9647 -0.12938 0.55337 6.1107 
bark -1.4432 1.6821 1.129 1.3747 -2.7845 0.87825 -2.5732 -0.012895 -3.0381 -0.9686 -1.2362 -0.84062 -0.80395 2.9728 -0.4665 1.6749 -2.6188 -0.54322 1.0072 0.079461 1.984 0.53002 -1.4151 0.47366 -1.3278 0.24185 2.7929 4.9686 -0.943 -0.53741 2.3691 2.399 0.92658 -0.025632 -0.82973 -4.8502 4.141 -1.3066 1.2696 -4.2344 0.83517 -0.65736 1.2883 1.3842 -1.9269 1.386 -1.7114 1.1252 -1.3136 -0.74036 1.7086 -0.43577 -0.94272 -3.5241 -1.6918 -0.22432 0.23856 0.64327 2.5679 -0.67601 1.5304 0.59731 -0.34557 -0.90247 -0.10867 0.9439 -2.1327 -0.48081 4.0199 1.3846 2.5813 -3.0494 2.6775 0.23428 -1.9189 -2.4447 -0.34126 3.3581 -0.61998 2.0562 1.4975 -3.1927 4.1419 -1.4012 -0.75609 -1.8062 -1.0255 -4.8992 1.6144 -0.88406 1.7827 1.8299 1.7767 -0.41231 -5.3613 1.4134 -5.5788 0.86451 -0.39499 2.7717 
garlic 2.9706 2.1225 1.3893 0.82599 1.5278 -0.46908 -2.286 -1.4038 -1.4934 2.0093 0.03725 -2.4993 -0.41764 1.0679 -3.3731 2.411 -2.0498 -0.034726 -0.87701 0.4891 4.5255 1.2798 2.0311 1.4519 -2.9344 -2.5969 1.3626 1.7316 1.8649 -3.4484 -0.42092 2.6852 0.25323 -2.5758 0.8704 -2.1047 -0.91648 -1.0338 -1.518 -0.66761 1.0033 -0.57639 -0.46039 -0.75442 -2.8057 -1.0907 0.31941 -0.22527 1.0775 3.0264 1.2385 1.442 2.5208 -2.6509 1.097 1.4333 -2.4521 -1.9882 2.5098 -2.3282 2.1688 2.5286 -0.35425 0.36684 -3.1463 0.41996 -1.6621 0.79147 0.92303 -1.8973 2.7904 -2.2626 3.0558 0.73537 3.5971 -1.0073 1.0829 0.70662 1.6101 2.3052 1.078 2.5967 1.0252 3.2834 -2.0839 -5.7564 0.89173 0.049023 0.13183 -1.297 -1.0985 2.1884 -0.30496 1.8775 -1.1971 -0.32253 -0.77798 3.0138 -3.1663 1.2767 
lemon 1.7195 1.6938 1.4344 0.76905 -0.14023 -0.54731 -1.6758 0.23668 -0.20554 0.49604 0.16373 -2.5197 0.066704 -0.87493 -3.3692 1.2782 -3.3407 -1.3043 -0.12628 0.24045 0.39761 -0.40995 1.96 -1.9178 -0.82916 0.014213 1.3715 1.8105 1.5046 -0.77531 -0.46204 1.7365 0.8276 -2.0103 -0.16382 1.1732 0.37384 -0.93996 -0.64613 -0.50985 0.91713 -0.96776 1.7126 -2.6516 -4.8135 -0.29671 0.15415 -0.52899 -1.3547 2.5379 1.0991 1.8162 2.6023 -0.85935 0.8638 -1.7999 0.8419 -1.2854 3.3427 -2.7347 2.891 2.0914 -2.1681 -0.28958 -0.48594 1.2297 -3.7017 0.27097 1.1083 -1.1183 3.5867 -2.567 3.4454 0.8198 1.9557 0.29758 1.501 1.671 3.0477 1.5834 0.80406 -0.53941 -1.0054 2.6261 0.32603 -5.8303 2.0891 0.15809 1.8867 -0.088964 -1.999 3.4787 0.8113 2.4262 -0.36317 -0.97685 -0.39636 -0.45092 -0.707 1.912 
pine -0.47898 1.4617 3.7154 3.1378 -3.8457 -0.016932 -0.02431 -1.6047 -2.2731 -1.3636 -0.55024 1.0753 0.26829 4.7268 0.85386 2.0714 1.0411 -2.1508 2.2695 0.37889 3.1593 -0.3666 -2.6224 -2.0233 -2.2578 1.3108 3.0917 8.5134 0.82497 -4.661 5.1314 1.3725 -0.1167 -1.1486 -0.95127 -0.7341 4.731 -0.75412 0.78497 -7.2419 -0.38818 0.43358 1.5839 -0.95836 -5.4888 -1.0737 -0.57573 1.3417 -0.87783 -0.46072 2.9998 -1.0979 1.0486 -3.9812 -2.8459 -1.9171 -1.8088 0.37065 1.5807 -1.2799 5.5582 0.020661 -2.6035 0.45254 -1.0031 0.49122 -5.4028 -2.9262 1.2876 -4.3862 5.0233 -1.7477 5.5833 2.5506 -1.9754 -3.0514 1.2298 2.4581 0.8376 2.728 1.7212 -1.3212 0.032497 -2.3153 0.54503 -2.3958 2.7649 0.21663 -0.22271 -0.70915 -0.43622 5.0809 -1.2134 0.78978 -3.3495 4.2105 -4.9721 4.6373 -3.3717 3.5513 
berry -0.46004 0.15126 1.0864 0.6661 -1.798 0.67793 1.1304 0.68532 0.35983 -1.5724 -2.1091 -2.3217 0.87599 -0.25031 -1.2664 4.5539 -2.3731 0.45418 1.547 3.6154 0.27739 -0.574 -0.38326 -3.7292 -2.1092 -0.50967 2.8973 2.1116 0.26556 0.74896 1.1298 3.4173 0.92053 -1.4776 0.36507 1.1661 1.9369 0.60304 -3.2461 -2.14 0.65619 -0.23098 1.4324 -4.0816 -2.0868 -1.072 1.5713 0.74995 0.079499 2.0319 1.4077 -0.64478 1.6389 -2.8061 1.1617 -0.55805 1.1936 0.39614 2.0265 -2.3518 2.6499 -1.9794 -3.0771 2.0239 2.5653 2.5205 -4.2377 0.72392 0.55279 -0.81436 1.8692 -1.6565 0.60763 2.7003 1.5282 0.61664 1.7902 -0.27767 1.9901 2.7681 0.57507 -3.1543 1.7485 0.066858 0.43661 -5.8989 -0.3395 -2.6884 0.42123 0.066854 -1.0847 3.8858 0.0062487 1.9499 -1.9277 0.56158 0.50153 3.3204 0.29609 -0.013283 
cherry 0.27964 0.87134 1.3093 0.14211 -1.5449 0.71637 0.023639 0.01283 0.44594 -1.6916 -1.7266 -1.084 0.81491 0.38112 -0.93521 1.9998 -2.615 -0.55823 2.7404 1.6237 -0.71428 0.83127 0.38973 -2.7458 -1.73 0.96832 0.75205 2.9453 0.59025 -1.7358 1.8916 2.1298 1.0179 0.81344 -1.026 0.75114 0.29847 -0.35365 -1.115 -2.6958 0.72312 0.48245 0.54437 -3.2498 -3.8508 -0.9344 0.7178 0.99522 -0.58078 2.0054 2.5227 -0.57318 1.4868 -0.68913 -0.64149 0.063341 0.25862 0.95617 2.6517 -1.5748 1.696 -0.77839 -1.0954 1.1264 1.7806 1.371 -2.6264 -0.82322 1.1505 -0.69999 2.4448 -2.5737 -0.5273 2.3028 0.89328 -0.056149 1.6313 1.2948 0.85112 1.4976 -0.25809 -1.7065 0.048565 0.19267 -0.10533 -3.8131 1.5476 -1.5821 -0.057312 0.31688 -1.1774 4.1046 0.0046754 1.0323 -1.7704 1.7942 -1.8768 1.5805 -0.72177 1.2538 
rubber -1.6515 2.3939 -0.15559 4.963 0.1393 -0.037818 0.44294 1.3967 -0.34662 1.0779 -1.4188 -1.6073 -1.6333 2.2768 1.623 1.4219 -1.0087 -2.8705 0.74079 -1.9739 1.1485 0.83776 -1.2557 1.5105 -5.0362 1.5471 -0.59873 4.3817 -0.67694 0.48669 1.6853 -1.142 -0.17809 -0.058782 2.3435 -2.639 -1.9005 1.7943 0.84227 -1.1155 0.95625 2.5363 -0.96617 -0.64213 -2.1742 -0.65724 -1.1755 0.11018 -2.6853 -0.16835 2.3031 -1.1582 -1.838 -1.743 0.24691 -0.20209 0.44029 0.56953 4.2068 -0.78472 2.5971 -2.622 -1.3899 -0.033765 1.4214 0.92945 -3.7548 1.9238 2.0844 0.25701 2.2756 -3.6624 1.5629 1.7052 0.054557 1.2174 0.70887 2.9067 -0.73846 -0.73086 2.5578 1.2769 3.7942 -1.4224 1.456 0.74855 0.36857 1.789 -0.17155 -0.64602 -0.7249 -1.7628 1.6796 -0.070164 -3.9263 -0.66621 -3.2819 1.3759 -1.5304 3.5782 
gasoline -0.53299 1.6616 3.4848 2.6783 0.035122 -0.65586 -0.019725 -3.4554 -0.85574 3.3732 -2.5113 1.3902 -2.1639 1.6641 -0.96993 -0.77605 1.1675 -0.68838 0.3759 0.029136 2.2986 0.15928 -0.41454 2.1845 -2.0319 1.0783 1.6453 2.7003 1.2205 -2.6188 -0.17864 -0.78266 -2.36 0.86453 2.1262 0.91054 -2.5708 2.9531 0.036675 -2.5721 1.7364 1.1984 -0.68763 2.3744 -3.0785 -0.27021 1.4284 -1.0411 1.7008 1.6117 2.6168 -0.46738 2.1732 1.4063 1.6428 -0.048817 0.45295 -1.3811 2.794 -0.21628 1.7048 1.3719 1.2391 1.9771 -0.75863 3.152 -0.37585 3.3831 1.3189 -1.9955 -0.081654 -0.50345 -0.81191 -0.30835 0.33158 1.422 1.2368 3.1856 1.2655 -3.1072 -0.042691 1.6661 2.6407 2.2496 2.365 -1.3773 -2.0188 0.41329 -0.7341 -1.8343 -4.2653 1.3895 1.436 -1.3872 1.403 1.1148 -1.6488 -0.96729 -1.6138 2.0234 
soap 2.0942 -0.12212 2.5913 4.0161 2.7467 0.49203 0.1358 1.7154 1.7187 5.8425 -1.1192 -2.5486 -2.5406 1.5689 -0.26099 -0.79491 -0.81354 -1.5189 1.5379 1.8884 0.99844 5.1319 0.60142 0.091454 -1.8126 -1.9406 -2.536 3.6186 2.639 -0.59823 0.1838 0.63824 -0.25914 3.5088 1.758 0.10003 -0.13787 1.9398 -1.714 0.62464 0.43504 -4.1163 -0.84212 -3.8884 -4.0983 2.3759 0.14702 0.8967 -4.1129 2.0457 6.0342 0.20506 2.941 -3.8618 1.6018 2.4334 3.2807 -5.4439 0.2317 -0.83385 3.2147 2.0374 -1.1707 0.54878 -0.61961 1.9493 -4.2049 -3.5637 -1.8992 1.0701 4.5559 -2.2068 1.1385 -1.024 2.2441 -1.8697 4.7729 1.3887 -0.51393 -1.6698 2.3697 3.9519 0.13506 -0.28568 3.1354 -2.9697 2.3361 1.6581 4.0352 -3.5442 -2.3552 -5.765 2.8863 2.0255 -0.21938 1.1607 -3.3964 0.17051 -0.82263 4.2935 
mushroom 1.0504 0.02158 2.1264 0.77686 1.6521 -0.18565 -0.58426 -1.4807 -0.63298 0.35088 -0.52281 0.050303 -1.2111 0.87383 -0.72781 2.9287 -2.2629 -1.0041 0.021476 0.77 3.1255 1.1717 -0.56162 1.5273 -2.1354 -2.6793 1.1495 1.6364 1.4319 -0.72411 2.1298 5.0353 1.2186 -1.3969 1.3937 -2.0561 1.1285 0.014425 0.67479 -1.0814 0.74312 -0.27226 0.78146 -1.1811 -3.093 0.53869 0.59419 0.86304 -0.55515 0.72351 2.6528 -1.559 0.80811 -3.6246 1.3374 0.9751 -2.7556 0.0068726 2.3743 -1.1178 2.5684 0.53776 -0.52447 -0.91076 -1.4954 0.90821 -2.8707 -0.71926 1.2477 -1.3789 1.2886 -3.0617 1.546 0.63107 3.0244 -1.0562 0.052337 1.4776 1.3773 1.2842 0.86298 -0.043899 0.72131 0.57891 0.48133 -3.8897 0.89046 -0.24286 1.0691 -1.1577 -1.9583 0.73798 -0.15706 1.0005 -0.25051 0.12815 -1.592 1.784 -2.6409 2.5786 
carrot 0.053763 1.5135 1.8685 0.43767 1.0544 -0.55125 1.3141 0.27729 -1.2071 -0.075837 -0.46829 -0.65569 0.089745 0.86094 -2.7312 3.8705 -2.9212 0.48137 1.2498 0.40942 2.4081 1.9388 1.1256 0.83946 -3.0589 -1.255 -0.14984 1.6519 1.1621 -0.95728 1.9183 2.3741 0.76001 -1.4044 1.029 -1.8261 -0.30275 0.57215 -1.5462 -0.56299 2.8743 0.44484 0.74567 -2.616 -2.1321 -0.69345 0.32572 0.11434 0.55265 1.9531 1.0345 0.35901 -0.14724 -0.63084 1.4328 0.0085812 0.02758 1.2878 3.8281 -2.0789 2.1143 0.11342 -1.0189 -0.53083 -0.43731 -0.10715 -2.1041 0.025555 1.4359 -0.52823 1.8879 -4.4312 0.68102 0.97619 3.1362 -0.88166 0.12727 2.0885 0.965 0.80119 1.0928 -0.87882 2.9149 1.5925 -0.20359 -3.5982 1.1991 -1.6168 -0.18883 1.1368 -1.1442 0.7602 -0.017594 1.1617 -1.2059 -0.83729 -2.5385 2.8121 -1.1363 3.2178 
glue -2.5252 -0.092404 -2.0705 3.7383 0.32013 -0.18644 -1.2356 2.45 -1.0442 1.8617 -0.22374 -1.2669 -2.5923 0.12079 0.79961 0.26497 -1.9469 -2.8807 0.48469 -3.0561 3.295 3.3743 1.1645 1.3762 -2.7903 1.3594 -2.2536 4.7827 2.2305 -1.6232 1.3382 -0.24237 -2.7807 -1.8181 2.7972 0.28124 -1.3545 1.3879 -2.3025 1.576 2.3199 2.6159 1.3432 -0.095813 -5.436 0.16815 -2.7788 -0.47342 0.57738 -0.57517 2.1056 -0.98184 0.86921 -3.9998 2.6412 0.74056 0.087086 -1.6145 2.5107 -1.0631 2.0849 0.57236 -2.4893 -1.1201 0.78592 -1.269 -4.2789 -1.7311 1.089 -1.5141 4.1917 -4.4787 1.9274 1.1146 3.1363 0.37773 -0.4577 3.383 -2.6313 -1.8376 2.9721 0.82693 -0.15234 1.1804 0.23791 0.24995 5.2872 1.9138 -2.4655 1.1048 1.3388 -3.8415 3.8919 -0.6348 -4.0474 1.2747 -4.5579 -0.72862 -3.6583 2.1866 
banana 0.25409 0.73424 3.5615 0.70371 0.31739 -0.60057 1.2973 0.59107 -1.7415 -0.84746 -0.58728 -1.4109 0.26783 0.05176 -0.052779 2.6223 -2.3121 0.30132 0.42584 0.25583 0.2615 2.1277 2.0321 -1.7823 -1.7506 -0.83235 0.555 2.25 0.076558 -0.99586 0.48037 3.2606 0.53851 0.33673 -0.056877 -1.7877 0.28541 -0.27974 -0.18694 -0.86838 0.4825 1.0797 0.80751 -2.5258 -2.9741 0.36788 0.17221 1.6209 -0.50502 2.3768 0.16957 -1.2849 0.31721 0.078238 -0.78585 -0.38971 0.19656 -0.77101 3.9731 -0.64662 3.6774 -1.2667 -0.9146 0.8902 0.16684 3.0122 -2.3636 -0.47129 0.46062 -0.68427 2.3613 -2.5112 1.0858 -0.68573 2.239 1.7395 0.69349 0.37134 0.39395 -0.6413 1.8686 -0.30119 3.0522 2.4097 0.68219 -3.0483 2.199 -0.75973 0.56182 1.1713 -0.91138 2.0934 -0.63631 1.2195 -0.70282 0.98892 -1.2946 2.3629 -0.15026 3.0422 
grape 1.6819 1.6205 6.1637 0.77224 -0.0021601 -0.86462 1.7379 -0.64563 -2.5189 -0.9347 0.078009 1.2589 -0.467 1.5325 -0.45788 1.9309 -1.2269 -2.1248 2.7172 2.8015 1.82 0.90569 0.31233 2.1941 -1.7245 0.51382 -0.062017 3.0487 3.4942 -1.6541 1.5021 3.8819 -0.12543 -1.7559 1.8325 -1.0768 0.60899 -0.32893 0.27142 -4.2767 0.080148 1.0494 1.73 -4.4046 -5.866 -0.91527 2.2603 1.2393 -1.3987 2.3495 2.2529 -0.91862 1.6879 -1.8773 -1.4602 0.011568 -1.3219 -1.1666 2.8277 -2.4265 4.076 1.7785 -2.4233 1.6216 0.27807 2.6067 -4.9538 -0.17824 2.722 -0.66055 3.6962 -2.1366 0.907 3.1012 1.7631 2.5441 1.3858 1.4892 2.2854 -1.0854 2.321 0.54517 0.010068 3.334 -2.2591 -7.5839 3.1045 -1.2679 0.34233 0.24337 0.089339 2.0207 -0.076526 1.7894 -2.2729 2.8246 -1.3662 1.968 -2.1093 1.7655 
ham -0.29706 1.2454 0.18094 1.459 -0.62426 0.91098 -3.8181 4.613 -0.54698 -4.3877 -0.31257 -5.1478 3.3371 2.6114 -5.5344 1.3311 -1.306 3.2534 3.1083 1.8719 0.43506 4.548 0.01554 -3.9091 -0.98333 -3.5348 -2.5889 4.6898 1.0034 -0.39766 0.29831 4.3503 5.6419 -1.8125 -1.6739 0.54559 -1.3679 -1.7056 -2.8451 1.8363 3.356 0.32296 -0.57904 -7.6038 -1.919 -0.27741 -0.66316 0.59489 0.90158 1.7824 -2.0075 -1.888 -3.0829 1.6801 3.691 1.5665 -0.39462 1.7915 4.8452 -0.93136 4.6196 -2.8868 0.055843 -1.5514 -0.55608 1.747 -1.1764 2.0236 4.4621 -3.2161 -0.82789 -1.3796 3.139 -0.96676 4.3803 -1.1368 -1.7723 3.2893 -0.68936 2.1223 -1.306 2.081 3.7864 1.5359 -0.65189 -6.8531 -3.7202 -1.4936 0.57946 -0.31812 -0.78647 1.2072 -1.1986 -0.60222 -7.3942 1.053 1.2686 1.3161 -0.40721 -0.60084 
mint 2.7776 3.8603 2.5428 1.3258 -0.053033 -2.318 -2.3188 -2.8727 0.846 0.72685 -0.68147 -2.6875 0.071617 1.779 -0.14632 0.73592 -3.825 -0.71354 0.90253 2.0212 2.9267 -0.40958 1.6565 -1.8233 -4.393 -0.24207 0.44232 4.1413 1.7036 -0.65975 1.8587 3.9865 -1.2074 -2.3035 1.8417 0.81352 -2.1838 2.4023 0.10858 -1.7595 1.6946 -1.8517 1.3963 2.6358 -4.4067 0.31071 -0.7094 -1.3681 -0.52241 1.0983 -0.18643 -0.88097 2.2096 -3.964 -2.7278 -0.13346 0.18966 -0.91284 3.0774 -2.4819 3.4135 1.7479 -2.1908 2.1796 0.71524 2.0725 -5.479 0.12082 2.128 -2.713 5.2631 -2.6206 0.46231 -1.0142 4.6728 1.2461 -0.62625 -0.37247 0.90095 -1.5209 3.946 1.5781 -0.51942 1.1371 -1.6074 -5.1938 1.1248 0.98382 0.88938 -1.4417 -0.42858 1.9708 0.29685 -0.47997 1.6963 -1.7681 -3.2222 -0.18441 -6.6268 1.5808 
strawberry 0.35557 1.1085 1.7217 -0.028383 0.63279 0.47584 0.42749 -0.80721 -0.014183 -0.056031 -0.76986 -0.69 -0.38206 0.69373 -0.80491 2.5091 -2.1954 0.46567 1.3951 1.1947 -0.10893 1.1802 0.52709 -0.33372 -2.5339 0.1957 0.55314 2.6213 0.51591 -0.24706 0.44555 2.2152 0.38635 -1.4087 0.85344 0.48469 0.75074 0.18094 -1.2676 -1.5018 0.53679 -0.038194 1.2688 -2.75 -3.0564 -0.2096 0.57666 1.1641 -1.2864 1.556 1.1251 -0.75963 1.2314 -1.7875 -0.51559 0.35234 0.34285 0.92447 1.9423 -1.3364 1.8355 0.14968 -1.0642 1.3014 1.2077 0.9445 -2.2558 -0.8477 0.66331 -1.6101 1.4493 -1.6816 0.50302 1.631 0.95472 0.67439 1.4833 0.48356 1.8535 1.5421 1.6972 -0.83571 0.28975 1.2185 0.19715 -2.8931 1.6399 -1.1244 0.69586 0.46796 -1.1678 2.4019 0.36351 0.83983 -0.95871 0.91685 -0.28224 1.0993 -1.4229 1.801 
peach 1.6128 1.2035 4.6211 -1.7404 0.55113 -0.11802 0.51834 -1.0998 -2.325 0.72037 -1.5051 0.45155 0.8125 1.7419 0.58754 0.84842 -1.7104 -1.2831 1.2437 1.9236 2.4881 1.8492 1.1145 -0.67991 -1.5248 0.79042 -0.33136 3.429 -0.35362 -2.0846 -0.36865 4.8961 0.8355 -1.9438 -0.35688 -0.47413 -2.0751 0.27947 -0.261 -3.7337 1.661 0.55362 2.2132 -1.8566 -5.4737 -0.12858 0.52964 2.2275 0.13911 2.4417 0.79066 -0.44725 2.1527 -2.617 -1.7423 -2.344 -0.72945 1.7688 4.1275 -1.6741 2.0096 -0.69277 -1.8319 1.0901 -0.41199 0.51124 -2.171 -0.61665 0.27048 -2.5189 1.4972 -4.1889 0.68044 0.5534 1.3375 0.84969 0.39928 1.4974 2.0901 0.91603 2.5787 -0.84737 0.26774 1.2505 -0.72776 -4.3017 3.1949 -1.5248 1.6797 0.16318 0.17852 1.6998 -0.80078 0.47208 -0.92303 0.54215 -0.18196 0.61692 -2.3912 1.4497 
peanut -1.3651 1.416 3.3296 1.6294 2.5155 1.611 0.55361 -0.82605 -1.1722 0.065278 -1.0708 -1.6272 0.23814 -1.0389 -0.82196 2.1013 -2.2301 0.082048 0.76139 0.40673 1.9926 1.6133 1.5581 -0.69961 -1.9401 -0.1718 -0.56093 2.5496 0.62701 -1.3493 2.1052 3.0407 0.44897 -0.8398 2.0928 -1.0233 -1.8872 -0.063703 -1.2125 -0.063253 0.17636 0.66676 0.66982 -2.4938 -0.68934 1.1179 0.17834 2.229 0.56494 2.3242 1.0702 -1.9399 1.7161 -0.4499 0.78443 0.25287 0.60254 -1.2932 3.38 0.23627 2.0045 -0.35796 -0.081732 0.31751 0.94744 2.1658 -2.0433 0.055625 1.6517 -0.58023 0.68867 -1.7007 0.19862 0.01521 2.2417 0.056646 1.187 0.79127 0.24961 0.09183 3.3212 0.31951 2.4856 2.4895 -1.4386 -3.0676 2.0741 -0.49396 2.2425 0.047428 -0.70578 2.3117 0.40804 -0.05374 -1.8041 1.2987 -1.7397 1.9753 -1.5399 2.3184 
vinegar 1.3956 1.1538 1.5782 2.7479 0.59138 -0.88096 -0.98974 -0.35461 0.10589 2.9907 0.01904 -1.2095 -1.2763 -1.4323 -2.5291 0.58682 -1.837 -0.64631 1.3698 1.203 2.64 1.7169 0.99567 1.1032 -2.2975 -1.146 -0.12281 2.6041 2.0429 -3.1395 -0.35107 1.8209 1.3089 -1.1499 1.8926 -0.1477 0.0092683 -0.74807 -1.1044 -1.8528 0.25707 -1.9008 0.1215 -1.424 -4.7602 0.23203 -0.20778 -0.088962 0.0062562 4.1814 1.3732 0.39512 3.4157 -1.658 -0.87509 0.10609 -0.89576 -1.4473 1.8101 -2.3973 3.3153 2.8034 -0.22787 1.8975 -0.93068 1.8358 -1.4407 1.1809 1.4598 -1.3556 2.9362 -0.63828 1.5282 1.8761 1.619 0.46215 1.3235 0.49309 0.91429 0.22039 1.3659 1.3076 0.71371 3.7671 -1.1193 -5.382 1.0143 -0.23182 0.93092 -0.88554 -2.1358 1.9585 0.12223 1.2572 0.15369 -0.77258 -1.0645 0.033128 -1.8631 0.22335 
hay -0.60951 4.3715 3.2583 6.4165 -1.7642 1.5291 0.88803 -1.176 -3.148 1.8852 1.4905 -1.3626 0.65182 1.2619 0.7166 2.7489 -0.056606 -0.9122 2.1655 4.4336 -1.9014 1.1841 1.2448 -0.63346 -0.50211 0.84732 4.8574 5.9914 -0.037625 -1.0102 5.9878 1.6175 1.7923 0.17133 2.5616 -0.67811 5.0193 0.65951 -4.4503 -2.8054 2.8204 1.2667 1.0906 -3.2171 -2.3595 -1.9213 0.65588 -3.3733 4.0456 -0.69733 1.7747 -1.3551 -1.9662 -0.69438 0.45674 0.42804 0.72253 0.4124 2.4154 0.029969 4.41 -2.5973 -1.5397 -1.9039 -2.2956 3.3059 -3.3085 0.78187 4.5439 -2.5031 -0.15413 -1.6021 -1.4055 2.0535 -1.8702 -0.6261 0.41979 2.8633 -2.3917 0.50725 2.1619 -3.2826 5.4521 -1.7572 3.1172 -8.3238 -4.1992 -1.384 -1.0601 1.3452 3.3839 2.4214 1.2769 -2.3051 -5.2549 1.7664 -3.0849 0.037172 0.72751 0.81288 
mustard 0.32742 0.85315 2.0372 1.5246 1.5206 -1.514 -0.55429 -1.7933 0.41482 0.078979 -1.1648 -0.76753 0.17427 0.030837 -2.2699 2.5998 -2.5851 -0.034203 0.27383 1.2476 3.3451 2.6397 1.176 2.2936 -1.7902 -2.881 -0.52097 4.1567 1.7839 -1.5383 0.21928 2.9307 0.57276 -2.7413 1.5433 -1.9354 -1.7884 0.4865 -0.024651 -0.8512 1.6824 0.48901 0.10811 -1.2094 -3.1412 -0.057357 0.92917 0.56206 0.35915 1.8152 1.9335 -0.74181 1.9255 -2.5559 -1.4918 -1.2644 0.35537 0.30519 3.3075 -0.84373 2.2018 1.105 0.0495 0.60817 -1.117 1.0935 -1.3748 2.0653 2.3195 -0.61328 0.70827 -1.0569 1.115 2.0056 1.7632 -1.1469 -0.14697 2.5631 0.7372 1.1006 1.1458 0.82534 1.3237 1.3133 -0.274 -4.8577 1.1638 -2.0664 -0.070397 -0.44558 -1.5792 0.99851 0.43804 0.43262 -0.88187 -0.38078 -2.2122 0.19996 -2.1687 0.91033 
violet 1.5742 -0.55481 2.498 -0.76144 -0.79573 -0.17185 -0.79822 -0.90869 -0.75428 1.4612 -0.61528 -0.13731 0.729 1.169 1.8351 -0.38258 0.59156 -2.1607 1.6103 -0.36429 4.3174 0.31334 -1.1969 0.90659 -0.30194 -1.3943 0.38631 1.1165 3.5239 -0.92119 -1.7258 0.095987 -0.060113 -2.6078 1.6172 -2.4765 0.096789 1.2589 -0.51699 0.26295 -0.47286 0.55869 1.2127 -1.9393 -3.274 -0.30466 1.4256 0.52542 -2.0835 -0.0065942 1.3101 -0.10436 1.2367 -2.7835 -3.3403 -2.7918 -1.152 -0.93957 0.26439 -0.57698 1.0408 4.4299 -1.3129 1.9574 -1.8896 0.73554 -2.2665 -0.85298 1.5024 -0.37046 0.24881 -0.24231 -0.19724 0.6301 0.36626 0.25519 0.21401 2.0356 1.3488 0.50304 1.5612 -2.2739 -0.1214 -0.50608 -0.19565 -2.2695 3.3531 -0.30366 -0.6948 0.38319 -2.2505 0.6976 0.90055 0.68217 -0.92351 2.035 -0.3851 1.7682 -1.5292 2.4083 
perfume 2.1863 0.58229 0.7502 1.4065 1.2557 1.3849 -1.053 -2.1206 0.68315 1.0611 -1.8125 -1.9265 -0.97202 -0.32173 0.57734 -0.52791 -1.2099 -1.6912 2.9225 0.52521 3.1221 2.5656 1.0646 0.83699 0.71059 -0.0065002 1.4939 1.4705 1.5938 -1.0504 -0.009293 0.93249 0.081221 -1.0304 2.6236 -1.0916 0.65042 1.7757 -0.45156 -2.0213 -0.37133 -3.3652 2.0819 -0.29141 -3.6487 0.3648 1.1228 -0.38891 -1.6557 0.35328 4.1746 -0.25774 0.59821 -2.885 -2.5162 -0.93123 0.011778 -2.0542 0.96755 -1.693 2.8434 1.165 1.2884 4.0751 -0.64505 1.777 -3.6253 -0.55419 0.80484 0.95164 2.8119 0.035884 0.38726 1.8797 2.2558 -0.67191 2.4278 1.4583 2.0402 -1.3112 1.9804 -0.16597 0.60028 0.44167 1.3097 -3.4749 -0.38546 0.3366 0.11929 -1.0996 -0.13684 -2.0555 2.6103 0.308 0.38499 1.2286 -1.2004 -1.2539 -1.0811 2.2222 
cedar 0.030772 2.7842 2.2981 1.6058 -2.9696 -0.77571 -2.1412 -0.47276 -4.1732 0.045302 -0.48539 -0.073544 -0.25337 4.1477 0.49735 -0.52691 1.2361 -0.86887 1.8718 1.7162 1.0661 -0.48523 -1.6613 -1.0427 -1.1133 1.591 0.64729 6.1112 0.40438 -4.2577 4.7077 0.14276 -0.29844 0.48048 -2.7849 -2.0192 1.0994 -1.0749 -0.41029 -2.3508 0.45552 2.1178 0.43157 0.38374 -3.3546 -0.72196 -0.59068 2.0401 1.3784 0.42631 0.24334 -0.2299 -0.18306 -0.88076 -0.16463 -1.309 -2.4266 1.4948 2.2657 0.75747 3.6595 -0.97924 0.015237 1.6448 -2.1932 -0.5329 -2.3195 -1.2167 -0.20183 -5.6097 3.2469 -0.33468 1.7708 1.2241 -1.6679 -1.4093 1.0487 0.3241 0.66483 2.9026 -0.75789 -0.49454 -1.3865 -1.3672 -0.30011 -1.2202 2.8521 1.883 -0.25868 -2.4373 0.66556 2.84 -1.7553 -1.5508 -1.8651 3.1171 -1.8116 2.4886 -1.2537 2.1292 
cinnamon 0.78961 1.0725 -0.43392 1.1693 0.37866 0.8467 -1.6562 -0.39148 -0.91597 1.0492 -0.78481 -3.0263 -1.1822 0.51442 -2.6435 0.56569 -2.3361 -0.79593 0.31967 0.63491 0.73706 0.67828 2.5987 -1.2116 -1.2833 -0.49069 0.82217 2.1899 0.19298 -1.1644 1.0045 3.7306 1.425 -1.8114 -1.7131 0.14785 0.22347 0.30397 -1.4842 -1.4596 -0.050697 -1.321 1.0761 -2.5383 -2.55 -0.54387 -0.52265 1.3268 -0.15625 1.6498 0.59209 1.5092 1.9813 -2.1042 -0.77663 -0.71604 0.3005 -1.0378 1.9724 -1.5815 1.8894 -0.73102 0.29586 0.48141 -0.5604 0.71947 -3.4689 0.37967 0.81534 -1.4014 3.9352 -1.5261 1.7133 1.4823 1.623 0.9182 1.0885 1.5104 0.32625 1.7327 0.11227 -1.2756 -0.30816 1.7196 -0.37722 -2.8065 0.13357 -0.51133 1.694 1.2307 -0.5478 2.8125 0.90261 1.2072 -0.46493 -0.32675 -0.97352 0.32215 -1.9746 1.0816 
urine 0.55918 1.264 0.62375 3.9631 3.1154 1.7269 -2.6184 0.21233 -0.42185 2.8775 0.20175 -0.093505 -2.703 2.253 1.165 -2.1545 -1.2978 -1.8417 0.14991 -0.89974 3.9228 -0.67382 -0.99177 4.0937 -3.7683 3.3351 0.77359 3.8965 1.3188 -3.165 1.1394 -0.18072 -3.157 -2.1893 6.5985 -0.49326 -0.28776 -2.4794 5.829 -0.75785 0.46037 -2.9048 0.44305 -1.6891 -1.9656 0.21403 -1.4264 -0.61976 3.1045 1.6661 3.1303 -2.5397 1.3101 -4.7973 -1.7128 -1.3018 0.43242 -5.6077 0.071363 0.91462 5.6632 2.2138 -1.4412 2.1791 -1.0305 2.1842 -0.53298 0.53073 0.60255 1.3641 0.53841 -1.3742 0.35509 -0.71447 2.6798 -0.95425 1.0433 -1.491 1.4845 -1.8837 4.807 -0.86268 1.4933 1.4027 -0.21204 -6.0121 -0.16722 0.94985 0.74624 0.26808 -3.9864 -0.073037 1.0592 -2.5568 -0.21906 -0.18405 -1.9113 -2.1035 -1.5338 4.4386 
vanilla 0.1775 1.8979 0.35417 1.3117 0.1312 0.64838 0.10929 -1.1494 0.27629 0.65175 0.46336 -1.2733 -1.2151 0.72046 -0.85201 1.092 -1.1429 0.60242 2.2496 0.42152 0.51809 1.6085 1.3757 -3.0313 -1.5109 -1.1347 0.28401 1.88 0.51499 -1.2023 -0.11541 3.5628 0.81018 -0.21668 -1.4982 0.92622 1.2492 1.074 -0.70253 -1.0196 -0.10184 -1.498 -0.16363 -1.68 -3.7908 -0.42551 0.33554 2.359 -0.99295 2.7225 1.4134 0.91002 1.254 -1.0981 -1.3499 -0.63387 0.8815 -1.6656 1.3448 -2.0092 1.8565 0.38444 1.3147 0.68287 0.71325 1.1527 -2.9192 0.71557 -0.13278 -0.36126 2.9977 -1.6836 -0.21965 1.8324 1.9638 1.9135 0.86523 1.3918 1.3554 0.35968 3.2872 -0.45069 0.294 1.5926 0.70669 -2.1245 1.6759 -1.489 0.63333 -0.5401 -1.5073 2.1217 0.025094 1.6892 0.44499 -0.83801 -0.40793 1.8165 -1.1503 0.83306 
bakery 1.1858 0.80003 2.2829 1.8457 2.1596 2.3111 -2.8254 -2.0104 -1.6177 -2.0369 -1.9638 -3.3481 -0.056702 1.2695 -1.3621 0.85486 1.4332 2.2889 1.1091 2.1161 1.4837 1.408 2.5517 -2.7846 -1.0694 1.1098 1.4305 1.3066 0.63397 -4.4365 0.50014 3.8713 1.0314 -1.771 -0.41663 -1.0802 -2.0764 1.6802 -0.096293 -2.7493 0.83108 0.87256 1.4883 -1.6789 -3.9482 0.67848 -0.41702 2.1351 -1.2984 1.918 -0.31599 -1.5605 0.50097 0.61485 -0.57054 2.8226 1.3138 1.2577 4.5637 -2.1663 3.182 -1.6138 1.0147 0.8999 0.20242 2.5302 -2.7854 -0.4764 2.0733 -1.9461 -1.4004 -3.8247 -1.3226 -0.39647 1.3674 1.55 1.8479 -0.12633 0.18553 1.6873 0.42124 0.6922 -0.37207 1.8061 -0.0034468 -2.7338 -0.31486 -1.3885 1.1824 1.3532 -0.19 -0.97823 0.28427 0.94522 -1.5609 3.4974 -2.1189 -1.1391 0.27224 0.79088 
walnut -0.042945 2.7672 1.9704 0.58908 -0.34699 0.61416 -0.49162 -0.73588 -1.1997 -0.48593 -0.96505 -1.7581 0.71353 1.1944 -1.9673 2.2478 0.39126 0.45568 1.9362 0.52384 1.1088 1.4762 0.036492 -1.077 -1.0202 -0.40029 -0.18566 3.9696 0.68902 -3.2098 3.3334 2.5539 1.4896 1.2226 -1.041 -0.041092 0.68947 0.048883 -1.4019 -2.0221 0.44243 0.63942 0.28456 -2.712 -4.2598 0.91741 -1.9932 0.78531 -0.57204 1.6908 0.95747 -0.11849 0.93604 -1.1958 0.30721 -0.35025 -0.4078 0.73308 2.0848 -1.4585 3.2199 -1.9881 -0.94606 0.98085 0.66897 0.59909 -3.6507 -0.75382 1.0329 -2.1247 2.9914 -2.5583 0.17659 1.1358 -0.58908 -1.4419 2.2019 0.58008 0.3257 2.5604 2.0197 1.0554 -0.82685 -0.65323 -0.84824 -1.1432 2.4237 -0.3057 0.84394 0.12319 -0.36421 2.8566 -0.40051 0.73398 -2.5785 3.2357 -3.6525 2.1716 -2.2138 1.9688 
tar -2.3234 2.3354 0.23984 6.6948 1.6821 -0.53968 -0.29498 -0.67702 1.8568 4.9903 -4.9265 -0.95657 -5.369 3.1445 1.8185 -1.9703 -1.1134 -6.6099 1.4931 0.78285 -0.26002 1.2047 -0.044145 0.2074 -4.9992 0.87654 0.22636 6.4378 2.7115 -3.0925 4.3976 -0.4428 3.9197 1.3448 1.4488 -0.23895 -2.1836 2.1643 -0.96818 -3.4106 1.041 6.8203 0.10356 -3.1329 -6.3264 -3.8217 -2.089 3.7205 0.17747 2.4256 4.7675 0.80071 -0.69574 -2.4979 -1.8551 -8.1437 -2.5831 -2.0785 0.71108 1.1168 5.4862 1.4683 1.5738 -0.87947 -4.0766 5.6458 -5.103 3.7733 -2.5101 0.75763 5.4756 -0.32212 3.302 -0.070912 -0.71215 -1.8078 2.4282 7.3213 -3.4327 -3.0556 -4.5297 -2.11 6.9582 -3.3912 2.3484 -2.7441 2.1073 0.94064 -2.2028 -3.1277 -0.77704 0.80077 0.034264 0.94265 -7.6284 -5.1448 -6.3084 0.3998 0.53123 1.4315 
blackberry -0.25574 0.11673 0.63171 0.30287 -1.3663 0.60288 0.64366 -1.2954 -0.02297 -1.5856 -2.4944 -0.21872 1.253 1.9003 -0.11195 1.6358 -1.7316 -1.5846 2.4441 1.5296 -0.17036 -0.049523 -1.5414 -1.2673 -1.9539 -1.6005 -0.015629 1.4505 1.3825 -0.11458 1.0132 2.4967 1.1608 -1.473 -1.1033 -0.63841 0.0068174 0.39196 0.38501 -1.755 0.22977 -1.8238 0.38361 0.096578 -1.8015 0.19666 0.70674 0.55079 -1.5194 0.8446 2.7804 0.44151 0.82887 -0.39856 0.47302 0.58314 -1.186 1.383 0.83992 -1.9748 1.9453 -0.5028 -1.3154 0.34836 1.6366 -0.17203 -1.6684 -0.61948 -0.58396 -1.2297 1.9159 -1.7958 -0.033927 -0.28171 1.7125 0.7797 -1.1147 0.59009 1.4416 -0.87097 1.0856 -0.29896 0.7985 1.2969 0.66454 -1.2112 1.738 -1.3823 -0.36044 0.22586 -0.47795 2.64 1.3905 0.67461 0.16298 0.86555 -0.90467 1.5798 -0.67077 0.5475 
almond 0.36281 1.3876 2.1518 0.013552 1.0718 -0.098919 0.67674 -1.6666 -0.8828 0.47798 -1.2056 -1.5399 -0.66817 1.3044 -1.5705 2.6131 -2.193 -0.096534 1.0533 1.9911 3.9314 0.76758 1.7613 -1.261 -0.36892 -1.0197 1.4697 2.4824 0.74314 -0.90097 0.60235 3.3716 1.226 -2.5374 -0.036596 1.7149 0.44133 0.087741 -1.0611 -1.9463 1.1935 -0.64443 1.121 -4.3482 -2.851 -0.98645 -1.3151 1.6168 -0.37814 2.9044 -0.28792 -0.54627 1.7467 -1.3887 0.20464 -1.5705 -0.076806 1.1203 2.7304 -1.5001 3.1359 -1.3546 0.93686 2.3952 0.12842 0.88104 -3.7795 0.7302 2.4313 -1.665 2.9114 -2.5579 -0.38311 0.86671 2.861 1.3199 1.3537 0.56975 0.16543 1.8605 3.6578 -1.3239 0.19777 2.381 -0.62876 -2.565 0.65389 -1.1062 1.8065 0.91123 -1.066 2.6886 -0.1295 0.77416 -1.313 0.17722 -0.69398 1.3634 -1.8389 0.87783 
popcorn -2.178 1.0773 2.2125 1.0691 2.375 1.6073 0.10146 -0.26108 -0.88561 0.95821 0.12701 -1.8992 0.13944 -0.36921 -0.30855 1.7206 -2.0248 -0.21266 0.73143 1.525 1.9042 2.7437 0.39376 -1.2314 -1.7692 -0.68023 -0.50964 0.96018 1.4158 -0.21311 0.74071 4.7182 0.42542 0.99112 0.41875 0.10347 0.0046925 0.30492 -1.5176 0.88307 -0.36409 -0.51837 -0.39801 -3.6155 -1.5717 1.6327 0.41254 1.5047 0.38958 0.22556 1.3172 -0.68918 -0.25087 -0.95526 1.5109 1.2471 0.057678 -1.328 2.6647 -0.89069 1.7701 -0.2179 0.93633 -0.30101 1.4031 1.2032 -1.6126 -0.88174 0.10755 -0.099752 1.3031 -1.8469 0.5715 0.81857 1.0159 0.92041 1.4083 1.4471 -0.42388 -0.44733 0.98614 1.3198 1.873 1.5991 0.67367 -2.3823 0.33192 -1.0892 -0.525 -1.6573 0.17638 -0.17811 1.5062 -0.76781 -0.45821 1.947 -1.6914 0.17567 -1.5121 3.4155 
pear 0.59996 1.4338 4.5745 -2.8454 -1.1867 -1.7669 0.82865 -1.0312 -3.2246 0.11738 -1.5484 -0.17597 0.40774 4.0299 -0.19848 1.9954 -2.539 -2.6705 2.5483 1.272 2.5562 1.2231 -0.56087 1.7434 -4.9457 -1.5443 3.49 4.0946 2.9197 -2.3384 1.9327 6.387 0.95438 -2.6565 -0.84274 -3.0258 0.4209 0.87735 -0.77891 -3.9405 2.2611 -1.1991 5.9441 -3.0015 -5.5121 -0.94217 1.3266 2.0958 -1.6749 1.4911 1.1294 -1.058 0.78679 -2.1729 -1.7935 -3.073 -1.1592 2.7927 6.1647 -2.6649 2.1398 -0.48006 -1.5464 0.7916 -1.4311 1.8964 -4.2973 -1.2028 3.8722 -1.5071 3.7081 -4.6209 2.1257 1.2429 1.3668 -1.0145 0.94911 0.58616 1.447 2.1728 4.1532 -0.68455 -0.99743 2.4846 -2.099 -4.9001 3.0358 0.48628 1.1877 1.0471 -0.060626 3.0558 -2.2478 1.8734 -2.9837 0.045098 -1.7543 2.0367 -4.7133 2.9458 
coconut -0.022879 1.8595 3.058 0.94142 0.67422 0.15281 1.2031 0.02523 -1.1536 1.1824 -0.10819 -1.356 -0.59876 0.077049 -0.98615 2.8443 -2.5956 -1.7304 -0.44436 0.17411 1.8221 1.2147 1.9666 -1.906 -2.4845 -0.23816 -0.45039 2.7018 1.0723 -2.6568 1.4219 3.0092 1.9682 -1.3406 -0.90331 0.1799 1.6357 -0.89532 0.44842 -1.6724 0.22445 -0.25686 -0.22084 -1.2627 -3.405 0.48205 -0.38716 1.7691 -1.649 2.2421 1.0428 -1.3092 1.4051 -2.0023 0.36223 -1.1124 -0.35966 -0.23766 3.4486 -1.4098 2.8851 -0.37854 0.48369 1.5987 -0.25076 1.4804 -2.5479 -1.4053 0.467 -1.0779 4.1063 -1.4295 0.88217 -0.21063 2.6985 0.23445 1.4315 0.80404 2.1106 0.28879 2.7009 0.55742 1.3348 2.0194 1.3019 -3.2456 2.2823 -0.072626 0.85526 0.22564 -0.45509 1.8177 -0.61763 1.5058 -1.594 0.57281 -2.2113 1.7335 -1.3582 3.0198 
cardboard -0.12044 0.01033 -0.60516 3.1125 0.89782 0.63074 0.66077 -0.035503 -0.066463 0.003125 -0.30691 -1.0566 -1.0989 1.7369 0.398 1.6862 -1.0076 -0.39228 1.6184 -1.1846 0.69645 2.1162 -1.7723 0.30715 -2.2917 1.5026 -1.087 3.6272 0.57533 -1.4981 1.3767 1.1205 0.25319 -0.93238 1.061 -2.0045 0.74006 1.2533 0.644 -0.030377 2.2164 1.5492 -0.10093 0.069283 -4.0844 1.3544 -0.19695 -0.51065 -0.92173 0.11867 0.90698 -0.4638 -0.64509 -1.2519 1.6695 -0.59478 0.76405 1.1863 4.7888 -0.10033 3.9994 -2.0992 -1.4552 -0.64798 1.0989 -0.51637 -3.1263 0.15392 1.6449 -0.17308 1.8739 -3.9188 0.36391 1.8478 0.14934 -0.13734 1.6452 2.5305 -3.5216 -2.9522 1.0848 -0.25086 0.30538 0.26476 0.69122 1.269 0.8249 0.85271 -2.6779 0.66956 -0.41978 -1.3892 1.8376 0.44638 -0.26664 0.5155 -3.3265 -0.40395 -2.6762 3.3404 
clove 2.5427 2.88 2.3428 1.0622 -0.25306 -0.88644 -0.59877 0.5011 0.12991 3.9752 -0.15629 -0.3454 -2.2719 3.1337 -5.3181 2.3819 -2.083 -2.5016 0.97942 0.34705 3.1523 1.7578 0.79486 3.8816 -0.074041 -4.3523 0.53091 2.9524 0.18002 -2.3965 1.4842 4.3712 0.56794 -2.3143 -0.69473 -2.7579 1.3893 0.49707 0.2817 -1.0855 1.9075 -0.22704 2.6679 -0.65808 -3.0917 -1.2034 -0.58223 -1.8825 -0.95458 2.9129 3.19 0.25272 2.8066 -2.9572 1.1087 -0.68228 -0.92721 -0.24063 2.9958 -3.0151 3.6557 2.2723 -1.6806 0.045785 0.42154 -0.95749 -3.1085 1.6892 2.4532 0.0036124 5.5995 -2.2797 0.26401 1.0472 2.9896 -1.4403 1.0605 0.65317 -0.17155 0.31653 2.0105 -0.10616 0.86229 0.87496 0.4579 -4.9906 0.078342 0.55204 0.045768 1.4267 0.96922 1.331 1.5553 2.6644 0.49506 -1.0364 -3.6427 1.4044 -2.5646 2.5179 
cucumber 1.2388 -0.37341 2.3336 -0.045313 -0.078963 -1.2014 1.747 -0.43104 -0.018956 0.14717 -1.3757 0.60603 -0.54937 1.2231 -1.2366 1.7512 -3.4181 0.48878 0.010792 0.82454 2.2084 1.0377 0.12408 1.5311 -3.1231 -0.78572 -0.5519 3.0446 1.1031 -1.5527 2.0328 2.819 1.0374 -1.3155 0.18142 -0.64608 -0.12098 -0.017199 0.0085576 -1.4482 -0.14681 -0.59444 1.0223 -1.3866 -3.0443 -0.48813 1.9111 1.1188 -0.83841 2.1472 0.70604 -0.6762 1.415 -0.73635 -0.059127 -0.80726 -0.79301 1.9024 2.3597 -2.4928 3.3962 -0.83151 -1.0804 0.24906 -0.78169 1.7278 -1.6183 -0.21362 1.9043 -1.2924 2.1907 -1.9599 0.72605 0.45668 2.7098 0.2837 0.98419 0.50578 1.9293 -0.063182 1.159 0.21878 0.63986 1.3398 -1.4836 -2.8824 0.22127 -0.51025 0.91448 0.66053 -1.5612 1.1966 -0.39827 0.80085 -1.494 -1.4135 -2.4276 0.72389 -1.181 2.0986 
lavender 2.1621 0.3141 1.598 0.79972 0.61624 -0.11419 -0.61249 -1.8389 -0.24321 1.0336 -0.90764 -0.95736 -0.67552 0.77324 1.5703 0.36201 -1.4144 -1.3928 1.8662 2.0775 3.207 -0.028885 0.71426 -0.72612 -0.85703 -0.34092 1.2427 2.5953 1.5467 -2.4212 0.5483 1.6882 0.82263 -1.6897 0.44701 -1.6782 0.65819 1.324 -0.41893 -2.5486 0.24781 -0.8669 1.4443 -0.63507 -5.1406 -1.8723 0.6307 -0.33809 -1.8725 1.2799 1.6389 0.75807 1.2816 -4.0351 -3.1516 -1.8689 -1.3715 -0.29386 2.3048 -1.3694 3.0328 1.2657 -2.0452 2.5948 -2.1285 0.41449 -3.4114 -0.344 1.5453 -2.0219 1.3849 -0.77172 0.75657 1.1186 1.0403 -0.55343 0.43816 2.09 1.1312 0.051875 1.0394 -0.87564 -0.15486 -0.42302 0.60376 -4.0394 1.3154 -0.84205 -0.11778 0.38789 -1.1343 0.81454 0.072265 -0.032348 -0.19384 0.10847 -1.0677 0.50718 -1.5998 2.7094 
rum 2.4713 6.2872 2.5675 1.218 0.22153 0.72731 0.84108 -0.47168 -1.4836 0.96291 1.7048 -3.5985 0.3664 2.5991 -0.8265 -3.6549 -2.232 -2.5781 0.51924 1.3538 -0.93492 2.8472 1.7908 -6.2076 -2.8406 -1.4793 -1.4278 5.4578 1.7214 0.88997 0.82888 6.3743 2.065 -2.58 2.9602 0.68082 2.284 -2.135 -0.45752 -2.9617 -0.12807 -2.2662 -2.6163 -3.098 -8.914 1.8015 0.47205 -1.5704 -3.2979 6.5507 0.29669 -0.017511 0.17192 -0.78161 -1.5039 0.93523 -2.732 -4.3883 1.6237 1.4521 4.9235 3.2098 2.208 2.5543 -0.633 6.9304 -4.2193 1.1661 1.3901 -2.8124 6.3731 0.036192 3.605 1.2409 -0.70571 2.6726 -0.64551 2.9543 1.5356 -0.073574 2.5538 2.1159 5.2292 2.632 1.8545 -6.0288 -1.5061 1.6775 -0.73354 -2.0038 -2.4145 3.1745 -0.47248 -4.4789 0.35747 3.3043 -2.7307 -0.98411 0.21958 3.248 
syrup -1.0439 3.2416 2.7375 1.011 1.0479 0.059441 -0.20467 -1.4425 0.90242 3.5546 0.69838 -1.9034 0.53974 0.11468 -1.3588 1.1289 -1.4701 -1.4515 0.86962 0.29568 3.1264 2.7995 1.9226 0.56939 -3.2884 -0.020123 -0.39329 3.9676 1.6014 -1.8741 0.070837 4.9921 0.1857 -2.4327 0.65573 2.5866 -0.30194 -0.79651 -1.6357 -2.5747 1.7584 -2.1598 -1.3098 -2.8115 -5.3052 -0.51894 -1.5989 0.92917 -0.74415 5.541 0.55973 -0.20019 3.5001 -0.59026 0.40712 0.45064 -0.46431 -1.4089 2.8383 -0.9782 1.5788 1.6432 0.49308 1.0355 0.3625 2.8453 -2.4396 0.77873 0.12206 -1.102 3.8826 -2.9468 -0.25717 0.65074 0.80716 2.6972 0.54902 1.4948 0.9286 0.0078338 4.4499 -0.65453 2.549 3.1413 -0.12749 -2.7758 2.0161 -0.96909 2.0886 0.017655 -1.6373 1.3401 -0.092153 -2.5014 1.6347 1.0464 -0.21112 1.4262 -1.8779 2.5196 
celery 2.674 -0.045737 1.7933 0.41547 2.1286 0.53986 -0.79856 -0.47261 -1.1691 0.040409 -2.3778 0.043551 -1.3113 1.8322 -2.4338 2.8105 -1.6964 0.73813 -0.0042641 1.5545 2.3348 0.57581 0.56162 2.1713 -2.7248 -2.7918 0.87064 0.31561 0.90554 -1.8815 2.0893 2.6318 1.1264 -1.6536 -1.1801 -1.5618 -1.131 0.2946 -1.1884 -2.1289 1.7083 -2.0116 0.38518 -1.7563 -3.7243 -0.63244 1.4224 1.4388 -0.065805 3.0057 0.93821 -0.57684 1.8263 -2.1767 1.872 1.5807 -1.1806 1.0542 2.392 -3.5269 2.2751 0.31824 -0.15944 0.32813 -1.0667 -0.10577 -2.2557 0.95264 1.4299 -1.6628 2.0515 -3.3364 2.4662 0.96884 3.4263 -1.0044 1.3223 1.6202 1.3338 1.4155 0.69587 -1.2316 1.5031 2.3477 -1.4272 -3.2582 0.62944 -0.34841 -0.11597 0.55308 -0.68058 1.7186 0.53317 1.5198 -1.554 0.099086 -2.6425 2.431 -3.0799 3.1439 
raspberry 0.12719 -0.018843 0.85514 -1.2768 -0.90455 -0.1439 0.0057508 0.18334 0.35941 0.43716 -0.95328 0.26998 0.92611 0.046956 -1.2834 1.3899 -2.1449 -0.53726 2.1499 1.2486 0.78223 0.44174 -0.29893 -1.1598 -2.1413 -0.5582 0.2403 2.442 0.9035 0.60596 0.98651 2.7048 0.39468 -0.75266 -0.75132 0.23665 0.67062 0.28081 -1.5991 -0.58106 0.29139 -1.3626 -0.097543 -2.3399 -2.9697 -0.12138 -0.12437 0.88675 -0.60691 1.2972 1.0394 -0.087958 1.3114 -0.92883 -0.23003 -0.016665 0.19075 0.54345 2.38 -1.4858 1.7663 -0.13056 -0.37736 0.85592 1.5217 1.1198 -3.0935 -0.63281 0.79787 -0.0022076 3.0257 -1.8842 0.27329 2.0091 1.2228 0.97361 0.25566 1.0865 2.419 0.86125 1.9932 -0.95915 0.36321 0.82528 -0.034912 -3.0139 1.1126 -2.6433 1.4521 -0.1926 -0.46891 2.5443 0.22231 1.0759 -0.33908 0.58122 -0.2038 1.949 -0.91649 0.77743 
pineapple 0.45799 0.31517 3.2286 0.4978 0.53917 -0.021648 0.85963 -0.49266 -1.2398 0.2758 -0.26764 -0.0979 0.20417 1.3881 -1.0522 2.2536 -2.2815 -1.164 0.54346 -0.51481 1.3148 1.9161 0.72107 0.022392 -2.6195 -0.53836 0.47702 2.383 1.6546 -1.7023 0.8607 3.2358 0.45577 -1.1738 -0.039356 -0.82345 0.6405 -0.20469 0.26369 -1.0944 0.44187 -0.84452 1.5112 -1.1389 -3.5376 0.2605 0.37622 1.6154 -1.0982 1.8554 0.53238 -0.7593 0.87247 -1.5265 0.1771 -0.41487 -0.29806 1.307 3.5036 -1.8473 2.1157 0.26301 -0.037758 1.7722 0.77005 0.75635 -3.074 -1.4063 0.81238 -1.1613 3.1809 -1.8663 1.6803 0.40286 2.2423 0.75211 0.43684 1.0722 1.8436 0.084961 1.4186 0.73909 0.60129 2.7719 0.39503 -3.44 1.555 -0.25133 0.0095765 0.29908 -0.8486 1.7471 -0.13063 1.349 -0.76773 0.075016 -1.5583 1.6529 -2.1843 2.5977 
raisin 1.0584 0.70679 2.5699 -0.54869 2.9845 -0.35272 0.12799 -0.45004 -0.67913 2.125 -0.027974 -0.93026 0.54054 0.4759 0.4779 1.0299 -2.2974 -0.85255 1.9069 1.9428 1.8132 0.97935 2.8264 -1.3777 -0.45583 -1.032 -0.026944 1.9565 0.30244 -1.266 2.2489 4.8513 0.53551 -0.88496 0.11232 0.46506 0.04327 2.352 -0.91114 -1.6564 1.8283 0.84118 0.3683 -4.3005 -3.443 -1.8537 -0.66632 2.1288 1.6162 2.3552 -1.2085 0.42562 -0.066532 -1.228 -1.3788 -1.0163 0.98226 -0.27223 1.4642 -1.4038 2.9019 0.20579 -1.004 -1.5606 -0.91352 1.1283 -2.1472 1.3951 2.1366 -0.89904 1.0748 -2.4597 0.28439 -0.5205 2.1428 0.76247 0.35337 2.2663 -0.91816 0.74834 0.99012 0.051616 1.2411 0.83144 0.14848 -4.1458 0.30568 -1.2687 0.931 0.017216 -0.61975 2.7198 0.7929 -0.034857 -1.3573 0.59426 -0.99578 -0.58622 -1.2403 1.6553 
birch -1.9638 1.576 2.2677 0.75355 -1.3957 0.18756 0.81365 1.2119 -2.0096 -0.79233 -1.5858 0.79474 1.2637 1.999 2.5488 0.057553 0.072741 -1.6357 1.1613 0.65255 3.2746 -1.8237 -1.3774 -3.3758 -0.57804 0.72975 2.5166 3.6644 0.71085 -2.4695 2.6937 0.89944 0.15424 -2.6918 0.82486 -1.646 3.9153 0.23898 -0.027064 -1.943 0.43182 0.38352 1.7065 -2.3068 -3.4131 -0.1837 -0.52796 -0.58492 -0.94651 0.45682 1.0178 -0.20466 0.20319 -0.65625 -1.2908 -0.32651 -1.2247 -0.20467 -0.079892 0.21006 2.1184 -1.6478 -3.4188 0.74962 -2.5899 0.050068 -3.0309 0.75164 2.0703 -2.4917 2.6148 -3.169 1.2552 1.9007 -2.5483 -0.73715 0.071539 1.069 -2.1637 0.41805 1.8677 -0.72793 -0.4459 -1.8439 0.79245 -2.101 1.5139 0.33104 -1.8137 -0.10641 1.4607 2.7443 -1.2406 -0.30595 -2.1161 1.8973 -4.4025 2.2335 -2.6001 3.4976 
manure 0.36802 2.9926 3.1056 4.4985 0.89027 0.84193 0.9945 -2.1286 -1.1509 2.4808 -0.32021 1.5921 -4.8065 1.4277 0.77947 2.7949 -0.1007 1.4837 0.42214 1.2275 1.4939 -0.51904 0.098334 2.9315 -2.5302 3.2825 0.25044 3.8996 0.96177 -3.3506 4.3074 1.5625 -1.0773 -1.454 5.2478 -2.6795 -1.2777 -0.81996 0.79995 -2.9607 1.7942 -0.72577 1.4581 0.21951 -2.8116 0.17398 1.5153 -1.4332 2.8165 2.2085 2.197 -2.1117 -0.70146 -1.2684 1.0484 -1.4564 -1.2154 -1.4419 2.0748 -0.76711 3.1164 -0.70481 -2.5476 -0.33509 -2.1888 1.4368 -0.064362 1.9726 3.2351 -1.9491 -0.24739 -0.5788 -0.49846 -1.5508 1.7073 -0.71802 1.7913 0.15682 0.35282 -0.76291 3.7619 -1.057 3.3231 0.78025 0.96623 -7.2005 -0.63796 -0.96204 0.47059 0.25913 1.3141 0.86119 1.2304 -1.0753 -1.0159 -1.0849 -3.7917 -2.1287 -0.74019 -0.39306 
cork 0.45915 3.1703 1.413 5.0519 0.52033 -0.77429 -0.91009 1.9635 -1.3877 -0.68519 -0.83679 0.033963 -1.7953 3.3892 0.16018 -1.8683 -0.28985 -1.943 0.36577 -1.2181 1.1751 0.95824 -0.63075 -2.3777 -3.0518 0.73728 -0.1636 4.7092 1.4401 -0.19458 0.018946 0.62654 -2.2487 -0.4489 1.479 -1.416 -1.4579 -1.2322 -1.3758 -2.3574 0.0072731 2.056 -1.3806 -0.56761 -7.6882 -0.11922 -0.14326 -0.84246 -0.96181 0.46973 0.47999 -1.8407 -2.2302 0.58645 1.198 2.0764 -1.5828 -0.8177 3.1999 -2.7217 3.651 0.91373 -2.2881 0.098256 0.24558 2.5983 -2.9368 -0.23753 1.3044 -1.8382 3.6043 -4.7402 2.4793 1.0417 -0.54281 0.84344 -0.79371 2.4829 -0.0059768 0.72338 0.23541 1.2479 -1.3007 1.7542 -0.060443 -2.6903 -0.51107 0.61269 -1.4165 0.51126 -1.4898 0.93217 0.5444 -1.3921 -2.8355 -0.042423 -1.7143 0.099687 -0.83093 2.9371 
incense 3.6797 1.3876 3.0227 1.502 0.92737 0.54766 -1.8367 -0.50023 0.36428 2.7758 -2.3908 -1.2294 -0.89999 0.79632 1.6185 -0.67053 0.80458 -2.9549 -0.0083528 0.90582 3.8953 -1.1324 1.2215 0.76085 0.46765 0.83114 0.58917 1.7224 1.2594 -2.1098 0.85195 2.614 -0.54894 -2.0476 2.3707 -2.5408 0.052402 -0.010443 0.69114 -1.9858 1.4059 -1.2927 0.4247 0.53023 -2.5955 -1.4174 0.24399 0.52992 0.26504 0.64357 3.8826 -0.57904 0.8752 -2.413 0.62108 -2.2686 -2.4658 -0.48351 1.8192 0.93428 1.6924 0.7815 1.1534 1.3336 -2.8113 1.1216 -0.94717 1.5266 2.5585 -2.0657 0.82366 -0.15577 -1.5959 -1.0433 0.12632 -0.50085 -0.30794 1.1767 -0.85331 -2.7204 0.4324 0.052197 -0.2832 2.3569 0.74722 -4.0756 -1.3297 0.92974 -2.9126 -0.82259 -0.88789 0.62775 2.3589 -1.492 -0.094552 -1.2273 -0.91912 0.099518 -1.4844 1.2778 
citrus 1.8825 1.7571 4.1552 -0.23131 -0.83234 -0.349 -1.3576 -2.179 -1.3643 0.96992 -2.7374 -0.18736 -0.47474 0.19296 -0.34358 2.0664 -2.5178 0.37548 0.42503 1.3924 1.2272 -0.45043 2.92 -1.2108 -1.7213 -0.27693 0.7152 1.0337 0.61261 -2.9726 0.87746 2.0512 -1.158 -2.0334 1.0485 -0.89247 0.31539 -0.19404 -1.7191 -2.6097 0.27722 -0.3435 -0.26749 0.076054 -4.8857 -0.17622 0.51001 2.2494 -1.143 2.5952 1.7861 -0.12193 2.1238 -1.0958 -0.24451 -1.4636 -0.97075 -0.43533 2.6843 -0.51415 2.3126 1.6622 -0.79188 2.2293 -2.2569 1.8145 -1.7219 -1.3069 1.3585 -2.7936 4.2205 -1.1573 0.1822 -0.92751 1.563 -0.1746 1.0965 0.7225 3.3101 0.38214 2.313 0.86736 0.7021 3.6409 -1.7059 -4.486 2.3509 -0.38836 0.7231 -0.61117 -1.3467 3.7618 -1.1397 1.2797 -0.34002 1.0404 0.4985 1.0195 -1.4323 1.1079 
solvent 1.9222 -0.1142 2.9945 3.3367 1.2063 -1.761 -0.44385 -0.17808 2.6378 2.339 -2.2729 0.11539 -3.8339 0.64224 1.4078 0.66991 1.3656 -0.45044 -0.89828 2.446 4.5922 -0.80809 2.0094 1.9396 -3.1858 2.1228 0.32328 5.4508 1.9097 -3.0609 1.1834 -0.66771 -5.8976 -1.4371 2.7353 -0.55651 -3.1395 0.37146 2.1653 -1.9908 2.1298 1.1571 0.61118 1.7615 -3.5203 -1.6921 2.1782 -1.4047 0.49108 2.2016 3.5394 -2.097 2.0204 -1.3801 1.5124 1.1856 -0.33444 0.019425 1.365 -1.4963 2.2155 2.2427 -1.9351 1.3582 -1.3191 -0.18049 0.5539 2.8664 0.81786 -1.9012 0.90669 -2.826 -1.591 -4.4186 1.2349 0.36607 0.44479 2.8902 0.58835 -1.3631 2.7085 0.97982 -0.70989 1.767 1.5247 -3.3517 2.0482 2.7806 -1.7454 1.1761 -2.2133 -0.040446 0.9931 0.16409 2.3505 -2.6377 -2.7954 -2.1322 -2.7633 0.24816 
cologne 2.3744 -0.04887 -0.89124 2.5355 1.4667 0.50853 -2.521 -1.1501 -1.5108 -1.9187 -2.6481 -0.72258 0.30547 1.6294 -0.86905 -1.6118 -1.3523 0.34398 2.4576 1.9585 1.0682 0.48747 2.0986 0.18032 -1.3485 -0.1035 0.80536 1.7871 1.7572 -1.7743 -1.8945 0.58109 -1.9303 -1.7128 2.0669 -1.7617 -0.4305 -0.49462 -0.89087 -2.0997 -0.69065 -1.104 1.5723 -0.59112 -2.7958 0.079331 1.4555 -1.2253 0.7232 -0.66776 2.6817 -1.056 -0.37062 -1.7646 -2.1984 1.2083 -1.202 -4.253 0.55008 0.6911 3.7546 1.4947 -0.23591 3.0865 -2.6552 0.59145 -2.5153 1.1397 0.099641 -2.0508 2.7736 0.45503 0.50704 0.97554 1.5595 1.7913 1.0236 0.61914 0.10404 0.037255 1.775 0.30378 -0.85583 1.6952 -0.20865 -2.6985 -0.079653 -0.14615 0.057146 -0.08816 -0.96405 -0.62522 1.2976 0.18594 0.24647 -0.98308 -0.10394 -0.75518 -0.60314 1.2905 
caramel -0.48032 1.4396 0.40401 1.0291 1.2066 -0.018657 -1.0291 -1.3898 -0.54813 0.70202 0.1776 -2.6073 0.35022 1.0716 -1.9712 1.1593 -1.2047 -0.49125 0.62879 0.79504 2.5114 2.713 0.5625 -1.1952 -1.8591 0.7162 -0.39664 2.4251 1.7813 -1.214 -1.0012 2.6878 0.42316 -1.9398 -0.37301 -0.22092 0.9763 0.27621 -0.97783 -1.1842 1.0044 -0.077784 0.095852 -2.2249 -5.0873 -0.94945 -0.97196 1.6251 -1.2694 2.1093 -0.14469 0.1882 -0.518 -2.1286 -1.1719 -1.5159 1.3662 0.13125 2.614 -1.4905 2.893 0.6904 1.2302 0.47735 0.060302 1.3501 -5.5865 0.48916 1.079 -1.0298 2.3018 -2.978 0.35015 1.4821 3.3081 0.4724 1.7177 1.4923 1.9877 0.55048 3.3027 0.22883 -0.13197 2.2137 0.22699 -2.4721 2.5337 -2.1917 0.70508 1.607 -0.95694 1.5289 -0.41689 0.41859 -0.14443 -0.09161 -1.0174 0.8209 -1.9948 1.1446 
grapefruit 1.3742 -0.53321 2.8669 -1.0837 0.98437 -0.83748 0.42227 -0.76987 -0.79685 0.99204 -0.44845 0.17688 -1.037 0.80179 -1.0698 1.9361 -2.5039 -1.0831 0.93426 1.2019 1.5158 1.0077 0.56426 0.90848 -1.1067 -0.53108 -0.55883 1.7848 -0.19872 -1.8467 1.236 2.3949 0.15428 -0.74695 0.66069 0.27561 -0.41697 -0.19068 -0.36203 -1.8142 0.079786 -0.40952 1.127 -2.241 -4.1556 -0.63159 0.84046 1.3382 -1.4626 1.9141 1.006 -0.84471 0.6664 -1.1149 0.31758 -1.0128 0.63711 0.53095 2.0214 -0.66247 2.4958 0.85541 -1.1608 1.3537 0.49984 1.0414 -2.3649 -1.0833 1.6622 -0.63794 2.9163 -2.1401 1.3842 0.22722 2.6171 0.49065 0.96332 -0.16367 1.4682 0.10329 1.8898 0.2365 0.43314 2.2954 -0.17832 -3.5721 2.1808 -0.7853 0.15968 0.22549 -1.1313 1.2019 0.89325 0.52537 -1.0092 0.68656 -0.47999 1.1979 -1.9156 3.2721 
ammonia 0.62463 1.126 2.0732 2.8269 -0.97824 0.17111 -0.72388 -1.0819 -1.6702 2.4697 -2.1408 -1.2935 -2.9369 1.5188 0.53183 -0.97031 0.1381 0.10082 0.4574 0.39835 1.5499 -1.1352 0.95798 0.35783 -1.0483 1.084 -0.25039 2.7424 1.3681 -1.0612 0.99671 -1.697 -2.8361 -1.2823 3.8436 -0.43578 -0.79383 0.78516 2.3087 -1.2697 -0.12627 -0.37182 -0.066483 0.43637 -0.87073 0.66422 0.42563 -0.0019517 1.9666 0.77998 2.2985 -2.2367 1.3205 -2.0786 0.48562 0.41712 -1.3756 -2.9113 -0.03557 -0.85843 4.3835 1.3938 0.74369 1.3558 -0.72328 1.4269 0.27558 3.3836 -0.65503 -0.75838 1.0015 -0.51702 1.3716 0.31632 0.96109 1.7661 1.6523 0.84948 1.3233 0.4129 2.5847 -1.2479 1.4791 0.69203 -0.35568 -3.4585 0.0065099 1.5802 -0.43657 -1.2295 -3.2824 1.7802 0.13258 -0.21798 0.57865 -0.51144 -1.148 0.3441 0.44525 0.83681 
detergent 0.58246 -1.5123 2.0035 3.5838 1.5906 1.0838 -1.3482 -0.5685 1.6502 1.4001 -2.1603 -0.65745 -3.0347 0.54135 0.8659 0.18896 -1.861 -0.58982 0.83314 2.8169 3.7364 0.022274 1.2666 0.97932 -1.8958 3.7643 0.40473 4.1358 1.5855 -3.2442 -1.3446 -0.62427 -3.1577 -1.873 2.6916 -0.047358 -2.4498 -0.09057 0.74831 -1.6479 1.0471 0.0097494 0.13036 1.5675 -1.69 -0.90133 2.2084 -0.87553 -0.33107 1.9886 2.8048 -1.2772 1.8862 -1.9768 -0.44524 0.60678 0.51896 -0.11265 1.0946 -1.2396 3.6576 0.20172 -0.24534 0.94331 -0.91377 0.063189 0.39289 1.9607 1.8287 -2.958 1.1373 -1.5858 -1.3211 -4.1666 2.294 0.7122 0.89699 1.8656 1.0177 -2.4792 2.8333 -0.29621 0.016938 1.7355 1.6318 -4.8596 0.8717 1.168 -0.68547 0.89133 -4.2215 -0.41163 2.0679 -1.0405 0.86168 -3.0707 -1.7203 -2.634 -1.1529 0.77898 
kerosene -0.1916 0.70859 0.85328 1.6445 -1.2896 0.71234 -0.57515 1.2448 -1.2891 1.7165 -1.8239 -0.41712 -0.43429 -1.5982 -0.48803 -1.7201 -0.59145 -0.53571 1.6246 0.69654 1.5846 -0.021403 -0.76163 -1.5111 -0.73622 -0.24782 1.2998 3.8886 1.3491 -1.259 0.13421 0.012398 -0.69442 0.88348 3.0819 0.56447 0.6053 0.72451 -1.1288 -1.2209 2.052 0.52352 -0.37208 0.07483 -1.5319 0.2934 -0.87394 -1.7906 1.5942 0.7633 2.4133 0.54033 -0.063639 -0.54271 0.79768 0.49692 0.3416 -0.44038 1.4694 -0.096335 3.9085 1.0359 0.38518 0.28734 -1.7965 0.88396 0.07944 2.2927 1.054 -1.6358 0.3767 -0.22736 0.50002 0.50683 0.49338 1.1634 0.95684 1.5063 -1.0369 -0.46816 -0.70079 0.27484 1.0461 -0.40539 0.24272 -2.4151 -2.1192 0.32631 -1.283 0.36434 -2.9939 -0.49363 0.95624 -0.5492 -1.2287 1.3281 -1.4249 -1.407 0.23509 0.34661 
varnish 1.5757 0.050977 1.5128 3.4238 -0.25914 -1.0403 0.46398 -0.2218 0.91032 0.60211 -0.7465 -1.4563 -2.0882 -0.80006 -0.85688 -0.98699 -1.3186 -1.2128 0.3288 0.36059 2.4752 0.61399 0.28162 1.0054 -0.64337 1.7589 0.32038 4.1893 2.8263 -2.9139 0.54108 1.0748 -0.90252 -1.427 1.4227 0.89483 -0.60051 0.25369 -0.61151 -1.8928 0.99727 -1.5907 0.84788 0.62332 -4.1846 -0.4797 -1.1201 -0.24014 -0.28236 1.1335 1.6794 0.756 -0.0027909 -2.2929 -1.7127 -0.30266 0.30966 0.27709 0.1146 -1.4077 4.0411 0.74189 -1.4732 0.19672 -0.2268 0.36288 -4.0729 1.5307 1.915 -0.87283 2.0275 -0.55196 0.79771 -0.65638 0.074591 -0.53902 1.8223 0.19705 -1.2811 -1.7658 2.0874 0.69572 -1.5668 0.42686 0.21544 -1.5137 2.0238 -0.4608 -1.1777 -0.93252 -0.56229 -0.050529 1.5553 0.53318 -2.5552 -2.8206 -2.6257 -1.2999 -4.248 -0.7939 
peppermint 1.0682 1.7324 1.0577 1.2739 0.8465 0.65084 -1.756 -1.1505 -0.19075 0.89648 -0.52235 -1.832 -0.62668 0.2877 -0.8919 0.89817 -2.2476 -0.56826 1.301 0.74443 2.4154 0.78341 1.2155 -0.81809 -1.5375 1.6779 -0.67076 2.8303 1.2008 -1.4877 0.69 1.8447 -0.21 -0.75785 1.2033 -0.25563 -0.21467 -0.18368 0.16214 -0.80502 -0.24855 -0.18994 0.89451 -0.57065 -2.2987 -0.60983 0.78022 -0.42433 -0.49447 2.042 1.5308 -0.37538 0.94903 -2.6312 -0.99216 -0.073338 0.12451 -0.50813 2.1364 -1.0292 1.2942 1.2877 -0.52412 1.0098 0.54146 -0.17094 -2.2386 -0.25919 1.8928 -0.98158 2.7378 -1.9998 0.72121 -0.28026 1.97 0.26613 0.010092 1.0052 1.7185 0.65376 2.1282 -0.1197 0.45034 0.90943 0.093593 -4.2685 1.297 -0.81801 0.98484 0.8114 0.15016 1.9688 0.41839 0.12425 0.31301 -0.72348 0.076802 0.57777 -1.7328 2.2288 
eucalyptus 1.1553 1.8414 1.6028 -0.012161 -1.2519 -0.42566 -0.35082 -1.1304 -0.93317 1.0539 -1.1832 0.70843 0.15686 0.059118 0.2067 0.91182 -0.78238 -0.62792 -0.093194 1.2872 1.9906 -0.90608 1.0092 -0.78267 -1.1117 -1.2895 1.6728 2.4344 1.2842 -1.2244 2.149 1.9956 -0.42614 -0.90807 0.26367 -1.1561 2.1178 -1.1466 0.57959 -1.5482 -0.57608 -0.63603 2.0177 0.66471 -2.09 -0.23554 0.34284 0.07295 0.16416 -0.26324 1.8698 -0.61245 1.3238 -0.94601 -1.8775 -0.60402 -1.8029 -0.12134 1.1174 -0.24 2.3442 0.96579 -0.38826 1.4694 -1.377 0.17469 -1.3249 -1.0739 -0.21757 -1.9816 2.6982 -0.033183 2.1007 0.0227 0.14649 -0.65978 0.981 0.75961 0.70377 -0.76612 1.7085 -0.60626 0.15162 0.50076 0.0063379 -1.5335 1.0474 0.41043 -0.13157 -0.32343 0.74571 2.5376 -0.72695 -0.35477 -0.908 0.60469 -1.8261 -0.07334 -0.95682 1.9943 
licorice 1.7383 2.3366 1.6195 1.1164 0.85263 -0.013375 -0.52521 -1.3253 0.021044 0.46183 -1.0864 -1.2768 0.44259 1.168 -0.95717 1.0069 -2.3381 -0.95696 0.44691 0.76238 2.5281 0.94037 1.8414 -1.7892 -0.71983 0.59945 0.11131 2.6874 0.37066 -1.4762 1.0196 2.1203 -0.51382 -0.94113 1.7784 -0.27394 -0.85955 0.42876 -1.4028 -1.8489 1.3109 -0.72895 1.2427 -0.78668 -2.8581 -1.1179 0.10332 1.015 0.07679 1.5178 1.8683 -0.95014 0.25909 -1.2044 -1.6547 -1.0374 -1.3714 -0.78498 1.6921 0.10749 2.4211 0.76186 -0.50382 1.146 0.14645 1.0541 -3.0865 0.17985 0.7868 -1.2208 3.0647 -2.3399 1.3446 -0.29846 2.6129 0.57647 -0.14009 1.4956 1.2851 -0.4343 1.17 0.45912 1.3718 1.9232 0.36165 -3.6588 1.5426 -0.37858 -0.27862 0.38957 -1.1998 1.7651 0.28231 -1.3691 -1.2279 -0.11611 -1.2456 1.597 -1.3459 3.1875 
disinfectant 1.0136 -1.3663 2.6993 2.138 -0.25417 1.1686 -2.5029 -0.14471 1.3951 2.6389 -1.4499 0.51309 -3.0171 -0.0011567 0.46953 0.37407 -0.703 -1.2116 1.2641 1.5468 4.469 -0.36635 0.3233 2.2304 -2.4181 1.5353 -1.7284 2.074 1.1531 -2.8323 0.017864 0.22954 -1.6795 -2.0496 3.521 -1.5541 -0.39098 0.11018 1.7329 -1.8882 0.90083 -0.66199 0.93014 0.86693 -1.6255 -1.0028 0.20827 -2.2452 -0.55063 0.092666 3.6965 -2.315 1.12 -2.3708 -0.84248 -0.36488 0.14496 -0.93256 0.51383 -1.4089 3.1644 2.1908 -1.1908 0.83981 -1.1397 0.18776 0.61558 0.49353 1.5145 -0.50776 0.89486 0.075686 -1.2082 -1.8331 1.3209 -1.2314 1.3828 -0.065377 0.92299 -1.1017 4.6772 0.11989 -0.18136 1.0447 -0.33679 -3.6658 0.88438 1.0807 -0.1945 0.058094 -3.2204 0.18218 1.9914 -1.0059 0.16534 -0.63931 -2.3833 -1.1311 -0.86267 1.8982 
geranium 0.80782 0.5276 1.8426 0.64035 0.22052 -0.0040313 0.21083 -1.7076 -2.6289 2.0238 -1.9149 0.37334 -0.59592 0.16008 2.0164 0.78912 0.2129 1.2563 1.1958 1.9739 1.9982 -1.8003 -0.29284 -0.6034 -1.7304 -0.43161 0.97289 3.6784 3.3202 -0.49281 0.76764 -0.74552 -2.329 -2.5758 1.6554 -1.8282 -1.3889 1.0555 -2.9874 -2.5518 1.0798 0.15521 1.3816 -0.62833 -3.351 -0.66718 0.9459 1.2432 -0.30532 0.70071 0.072653 -0.63953 1.4011 -0.8599 -1.3565 -0.52145 -2.2944 -0.09756 2.0819 0.30552 3.0772 2.0291 -0.79848 1.2582 0.013314 1.1599 -2.2569 -1.3172 -0.85412 -2.4342 1.1384 0.081661 0.80083 0.27048 1.7379 0.093128 0.96672 0.98794 1.1367 1.0848 1.7347 -2.2619 0.84112 1.0271 -1.384 -3.676 0.38666 0.23096 -1.3962 -0.29889 -0.30379 1.4556 0.23846 -0.97472 -0.60928 1.3463 -2.6453 2.0222 -1.9978 1.9723 
turpentine 2.0336 0.47401 2.0632 2.6649 -0.13448 0.56258 -0.52397 -0.67502 0.3027 0.053458 -0.54897 -0.89769 -1.922 1.0517 0.30107 -0.53248 0.20233 -1.2811 1.0609 0.69539 2.1684 1.0349 1.2972 0.71573 -0.30916 -0.49529 0.84969 3.4349 1.474 -2.9785 -0.54276 0.59239 -0.61705 -1.021 2.7043 0.18688 -0.22681 -0.06047 0.57391 -1.4894 1.6984 -0.80813 1.4262 0.057525 -4.4287 -0.71271 -0.018533 -0.48807 -0.44046 1.5972 1.0103 0.30304 1.1384 -1.6553 -0.5563 -0.51895 -0.31554 -0.87581 1.0149 -0.67026 2.6196 1.1497 -1.0193 0.42497 -0.57352 0.86437 -2.7508 2.328 1.212 -1.1616 1.3971 -1.0187 1.5261 -0.52904 -0.38183 0.001995 1.5481 0.94241 -1.1568 0.0039813 1.9687 1.1093 1.0888 1.6048 1.7633 -1.8621 1.0503 0.41781 -0.52415 -0.10056 -1.1133 -0.13149 1.0763 -0.20072 -1.4894 -0.5829 -2.1925 -1.5234 -1.0908 0.87995 
mothball -0.14946 -0.56762 0.9159 0.97445 0.40877 0.50922 -0.95148 -0.23192 0.23139 0.69959 -2.4391 -0.60408 -1.9995 0.8361 0.54694 0.29466 -1.1188 -0.45502 0.79844 0.56023 0.62688 1.2622 0.4052 0.49796 -1.4995 -0.27983 1.0187 3.1665 -0.29842 -1.0063 -0.28401 2.304 -0.54448 -0.55074 0.93375 -1.5265 0.2509 0.95053 0.69026 -1.3932 1.6283 -0.4789 0.14239 0.1017 -1.1606 0.7644 1.4191 -0.074206 -1.2873 0.39157 1.2716 -1.228 -0.87437 -1.41 -0.49221 0.15847 0.33991 -0.24471 1.9961 0.96733 2.6345 1.504 -0.68226 1.359 0.60819 1.0668 -1.2013 1.5397 0.70585 -0.33326 1.4846 -0.9058 0.61746 1.831 0.02867 -1.6512 1.4557 2.0962 -0.1757 -1.1834 -0.12353 0.0019467 1.6075 -1.3246 1.2559 -1.5611 -0.85399 0.29151 -1.2039 0.70064 -1.1719 -0.86025 0.95709 0.041675 -0.98378 0.40438 -1.1345 -1.1947 -0.85622 2.7389 
anise 3.6333 1.0646 2.5385 0.5605 0.87605 1.0644 -0.99416 -0.5221 1.4948 0.84353 0.56291 -1.0802 0.24168 0.090967 -1.0163 -0.30417 -1.8699 -2.1576 -0.32754 2.0717 3.9753 0.62881 2.1911 0.62168 0.88923 -0.65984 2.3181 1.2435 1.5678 -2.2522 -1.7424 2.6578 0.047554 -2.6534 1.322 -0.6075 -0.25452 -0.91655 -0.048553 -0.30975 0.6585 -0.86783 1.7076 -0.95567 -1.9133 -2.4334 2.2647 -1.2041 -0.52498 3.3587 2.649 0.48318 1.9885 -1.4847 -3.1387 0.39506 -1.8895 -0.55756 0.53146 1.0784 0.60091 2.6737 0.82997 0.5466 -1.8985 -0.69448 -1.2009 1.2774 0.92628 -2.2234 3.0365 -0.91313 0.058111 -1.1298 2.7635 0.25568 -0.52198 1.4599 1.3597 0.22062 3.0543 -1.8709 -0.30728 2.1549 -0.98826 -7.4715 1.2081 -1.8276 -1.1317 2.394 -0.6068 1.1223 -0.74347 0.58107 -0.099559 -2.0123 -1.94 -0.28416 -0.97636 -0.8178 
creosote 0.036839 1.7083 2.8548 1.1992 -1.784 1.2238 0.82334 -1.3018 -0.7341 0.28205 -1.7832 0.49426 -1.6281 0.029084 0.73711 1.8421 -0.56922 -1.0322 0.77606 0.060312 0.61542 -0.728 0.89733 -0.12225 -2.0446 0.36579 1.2855 3.9406 1.0421 -0.90165 1.1561 0.35303 -1.3887 -1.8135 2.0364 -1.6146 0.25894 0.19722 2.207 -3.4388 0.12303 -0.70789 0.54232 -0.27905 -1.2468 -0.12547 -0.54674 1.0435 0.35913 -0.030165 2.124 -0.30211 1.455 -2.1848 -0.99196 -0.20346 -1.7361 2.0829 0.31673 0.050742 3.405 1.242 -0.72237 0.43293 -0.68102 2.109 -2.7156 -0.37723 1.9913 -0.95533 2.005 0.0091257 1.0724 -0.090828 0.57862 -1.406 1.5604 1.9481 0.33343 -0.25975 0.56973 0.73172 0.12769 -0.3666 0.81787 -2.2563 1.2065 -0.41225 -2.5024 -1.1604 1.3192 2.0244 0.7212 -1.8786 -2.1359 -1.2364 -2.3626 0.17965 -0.90823 0.67221 
camphor 1.7027 -0.3513 0.3366 1.8433 0.41661 1.6577 -1.3043 -0.99383 -1.07 0.76214 -1.6353 -0.28917 -2.1455 1.5449 0.13528 0.035105 -1.6386 -2.1152 0.77143 2.2551 3.5162 0.063216 1.8777 -1.2576 -0.80219 -0.41887 -0.5044 3.5422 0.62809 -2.574 1.2248 1.2599 -0.26462 -2.1333 2.3818 -0.61517 2.3141 -0.11875 1.0059 -2.1849 -0.16423 -0.1753 0.93175 -0.12017 -3.6221 -0.69942 1.1495 -0.041394 -0.37774 1.076 2.4194 0.36105 0.40046 -2.245 -1.2949 0.40613 -0.45977 -0.3315 1.1917 0.13834 4.3233 0.093722 -0.87461 0.73957 -0.4512 1.6713 -2.6651 2.0354 -0.152 -1.3662 0.36171 -0.44412 0.58204 1.6457 0.66169 0.17075 2.1765 2.2867 -1.1619 0.15237 0.23865 -1.0762 1.4771 -0.54695 0.78694 -2.3199 -0.88055 0.12971 -1.4187 0.10855 -2.3984 0.23083 0.61447 -0.64716 -0.36722 0.31449 -1.555 -0.46543 0.16124 1.8284 
