96 100 
blood 3.2123 -1.2555 0.8656 1.8323 3.3773 -0.15557 0.41071 -2.5835 1.2005 -2.1624 1.7666 -3.8767 -0.62053 0.25804 -0.94289 1.7458 -1.0872 -1.5094 -0.98248 0.13096 3.6138 -1.9383 2.5906 2.1503 -2.4813 -0.14273 -2.029 -0.18949 2.9829 -1.1782 -0.3482 2.6459 -0.6821 -2.0786 -0.6423 0.95731 -2.0778 -0.046235 2.6619 2.6319 -0.67529 -0.30242 -0.8914 0.22717 3.8163 4.0284 -4.4397 -2.9966 -1.3084 -0.21973 -3.5043 -4.5979 2.6648 -0.66598 2.8961 -1.8279 -1.4172 -3.3282 -0.41516 -2.2149 1.9982 0.093943 -4.3771 0.81968 0.88021 0.85405 1.9194 -1.1919 0.70984 0.1847 -0.005264 -3.1431 -3.9525 -3.2092 -2.0068 3.4719 0.66203 3.0553 -1.2612 -0.30146 2.7715 -2.7497 0.28973 1.0549 0.29689 -1.5601 0.25898 0.92932 -1.7769 -0.056793 -4.5458 -0.31837 5.3698 -3.4027 -4.2001 -1.9803 2.2579 -0.58354 1.819 1.5188 
animal 1.3015 -0.0053066 -0.44325 3.303 2.1615 1.4431 -2.5082 1.8313 0.22164 -3.4977 1.9981 -1.3901 -1.4134 -1.5536 -1.7677 -1.568 -3.4041 -0.30721 -0.24932 -0.57186 0.15948 -2.1968 -0.28655 1.274 -3.5435 2.3885 -0.4233 -3.1921 -2.2313 0.44644 -0.26802 1.8619 2.3557 -1.9194 -2.077 2.6502 2.9716 0.12676 -1.6478 -1.2968 -2.7358 1.9739 -0.71489 1.6163 2.7851 0.90636 -2.7818 -2.1593 -1.9485 3.4896 -0.30993 -0.41872 2.2368 -0.75996 3.2012 -0.92379 1.8096 -1.0953 0.53198 0.1153 2.0942 -0.119 -0.61458 0.10007 -1.0825 3.0098 -0.5422 -3.8574 3.412 -1.1169 0.95604 -2.6292 -0.35403 -3.8357 0.28374 1.4278 1.8821 1.1632 1.5437 1.6809 4.6842 -3.6301 2.3381 0.89148 0.48361 1.084 -0.25504 0.74944 0.3442 1.053 -3.2164 -0.17575 -0.74534 -0.61279 -3.7895 -3.1221 4.3824 3.0653 -1.6826 0.57326 
fish -0.54127 -1.8197 4.083 4.6025 2.1855 -4.0027 -4.795 0.55422 1.294 0.44072 2.5239 -2.1411 -1.1326 -2.2019 -2.1888 -0.93344 -4.3405 1.4858 2.5304 -4.3068 1.1687 1.3865 -1.8614 3.3182 -3.596 2.8952 -2.4884 -5.0729 0.60161 -1.6501 -5.1922 2.6555 -0.112 -0.54612 -0.74419 4.628 -0.24202 0.69449 -4.414 -3.8902 -5.1329 2.0482 -1.9684 0.68449 0.6736 2.1838 -1.9759 -0.37648 -0.74952 -1.0408 1.8754 -3.3819 2.7537 -0.32457 3.4341 -3.1846 -1.2128 0.85679 -1.2493 2.8416 2.9945 1.0305 -0.95355 3.0042 2.2191 -0.93858 -3.7788 -2.5396 1.3176 -0.56258 4.0338 -1.9449 -0.96056 -4.441 1.1206 0.97087 0.7313 2.1678 2.159 -1.8177 4.3416 -6.3268 -0.38093 2.204 0.084603 4.036 -0.64684 -1.6953 -1.7512 2.5227 -1.689 -3.6499 3.7789 -4.2162 -1.9546 -3.646 3.9399 0.85272 -3.007 2.2887 
paint 1.7716 -1.2661 -0.44318 2.7807 4.9528 1.786 0.63605 0.96839 -0.62844 -1.9544 -0.75938 -2.3478 -2.1933 0.7123 -0.17651 -2.7134 -2.3921 -0.79327 -1.0098 0.25115 0.14569 3.5199 0.16874 1.3557 0.18526 0.22139 -1.1475 0.94638 2.4008 -1.95 -2.2836 2.8461 1.877 -0.30461 0.45123 -1.8064 3.9418 0.63863 -1.3896 0.46452 -0.27598 -0.48474 3.6528 1.8978 0.32892 3.7431 -1.2934 0.23619 2.0459 0.88526 0.21536 -2.5753 1.3773 -3.9295 0.98485 -0.21482 -1.5588 -0.99472 3.6754 -0.4621 -1.4655 -1.0873 -6.8258 0.40588 0.37236 2.5304 -5.6038 -2.5048 0.1292 1.934 1.7968 -4.0622 -3.9215 -1.7067 -1.1754 0.71837 0.019913 0.93006 0.038184 2.6758 -1.2666 0.37742 0.03329 2.2299 -0.30369 2.7157 -2.2681 -3.4149 1.6685 -0.37595 -4.6077 -1.1274 1.2627 -1.071 -0.98285 -1.0185 2.3288 -2.1061 -2.8725 3.2856 
apple -1.1893 4.0344 0.4782 2.4462 2.4818 -0.49731 -5.3592 0.00091476 0.73827 1.6885 0.7986 -2.3558 -2.337 0.2483 -1.0441 -1.6008 -2.8765 -1.2263 0.65293 -2.8027 1.1861 3.2895 -0.90811 2.8137 -0.6757 1.5107 -2.3031 -1.9092 1.5009 -0.45565 2.2052 2.1607 -2.3219 1.9114 -2.3537 2.4221 -1.8341 1.6077 1.2014 0.24091 0.2154 -0.43047 1.7351 -0.51229 0.02819 0.91808 0.45809 3.1004 -1.252 2.9911 2.1037 -0.035583 1.3057 -2.6314 1.0046 1.6719 -1.5428 -2.0811 2.6568 -0.78496 0.39579 -5.8825 0.20462 -1.9563 0.26685 -0.76017 -2.7181 -0.73497 0.18753 0.11104 2.4935 -5.7167 0.45095 -2.8305 -1.5188 1.2779 6.2588 -1.8617 -0.47982 -0.071279 0.65487 -0.60256 -1.8742 1.1653 -2.255 0.41353 -2.0889 0.056854 -0.92414 1.9616 -1.8728 0.83698 -0.51531 2.4503 0.71476 0.54826 3.0247 3.9766 -2.0251 -0.17444 
smoke 2.0085 0.39892 0.67279 1.6962 2.522 -1.7625 -1.7213 -3.5252 -1.1684 -0.39934 -1.1765 -0.74975 -1.3931 0.53097 0.39294 2.6419 2.0703 -1.9504 4.7867 -0.12404 3.1097 -0.19384 -0.4857 -0.49161 0.23016 0.86042 -1.8553 0.10851 0.8441 -1.472 0.76973 1.8724 -1.1121 -2.6223 -2.2508 0.88482 -1.6854 3.3857 -1.1802 1.241 -0.14816 2.6987 1.4368 -3.9254 2.4031 2.6366 1.3928 -1.4815 0.22484 -0.43801 -1.2658 -0.84916 -0.61393 -3.0166 -0.20326 -0.65528 -2.3917 -0.87716 2.0604 -0.60912 0.80829 -0.56103 -3.371 1.5993 2.98 0.0072776 -1.5384 0.80401 -1.3319 0.48517 0.863 -0.46966 -3.4452 -1.9675 -0.76156 0.42965 0.77424 4.3433 1.9972 -1.3017 3.5976 -2.2438 0.18699 -0.58842 1.5272 6.2177 -2.9741 1.8875 -1.0276 -0.70624 -0.95534 -1.8883 3.4161 -0.16555 0.23716 -1.4424 1.7347 -1.0989 0.28507 4.3587 
coffee -0.27162 1.87 2.4611 0.96808 2.5979 -2.0424 -3.0422 -0.67521 1.2283 1.0065 -0.54387 -2.6456 -0.75374 -0.42087 0.75606 0.5987 2.5171 1.1985 3.0472 -2.5407 2.1195 3.1414 0.22079 -0.99232 0.32986 0.62919 0.24737 -3.1631 1.4761 -1.1901 -0.68867 0.93389 -0.17221 -4.2089 -1.387 0.58433 -1.7996 3.5172 1.3862 0.58456 0.46633 -3.3951 1.7081 -2.2668 0.043297 2.1293 -0.24052 -0.17731 -0.54128 0.96325 0.82801 -0.76303 3.3715 -3.7194 1.851 1.8323 -2.4524 -0.76544 2.3387 -0.46259 1.1054 -2.5985 -3.9527 0.4843 2.3262 -1.3101 -2.6032 1.2321 1.669 -0.14541 2.4111 -1.7149 -2.0103 0.33467 0.55387 1.7664 2.8749 0.06049 -0.62564 -1.8969 2.399 -1.4962 -1.5171 -0.92375 1.8701 0.34006 0.18321 -0.74659 -1.5512 0.57843 -1.0569 -0.47126 0.39752 -2.3965 -0.051365 -0.7494 1.2459 -1.0618 -0.60207 1.3698 
egg -3.785 -4.4019 0.22353 4.6404 4.4325 -2.5235 -2.6176 3.0071 1.8069 0.51026 3.2515 -0.44435 -3.208 -4.569 7.1919 0.31732 -6.1916 -1.0146 -1.2984 -2.1332 6.7502 -4.8928 -1.2147 6.3364 -3.0026 2.0946 -4.2164 -3.9403 3.585 -0.81407 -4.3295 2.8741 -4.5178 0.28539 -0.13707 5.1857 -2.9331 -2.4419 -1.0428 -2.7708 -0.81005 -1.0737 -0.77869 -2.4244 -1.2833 -2.125 -1.7343 2.9656 -2.8499 2.9706 -0.038092 -1.4712 -1.815 -3.705 1.3445 6.9281 0.35347 4.6339 2.0245 -2.2083 -0.26596 0.49245 -2.2491 3.3781 1.0156 -1.8809 -5.8605 1.02 2.3405 -2.6107 5.3638 -5.0786 3.3038 -4.8334 4.6637 2.7804 6.4834 0.28706 -0.78914 1.3913 4.1758 -5.9048 -0.37111 2.9085 0.0021336 -3.5291 3.6814 1.4373 -1.8913 3.6627 3.0729 -0.085959 4.1152 -10.305 -8.753 -2.14 8.9929 2.0661 -0.03804 5.9328 
honey 0.52373 0.63468 0.33382 2.142 3.5654 0.64903 -0.87762 0.57925 1.2628 0.98927 -1.3997 -2.7439 -0.78316 0.89265 0.10453 -0.20268 0.40908 -0.66998 2.1493 -1.0243 -0.087398 0.7469 0.64154 -1.7715 -0.70164 0.74831 -2.5345 -1.2492 0.52367 1.0445 -1.0604 -0.66409 -0.74791 -2.0725 -1.4808 1.6588 -1.9701 -0.25882 0.71279 -0.73181 0.25066 -1.8169 -0.70756 -2.2165 0.60525 0.47216 -0.22723 0.49495 0.65332 2.5395 -1.2946 -1.0527 0.80079 -2.1827 0.07143 0.25647 -0.024722 -1.3862 0.49369 0.82361 -0.97797 -1.2389 -2.081 -1.3696 1.7197 0.32003 -1.7315 -1.9994 0.73432 -0.54673 3.2493 0.70329 -0.75816 -0.43711 2.6034 0.62158 2.9661 -0.16686 -0.51018 -1.821 2.4619 -1.4787 -0.047045 0.010247 1.2593 -2.6945 -1.8125 -0.43447 -0.8424 1.7423 -0.11278 1.2231 2.7191 -1.1159 0.17808 -0.41595 2.3983 0.28761 0.59274 0.59117 
wine 1.2272 3.2994 6.9683 0.61155 3.6792 -1.7349 -4.5775 -0.95368 1.604 0.22717 -1.0247 -2.4641 -2.6749 -4.6303 -2.2789 -0.81535 2.4999 -0.57348 1.9538 -4.2331 1.4425 4.9326 1.8357 1.8193 -1.1163 3.8298 -0.11796 -2.6799 -1.1879 1.9631 -2.6022 4.6979 -2.3214 -3.0794 0.42635 -1.0704 -1.3946 7.5012 2.6825 -0.10094 -2.5481 -1.1357 0.6558 -0.88888 2.7145 4.3966 -0.70462 0.44414 -2.1879 0.93484 3.2017 -2.7664 3.1506 -4.041 1.6032 0.90768 -0.90155 -1.3953 2.7031 -0.92021 0.17023 -3.574 -6.9996 0.80208 0.89755 -1.6376 -3.6831 -4.3483 2.7821 -1.5703 3.4389 -2.6841 -1.3504 2.8991 0.5279 2.8581 2.1002 1.359 1.3248 -2.7839 3.7251 -1.3137 -1.7141 1.0062 -0.36369 -0.59045 1.8124 -1.7192 -3.1104 2.3296 -1.7184 -2.1232 2.3798 -0.61538 2.8653 -1.1073 -1.4037 -3.8728 -1.4163 3.1625 
rose 1.151 1.637 0.60427 2.4945 4.9214 -0.1572 0.8475 0.53637 1.9323 -0.38154 -2.1318 0.022538 -0.66932 -1.1711 -1.1141 -2.2594 0.52913 -3.5026 -0.74756 -0.99333 -0.82563 -1.2732 2.4077 0.84654 1.1294 3.1404 -0.33816 -0.748 1.3125 2.3167 -0.7731 1.4257 -0.81344 -2.2792 -3.3393 -0.87443 -1.1343 0.91076 1.3826 -0.1854 2.8142 0.29908 0.97699 0.6927 0.68405 2.7365 0.045896 0.88807 0.27712 2.34 -0.76123 -1.8998 0.049771 -2.143 -1.8528 -0.071462 -1.5672 1.4464 1.8831 -1.1659 -2.2055 -2.1035 -2.1779 -0.29016 0.2392 -1.5592 -3.4135 -2.3801 -0.7839 -1.0347 2.2676 1.5569 -0.040512 -0.077819 1.9652 -0.46284 1.8599 1.6943 0.5426 -0.31322 -0.22364 -0.97413 -0.61909 0.19497 -0.49034 0.57678 -3.831 -1.2834 0.072146 -1.0835 0.79054 -1.1458 3.2892 -2.0842 -0.7882 1.8716 1.172 -2.6922 1.5942 0.91768 
beer 0.08623 1.7294 4.0007 -0.032972 2.9311 -1.828 -4.0035 0.18196 1.5337 0.77584 1.0533 -4.5625 -2.0756 -1.704 -1.4098 0.21665 1.0117 0.15147 2.0284 -2.5315 2.8575 2.8651 -1.2403 0.61876 -2.2689 3.352 -0.041401 -4.0655 -1.0104 -0.27981 -2.6608 2.4016 -0.50092 -3.211 -2.6532 1.5574 -1.1589 4.9248 2.4972 0.66778 -1.3404 -1.5685 0.55288 -3.9059 1.0818 4.5287 1.6072 -0.89656 -1.7894 -0.031136 0.77353 -1.1674 2.067 -2.9935 1.7482 2.3016 -2.8885 -0.38994 2.8779 1.0062 1.5481 -2.1904 -6.3297 1.1056 4.3122 -0.068323 -2.7927 0.31583 3.4926 -0.77322 2.6171 -2.1823 -3.2841 0.40013 1.36 -0.58556 2.746 1.6864 -1.4492 -2.7971 4.2947 -2.9853 -2.0691 -0.925 4.1405 2.1208 -0.066895 -0.043753 -1.7152 1.0757 -1.4647 -1.0826 1.6247 0.019965 2.4965 -2.4345 -0.23725 -4.5461 -0.49818 1.0483 
tea -0.17518 2.9452 4.2153 2.3281 3.1834 2.3928 -2.8095 -1.2622 2.9967 1.5431 -3.4259 -7.0735 -2.2986 -2.7247 1.2228 -1.5901 3.3245 2.7129 3.4946 -0.043665 -2.4759 2.4394 4.1025 -1.9279 -0.051655 1.5907 0.22085 -2.784 1.2552 -0.17722 -3.661 -3.4068 -1.0127 -4.3254 -2.9328 1.2373 -5.939 6.0833 4.6714 1.9576 4.0123 -2.7562 1.1766 -4.1143 -0.30261 5.0192 0.63798 -3.7414 -3.7278 1.3526 3.8755 -4.7093 5.7103 -6.9536 0.14132 6.3522 -7.2575 4.26 2.1886 -0.12465 -1.5784 -1.5701 -7.321 0.44358 1.5325 -2.8314 -3.4761 -1.7889 3.8637 -3.9066 2.2435 0.061138 -1.9114 -2.0899 -1.3643 1.195 4.4178 1.5808 -0.82191 -3.2146 3.6683 -0.0036043 -1.3541 -0.21711 -0.53517 -1.5088 2.5564 -2.2588 -2.5223 1.8166 -0.96745 -1.5038 1.8358 -3.4734 1.6876 -5.8438 1.9961 0.73341 -1.1491 2.4973 
orange 1.437 2.4761 0.28438 2.4444 3.6115 0.58187 -0.29877 0.85856 -0.26708 0.65805 2.3519 -2.5607 -0.53379 -1.4049 -0.48862 -0.77821 -1.9799 0.080363 0.26634 -0.47783 1.4895 2.2514 -0.8481 2.6937 -0.80158 2.1942 -1.0447 -0.77441 0.82084 0.30304 0.33662 -0.0070561 -0.34104 -0.66994 -1.9456 -0.073548 0.14841 3.2716 -1.2298 1.4141 0.54315 3.0067 1.6505 -1.8369 0.62161 1.4132 -0.40566 1.2314 -0.41114 1.4929 -0.61918 -1.4286 3.3229 -3.4518 -0.23275 -1.5617 -3.0304 -0.45975 0.9436 -1.0639 -0.1274 -2.6613 -0.29786 0.10626 -0.71532 -0.90154 -4.139 0.43035 -1.3504 -1.1952 2.2132 -0.32051 -1.7492 -1.1729 -0.71361 0.6319 1.5669 -0.10121 -0.82472 -0.66979 -1.4151 -1.3626 1.0273 1.2794 -3.2925 2.7113 0.55325 0.81674 -0.26122 0.3975 -0.82479 -2.5397 2.0845 -1.9008 -1.0286 0.65725 3.192 0.11102 0.31211 2.9942 
bread 0.39146 1.2636 2.2176 1.6152 1.9874 -3.8291 -3.1373 -1.7755 2.8328 -1.5448 0.87696 -2.1074 -1.8687 -0.16801 0.41762 1.9419 -1.1282 -0.48542 0.71306 -3.8194 4.4356 1.6183 0.41237 0.10709 -1.0513 1.4846 -1.2407 -1.0155 1.2708 0.5742 -0.055196 2.4867 0.13869 -2.712 1.0973 3.3361 -2.682 1.5241 2.0492 -0.55807 -1.6576 -0.59824 0.0047999 -2.3683 -0.14114 1.0605 -1.4646 0.68466 1.729 3.124 -1.2333 -0.29611 1.652 -3.4306 0.47566 4.163 -0.88869 -1.8493 3.6469 1.6566 -0.44965 -4.0611 -6.5482 2.0476 -0.22129 0.35601 -3.7359 -0.30509 1.9582 2.0446 3.8141 -1.5189 -0.45325 1.328 -0.65324 3.4889 4.5903 -0.57006 -1.6626 -0.074169 5.0985 1.272 -0.74797 0.45638 -1.0594 -0.079287 0.3998 -1.9442 -1.3694 1.561 0.7296 -2.216 4.2888 -1.4027 -2.257 -1.9825 2.5408 -0.075887 -1.716 3.0346 
cheese 1.1737 1.8541 2.4456 0.66395 2.9771 -1.958 -3.049 1.4343 2.4223 1.8247 1.6331 -1.5105 -1.606 0.022554 0.51388 1.6631 -1.5139 -1.4112 1.0702 -2.6608 4.5155 2.3494 -0.41301 0.78636 -1.3903 3.1307 -1.6066 0.66106 -0.15791 1.4764 -0.32824 1.5499 -0.028638 -1.2383 -0.48065 1.547 -3.3414 1.6486 -0.12963 -1.2827 -2.3573 -0.82973 0.71154 -2.8324 1.0327 1.2716 -0.33665 0.10994 -0.43751 2.4319 -0.3875 0.36041 2.3479 -3.7179 -0.3248 3.075 1.2801 0.70919 1.8565 1.4155 -1.5298 -2.5517 -1.3776 0.68367 2.1578 0.47707 -4.6368 0.80481 1.1811 0.055526 3.0174 -4.1825 -1.5403 0.88199 -1.0373 1.4987 1.547 -1.777 0.35408 0.34908 4.281 0.30391 -1.7229 1.7093 -1.7686 0.57487 1.2669 -0.076939 -0.16944 2.1228 1.084 -1.9147 2.7455 -0.55251 -1.3166 -0.28936 3.1152 -0.5012 -0.88196 2.2666 
grass -0.41252 3.0725 -0.11821 5.424 1.8591 -2.0387 0.1725 -1.0716 1.2814 -1.9354 -0.37999 -4.2506 -3.4855 -0.96766 -1.2467 -1.9298 -1.6335 -1.4698 -0.3098 -1.6029 -0.5149 3.1683 0.85786 1.8887 -2.4918 3.9677 -0.030062 -1.8428 -0.35837 1.4329 0.81991 0.29369 1.7341 -0.68368 -2.0302 1.3244 1.7251 -0.69052 0.72515 -1.1591 0.078493 1.751 2.9909 -2.8048 -0.80757 1.9279 1.5318 -0.48963 0.62342 1.6698 -2.7956 -3.6436 2.1698 -0.67118 1.5163 0.46031 -4.8869 -0.08648 -1.4373 0.37863 0.068476 -4.0476 -3.9519 3.1611 0.9168 3.1872 -3.8309 -4.4812 -1.5771 1.6922 3.654 -0.90598 -1.4767 -3.4347 -1.4556 1.3252 1.4227 3.9759 2.0907 2.4961 2.8899 -6.4075 0.11991 0.60567 -1.8774 1.8464 -1.9909 -1.2866 -0.13531 0.49073 0.70255 -3.0208 1.4156 -4.9686 -2.8329 -1.1676 5.3647 0.19926 1.0579 1.5926 
vegetable 0.84789 1.1507 1.7333 3.5351 2.3056 -1.2248 -2.9577 0.25232 1.9229 -0.35782 1.5226 -2.1097 -2.2166 -1.9572 -0.28832 -0.37786 -0.78229 0.93263 2.1801 -2.4203 1.7653 2.0914 0.39421 0.70761 -0.21678 1.9356 -1.3011 -0.12818 0.016245 0.95191 0.96063 2.4246 0.40215 -0.10835 0.35046 2.1999 -0.093741 1.8257 -0.53108 -2.018 -0.42636 1.2204 1.0129 -1.0191 1.5082 0.48497 -0.50452 -1.3158 -1.6407 3.645 -0.41722 -0.0026161 3.033 -1.9613 1.9757 1.7414 0.10979 0.1142 1.1906 1.0996 1.073 -4.1909 -1.6529 0.19585 0.53319 0.27464 -3.2529 -1.9258 0.92911 0.038866 2.9673 -3.429 0.36153 -1.5782 -0.503 1.6177 1.452 0.32066 1.2204 0.89648 3.1833 -1.2474 1.1124 1.1784 -2.0391 -0.70975 0.87929 -1.3291 0.056723 1.0851 -0.97619 -0.90576 1.0299 -2.82 -1.93 -2.6728 2.1589 -0.14251 -2.0702 2.9132 
mouse -0.25717 -1.3351 -0.84412 4.5123 3.6247 0.02864 -0.14668 3.8039 1.411 -1.7959 0.67796 -3.2769 -1.5566 2.0456 1.0025 -0.91668 -3.5604 -1.1149 0.87649 -0.44383 3.4391 -1.1901 0.02647 0.31539 -4.5785 3.1805 -1.344 -2.7396 0.65526 -0.36752 -0.26413 3.3753 -0.46257 -1.1387 -4.6074 -0.47465 1.6456 1.6197 0.76895 0.24246 -1.2268 -1.7905 1.9631 -0.8313 0.82589 1.428 -0.90574 -1.7354 -0.54679 3.3768 -0.9123 -3.2595 4.7623 -0.15429 3.1342 0.26743 0.073077 1.1286 -0.91315 -1.1991 2.3458 -0.13113 -0.37356 -0.032988 -1.3453 0.82243 -1.0437 -0.056655 0.79732 -2.9524 2.1216 -4.6456 -0.83938 -5.5919 3.1489 1.0206 1.6692 1.7515 -0.30841 2.8662 2.5272 -1.8952 -0.8044 0.66795 -0.10416 3.6536 -1.2424 1.1558 0.98055 -0.16888 -5.306 -2.0856 -0.51736 0.89858 -1.8972 -1.636 5.5447 4.1361 0.50566 0.50147 
potato 0.022803 0.35011 1.3104 2.4245 3.6854 -1.9285 -2.0451 0.059032 2.705 1.2428 1.3038 -0.86347 -1.9704 0.1456 1.7285 0.92999 -1.682 -1.0285 1.7246 -3.2209 2.1341 2.7447 -0.39291 2.0617 -0.95464 1.7114 -1.714 -0.19374 1.8785 1.6061 0.015026 1.3247 0.61819 -0.52446 -0.20733 0.8186 -3.2788 1.1176 -0.8011 -1.445 -1.0251 0.59281 -0.88575 -1.4945 -0.2002 1.4948 0.17996 -1.5342 -1.5435 2.4475 -0.27193 -0.8372 2.2648 -2.1059 0.6905 1.977 -0.22552 2.6226 0.51088 2.0941 0.26523 -2.0899 -1.4526 -0.47326 1.5505 -0.33564 -4.1602 0.20879 1.7756 2.5392 1.8616 -2.0672 -0.73712 -1.0931 -1.4416 0.6472 2.0149 -0.50337 -0.17257 2.1583 1.9492 -1.1281 -0.8723 0.33208 -3.1933 -0.57369 1.6745 -0.35127 0.47564 1.8967 1.5688 -2.4632 1.1741 -2.3711 -2.2939 -2.6997 2.5944 0.81227 -0.96905 3.1358 
onion 4.4476 1.0045 0.83422 3.2662 3.8972 0.74343 -0.44763 -1.4019 0.78184 -2.0982 1.9218 -1.6154 -2.9879 0.50802 -0.18085 -0.7516 -1.6678 -1.552 0.36157 -1.5128 3.9743 1.7768 -0.52106 2.9976 -2.178 0.96524 -1.3543 -0.7036 2.5061 1.1432 0.45305 0.057268 -2.1365 1.2197 0.11609 3.0542 -2.6047 2.2444 0.2491 -0.62419 1.0169 2.5745 1.3108 -0.19305 1.767 -0.49971 0.66356 0.16364 -2.4299 4.4285 -0.78675 -1.206 4.3032 -6.0162 1.2375 2.1606 -0.12549 1.3102 0.11847 4.101 -0.19337 -3.8298 -1.0856 2.5146 -1.2572 -1.6845 -4.3614 -0.11973 3.207 0.26429 4.0089 -2.1069 -0.29282 -0.12608 -2.374 0.84491 2.143 0.039103 0.092466 0.86479 2.2899 -1.8451 -0.015767 3.3864 -4.9125 0.51402 1.984 -0.23118 0.36073 1.8026 1.3126 -2.2656 2.87 -2.1905 -0.35846 -0.79279 3.296 1.4438 -0.91966 2.9237 
chocolate 0.18551 1.7214 1.3777 1.8895 2.182 0.12926 -1.5679 0.73638 1.4632 0.94832 1.1643 -0.77861 -0.92419 -0.21274 0.84166 0.12779 -0.3185 0.42289 0.65239 -2.1009 2.3871 0.73482 -0.6087 0.070766 0.57424 1.6204 -1.3147 -0.42041 0.78516 0.62816 -0.0054271 1.5641 -0.53366 -1.505 -0.98908 0.99385 -0.90732 2.7301 1.6376 0.097551 -0.13719 -0.40836 2.3962 -1.809 0.7485 1.2907 -1.0816 0.090502 -0.29156 1.8377 0.21625 -1.4936 2.9557 -3.4384 -0.662 1.9527 0.5721 -0.45764 1.985 -1.1196 -1.6687 -1.7305 -1.5106 0.22663 1.1026 -0.33149 -3.2159 -1.25 0.26611 -0.17323 2.1957 -2.1081 -0.99837 -0.12067 -0.39244 1.0238 2.6164 -0.57162 -1.3859 -0.29326 2.9254 0.30838 -1.0538 -0.32358 -0.59097 0.5063 1.0176 0.85575 0.11293 2.4298 -0.30776 -1.7064 2.3997 -0.66483 -1.5109 -0.89581 2.0439 -1.123 -1.0096 1.9469 
rope 0.53423 -0.53288 3.9887 0.81796 -0.070355 -0.20564 2.8997 -2.5659 0.36306 -6.3596 -0.11184 -1.8938 -0.9842 -1.0201 -0.10873 1.8278 -2.1856 0.34832 -0.86908 -0.038115 1.6156 3.5028 -2.2124 -0.36425 -6.2561 3.4797 -3.8547 0.33846 1.1401 -3.4305 2.0481 -0.02161 -1.5567 -0.24163 -2.8284 0.69577 1.1937 -3.2529 -1.8121 -0.14541 -0.47359 0.6788 1.1615 -0.24828 -1.3571 3.0305 1.7464 -0.75446 3.6335 1.4586 -1.4244 -3.9007 -0.70328 1.982 2.314 -0.7539 -4.3577 1.5965 -1.4376 3.469 -1.7221 -3.3359 -2.4587 2.5555 -0.18025 -0.51081 -1.0592 -2.6884 1.0279 0.20407 1.5566 -0.13682 -0.64523 -5.0672 1.4725 0.59968 -1.5128 0.1896 -1.6809 1.95 4.7097 -2.481 -2.6996 -0.84994 0.079338 3.0482 -1.3338 2.5322 -1.5914 1.3328 -1.636 -4.1379 0.075436 -1.2364 -3.6474 0.57216 1.3113 -1.4049 -2.7205 -0.93276 
tobacco 0.45707 1.5865 2.3395 2.1797 2.8844 -1.2593 -2.293 0.23946 -2.8493 1.5699 -0.89719 -0.18706 -1.5599 -1.072 -1.1978 0.40765 2.5272 -0.85977 2.0431 -0.83406 -0.6614 -0.32555 -0.92423 1.9168 -0.48977 2.3106 2.2483 -1.7656 -0.65921 -2.0884 2.9352 1.6613 1.7225 -1.1021 -1.6878 1.1933 -1.875 3.1113 2.1195 -1.8888 1.0092 1.3529 -0.65841 0.88006 1.9252 -0.75015 2.1576 0.048485 0.23068 1.352 2.1428 -0.70032 2.1502 -0.75322 -0.45274 -1.0739 -0.52532 -0.32666 3.6447 -0.72129 0.78334 -2.6748 -0.38949 0.47866 1.6203 -0.12341 0.72448 -0.035682 -0.3466 2.0123 -1.1798 -0.97469 -2.4796 -2.5065 -1.7573 0.89262 3.5169 1.5347 -0.48967 -2.0998 2.3348 -0.82073 -1.206 1.5962 1.7265 1.2969 -0.78241 -1.1751 -0.52274 -0.54516 -1.4648 -0.86043 1.5446 -0.99816 -0.91282 -1.0922 2.6702 -1.0554 1.1234 2.0383 
leather 1.8353 3.3047 1.235 2.6311 2.1418 0.84154 0.41188 -0.2219 -0.71312 -3.7769 -0.66776 -2.6481 -1.0133 0.81343 0.34781 -0.15983 0.023354 1.4184 -1.7112 -0.89465 1.624 3.9755 -1.7252 1.8006 -2.26 2.3955 -2.1422 -0.16722 0.53874 -2.1412 -1.0338 1.3797 1.4548 -3.0844 -2.8595 -0.68475 -0.025811 0.30146 -1.0861 1.3914 -0.9808 -0.054108 1.7765 -1.966 0.49027 3.4953 0.057385 -0.23691 3.7626 4.1317 0.47038 -3.2682 -0.37792 -1.4511 -0.10941 -1.2893 -1.3521 -0.71892 0.13864 2.0594 0.314 -2.5005 -4.1877 -1.009 0.83332 -0.31876 -2.7561 -1.174 1.7233 1.3107 0.4449 -3.3268 -1.4643 -2.0945 0.76379 3.9521 0.72059 2.3221 -1.0434 2.589 -0.13108 0.54827 0.15398 0.58172 -1.2432 2.8445 -1.3111 -0.099137 -1.6947 0.97411 -2.9516 -3.8119 -0.41675 -0.86408 -2.356 -0.70381 2.5036 -1.7399 -0.65473 0.17439 
oak 0.075467 8.18 1.4418 -1.4543 3.5431 -4.2472 1.7153 -0.55197 -1.0357 -0.69202 -3.0694 0.62198 0.49316 -2.2165 -1.0359 -3.0004 0.55552 -1.0119 -5.3142 -0.67647 -0.98182 6.449 1.8584 1.9388 0.57826 6.8381 1.9354 2.3035 2.7033 -1.3407 -1.1246 3.6028 1.8144 1.2005 -1.9977 -1.6971 0.63704 0.3919 -0.20374 2.919 -2.0116 2.8447 7.5447 -0.32206 -2.1586 4.4662 6.6123 0.050712 -0.60778 -1.4316 -2.7912 -4.7846 -2.1257 -1.0165 -2.7608 1.0673 -5.1891 5.5294 0.72737 -6.8002 -1.9605 -1.4376 -0.86764 4.2098 1.9971 4.0126 -4.6659 -3.526 -5.6286 -3.5854 4.3214 1.0008 1.7309 -3.8265 -2.595 4.695 -0.18435 1.8907 6.2365 -0.34715 1.1413 -6.6293 1.0152 1.2924 -0.71613 2.0847 0.11404 -1.7211 -2.9994 -5.3432 7.383 -5.2993 0.82144 -4.1874 -1.2441 1.5106 4.9115 2.7827 4.227 7.6817 
weed 0.17448 1.6295 1.0799 6.646 4.7263 -2.5818 -2.242 -1.5462 0.33231 -1.1582 -0.23527 -2.6233 -4.848 -0.42631 -0.92739 -0.56961 -0.15674 1.0436 3.9192 -1.2296 -1.1022 2.3033 0.1795 1.0528 -2.4734 2.9749 -3.348 -1.116 -1.0849 -0.86161 1.9936 1.578 1.3963 -1.6355 -2.8835 2.7813 0.29076 1.3239 1.658 -2.1704 1.0136 4.2189 1.8411 -3.141 0.27137 1.885 1.492 -0.9392 -1.7337 2.112 -0.92445 -1.3102 -0.28789 -0.43847 2.3754 1.3052 -3.4495 -1.6687 0.37212 0.95487 0.44526 -4.2497 -1.596 -0.53724 0.52517 3.2974 -0.89997 -3.195 0.15647 2.0716 3.502 -1.1858 -1.3869 -4.471 -0.59499 -1.0986 1.6818 2.2387 4.1822 1.7595 5.6001 -5.5698 -0.96616 0.92731 1.8124 -0.93108 -3.678 0.1286 0.39998 -0.72206 -1.2034 -2.3587 2.8068 -3.8911 -0.29143 -0.88759 4.2981 1.3359 0.31176 2.8296 
bark -0.63389 3.5774 -1.5371 1.2123 1.2213 -2.6112 0.10316 -0.049291 1.8491 -2.6973 -2.581 -3.8146 -2.0703 3.2381 -1.272 -0.66908 -1.3155 -1.8699 -0.45471 0.42339 1.4801 2.9227 0.89298 2.8525 -2.2671 1.7516 0.19893 -0.67389 -0.76098 0.73045 -1.0121 -2.0403 -1.5005 -0.86691 -3.8834 0.73322 1.5175 1.5287 -1.1336 -1.5874 -1.4243 0.2246 2.9756 -1.104 0.55877 1.5052 2.6324 -1.0373 2.2423 1.9522 -1.0666 -2.7008 -1.3277 -2.8599 0.028745 0.0022811 -0.96987 1.1844 1.1157 0.37976 0.80886 -0.7167 -3.8044 3.3794 1.1905 4.1701 -1.9523 -1.3386 0.071691 -0.3006 1.3203 1.0737 -0.82627 -2.1808 2.6324 1.7633 1.7702 1.4281 1.3431 0.51378 3.4519 -5.5664 -1.4521 -0.91157 0.058842 3.5065 -2.2402 0.13773 0.011199 -1.079 0.22389 -1.7483 1.6644 -3.2603 -0.98505 1.226 2.5234 1.6896 -0.23499 0.83818 
garlic 4.8588 1.7696 0.81124 2.6755 3.2258 -0.1072 -0.66288 -1.5263 0.74859 -1.3262 -0.41715 -3.0284 -1.9668 0.21285 -0.49271 -0.65762 -1.0493 -2.459 1.2879 -0.41755 2.488 2.3036 -1.1136 3.0692 -0.5515 0.78905 -1.1453 0.44483 0.6913 0.87938 -0.17859 0.43101 -1.094 1.3291 -0.58407 1.973 -1.5668 1.5485 -0.74172 -1.9822 -0.25884 1.7752 -0.34876 -0.062327 2.8743 1.0183 0.88109 -0.87622 -3.1577 3.6672 0.063339 -0.92589 4.2539 -2.7017 0.78954 1.0738 -0.066845 2.1315 0.51732 3.209 -0.9635 -1.5657 -0.79716 0.46542 -0.19234 -1.6509 -3.5158 -1.4303 1.8048 0.25036 1.8085 -2.8924 -1.3612 0.20041 -1.0258 0.41377 1.3007 1.2501 0.088537 0.23983 3.3387 0.65308 -0.18424 0.42908 -3.2247 -0.4766 3.6762 -0.64195 1.1239 0.4884 1.3782 -1.5941 4.121 -1.5828 -1.0494 -2.3195 1.6611 -1.3861 -0.22415 3.1638 
lemon 0.57326 2.4395 1.6279 2.0617 3.4559 -1.0464 -0.38041 0.41678 -0.42824 -0.44414 0.095974 -1.4306 -1.4273 -0.02068 -2.2195 0.48219 0.43577 -0.61717 0.9544 -2.4855 0.50455 0.68116 0.38322 1.8732 0.33848 2.6175 -3.3446 -0.77503 1.4591 1.3386 1.1678 -0.34381 -2.589 -0.60321 -1.9327 3.0683 -0.99345 1.5488 0.2486 -0.47875 0.65364 -0.047537 0.95596 0.26251 0.97573 1.9164 0.89085 -0.37841 -2.2753 2.0864 0.10762 -1.4438 2.4143 -3.3508 -0.46739 0.21208 -1.0134 1.2219 0.51904 1.2413 -2.3452 -0.57562 -2.3496 -1.1503 0.97766 -2.4766 -3.7258 -2.6599 -0.010852 -0.23955 0.71898 -1.2762 -0.2742 0.33779 -0.70578 -0.95742 2.8862 0.005522 -1.5989 -0.51546 1.5683 -1.4565 -0.43884 1.0536 -2.4608 0.18402 1.9473 -0.73565 1.6622 0.1268 0.81699 -0.6905 5.8157 -1.584 0.82376 0.36239 1.4844 -2.5051 0.81915 2.5847 
pine 0.51717 6.8769 0.83339 3.0859 2.1914 -2.8012 -0.82344 -0.90132 1.747 -2.9122 0.77933 -1.0324 -1.2648 0.11039 -0.65587 -2.3779 0.76863 -0.46582 0.13713 -1.5332 1.701 5.3936 1.389 1.4165 -1.9458 4.4621 -0.12645 0.83789 0.62507 -2.0725 -0.74329 3.3005 -0.22834 -0.18018 -3.2626 -0.038844 1.6521 1.28 -0.7862 1.0273 -0.80795 1.5723 4.4094 -1.3998 -0.60269 4.0837 3.643 -1.5941 1.1338 1.3131 0.54096 -5.2821 2.3938 -1.8251 -1.6607 -0.24015 -3.2908 3.4635 -0.3952 -4.0303 -1.9617 -2.7278 -3.265 1.5817 0.63119 3.6267 -5.1064 -6.2742 -2.8577 -1.2691 1.8293 -0.048748 0.19738 -2.0007 -1.6787 4.0935 1.717 2.3421 1.9827 1.5521 2.9511 -4.9106 0.79216 1.2573 -0.78123 3.2372 -0.58004 -1.9215 -1.748 -1.1142 1.9698 -4.5101 1.9268 -4.4171 -1.3581 1.4856 5.442 0.84986 0.99754 4.3967 
berry -0.4703 3.2706 -0.35535 3.8141 5.302 -4.1353 -0.69245 1.024 3.0728 0.6114 0.178 -1.3289 0.31297 0.11679 0.82089 -2.1188 0.47512 -0.77058 0.34099 -3.1362 -1.4932 -1.0536 -0.15602 2.6043 1.2835 2.8418 -2.1373 -1.4874 -0.097756 2.873 -0.35189 0.46733 -2.6665 -1.7878 -1.9491 1.8359 -0.43693 0.20789 1.7164 -1.6384 0.55585 1.7072 0.17183 -0.73032 1.3939 1.216 1.3613 0.093023 0.70522 3.5837 0.38367 -0.14384 1.0836 -0.59803 -1.9973 1.4176 -2.5966 1.806 1.4974 -1.3442 -0.61064 -3.1618 -0.90456 -0.63494 2.9367 -0.20928 -3.7299 -2.9979 -0.78308 -0.082935 2.9092 -0.15195 -0.17403 0.094859 -1.1785 -1.1956 3.2101 -1.0997 0.73071 -0.50751 1.1241 -1.8715 -1.7609 0.63972 0.067168 -0.49565 0.34815 -3.1305 -0.92236 0.22036 2.2053 -0.97151 2.4174 -2.3438 -2.1784 2.2619 0.087809 -0.34054 1.4026 0.71396 
cherry -1.2902 3.2503 1.0038 2.0721 3.1199 -2.1186 -0.24894 1.0243 1.5655 1.2654 -0.4085 -1.5503 0.66631 -0.87836 -0.015124 -1.0304 0.2057 -1.2331 0.6179 -2.0102 0.17294 2.4656 0.94297 1.8573 0.59773 2.4557 -1.3183 -0.32092 0.18873 0.25548 -1.0637 0.96056 -1.3219 -0.49696 -1.9298 1.6518 -0.019603 1.3801 1.5664 -0.66469 1.2856 1.1906 1.2444 -0.87789 0.3787 0.8371 2.1373 0.046743 0.35779 1.1736 0.23778 -2.0611 1.5119 -2.4896 -2.0869 1.7394 -2.3565 1.0183 2.3371 -1.4245 -1.2978 -2.3286 -1.6042 0.1123 2.4087 -0.054409 -2.1107 -2.3124 -0.45552 -0.77402 1.3258 -1.2916 -0.27871 0.40228 0.057485 -0.27444 2.3373 -1.3818 -0.0066809 -1.3763 1.1743 -1.6835 -0.82137 1.1228 0.034548 0.048223 -1.1236 -2.1642 -0.81978 0.21506 0.90035 -0.48856 1.8257 -1.8943 -1.2134 1.0933 1.6925 -0.1394 1.0066 2.0824 
rubber 0.90984 0.82036 2.5986 2.4342 2.0898 0.038393 0.56423 -0.24229 -1.6934 -0.60915 -1.3882 -3.0556 -0.27658 1.7722 0.2062 1.119 -3.021 0.63125 -1.0366 -0.64968 1.1378 1.5806 -2.1253 1.8754 -2.7827 2.2609 -3.5618 0.59556 1.6745 -2.4443 -1.4834 1.8667 -0.25299 -2.6562 -2.0847 -0.023322 1.379 0.98751 0.5613 -1.6515 -1.3077 0.75153 1.962 -1.0352 -0.91825 1.0093 0.26847 2.0854 2.8569 1.3982 1.0838 -0.31554 0.42057 0.7461 -0.70485 -0.38259 -2.4501 0.59034 -1.3739 -0.87206 1.1728 -2.5332 -4.0451 1.8729 3.3859 1.7927 -2.5089 1.0311 -1.3825 2.7598 0.92198 -0.88321 -1.8632 -3.1753 1.3857 3.0089 0.51953 0.80864 -1.0663 1.0435 1.7568 -1.3675 -2.4096 -1.0747 -1.8583 2.4831 -1.5656 1.526 -0.75462 -0.011784 -2.0102 -2.9958 1.2543 -1.6858 -3.164 -1.2513 1.2022 -1.8928 -1.273 0.87957 
gasoline 3.3816 -1.579 2.4475 1.1254 1.8654 0.91998 -4.0031 -3.5327 -2.4898 -1.1887 1.2233 -3.3304 -3.5072 -0.17329 -1.6587 -0.604 0.54032 0.83578 1.1788 -1.9315 1.4735 1.4155 0.36044 -0.518 -1.637 0.014162 -0.24256 -0.70236 -1.3052 -1.6423 2.0681 2.5588 0.37978 -0.8123 0.39755 0.59597 0.39615 4.0666 1.349 -0.94206 -0.097227 0.48486 -1.4596 -0.099289 0.71573 0.11714 2.513 1.01 -1.1462 -1.132 -0.48051 1.3514 4.4436 -1.0959 1.5323 -2.3255 -1.346 -0.8022 0.98143 0.18415 -0.59719 -3.5681 -0.82084 0.31065 2.8215 0.59334 -2.1282 0.10404 0.87091 1.6366 -0.12958 -2.7906 -0.46828 -0.74876 -0.042037 1.009 -1.6668 1.3177 0.18535 -0.55875 -0.28097 -1.8151 -2.9577 0.15266 -1.1462 0.36889 -2.2657 0.48754 -1.4663 -0.48649 -3.1836 0.39696 1.1006 -1.5249 -1.739 -0.7448 0.71882 -2.6059 -1.0038 1.6033 
soap 3.3788 -1.0996 0.40513 3.2656 2.2897 1.7065 -3.3939 -1.1552 -1.3573 0.12313 -1.1614 -0.63735 2.0799 0.18173 2.0992 1.1425 -0.65985 -0.78101 5.3633 1.3037 4.1654 2.5178 1.9606 -1.3432 2.0418 2.0834 -1.9116 2.2454 3.3975 -0.027912 -0.72521 3.6315 0.01386 -2.5306 -0.66786 -2.0283 0.70067 2.632 1.8339 -1.7001 -3.1345 -0.72311 1.926 -1.4672 -0.24123 1.759 -0.74826 3.6535 0.4462 2.1351 2.2975 -3.4529 1.99 -2.2343 2.8516 0.54393 -0.45244 -0.99126 0.71327 -0.24808 -3.1521 -1.9507 -5.9265 -1.0561 4.4423 -2.5865 -3.4597 1.9024 -0.36278 1.7547 2.3561 -2.004 -3.2424 -1.5224 3.8072 2.0993 2.3662 6.8485 -2.9699 -0.76238 1.944 -1.5041 -0.20695 0.6623 0.67567 -2.4793 1.1876 -1.6285 1.7754 1.9505 -0.16096 -3.1457 5.5133 0.19112 0.83129 -2.1287 3.1667 -2.509 -1.1705 -1.642 
mushroom 1.148 1.4486 -0.20724 3.4492 3.1166 -1.2727 -1.6281 -1.0718 1.3632 -0.69712 0.3608 -1.0151 -1.3514 -1.3037 1.4795 -0.80729 -0.92862 -1.6051 1.8303 -0.62178 1.8127 1.2041 -0.65939 2.4824 -1.4975 1.1814 -1.4904 -0.88732 0.26219 0.72578 -0.77767 0.88204 -2.0364 0.074883 -1.4923 0.58391 -1.1076 2.2438 -0.50687 -0.77596 -0.78052 2.5653 1.7938 -1.0348 0.64591 0.8551 -1.0848 -1.3361 -1.0285 2.3346 -0.68474 -2.0192 1.5258 -2.0291 0.82666 0.1596 -0.92938 0.19782 0.040786 1.7145 0.26609 -3.0048 -2.4262 -0.48671 1.1223 -0.18254 -3.8822 -0.16471 0.58621 -1.2491 2.7614 -2.4552 0.43354 -0.61057 0.45432 0.95823 1.4657 0.47509 0.5194 0.77721 2.4881 -1.33 -0.194 0.74898 -1.0802 1.7443 0.23529 -0.91229 -0.092955 1.1338 0.052562 -1.993 2.345 -1.2872 -0.94039 -2.0323 2.0005 0.54965 -0.92433 2.9656 
carrot 0.35436 1.4722 1.0701 2.7241 3.0074 -1.535 -0.18789 -0.57894 1.2402 0.026373 -0.73806 -1.6667 -1.1176 -0.22147 0.22276 -0.55928 -2.3141 -1.5912 0.87995 -1.3939 1.3911 1.6788 -1.1332 2.3508 -1.0328 2.5611 -3.3826 0.55898 0.29871 1.1679 0.33703 0.38051 -1.0922 -0.77535 -1.6584 2.0622 -0.50279 0.39382 -0.6994 -0.92242 0.24903 -0.058981 0.57251 -1.5339 0.6588 0.17756 -0.33725 -0.96207 -0.86337 2.7044 -0.60751 -0.7366 2.4209 -1.3358 -0.28748 2.0894 -1.1025 1.3094 0.16817 3.078 0.66772 -3.0199 -1.6578 0.72343 1.2561 -0.3315 -2.0641 -0.46682 -0.18587 0.76895 2.9463 -2.1874 -0.87976 -1.6539 1.3084 -0.65819 1.5026 -1.4366 0.13519 0.34386 2.3499 -0.88217 -1.5862 1.1526 -2.2562 0.75686 -0.56742 -0.59069 -0.6791 1.0795 0.30819 -0.85901 2.5021 -1.8196 -2.1223 -0.36887 2.491 -0.65572 -0.47966 2.2328 
glue 0.40632 -0.93731 2.2981 1.1489 1.9441 0.74229 1.7863 2.1754 -0.11255 0.91371 -0.44033 -2.0265 -0.25494 1.2127 -0.43103 1.5008 -3.2489 -0.86817 0.28551 1.438 2.3015 1.5569 -0.74424 -0.48741 -2.9263 0.7027 -2.7281 2.5588 5.0058 -3.0596 0.10284 3.0531 3.1208 -0.63842 -0.37793 0.20778 1.0851 1.736 -4.0492 -0.25672 -2.1068 0.258 3.869 -1.808 -1.2361 0.86925 0.074571 0.44048 1.9074 3.1913 1.1475 -1.1446 1.1465 -1.5656 3.3759 0.77175 -3.3281 0.4505 0.9655 -0.68902 -1.7147 -2.0208 -4.0829 1.7944 1.4202 -1.2944 -4.312 -1.1834 -0.85508 2.1243 2.0244 -4.1611 -3.8848 -4.6643 0.31405 3.1267 -0.25232 0.58479 -2.0078 0.35172 4.2096 1.6712 -1.2113 2.484 -2.0776 1.0789 -0.8267 2.8552 2.0965 1.0683 -2.1021 -2.0641 1.8996 -1.8118 -3.1384 1.1698 0.14366 -2.0872 -1.2079 0.17751 
banana -0.69717 1.9983 2.3145 1.2261 2.1085 -2.5441 -0.684 0.38629 1.3151 0.98904 1.1531 -2.6044 -0.0086345 -0.62686 1.2902 -0.29005 -0.17909 -0.20362 1.5585 -2.885 -1.2601 2.4006 -1.3277 1.503 0.070068 2.3793 -1.6849 -0.89074 0.3736 0.7321 0.17083 0.56652 -1.6087 -0.70051 -1.8553 1.1833 -1.4813 1.7971 0.34748 -1.4672 0.42599 -0.088947 0.34003 -0.92843 0.13013 1.5378 -0.17985 0.88671 -0.81961 1.9123 0.20898 -0.82307 3.3826 -1.9582 -0.74308 1.7705 -1.616 0.89148 1.3166 1.5386 0.18869 -1.4753 -0.6138 -0.18937 2.191 1.5225 -3.5085 0.0047145 0.16905 -0.00092828 1.982 0.074095 -0.74497 -1.93 0.80728 0.40269 2.4184 -0.71451 -1.5111 -0.15901 1.6993 -1.391 0.18836 0.13325 -0.39567 0.039298 0.65377 0.60358 -0.77484 1.3863 -0.3344 -1.8835 1.6321 -1.578 -0.99524 0.38769 3.7364 -0.047513 -1.3711 1.2699 
grape 1.3474 2.3066 3.0865 2.6512 3.2265 -1.3908 -1.721 0.46441 1.7356 0.61426 1.0286 -1.7338 -2.1534 -2.6705 -0.12399 -1.6617 -0.88013 -1.9628 3.3259 -3.9792 0.62096 3.3014 0.88085 3.551 -0.18251 4.749 -2.8518 -0.69435 2.1143 1.505 -0.036144 2.4835 -0.43046 -0.42331 -1.5454 -0.42361 0.35325 2.3084 1.9168 -0.49276 0.93357 1.6621 0.66932 -0.28682 1.7087 3.9949 0.36305 -0.37005 -2.0624 1.8629 -0.73083 -3.4478 1.9811 -3.2783 0.15441 1.2191 -3.0071 -0.93301 2.912 -1.1381 -1.2536 -2.254 -1.8847 0.48346 0.78754 2.0208 -4.47 -4.028 1.8973 -1.2083 2.3533 -2.289 -1.474 -1.5772 -1.9659 0.81127 3.7378 1.0245 0.89573 0.40387 3.0159 -1.5414 -0.14281 1.7911 -2.4399 -1.0507 0.59838 -0.5919 0.044042 2.041 -0.90079 -1.9194 2.402 -1.7613 -0.40836 0.026994 3.2655 -0.1783 -0.4399 3.0624 
ham 0.79411 1.5809 1.6706 0.61845 6.2662 -7.6762 2.0342 0.46944 3.0029 0.83539 -0.51506 -2.721 -2.2207 1.104 -1.5559 0.3617 -0.55859 -4.3043 0.73396 -4.1859 0.94506 0.88097 -0.68212 1.9344 -2.7295 4.0059 -1.048 -0.84513 2.7095 0.52644 -1.2229 -1.6328 -1.8566 -2.6126 -3.6353 3.7417 -2.5578 0.78324 -0.11327 -1.0183 -2.2165 -3.4759 -3.3131 -1.5887 1.9944 -1.2718 -0.70315 -0.42115 1.9345 2.12 2.4115 -0.44371 1.2467 -0.33611 -1.6467 3.6889 1.2765 4.3858 3.516 2.7205 1.3512 -1.643 -3.9273 0.98843 2.4806 -2.3436 -3.2847 5.1383 1.9735 0.46297 1.7788 2.4252 -1.0138 2.2367 -1.9623 -0.3244 1.8999 -3.0788 -2.6506 -3.077 3.5381 1.0679 -2.3548 0.92958 -1.5037 0.4888 -1.3724 -3.0421 0.42595 -1.7526 4.6715 -3.3495 1.4715 2.0678 -2.5416 0.68793 1.6029 0.088932 2.6065 3.9973 
mint 3.6258 3.3923 1.5285 3.6816 3.2324 -1.9323 -0.78062 1.0603 0.43752 0.030361 0.69823 -2.3477 -3.5865 1.8941 0.75878 -2.9832 0.59032 0.73376 -0.91971 -1.5295 2.1723 2.5557 -3.4168 1.2223 -0.55558 1.6132 -0.72084 -1.8316 0.70219 -0.82113 -0.13824 1.7779 -1.2748 -1.7311 -1.8382 1.7124 -0.21616 3.2533 1.437 0.2531 -0.51042 2.0832 4.0125 -1.2139 0.78322 2.6366 2.1075 0.48889 -3.0293 3.5677 1.4179 -1.5814 4.8307 -4.738 0.59528 1.8466 -0.42788 1.2743 0.68657 1.4585 -3.7739 -1.2216 -3.7439 -0.67768 1.1336 0.34282 -2.7139 -1.7769 0.94521 0.79531 2.6035 -3.8105 -1.1013 -1.0948 -0.43157 4.3312 1.3451 -0.1548 -0.68311 -1.4101 -0.15697 0.71023 -2.5161 0.56227 -2.4115 0.14489 0.88873 -0.024835 3.2283 1.2401 -3.3618 0.30628 3.803 -2.7831 1.7128 0.30057 1.7762 -0.72986 1.2734 3.8583 
strawberry 0.24239 2.396 0.33633 2.6882 2.336 -1.6339 -0.61576 0.70194 1.5494 0.78031 0.18674 -1.3794 0.024647 -0.44861 0.5476 -0.090376 -0.71111 -0.4946 0.66271 -2.1942 0.33698 1.533 -0.66563 1.295 0.57095 2.4683 -1.2653 -0.84146 0.45496 0.65765 -0.28522 0.59657 -0.54042 -0.97733 -0.88876 0.42533 0.35479 1.2168 1.1905 -0.67991 0.52943 0.69242 1.2917 -1.4339 0.65731 1.2926 0.084093 0.52316 -0.80478 1.7334 -0.44105 -0.90665 2.3261 -1.9725 -1.0617 1.3979 -0.61943 -0.35784 1.0057 -0.97174 -0.77418 -1.8848 -1.1405 0.47991 1.5009 -0.39731 -3.2848 -1.8281 -0.21608 -0.86355 1.8324 -0.71598 0.17938 -0.61536 -0.59891 -0.5362 1.788 -0.44057 -0.43758 -0.45374 1.6465 -1.8705 -0.96073 0.97564 -0.47442 0.12681 0.1417 -0.32629 -0.26283 1.4235 -0.016934 -0.79413 1.7017 -2.3454 -1.0121 0.26582 0.84591 -0.38304 0.13615 1.3813 
peach 0.18663 2.5554 0.73921 2.0616 2.6349 -1.3599 -0.62051 1.2314 0.3885 0.32124 1.3021 -2.333 -1.5677 -0.7668 -0.71179 -1.9156 0.41804 0.10417 0.25616 -2.618 1.3893 3.3842 -0.8932 1.1005 -1.0963 3.1073 -1.2353 -2.0137 0.83502 -0.19443 -0.0060224 -1.2642 0.69259 -0.019019 -1.4369 1.0258 -1.3371 1.5182 1.445 -0.89585 0.98904 1.5144 0.8893 -1.1152 -0.39044 2.4786 -0.52952 -0.13956 -1.0768 2.7745 -0.39318 -1.5379 2.1823 -3.2489 -1.3421 1.046 -1.5472 -0.099416 1.8845 -0.13309 -2.073 -2.8765 -1.0314 2.1997 1.4659 -0.055451 -4.3461 -3.3353 -1.0882 -1.9087 3.5426 -0.80293 0.1315 -0.67152 -0.9966 1.4587 2.6528 -0.742 -1.3487 0.51108 1.224 -0.4822 0.18713 0.16198 -2.7248 -0.18463 -0.24239 -0.85093 0.4312 1.6591 -0.9873 -1.0066 3.1649 -1.4399 0.084975 -0.84443 3.3414 1.1044 -1.4091 2.0833 
peanut 0.7032 0.32829 1.5266 1.923 2.3588 -1.8156 -1.9167 0.66913 1.4052 1.0863 0.80274 -1.4275 -0.5557 -0.4408 0.13491 0.47804 -1.5962 -0.8667 1.677 -2.2449 -0.38785 1.0943 -1.0748 0.86415 0.074435 1.538 -1.3443 -0.061279 0.55024 0.54685 0.19022 0.78124 0.71605 -0.547 -1.887 2.1573 -2.1916 2.702 0.41219 -1.8443 -1.5333 -0.71862 1.0552 -1.7652 0.75937 0.5268 -0.21073 0.40748 -1.0855 2.1759 -0.35332 0.11021 2.59 -1.6364 0.45084 2.3175 -0.47231 0.32579 1.656 0.44465 0.33007 -0.91709 0.1206 0.8524 2.4178 1.8 -3.1852 0.78091 -0.53754 0.37609 1.6495 -0.35801 -0.55187 -1.0781 0.71797 1.2005 3.1642 -0.077362 -0.35338 -0.79655 3.126 -1.2905 -1.5641 0.84086 -0.88074 -0.43965 0.51353 -0.67815 0.13012 1.0145 -1.1174 -0.62253 1.4671 -1.8467 -2.3756 -1.9217 2.5251 -0.52428 -0.43314 1.3294 
vinegar 3.3049 1.0618 1.4676 2.0619 3.05 -0.66542 -1.1029 -1.2728 0.3024 0.35788 0.46834 -4.369 -1.8062 -1.6189 -1.033 -0.4964 0.69726 -0.84949 2.3503 -1.5661 2.2877 2.2783 1.2748 2.142 0.44945 1.2611 -1.6471 -0.65715 1.5854 0.73131 -0.65709 1.1421 -0.93254 -0.52525 0.3455 0.63826 -0.88312 2.2283 -0.71331 -0.94549 0.22068 0.41399 -0.72703 0.52692 0.46735 2.4943 1.0468 0.65457 -2.1935 2.081 0.59701 -1.217 3.023 -3.3234 0.31488 1.9053 -0.070592 0.69698 1.502 0.47075 -0.73783 -1.0369 -1.9914 -0.26987 0.0061465 -1.4193 -3.7723 -1.8526 0.60169 0.66244 0.76864 -2.6847 -1.5055 0.94636 -0.34539 0.94085 1.8993 2.1717 -0.56793 -0.13972 1.9623 -1.3882 -1.1613 1.7982 -0.83658 -1.5212 2.9441 -1.153 0.91746 0.52903 -1.0904 0.3324 3.5693 -1.4315 -0.050478 -0.72709 0.30654 -1.6395 -0.55989 2.7935 
hay 1.2452 1.3666 2.5157 5.1686 3.6762 -3.0849 0.21432 -1.6423 2.8152 -2.7089 1.1823 -4.6445 -3.7704 -1.2884 -0.19698 -1.2141 -0.031136 -3.4352 1.1587 -0.64453 -1.769 1.6687 2.7116 0.42519 -2.229 4.0579 1.1075 -0.92129 -0.3756 0.9685 2.042 -0.7252 1.8674 -6.0783 -1.1706 2.5393 2.7354 -0.66313 -0.38105 -1.4639 -0.80488 1.1679 1.8654 -2.6108 0.21118 0.43032 3.8723 -0.4009 3.0652 1.1578 -0.60794 0.94017 -0.98611 1.775 -0.975 0.60832 -3.257 3.2748 1.8882 4.1178 1.5005 -1.9836 -5.6653 0.89593 1.7942 3.8288 -2.151 -3.2247 -0.47568 0.86955 2.2762 1.371 -3.2661 -0.30637 -0.64876 1.3303 2.4084 2.0296 0.56667 0.93464 2.5274 -5.8882 -3.3144 -1.3419 1.7314 -3.3295 -4.4382 -1.1009 -3.0081 -2.3801 1.0979 -1.9049 0.13011 -1.5498 -5.4342 -1.6201 2.4194 0.14073 1.6001 2.4 
mustard 2.3356 0.61028 -0.50769 1.9247 4.8192 -0.98481 -0.21432 -1.5451 0.98605 -1.1288 0.029974 -3.2917 -1.9102 -1.0643 -1.8808 -0.38255 -1.333 -0.41492 -0.083649 -1.9848 2.369 1.7073 -0.885 2.5386 -1.8738 1.2814 -1.967 0.093172 0.49667 1.3209 -1.1042 0.62216 0.20194 -0.1847 -1.4215 1.3256 -1.4933 1.6852 0.24452 -0.047545 -1.0768 0.76116 -0.055494 -1.7405 0.63758 1.5142 0.7723 -0.85848 -1.0122 2.1455 -1.2399 -1.3492 2.7219 -3.9116 -0.10401 2.1341 -0.079174 0.016335 1.3156 2.1752 0.32325 -1.7988 -1.7141 0.32259 0.66007 0.39624 -4.157 -1.36 1.2445 1.4565 1.4587 -2.1662 -0.19999 -0.26322 0.51921 1.1063 0.85426 0.55901 -0.69806 -0.042496 1.9234 -0.16088 -1.5827 1.6666 -0.76467 -0.19647 -0.69377 -0.77609 1.0765 1.1169 -1.4287 0.012962 2.9002 -0.87832 -0.75599 -1.2351 1.9316 -0.83942 -0.20706 1.4536 
violet 2.724 0.42472 0.21763 2.2155 2.4131 2.2948 0.31757 -0.87882 0.033077 -2.2218 1.5081 -1.2114 -0.34538 -0.4248 -0.0059121 -1.7484 0.22318 -1.1415 0.12298 -0.38891 0.25824 -0.27213 1.4573 1.4219 1.0923 0.76857 -2.5792 -0.58919 0.71815 0.85532 -0.84253 0.49333 1.8814 -0.024904 -1.7818 -1.602 -0.12988 1.6079 -0.37852 0.15973 1.8722 -0.2262 0.23031 -0.34843 1.5368 2.2035 -0.87121 -0.6457 -0.76693 1.5052 -1.2495 -4.1331 0.8012 -2.711 -0.20447 -0.14044 -2.0616 -1.0824 0.81296 -0.86935 -2.102 -0.58237 0.11368 -0.10565 -0.27929 -0.76164 -3.4699 -1.1956 0.25414 -0.79054 0.67636 0.40054 0.029412 -1.7569 -1.3356 1.4886 -0.061202 1.9577 0.75732 1.184 1.6834 -0.26356 -0.053586 0.83801 -1.0795 1.6188 -0.79499 1.8399 -0.42136 0.88783 -2.8965 -1.1246 1.2246 -1.5927 0.48309 0.42879 3.1554 0.59824 1.0179 0.11204 
perfume 1.8573 0.95778 0.26006 2.1242 3.4316 1.3445 -2.3094 -2.1444 -0.70866 -1.5863 -1.1488 -2.5441 -0.90734 0.8243 0.39225 -0.6595 1.1237 -0.70032 1.2261 -0.73268 1.5607 0.45326 0.013762 0.99726 2.1705 1.2318 -1.5928 -0.92061 -0.3285 0.21076 -1.4639 2.1712 -0.30952 -2.6289 -0.38219 -0.79812 0.44922 2.7856 0.91671 0.55822 -0.28152 1.522 2.3667 -0.62103 1.639 2.9962 -0.50487 0.97318 0.67736 1.9792 1.9027 -2.3925 0.096958 -2.8952 0.65621 0.60937 0.68478 -1.6372 2.1306 -0.1415 -1.3039 -1.5029 -2.08 -0.77221 0.98337 -0.65335 -1.5847 -3.3424 0.81722 -0.17482 1.8591 -1.8783 -1.0479 0.79763 2.0062 2.0666 0.74256 3.0305 -0.27183 -0.38654 1.4589 -0.80706 -0.086648 -1.0154 -0.62889 -1.1311 -1.0076 0.16384 -0.10224 1.2093 -3.4414 -2.281 2.0138 -0.93499 -0.94437 0.24768 1.2706 -1.765 -0.37393 0.041342 
cedar 0.32419 4.4182 1.9011 -0.010366 0.91356 -1.4848 -0.50524 -1.201 -1.1817 -0.97038 1.5587 -1.4714 -2.149 -1.25 -1.1157 -2.3106 -0.55311 -0.93695 -1.2206 -0.59016 0.37947 4.3272 1.2835 -0.068864 -0.11326 3.3548 2.2543 1.0198 0.85955 -1.3495 -0.41797 2.761 0.73127 2.2766 -1.4448 -0.067503 0.50198 0.34669 0.24934 1.6669 -0.099258 1.4431 3.7277 0.37033 -0.13137 2.4238 1.8725 -1.17 0.44154 -0.51932 -1.2165 -2.5336 0.82012 -1.0053 -1.0861 -0.58479 -2.585 5.2337 -0.19931 -1.1527 -0.8781 -1.3388 -0.5024 2.0947 0.86433 1.3317 -3.0918 -1.5386 -3.0434 -2.1543 1.109 0.24014 0.78901 0.041881 -1.2744 2.7318 0.074529 0.28927 0.48999 -0.90885 1.1147 -3.3868 1.326 -0.34795 -0.68661 1.0853 -1.488 -0.22592 -0.075957 -3.7924 2.1625 -2.9401 -0.531 -2.0724 -2.1028 0.77123 3.4479 -0.21884 0.55995 3.8218 
cinnamon 0.93982 3.096 -0.33494 0.94963 3.1778 -1.2577 -0.61545 -0.49331 0.27238 0.47515 -0.12773 -2.4608 -1.1851 -0.048768 -0.57193 -0.57501 0.28203 -1.3462 0.48406 -1.6789 1.5539 1.1995 0.04943 2.0459 -0.56973 2.1035 -0.71541 -0.47197 1.3751 1.3433 -0.42581 0.51272 -0.5793 -0.67545 -0.88359 2.0591 -1.255 1.5383 0.6046 -0.70392 -0.0082365 0.40378 1.6044 -1.4493 -0.075946 1.3018 0.69966 -0.16263 -0.060405 2.8831 0.37592 -0.18235 2.1375 -2.6254 -1.0601 1.37 -0.34352 1.1668 1.0024 -0.26204 -1.2862 -1.1918 -0.95365 1.0302 -0.5231 -1.1082 -2.5913 -2.0217 -0.98386 0.76551 1.2666 -1.0152 -0.58293 1.1886 0.4585 0.75003 2.0298 0.23185 -1.6527 -0.57176 1.9251 -1.3873 -1.188 -0.85388 -1.1812 0.0106 1.1925 -0.21602 0.91332 1.0591 2.3619 -1.4748 2.5328 -0.87863 -0.50151 0.73292 0.92716 -2.2803 0.95242 1.5802 
urine 3.0212 -1.2345 1.6966 3.9524 2.1382 -0.12676 0.356 -0.48851 0.10855 -0.94873 0.80369 -4.6609 -2.2432 1.7901 -0.36502 -1.3891 -0.062995 0.78268 0.9781 -0.63973 2.6283 -2.8347 2.4749 0.079473 0.37055 0.26216 -0.6019 -1.0267 1.0862 -3.2606 0.054958 1.7812 0.10768 -2.857 -2.068 1.3255 -0.41852 1.9523 2.8993 0.74637 -2.3355 1.6946 1.8395 -0.15089 1.271 1.9931 -1.7718 -1.733 -3.7169 1.8972 -0.024314 -2.6944 4.7692 -2.0108 3.1714 -2.2416 0.033974 -1.585 -0.041217 -2.1739 1.8364 1.3238 -2.4769 0.46454 0.024308 1.0727 0.054517 -1.0616 1.0695 0.33082 0.66151 -4.6015 -4.5096 -1.3285 0.33827 3.3703 0.29283 4.619 -0.99352 0.11565 4.5511 -4.5248 0.7209 -0.1519 0.48128 -0.68853 0.70771 0.69233 1.3106 0.12608 -6.2543 -1.1543 1.8258 -3.6108 -3.4913 -1.8715 1.9037 -1.5216 -1.7516 2.9432 
vanilla 0.99961 3.1842 0.18516 1.5772 2.149 -0.75084 -1.7323 0.30993 0.29066 1.4142 -0.4921 -2.6521 -0.47447 -1.0971 1.6365 -1.5009 0.8577 -0.40733 0.68168 -1.7963 1.6439 1.4585 0.43784 0.75063 0.87588 0.36328 -1.9548 -0.69899 0.22229 1.0783 -0.21826 0.90194 -2.2804 -1.2724 -0.32445 0.84281 0.35163 2.1812 0.52112 0.27624 0.46391 -0.55689 0.77502 -1.1242 -0.79641 1.9961 0.41284 1.055 -0.034823 0.99383 0.27864 -1.0936 2.4777 -2.5804 -1.4862 1.4736 0.23494 0.14419 1.2491 -1.4781 -1.8528 -1.9306 -0.54955 -0.77725 0.99561 -1.0892 -3.3107 -1.5804 -0.81473 0.075622 0.72974 -0.98545 -1.0976 0.41114 -0.15868 0.68995 2.078 -0.37506 -1.9659 -0.4852 1.3901 -0.32363 -1.3116 -0.42979 -0.42521 0.05043 1.4555 0.93531 0.69265 1.5232 2.0284 -0.11915 2.7512 -0.46032 -1.2787 0.95827 2.6331 -1.1874 0.82956 1.0027 
bakery 0.30771 1.5787 2.962 -0.17366 2.2477 -3.3608 -2.4202 0.33087 1.885 -0.8649 0.60098 -2.6412 0.050374 0.40987 -1.6794 0.47841 0.73581 0.15403 -0.76406 -1.7844 0.53758 2.6251 -0.91433 0.15221 0.033578 2.8712 0.51014 -1.4993 1.2462 -1.0703 -1.9741 -0.19378 0.6596 -1.2398 -0.15786 1.7114 -0.1437 3.5259 1.734 -2.4548 1.0861 -0.98096 0.73432 -0.47872 1.6686 -0.82054 -1.3544 1.1138 -0.84221 0.28134 -0.46339 0.30595 1.78 -3.0072 -0.18147 2.368 0.28191 0.34004 5.7253 1.0706 -1.2312 -3.2522 -1.1496 -0.10009 0.64728 2.1325 -4.267 -0.11755 0.26061 -0.92386 3.3833 -2.4338 -1.029 2.6766 0.81861 1.3048 1.7046 -0.42436 -0.57533 -0.34966 2.6404 0.44429 -0.82198 -1.61 0.58329 -0.17386 -1.4844 -1.5261 -0.60148 -0.56254 1.3853 -2.461 0.29321 -0.89423 -0.7007 0.25758 1.9506 -1.1968 -0.86849 1.4052 
walnut -0.13237 3.866 0.89434 0.034958 2.3335 -2.004 0.62705 -0.23423 0.42078 -0.44009 -1.228 -0.82185 0.14687 -0.42804 0.19015 0.67244 -0.096972 -0.88904 -0.037088 -2.6607 1.532 3.8508 -0.26673 1.0515 1.5829 2.5371 0.11896 0.7705 1.3308 -1.0472 0.29609 0.78616 -0.31853 -0.13957 -1.1741 1.0179 0.012542 2.7958 -0.078061 -1.1122 -0.85537 -1.0645 2.5405 -0.77003 -0.12119 1.6329 1.3139 -0.0091879 0.37563 0.22663 0.01567 -2.0424 1.2105 -1.6843 -0.48521 2.0239 -1.692 2.5362 2.0211 -0.65874 -1.4724 -1.9345 -1.6259 1.0392 3.0043 1.5383 -3.1199 -0.43858 -1.8634 -0.97797 2.5011 -1.5917 -0.29141 -0.54073 -0.19541 1.6352 1.3799 -0.056419 0.56905 0.18517 2.0261 -1.2117 -0.19233 1.3874 -1.0727 0.68102 -0.7477 -2.5258 -0.78272 0.16035 2.8641 -0.43854 1.499 -2.1596 -1.1413 -0.65676 2.5625 1.0406 0.78006 3.5642 
tar 4.139 0.99901 1.3713 5.0832 4.4286 1.374 -2.0766 -4.047 -2.5142 -1.5245 -0.44618 -7.3055 -0.73636 -4.7331 -3.5234 -0.41622 1.2284 -2.3344 -2.5978 0.57447 0.46369 5.1848 5.1061 4.1367 -1.6048 0.57459 -1.6719 0.40721 4.6108 -1.9519 -0.65252 3.0691 -0.97539 -0.41105 0.028277 4.6919 -2.2484 0.1531 0.19449 -1.5361 -0.98373 3.1469 -2.2734 -0.25285 -5.8868 1.6615 1.5489 0.3338 6.3653 1.3133 2.7377 -4.6746 0.41802 -0.82844 -0.95484 -1.7048 -2.0685 2.4411 -0.1105 0.22343 0.11646 -2.4758 -4.5729 3.5096 4.7123 1.9924 -4.2572 -1.7838 -5.9844 6.2876 -3.2547 -1.393 -1.9981 -5.3036 1.0511 2.1011 -0.78998 4.3444 -3.3689 -1.1307 0.70809 -5.0684 -1.5463 0.26899 -0.16251 3.7943 -4.0179 2.9516 1.0633 0.79574 -2.1461 -5.7057 5.4145 1.8696 -4.4937 -1.642 2.4992 -0.4062 0.2942 3.6666 
blackberry -0.96461 3.3949 -0.57092 2.7172 2.2123 -1.2507 -1.0777 -0.34167 0.98666 0.18345 -1.3125 -0.96558 0.36043 1.1404 0.52856 -1.9606 -0.4692 -0.5435 1.0286 -1.7298 0.15934 2.4088 -0.68182 0.84669 -0.9826 0.42211 -1.0253 -1.0396 -0.034242 0.18539 -0.18631 0.9816 -1.9891 0.52581 -1.4929 -0.11754 -0.63397 0.93157 0.95308 0.9075 0.6201 0.37437 0.50324 -0.029179 -0.0082737 1.0811 0.38409 0.7147 -0.63862 0.44977 1.5869 -0.6361 0.87964 -1.0288 0.38177 0.64278 -1.9506 -0.54321 0.49574 -1.1353 0.39002 -3.6927 0.128 -0.57515 0.19074 -1.0436 -1.6481 -0.84894 -0.53094 -0.5663 1.624 -1.0716 -0.16499 -1.1239 -0.36498 0.99077 2.7106 -1.1317 0.026445 -0.5634 0.44352 -0.51988 -1.9241 0.60127 -0.55678 0.72617 -0.21312 -1.5801 -0.13895 0.54115 -0.79017 -0.97467 0.26857 -0.50187 0.22283 1.8781 1.3861 0.67236 0.75227 1.3566 
almond -0.11139 2.476 -0.099334 1.7125 3.4141 -3.0506 -0.71535 0.51064 1.4251 0.43907 0.62649 -2.0181 -1.3751 -0.67399 0.088746 -0.80817 -0.079454 -1.0332 0.14292 -2.888 1.8598 0.65557 -0.70106 2.7721 1.0734 2.4652 -0.58972 -1.7506 1.246 1.447 0.56541 -0.18267 -1.1616 -1.5086 0.47678 2.2827 -0.8815 2.365 -0.32586 -0.057426 0.52806 -0.39716 1.4055 -0.42145 1.4325 1.6257 -0.7775 1.1739 -0.43171 3.292 -0.4037 -0.46138 3.9718 -3.0875 -0.91437 2.1823 -0.32725 -0.45468 1.0757 0.12335 -0.80874 -2.3522 -1.3474 1.6481 0.97759 -0.66992 -4.2095 -2.9768 -0.62427 1.1691 2.1849 -0.93784 -0.34347 1.221 -0.87896 1.586 1.4291 -1.357 -0.39292 -0.63066 2.6572 -1.003 -1.0519 -0.54626 -1.6012 0.68402 0.13046 -0.58988 -0.64168 1.7997 0.90438 0.10215 1.9754 -2.6543 -0.91578 0.22356 1.9012 -0.42836 0.33189 2.7996 
popcorn -0.91636 0.39614 0.66949 0.45372 1.6739 -0.74377 -0.91878 -0.27188 2.1722 0.85747 0.72264 -1.9674 0.11189 -0.18208 0.96921 0.572 -0.80733 -1.6335 2.8307 -0.78892 0.73551 0.67856 -0.5241 0.40716 0.26307 1.2797 -0.69094 -0.9452 0.84464 1.431 -0.33295 1.4393 0.26468 -0.68188 -0.78796 1.9114 -1.4567 3.1717 1.3975 0.36118 -2.4626 -0.24676 1.3039 -2.729 0.40733 1.2513 0.49513 1.0336 -0.55568 1.1006 0.48859 0.43289 0.36962 -1.0017 0.88038 1.0092 -1.3397 0.85818 1.0188 0.22847 -1.2034 -1.5487 -2.1641 -0.014683 2.0362 0.089105 -2.9057 1.1419 0.18506 -0.29875 2.72 -1.6348 -1.4598 -0.74115 1.6063 0.54289 2.4216 -0.29549 -0.76432 -0.60542 2.0491 -0.92583 -1.4392 -0.26509 -0.27887 0.45743 0.24553 0.34592 -1.1803 1.044 0.53802 -1.3029 2.0086 0.63209 -1.0385 -1.5591 1.8112 -1.1223 -0.34429 0.62244 
pear 0.61883 5.752 0.94272 3.0487 3.1917 -2.6101 0.018738 -0.34449 1.9355 -1.9029 2.5905 -0.68446 -2.8044 -0.81202 1.4734 -2.6456 -1.0803 -2.259 0.34337 -3.6979 2.1624 4.4735 -1.4691 4.8716 -0.5367 4.5628 -2.6779 -1.3803 1.5534 1.4242 -0.55131 0.69277 -0.93401 0.55161 -1.3146 2.2537 -0.55689 1.9133 0.27672 -1.5591 1.0593 0.71942 2.6442 -0.3702 0.46322 3.0118 -0.57214 -1.1944 -1.0067 3.1813 1.172 -3.2607 1.7382 -2.3424 -1.7079 2.5983 -2.2945 -0.23259 1.9648 0.44372 -1.5628 -2.4476 -2.0233 3.2258 -0.71905 1.0837 -5.7286 -2.94 -0.33956 -1.634 4.5778 -1.4279 1.0592 -0.26134 -1.4963 1.5815 3.9063 1.1576 -1.0352 2.6798 2.5785 -2.4903 -1.7694 1.2515 -3.9233 3.3278 -2.5833 -0.47656 1.3408 0.92748 -0.76937 -1.3542 3.5948 -4.3301 -0.28731 -1.5781 5.0619 0.8432 -1.651 2.7383 
coconut 0.5833 2.3968 1.0978 1.8331 1.4773 -1.9834 -1.2999 0.02133 0.98986 -0.40692 0.76251 -3.1298 -0.39028 -1.0675 0.08639 0.33145 -0.33015 -0.25714 2.2372 -2.4635 0.81456 2.6953 -1.246 1.6045 -0.21686 1.383 -2.1795 -0.74301 1.1155 -0.55073 -0.11279 1.3456 -2.1063 -0.16726 -0.96235 1.9936 -0.45317 1.3667 0.62998 -0.53263 0.13778 0.53563 1.9884 -1.2594 -0.099355 2.6298 -0.29099 0.65336 0.25954 2.677 0.81856 -1.2007 2.3706 -3.2484 0.37376 2.1363 -0.66142 1.166 -0.13917 -0.05951 -0.92283 -1.1135 -0.894 -0.59887 1.9226 -0.28806 -3.909 -1.5746 -0.66182 0.037682 2.2187 -0.78578 -0.70756 -1.3725 -0.14772 1.1999 2.7126 0.068841 -0.98412 -1.3619 2.4807 -2.0613 0.12519 -0.65884 -0.51912 0.78563 1.4015 -0.20866 -0.23177 2.2943 0.79551 -0.90949 1.7895 -2.3933 -1.1501 -0.62067 3.3626 0.94885 -0.6864 2.6891 
cardboard 0.14102 0.73673 2.3558 1.0704 1.9583 -0.78077 0.65685 -1.2484 -1.2569 -0.048485 -0.55347 -1.5214 0.48564 1.2399 0.61116 -0.37092 -1.9386 0.35698 0.5256 0.057407 1.0203 0.90671 -2.4002 -0.080283 -2.0689 1.4608 -1.5784 1.1548 1.3074 -2.0606 -0.54755 1.8826 0.47585 -1.8873 0.22236 0.96888 1.736 1.7356 0.55407 0.55756 -1.8374 -0.4234 2.4473 -0.93382 -1.7308 0.92439 0.44566 1.0983 2.4883 1.9786 0.3083 -1.3498 1.2602 -0.76403 -0.2731 1.0075 -2.1165 -0.6394 1.4558 0.3579 0.67754 -2.0922 -3.9756 0.21439 0.74336 0.24064 -3.5673 0.99832 -1.4141 0.89875 1.7271 -3.5306 -1.5375 -2.4652 1.369 2.425 0.22998 -1.3805 -0.51996 0.46125 0.39787 -0.47927 -1.6279 1.366 0.31648 2.9333 -1.692 -0.32054 -0.31144 -0.50858 -0.81518 -2.0955 -0.48311 -1.4333 -1.748 0.22625 2.5106 -1.6558 -1.7601 1.2801 
clove 3.1132 3.3082 -1.3797 3.2665 4.6625 -0.2176 0.21707 -3.3015 -1.3826 -2.6539 -0.39583 -2.6527 -2.334 0.71827 0.15589 -1.6544 -3.4521 -2.4394 1.463 -2.2522 5.3245 2.4999 -1.4632 3.0397 -0.51693 2.8496 -3.2221 -0.75073 0.60313 -0.54086 0.87574 0.17369 -2.5882 -0.30454 -1.2431 1.5466 -0.55687 0.92463 -0.79922 -0.38531 0.96457 1.9013 0.36868 -1.0562 -0.4924 2.1917 0.73067 -0.15323 0.21166 4.6797 -0.95026 -1.7529 2.229 -3.2523 1.1086 1.847 -1.0492 -0.040879 1.2122 2.7978 -0.82128 -3.349 -3.3357 1.5315 -0.082969 -0.18043 -2.8367 -3.6089 0.9208 1.5917 1.6485 -2.9321 -2.2037 -1.9572 0.92148 0.54085 1.9412 2.0182 -0.49209 0.31223 3.1633 -0.24547 -1.1875 1.2934 -0.44591 -0.35335 0.82185 0.63772 0.36287 0.37125 1.4895 -0.95358 2.9655 -2.0238 0.61136 -0.19487 0.6073 0.51627 -1.8362 4.2827 
cucumber 1.1932 2.2832 0.94803 3.307 3.2821 -2.1603 -0.44852 0.67494 0.90699 0.19395 0.15833 -1.6604 -0.64827 -0.85888 -0.58178 -1.6913 -0.62567 0.74488 1.7349 -3.0049 1.7365 2.2387 -1.0618 2.9682 -0.70091 1.9934 -2.0666 -0.17982 1.0577 0.59777 -0.17926 0.30873 -1.3429 -0.61108 -0.30797 1.041 -0.83841 1.2688 0.16458 -0.70893 -0.32859 0.80702 0.72789 -0.32531 -0.68608 0.89638 -0.33045 0.40336 -0.94089 1.8526 0.22209 -1.5213 2.687 -1.8015 0.45578 1.7217 -0.54056 0.33315 0.1723 1.6951 0.81291 -1.957 -1.4378 1.1622 0.84263 0.42138 -2.0776 -0.47044 0.53561 0.47403 1.8369 -1.8517 0.88923 -0.85583 0.3803 0.71951 0.91462 0.0050442 0.30978 -0.043504 1.9257 -1.8597 -0.17702 -0.079468 -1.5525 0.71663 -0.78083 -1.2202 0.24039 1.5384 0.16376 -0.91492 1.9004 -2.2547 0.97016 -0.96489 1.5863 -0.44477 -0.71594 2.3977 
lavender 2.5825 2.2827 0.59063 3.4111 3.1397 0.66562 -0.55517 -0.58927 0.34825 -1.8234 0.81357 -2.5715 -1.6904 -1.3522 -0.8569 -1.9607 1.2247 0.099415 0.35068 -0.99622 0.52012 1.4834 0.1091 1.7051 0.055207 1.8257 -0.24568 -1.9274 0.82329 -0.15595 -1.157 0.38836 0.57889 -1.4023 -1.9901 0.45274 0.48014 1.2591 0.32745 0.70174 1.1206 1.3956 1.693 0.12904 0.60608 2.4858 -0.01844 -0.83634 0.046198 2.5608 -0.38878 -3.0326 1.9295 -3.153 -0.66368 0.24582 -1.2785 0.61085 1.0747 0.17125 -1.9111 -2.6601 -2.2238 -0.51372 -0.5401 -1.2543 -3.1861 -2.4469 -0.35611 -0.14163 1.9353 -0.67358 -0.31314 -0.35113 0.5841 2.0652 1.1344 2.4317 -0.28644 0.85021 0.84896 -1.172 0.33588 -0.58408 -1.3606 0.58294 -0.85182 -0.38472 -0.13288 0.83213 -1.6988 -2.359 2.7978 -1.7035 0.13284 0.56051 2.2656 -0.48733 0.42329 1.2417 
rum 1.7223 2.6455 4.7335 -0.34967 1.9284 -1.5718 -1.7014 -0.67264 -0.59768 0.21708 0.9776 -7.1005 -2.4777 -1.2965 1.4369 -1.2348 1.3619 0.65907 2.8891 -2.6107 -0.40254 3.8105 1.8053 0.89984 -2.9809 1.8898 1.1999 -4.2845 0.04267 -0.61851 -0.66603 -0.59914 -4.1063 -5.7998 -3.0615 1.8601 -2.3672 6.2323 2.6074 0.57744 -0.0067842 0.80808 -0.21435 -1.0185 0.79815 5.5686 3.76 -0.032239 -1.8456 -0.53471 2.368 -4.1529 1.639 -4.0693 1.0983 3.2674 -1.0367 0.96709 -0.0041869 2.1148 -1.1413 -0.083307 -3.7675 2.3366 2.9652 -3.4294 -3.9546 -1.9976 1.948 -0.8382 1.9689 1.0163 -1.8969 0.27814 -3.0065 1.4981 2.0532 2.9571 -4.135 -2.7996 4.7221 -3.4285 -2.0394 0.46911 3.4065 1.3285 2.8045 1.2388 -1.9295 2.0987 -2.2195 -3.8881 3.2922 -0.67616 0.64798 -2.4421 2.4604 -4.0943 2.8463 4.6645 
syrup 0.52425 1.1986 1.1588 0.7106 1.851 -1.1719 -1.8907 0.24057 0.98097 1.4554 -0.1739 -3.8569 -3.6452 -1.8459 1.1009 -0.085307 0.084542 -0.30927 3.1908 -1.7985 3.7512 2.9454 0.85467 -0.2953 -0.22227 1.5396 -2.0273 -1.1249 1.5067 -0.52714 1.355 0.51749 -0.72988 -2.0274 -0.49763 2.0049 -2.5952 3.3961 2.4212 -0.69936 0.28853 -0.64647 0.27458 -1.4575 0.47969 2.398 1.6987 0.28366 -3.1164 1.9297 -0.26907 -1.6433 2.9458 -2.885 -0.50479 3.3971 -0.010391 0.14031 1.2176 -0.011198 -2.605 -2.5532 -0.58161 0.32533 1.3894 -2.4979 -3.9173 -1.605 -1.7975 0.8161 2.1304 -1.5728 -1.5861 -0.28407 -1.9121 2.2329 2.4807 -0.59443 -1.971 -0.66259 2.4949 -1.5063 -2.1661 0.78857 0.29647 -0.65505 2.5454 1.4291 0.11377 1.7826 -1.3599 0.22329 3.7783 -2.7443 -1.2449 -1.741 0.76435 -0.92457 0.24361 1.6433 
celery 1.8906 2.5281 -0.015821 3.2165 3.2431 -0.85181 -0.34206 -1.9065 2.0793 -0.30551 -0.99186 -2.0823 -1.4645 -0.14909 0.4019 -0.89163 -1.2113 -1.6584 0.354 -2.1624 1.857 2.6648 -0.031527 3.4616 -1.5469 2.2568 -1.1245 -0.35344 -0.44135 -0.36903 -1.3061 0.76294 -1.2392 1.1487 -0.592 1.7015 -0.40469 2.5254 0.060182 -1.8833 0.34846 0.67154 1.4625 0.49422 0.87945 0.062583 -0.092655 0.82005 -2.368 2.9647 -0.47873 -2.285 3.2355 -1.6071 1.6307 1.6225 -0.45834 0.020858 0.74629 1.5425 1.35 -3.2933 -1.2799 1.7115 0.21599 -0.57776 -2.6398 -1.0805 0.98296 0.68041 3.7562 -3.1606 0.61646 0.22563 0.17375 -0.45643 1.2919 -2.1097 0.45634 0.86982 3.1895 -0.81848 -0.68209 0.10508 -2.5282 0.54286 0.34054 -1.0066 -0.91807 1.2632 1.612 -1.6099 2.2281 -1.5823 -0.60665 -1.1826 2.6719 -0.42521 -1.1365 1.5963 
raspberry -0.3586 2.0733 -0.32851 2.0881 2.576 -1.3132 -0.22712 0.61765 1.0864 1.1301 -0.089607 -1.0357 -0.66185 -0.51176 1.8963 -0.70518 -0.30184 -0.68569 1.2591 -1.7831 1.4373 1.2927 -0.015301 1.9686 0.26981 1.5302 -1.5631 0.31584 0.029041 1.6018 -0.22485 -0.12071 -2.024 -1.1986 -1.0606 0.28802 -0.79998 1.6004 1.447 0.15794 0.43552 -0.46588 1.364 -1.3509 0.091069 1.3428 0.73963 0.13034 -0.76813 0.93246 0.51248 -1.9356 0.99957 -2.0829 -1.0788 1.685 -1.2738 0.51957 0.81046 -1.128 -1.0741 -2.0537 -0.62604 0.35441 1.4402 -0.86414 -2.0647 -1.7728 -0.32023 -0.58981 1.572 -0.66219 -0.065804 -0.4473 -0.64823 0.17344 2.3402 -1.2585 0.66872 -1.2021 1.165 -1.289 -1.5475 0.66141 -1.3327 0.26712 0.95982 -0.45542 0.41364 0.99008 0.46423 -0.67447 2.0592 -1.6862 -0.17708 1.521 1.1671 -0.1813 0.48424 1.288 
pineapple -0.0016313 2.0106 1.4767 2.4014 1.8329 -1.0065 -1.0711 -0.10711 1.4034 0.17246 1.3088 -2.1945 -0.54731 -0.22407 0.64372 -0.57613 -0.7533 -1.1223 1.4514 -2.4656 1.5781 2.4921 -1.5675 1.8584 -0.54881 2.3232 -1.9821 -0.72658 0.48468 0.048674 -0.073283 1.4566 -1.4152 0.44382 -1.077 1.4421 -0.17419 1.405 0.095917 -0.59916 0.18318 0.25299 2.0623 -0.88533 0.14152 2.1436 -0.3118 0.75742 -0.67694 2.1117 0.47758 -2.0396 2.4591 -2.5786 0.099296 1.4566 -0.8285 0.46126 0.121 0.23913 -0.62508 -2.0816 -0.7313 -0.35482 0.77003 0.12066 -3.9503 -1.366 0.39169 -0.48779 2.1242 -2.0321 -0.19013 -0.69807 -0.48389 0.55596 2.2904 -0.23184 -0.74311 -0.74284 1.6512 -1.4166 -0.11397 0.52171 -2.1157 1.1004 0.62259 -0.33381 -0.12121 1.9644 -0.19712 -1.4725 1.8874 -1.5207 -0.20763 -0.039349 2.0717 -0.30046 -1.2124 2.2108 
raisin 1.183 0.55949 0.26425 1.3858 2.7179 -1.9881 1.2143 0.91316 1.2751 -0.23784 1.1118 -2.4689 -1.8777 -2.368 0.14976 -1.2381 0.61571 -2.267 0.28747 -1.107 0.38883 1.4583 0.45518 0.86645 -1.2471 2.6151 0.09982 -1.7555 2.0686 1.3077 0.08118 -0.10951 -0.27749 -1.4493 -0.2065 2.9889 -0.76671 3.8354 1.0151 -0.15327 0.89392 -0.42703 0.068683 -2.1982 -0.46095 -0.73296 -0.078994 -0.17718 0.48525 1.6329 -0.22752 -2.0027 3.1395 -1.8373 0.20003 0.51698 -0.67699 -0.35461 2.6875 2.1599 -0.79047 -2.2898 -2.0167 1.209 0.60883 0.22418 -2.9107 -0.87508 -2.1324 0.92465 1.4144 -0.47407 -0.57794 -0.45115 0.3721 0.91195 2.3643 -0.33233 -0.59352 -0.064527 2.4344 -1.1879 0.33066 0.089407 -1.537 -1.0981 -0.59129 -0.13238 0.028068 1.5984 1.1646 0.39351 3.4214 0.096471 -0.23773 -1.3272 2.248 -0.89315 1.5844 1.9092 
birch -0.33871 3.3585 2.1286 1.786 0.91031 -1.2649 0.81174 -0.15072 0.53925 -3.648 -0.68316 -1.7259 -0.8672 -0.92373 0.83562 -1.9145 -0.16117 -0.20191 -0.93984 -0.60465 -0.8188 -0.29309 0.62565 1.2388 -1.0585 3.4559 0.21091 -0.39649 0.047485 -0.27416 -0.84691 1.4081 1.351 -1.9448 -1.8091 1.8158 -0.34978 1.0778 -0.84672 1.0417 -0.75171 0.28938 1.9519 1.6488 0.038611 1.9758 1.586 -1.8181 0.44697 1.2484 -0.1116 -2.1877 1.2706 -1.7759 -0.77356 0.75816 -4.5701 3.3816 0.68569 -1.051 -2.1922 -2.3415 -2.9737 2.4952 -0.20448 1.834 -2.1925 -2.5658 -1.8857 0.49521 1.3302 0.23315 -1.0973 -3.9361 -0.9122 2.7718 1.8692 1.2995 1.6453 1.2346 1.5795 -1.5382 -0.075303 0.23856 -0.2143 3.0305 -2.458 -0.72161 -1.3219 -0.5409 1.5936 -1.2875 0.16324 -2.0542 -0.37769 0.96707 3.2578 0.68798 1.3869 1.3164 
manure 2.2959 -0.75289 1.9638 5.9415 2.6634 -2.3774 -2.6751 -0.5369 -0.86553 -0.22595 -0.11478 -4.3905 -5.1694 0.11383 -1.8757 -1.3722 0.10679 1.4401 0.39547 -2.5161 0.47559 0.98071 1.1421 0.76339 -1.9188 2.0543 0.10571 -0.38139 1.0727 -1.6019 0.68163 0.40909 1.6294 -3.3478 -0.034528 1.8878 1.5366 1.9506 0.95316 -1.2221 -1.8202 2.8323 1.0675 0.049616 -0.61488 0.07199 0.36318 -0.86815 -1.358 1.8823 -1.0465 -0.036587 1.868 -0.4273 1.0479 -0.22197 0.014981 -0.23648 0.18135 1.9822 1.1578 -3.0026 -2.3652 0.46044 -0.20754 2.6873 -1.4357 -1.9978 1.6975 0.43621 1.5175 -1.9669 -1.3096 -3.3397 0.0012351 2.3174 1.4044 1.8825 1.4279 1.6972 3.6249 -4.9528 -0.60729 0.7303 0.47175 -2.8398 -1.1387 -1.2525 1.3921 -1.8047 -2.1686 0.66354 -0.043761 -1.8838 -5.4244 -3.407 2.1577 -0.069922 -1.7443 3.0077 
cork 0.63372 1.7523 6.3709 1.5176 1.9213 -1.5104 1.4982 0.92889 -0.18527 -0.12656 0.10693 -2.5602 -1.2357 1.2996 -1.6079 -0.069564 -0.97469 0.16125 0.38513 -0.081763 0.87051 2.9126 -0.90059 1.4715 -3.2181 2.7857 -0.28359 -0.065134 1.2256 -3.0129 -2.1154 0.36785 -1.7514 -1.9874 -1.7027 -0.39369 0.055828 2.5324 -1.2899 -0.69723 -1.696 0.39721 -0.24301 0.30975 0.72619 1.5432 0.84375 1.1484 -0.28149 0.35732 -0.69062 -3.8402 2.1256 -0.72525 0.75134 -1.1077 -3.4802 2.392 -0.33633 -0.22478 -2.9086 -2.7635 -4.2012 1.0815 1.1559 -0.41379 -3.9348 -0.69697 0.50375 0.02926 1.4141 -1.9452 -1.4425 -0.68788 0.15194 0.75545 0.9165 0.48184 -1.7977 0.67393 2.546 -1.5109 -4.2296 1.1301 -0.24527 1.2006 0.89313 1.2523 -0.22939 0.19831 -1.2092 -2.5861 0.63288 -0.16854 -2.2432 0.91523 1.4077 -2.2842 -0.30305 2.4812 
incense 2.8009 0.17339 1.5137 1.5181 2.8099 2.1154 -1.0558 -1.7757 -1.399 -2.1578 1.0756 -3.0577 -2.8897 -0.47723 -1.2519 -2.3362 1.3553 -0.056936 1.0526 -0.083326 1.274 -0.44444 0.67992 0.68904 -0.84055 0.54197 0.59813 -1.019 0.13766 -1.1678 0.57284 1.6845 0.30166 -1.5209 -0.28802 1.5767 -1.2942 1.6477 2.0347 0.37204 0.56188 3.1172 1.0005 1.8029 2.1488 1.1473 0.31985 -0.96739 0.85394 2.9497 -0.30546 -1.9175 0.85417 -2.5271 1.23 -0.95128 -1.0038 -0.17138 1.3446 1.6169 0.12037 -3.6878 -1.9201 0.043625 -1.0685 0.25759 -2.0153 -0.12602 -0.25207 0.18199 0.71113 -0.80123 -0.40403 -0.46975 -1.9516 1.884 1.1856 2.1487 -0.38028 -2.1833 2.8535 -0.88144 -0.59492 0.068813 -0.28759 0.97281 -1.3911 0.52889 0.051986 -0.42312 -2.9634 0.69596 0.38979 0.59347 -0.76937 -0.8982 3.1914 -0.31417 -2.1274 2.4807 
citrus 2.1346 2.8971 1.8761 2.4262 2.1414 -0.60447 -2.1066 0.59387 0.0072787 0.52424 0.80398 -2.9546 -1.6016 -1.4695 -1.0319 -0.99451 -0.048809 0.51984 1.8677 -1.561 -0.45681 2.8859 -0.16573 2.5649 -0.56542 2.3412 -0.29015 -0.95302 -0.26918 -0.031857 0.35311 1.1152 -1.2288 -0.33153 -1.4386 1.1151 -0.66541 3.1543 0.70165 -2.2706 1.4713 1.3591 0.85978 0.6645 2.1781 1.7359 1.247 0.65387 -2.0184 1.7099 -0.12582 -1.0396 3.3938 -3.6286 0.813 0.4046 0.4103 1.1227 2.031 -0.24788 -0.96008 -2.229 1.1669 0.53292 -0.10174 -1.3044 -3.861 -3.0396 -0.52218 -0.65202 1.4667 -1.0044 0.54218 -0.38968 -1.2141 0.16577 2.6151 1.5207 0.75118 -1.4799 1.5902 -1.4528 0.67928 1.4036 -2.238 -0.64601 0.94546 -0.24298 1.243 0.67328 -0.89863 -0.53185 2.0507 -2.6471 0.43102 -0.33186 3.4055 0.12468 1.0672 2.5041 
solvent 2.255 -0.94963 2.4569 4.2777 3.1631 1.0993 -1.8577 0.18628 -1.1243 -1.7032 0.7577 -0.99844 -3.0414 -0.078566 -3.1993 -2.0742 0.6427 3.8561 -0.36206 1.6312 3.2235 0.15215 -0.62821 0.17277 -3.3713 2.0994 -0.82712 -0.45399 1.5234 -3.6538 0.72925 2.0746 0.44348 -1.0617 2.3742 -0.046283 1.1203 2.4217 0.88152 -1.0224 0.56912 0.69303 0.73278 1.501 1.743 -0.82172 0.40869 1.5599 -2.3237 1.7307 -0.89247 -0.77048 5.3795 -2.8171 0.78391 -1.6967 -1.6819 0.43228 -0.51712 0.77853 -1.3162 -4.425 -1.6571 -0.99514 1.5994 -0.61625 -1.4706 -1.2238 0.91917 3.3325 0.92226 -3.6988 -1.0379 -3.1734 -1.1139 1.9574 -0.70748 2.2668 -0.35045 1.1472 3.2601 0.090043 -0.99389 0.32956 0.94556 -1.4413 -1.369 -0.032643 1.8412 -1.0987 -3.9505 2.5929 1.762 -0.3958 -1.8251 -1.6163 1.9047 -0.45302 -4.1729 1.0369 
cologne 2.8225 2.2464 0.49002 1.7961 2.5167 0.71151 -1.2841 -0.97818 -0.4691 0.18211 -0.67383 -1.979 -0.74428 0.43743 -0.49983 -1.3225 1.0608 0.28577 0.33574 -0.3863 0.35201 0.2252 -0.032914 2.0962 -0.32205 1.4157 0.44585 -0.13015 -0.27431 0.943 -2.0398 1.3292 0.98651 -1.7402 -2.2864 -0.92738 -0.55587 0.87082 0.39559 1.7083 -0.35774 0.69643 0.99084 1.1838 1.9596 1.6973 0.50772 -0.13267 -1.562 1.351 0.5738 -2.0485 3.8945 -2.1332 1.3538 -0.12338 -0.66381 -0.19284 3.3133 0.57588 -1.3811 0.039668 -1.3681 0.44496 -0.43967 -0.33907 -2.0417 -2.069 2.4541 0.44858 -0.59409 -3.1247 -1.6735 1.8168 -0.91392 1.3678 0.36078 2.0832 -1.0057 -0.49521 1.5257 0.45422 -0.13357 -1.3601 -0.21032 -1.2541 -0.73739 0.5889 1.9258 0.3107 -2.2177 -2.5509 0.11573 0.58011 -1.7999 1.8326 0.90953 -2.5999 -0.095451 1.1486 
caramel 1.1847 1.8342 1.6775 1.8713 2.5315 -1.2249 -0.79 0.88241 1.0232 -0.0058287 -0.57461 -2.5168 -1.7147 -0.21397 -0.062415 0.28197 0.42981 -0.56998 -1.2841 -2.8363 2.7764 1.8924 0.35098 1.2918 0.23176 1.2764 -1.8717 0.11486 1.029 0.7499 0.47249 0.82833 -1.0376 -1.2619 -0.73583 1.6841 0.066566 1.3369 0.066057 0.34825 0.15342 -0.76687 2.0964 -1.1891 0.62507 1.5412 -0.70333 0.30503 0.080606 1.783 -0.04168 -2.1481 2.6837 -2.9038 -1.8188 1.3168 -0.72363 0.55132 2.4191 0.26153 -1.9002 -1.0099 -1.6374 -0.55707 0.93068 -1.5658 -5.3524 -2.0233 -0.87231 -0.022118 1.961 -1.4783 -0.84461 0.60937 0.044588 1.5379 2.1388 -0.82584 -1.4056 0.10097 2.3352 0.13764 -0.83364 -0.076631 -1.7727 1.7813 1.3628 1.4765 0.77941 2.3448 0.0035125 -1.0506 2.0361 -0.79227 -1.2368 0.25205 2.1104 -1.351 0.46286 1.7641 
grapefruit 0.39957 1.7548 0.4168 2.2807 1.8846 -0.76827 -0.27852 0.74887 1.1715 0.57977 0.69416 -1.9395 -1.2614 -1.1875 0.34719 -0.38918 -0.73089 -0.23824 1.3522 -2.7394 1.5333 1.8649 -1.4694 2.2058 0.67106 2.2775 -1.3356 -0.54106 0.43079 -0.091596 0.75207 0.99767 -0.93975 -0.028292 -0.84789 1.3123 -0.45678 2.6127 0.67686 -0.60642 0.3899 0.60551 0.97503 -1.147 0.54263 1.582 -0.58775 0.044041 -1.3708 2.338 -0.80311 -2.6538 1.9628 -2.1263 0.6346 0.90234 -1.388 -0.53053 1.2479 -0.356 -0.0099185 -1.9868 -1.3155 0.39782 0.80834 -0.44116 -2.9625 -1.3964 -0.073073 0.14693 1.5734 -1.895 0.42584 -0.82954 -0.053545 0.00039542 1.6046 0.19493 -0.19657 -1.0135 1.6282 -1.2833 1.0659 0.79873 -1.5568 0.1516 0.373 -0.14851 0.33239 1.5409 -0.9933 -1.6015 1.9732 -1.9026 -0.028176 -0.61921 2.5785 -0.23576 -0.72946 1.9074 
ammonia 1.8104 0.06376 1.5665 2.1217 1.7832 -1.278 -1.9489 -2.2438 -1.403 -0.52436 0.095994 -3.0358 -0.14195 0.42963 0.3087 -2.7816 0.97533 1.1969 -0.32376 0.73046 0.078134 -0.96936 1.6967 0.99527 -0.6102 0.064957 -0.69216 -0.83352 -0.0001052 -1.1597 -0.20715 1.3311 0.96123 -2.2279 0.18707 -0.45082 -0.92552 2.1526 0.53343 -0.28277 -1.1346 1.9459 0.20304 0.69429 1.9721 1.5435 0.47382 0.66182 -2.2587 0.23688 -0.10791 -0.6997 4.4984 -1.0738 1.1197 -1.6938 -0.69698 0.10195 -1.4501 -1.7868 1.0662 -0.71183 -0.015625 0.31742 1.3459 0.61311 -2.1472 -0.87678 0.29664 1.3351 -0.35022 -1.1658 -1.2514 -0.6764 -1.0997 1.4756 -0.52852 2.8735 0.11277 -0.31101 2.9174 -1.4699 -0.41296 -1.0898 0.10154 -1.6466 -0.10258 1.0094 1.0863 -1.6424 -1.7244 -0.31377 1.6036 -1.4742 -3.2408 -0.23915 1.082 -1.6747 -0.78779 2.9712 
detergent 0.93373 0.13901 1.5827 4.9207 3.0792 0.098743 -1.783 0.85457 -0.15415 -1.7626 1.175 -2.8471 -1.7215 -0.27449 -4.1398 -2.8617 1.4032 3.0296 1.0278 0.51581 2.8619 -0.36566 0.23649 -0.072462 -2.5955 0.72498 -0.21424 -0.81287 1.1291 -2.0869 1.0922 1.0134 1.7787 -2.4939 0.67608 1.0054 0.82355 1.4066 0.92292 0.13912 0.41227 1.0614 1.4501 0.85983 1.6118 0.60733 -0.28032 1.8049 -1.2466 2.9204 0.92556 -0.072378 5.7358 -3.4001 0.67895 -2.4577 -0.21729 -0.57967 1.6074 -0.17577 1.2929 -2.7663 -1.7516 -1.0097 1.3282 -1.0897 -2.0694 0.055326 2.2616 2.3304 -0.91526 -2.5727 -0.12142 -1.2347 0.34959 1.416 0.80259 1.4106 -1.1149 0.090221 2.8336 -0.62992 -1.4716 -0.41321 0.27923 -1.4025 -1.4287 -0.37111 1.7737 -0.26257 -4.0739 0.62932 1.175 -0.99396 -2.0511 -1.4367 1.0046 -1.928 -2.1253 0.87628 
kerosene 1.2164 -0.54381 1.7453 0.60392 2.6189 -0.44311 -0.47643 -2.1229 -0.59447 -0.70457 0.13408 -2.0364 -0.79157 0.32375 -0.51616 -1.3174 1.3157 0.0025335 0.73385 0.38681 0.088924 -0.0077683 1.2594 0.024067 -0.77874 0.74871 -0.047703 -0.50712 2.147 -0.36623 0.18996 1.4694 0.78229 -2.974 -1.3595 -0.20728 0.063727 2.4609 -1.4252 -0.69857 0.71649 -0.16086 -1.0482 0.01363 0.21531 1.3045 1.4611 -0.23612 0.79813 0.77706 0.47479 0.68017 1.822 -0.35603 0.9385 -0.48407 -1.895 2.061 1.7283 -0.4708 1.1675 -0.70811 -2.5794 1.165 1.9779 -1.1932 -1.5154 -0.084572 0.49619 0.69693 0.10462 -1.3724 -1.5036 -0.7567 -0.1011 0.568 -0.69962 1.2354 -0.020692 -0.92205 0.64591 -1.1041 -1.5275 -1.283 1.2483 0.20242 -1.4211 -0.89862 -0.65756 -2.2901 -1.3285 0.39547 1.2117 -0.0069791 -1.9393 -0.21529 -0.070118 -1.5156 0.8156 2.5364 
varnish 2.0935 -0.52946 1.2526 2.3061 2.2243 -0.21596 0.36728 0.86927 -0.26974 -0.70308 -0.57739 -1.7528 -1.3099 -0.82121 -1.2779 -2.0527 1.104 0.59466 -1.8387 -1.3459 2.078 1.9796 0.12922 0.42609 0.0017304 0.17349 -0.19182 1.2714 1.548 -0.59489 -0.13776 1.1145 0.39232 -0.44796 1.0167 0.56163 1.2568 1.1137 -1.5261 0.5801 -0.64253 0.58246 2.5742 0.098364 -0.60424 2.0175 0.47326 1.253 1.0417 1.9319 0.9398 -2.8109 1.5151 -3.1693 0.14048 -0.29644 0.70285 0.46538 1.4476 -0.090806 -1.2827 -1.945 -4.0063 -0.54288 0.18317 -0.78874 -1.9123 -0.94391 0.29001 2.956 0.16805 -2.7889 -1.9744 -1.3133 -1.6274 2.4395 1.5589 1.8322 -0.43668 1.1025 0.97012 -0.65643 -1.5386 0.86478 -0.89466 0.57081 -0.28453 -1.5137 2.1767 -0.16571 -1.069 -0.58713 2.3376 -0.95858 -0.23897 -0.36448 0.092657 -0.61622 -1.7818 2.3631 
peppermint 1.3569 2.0647 0.53525 2.8852 2.2721 -0.61569 -1.0531 0.33531 -0.1002 0.56826 0.21039 -2.1354 -1.3982 0.50369 -1.0233 -0.58274 -0.78682 -0.044873 1.3335 -0.60614 2.0098 0.42016 -1.2549 0.75195 0.24346 1.3736 -1.1018 -1.0094 0.068773 -0.29863 -0.16493 -0.44192 0.42036 -0.85336 -1.936 1.5458 0.25415 2.0434 0.47987 0.79049 0.326 1.0192 1.3229 -1.3221 1.4528 1.1897 0.65783 -0.15322 -0.64792 2.076 0.044657 -1.603 2.2167 -3.2157 -0.80902 0.86549 -0.27381 1.2091 0.15786 -0.11563 -1.1403 -1.0967 -1.0896 -0.27145 0.47917 -0.41831 -2.1152 -1.0479 -0.22501 0.029773 1.1944 -1.2919 -1.0822 -0.17877 0.12975 0.64434 2.0967 0.31529 -0.76886 -0.86492 2.793 -0.3537 -0.71678 -0.14948 -1.3026 -0.37772 0.72069 0.10773 1.2752 1.0488 -1.6285 -0.45514 2.3243 -1.7893 -0.858 -0.013505 1.099 -0.76676 -0.24911 1.8409 
eucalyptus 1.1918 3.0599 0.42307 1.1873 0.77938 -0.23528 -0.43609 -0.9737 0.49372 -1.6023 0.32821 -1.2405 -1.0616 -0.74368 -0.52033 -0.86568 0.67215 -0.53065 0.88845 -0.95495 -0.25794 1.7644 -0.10882 1.2413 -0.52801 1.4447 0.98962 -0.62865 -0.024341 0.87817 -0.14088 0.23447 -0.71093 0.78052 -1.2826 0.30682 0.44746 0.57399 -0.24792 0.77497 -0.027622 0.96086 1.8223 0.46199 0.15709 2.0536 1.2969 0.03993 -1.6889 1.1518 0.93447 -1.3453 1.453 -1.6245 1.1283 1.0657 -1.4132 1.0831 -0.20729 -0.43919 -0.98437 -0.69968 -0.81782 0.61603 -0.34423 0.50202 -2.0396 -3.2273 -0.46889 -0.30795 0.99186 -0.91069 0.34487 -1.5584 -0.43725 0.92931 0.56514 1.4973 0.68882 0.11216 1.7416 -2.172 0.60845 -0.18822 -0.93809 0.28555 -0.63668 -0.016161 1.055 -0.53851 -0.91658 -0.64627 1.2714 -1.169 0.6893 0.22979 2.4032 0.93822 -0.03716 2.3287 
licorice 1.419 2.1572 2.2728 1.8841 2.8019 -0.3863 -0.86689 0.062267 1.2624 0.65094 0.51704 -2.1536 -1.359 0.14659 -0.50548 -0.71104 -0.002709 0.085064 0.34341 -1.2132 0.49154 1.7255 -0.33763 1.2294 -0.51138 1.9858 -0.73483 -0.71615 -0.40891 -0.5366 -0.10713 0.72119 -0.51627 -0.61458 -1.7451 2.4482 -0.8841 1.4533 -0.056296 0.59977 0.87513 1.2341 1.1323 -1.0902 0.84233 1.5713 0.56984 -0.12011 -0.80252 2.2467 -0.022057 -1.9856 2.5353 -2.9919 0.094555 0.15357 -0.37465 0.19 0.75432 0.19854 -1.2606 -1.8623 -1.8712 0.26346 0.76963 0.22527 -2.1366 -1.2215 -0.61112 0.8088 2.2309 -1.9319 0.3139 -1.338 -0.095775 0.50353 1.2855 0.65613 -1.3754 -1.3513 2.8834 -0.69299 -1.3695 0.47031 -1.723 -0.18374 0.41318 0.30785 -0.37037 0.69741 -1.9932 -1.6119 2.4756 -1.3209 -1.235 -0.34428 2.2776 -0.79425 0.60438 1.7501 
disinfectant 2.0859 -0.4137 -0.15533 4.5574 2.6015 0.73352 -0.64835 0.28645 -1.1615 -2.3813 1.0263 -2.5398 -1.5125 -0.16022 -3.1422 -2.1168 0.36726 1.7202 1.7991 0.55695 2.9779 -0.37871 0.27444 0.72486 -0.31905 0.37831 -1.0961 -0.16714 0.83219 -2.3634 0.89719 0.67982 0.72897 -2.9499 -0.51734 -0.80089 0.27187 1.4225 0.40208 -0.042282 0.11891 1.1357 1.4826 -0.46605 1.4414 1.0566 -0.79163 0.11997 -2.5021 2.4366 0.77139 -1.3666 3.5518 -2.1606 2.3961 -0.22495 -0.40464 -0.96884 1.4888 -2.0617 0.56029 -1.6261 -2.3503 -0.87383 0.3878 0.1676 -1.0065 0.1804 1.0244 1.0219 -0.42867 -2.0665 -0.50054 -0.75225 0.55403 2.3986 0.48865 3.2637 1.0043 1.2502 3.6512 -1.3324 -0.46136 0.66661 -0.080757 -0.28869 -0.12039 0.33372 1.1928 -1.2714 -3.9118 0.89933 0.87944 -1.0579 -0.68801 -1.7485 1.5244 0.58157 -1.2937 1.537 
geranium 1.6787 1.0602 1.9091 2.5033 2.7862 1.3225 -0.67097 -1.2842 0.94542 -0.51282 0.56271 -1.1199 -1.9023 0.17463 0.70604 -2.6784 2.0192 -0.059791 -0.36858 0.20243 -1.2085 0.87833 0.73062 1.5593 -0.20056 2.0806 0.63979 0.26546 1.5893 0.7027 -0.32919 0.56464 2.0854 0.081298 -1.9713 0.31262 -0.47956 1.4272 0.63773 -0.94486 1.0284 -0.37928 1.6268 -0.17353 0.0028856 0.68479 0.97761 0.1823 -2.4737 2.6171 -1.1727 -1.9241 1.9751 -1.4469 1.5916 0.92856 -1.2816 0.64352 -0.36734 -0.94824 -1.1923 -2.3477 0.072467 0.62957 1.0379 0.42513 -4.323 -3.0793 -0.089801 1.2759 1.3434 -0.78492 0.48099 -2.0168 0.20402 0.79969 -0.32775 1.3112 1.1269 -0.076074 1.5264 -2.0102 -1.2591 0.46614 -1.2292 0.082395 -0.35631 1.2489 0.82355 -1.7676 -1.445 -1.3726 0.19389 -2.2205 -0.82679 -0.18121 2.109 -1.3043 0.13479 2.3388 
turpentine 1.484 -0.68059 1.371 1.3123 2.6224 -0.12041 -0.25169 -0.25569 -0.66298 -1.8035 -0.30979 -2.61 -1.9155 0.45272 -1.1114 -1.3101 -0.36217 0.60503 -0.1838 -1.4486 1.1232 1.7182 0.12917 0.64767 -0.44422 1.2418 0.28152 0.032181 1.2534 -1.1624 -0.62888 0.68029 0.13321 -0.97791 0.056064 0.91254 0.55755 1.8594 -0.3689 0.6997 -0.12201 0.13218 0.74334 1.0704 0.42383 2.2872 0.50969 0.44634 0.11645 0.79373 0.44417 -1.4901 2.1734 -2.1341 0.7182 -0.4001 -0.32183 -1.0931 1.1652 0.068181 -1.0734 -2.1325 -3.3271 0.070409 0.35899 -0.13061 -2.662 -1.3171 0.61253 1.7617 1.165 -1.3624 -1.3547 -0.69313 -1.03 1.132 0.73994 2.782 -1.2177 1.0791 1.7128 -0.89004 -0.57145 0.08045 0.22912 0.12868 -1.0297 -0.54924 1.1311 -0.48452 -1.5042 -0.961 2.9308 -0.68589 -1.3615 -0.6873 1.2589 -0.78627 -1.7565 1.1899 
mothball 0.86839 0.31627 -0.31339 1.4409 2.3013 -0.41907 -0.37961 -1.9544 -0.32174 -1.066 0.17164 -1.1309 -0.98025 0.33832 -0.14142 -0.80076 -0.66616 -0.064933 0.45147 -1.0175 0.81411 0.045683 -1.2629 0.84559 -1.7763 1.7455 -0.6043 -0.13544 -0.037389 -0.93365 -1.5804 1.0764 -0.19011 -1.3036 -0.90879 0.52327 0.47151 1.7533 0.85988 0.55931 -0.17379 0.78067 0.021476 -1.2526 0.327 2.1302 -0.020587 0.39499 0.52942 1.4396 -0.67619 -1.3687 0.89042 -0.23291 0.39838 0.54702 0.028893 0.47415 1.972 -0.095545 0.26684 -1.3906 -1.994 0.37527 1.2282 -0.81078 -1.7627 0.13789 0.19606 0.27822 1.0335 -1.7147 -0.48528 -1.4999 2.01 0.24751 -0.32007 2.0544 -0.18765 -0.68232 0.8233 -2.1291 -1.3184 -0.94646 1.8441 1.133 -2.4631 0.21045 0.077678 -0.56476 -1.8014 -0.77726 1.3081 -0.33558 -1.0312 -0.55741 1.1384 -0.444 -0.91946 -0.14108 
anise 2.0762 2.0279 0.97872 3.8559 3.0785 0.34281 -0.87867 -0.26227 1.3036 -1.4754 0.38944 -2.7151 -2.126 -1.2815 -0.86429 -3.7296 0.49548 -0.22753 1.211 0.16751 2.0032 0.60618 1.8452 0.99939 -1.1741 0.71341 -0.2118 -0.26821 0.17835 1.2545 -0.07262 -0.84978 -0.21257 -1.2443 -0.35136 3.4461 -0.67964 0.7227 0.15867 0.27676 2.8493 -0.27971 -0.4471 0.50488 2.5146 2.4032 -0.14496 -1.2601 -0.58692 4.652 -0.36986 -1.683 2.7907 -4.5825 -0.25543 1.0884 -0.16027 -0.42091 1.2783 1.3031 -0.95386 -1.3318 -0.7489 0.38751 -1.612 -0.84063 -1.8958 -2.1364 2.9593 0.53963 -0.51488 -0.66643 -0.93833 0.038468 -2.1451 0.10664 0.9393 0.92026 -0.52572 -0.18199 2.7408 2.086 -0.13284 -0.33966 0.54908 -0.96582 0.57235 0.38713 0.73455 1.4944 -1.7497 0.20462 2.3239 0.32286 0.34779 -1.5809 1.3315 -0.16282 -1.4012 0.63803 
creosote 0.85396 1.3722 0.97521 1.8708 1.6128 -0.40344 -0.1696 -0.97921 1.6977 -1.686 0.26935 -1.0222 -0.78484 0.10503 -1.0924 -2.2508 -0.35341 -1.0525 -0.52649 -2.2885 -0.3374 1.4983 0.84984 1.1478 -1.2743 1.9036 0.64449 0.41639 -0.25487 -0.4864 -0.53385 1.3206 0.58204 -0.86214 -0.21386 0.074856 1.2075 1.1354 1.9369 0.36415 -0.18404 2.616 1.9389 -0.59833 0.31582 1.3552 0.78954 0.53697 0.42501 0.15532 0.92324 -0.32272 1.0054 -1.9335 0.5199 0.095793 -0.80116 0.72145 0.40694 0.43307 0.29972 -2.3539 -0.9957 1.2222 0.61088 0.94345 -2.6348 -1.203 -0.029643 1.3535 0.87683 -0.20471 -0.066708 -2.86 -0.34228 0.95518 0.37325 2.2114 1.0817 -0.64805 1.732 -2.8133 -0.68492 0.64961 -0.84914 1.3883 0.35834 -0.85248 1.9292 -0.26829 -1.9641 -0.35311 1.4283 -1.7816 -1.3514 -0.20316 2.4656 -0.19944 0.10339 2.2968 
camphor 1.5581 0.39404 0.2989 1.9808 2.913 0.30805 -0.67209 -1.2913 -0.06964 -1.8215 0.085597 -2.5003 -0.017335 -1.009 -0.99718 -2.824 0.88894 0.45346 0.60221 -1.341 0.40413 0.55425 0.76392 2.1371 -1.8986 1.1537 -1.0906 -1.7112 -0.50864 -0.40177 -0.88254 0.65176 -0.38002 -2.6351 -0.99573 0.70689 1.4399 2.1485 0.53899 1.5884 -0.0039645 1.7743 1.6641 1.0524 0.73964 1.4593 0.68354 -1.1277 -0.14812 1.3437 -0.36067 -1.5589 3.462 -0.92032 1.1166 0.52977 -1.4349 0.32556 1.8262 -0.62201 0.75046 -2.1543 -2.6023 0.57956 1.0726 0.30307 -3.1563 -1.1031 -0.71678 0.40201 1.1705 -0.82242 -0.63458 -0.67197 0.98117 0.8774 -0.83636 1.3612 0.0028755 -1.3899 1.4231 -1.6577 -0.62241 -1.1326 1.2513 1.192 -0.20573 -0.52552 0.39803 0.058181 -0.30285 -2.4065 0.88748 -0.31721 -0.96949 0.60009 1.2116 -1.4104 -0.72645 1.1525 
