96 100 
blood 0.8668 3.0249 0.099865 0.77374 -0.6526 -0.90857 0.31724 1.3099 1.5229 -1.333 2.6036 -3.393 0.027367 2.4109 1.1616 -1.1443 0.33971 -0.36264 2.4842 1.8846 2.9818 -0.84579 -2.2708 1.3425 3.861 2.0259 -1.1031 2.6156 3.3407 -1.9779 3.0541 -0.90837 -2.2799 -2.6034 -2.3607 -1.5995 -0.26914 0.49213 3.2305 3.489 -0.9342 -4.8441 0.81327 -1.2149 6.2222 -2.429 -2.5576 -1.885 -0.46066 0.34059 -1.0384 -0.94998 0.59622 2.5299 -0.3565 -1.3357 -1.8289 1.1549 0.49636 -2.5643 1.2597 -1.3613 -2.4929 -0.28637 -0.67389 1.1239 -0.070247 1.2511 1.6287 0.59896 -0.12542 -3.6843 -0.75382 -0.24391 -2.1683 2.5493 -1.3852 -4.5566 -2.7664 -2.0755 4.7909 -1.7626 0.97595 2.0771 3.4101 -0.38744 1.2803 -1.1624 -3.7527 1.1104 -4.2503 2.6181 2.9525 -1.2852 -3.0402 -3.8376 1.0888 1.3307 3.9102 3.1964 
animal 1.044 -2.4841 1.0578 0.43074 1.39 -2.069 0.27027 -0.97973 0.065703 -4.7259 2.5908 0.80197 2.4881 3.3429 0.79353 0.74691 -1.2039 -0.53273 1.4711 -1.7688 0.26681 -1.3843 -0.5768 -0.87446 1.1597 0.013658 -0.1036 -1.5408 0.47484 0.89819 6.4787 0.44376 -2.1479 0.35745 -3.7414 -1.4354 2.8414 -1.2723 0.16134 2.4007 -3.1279 -1.5587 1.7374 1.249 5.6111 -0.42769 0.6486 -2.7556 -0.60414 1.6669 0.36695 -1.229 1.0535 -1.4506 1.5877 -3.5143 0.28061 1.4228 -1.4423 -2.5255 2.2227 -2.1146 1.9893 0.1658 0.1439 0.76705 1.3691 0.88037 1.2806 2.3458 1.9897 -2.7498 0.69671 3.3703 -2.7571 -2.5492 -0.18495 -2.8481 -0.72475 1.821 4.0168 -0.8587 1.5753 4.5697 0.05837 0.91618 -1.8338 2.2995 -1.1312 1.9258 -1.6273 1.2095 0.96254 1.3556 -2.6453 -0.6229 1.3992 2.8789 1.1794 -2.8242 
fish -1.1371 -0.58246 0.61158 -1.6537 0.050266 -4.1305 2.8935 -0.59264 -1.1063 -1.4653 0.25189 3.2972 -2.3519 0.56369 0.22155 -0.30783 0.76639 -0.57124 1.4591 0.66693 0.22414 -0.165 -1.3159 1.5377 -0.24273 1.9054 0.066131 2.3179 -1.2678 -1.5011 5.3864 1.8531 -5.3407 -1.9134 -3.6245 0.82511 0.34156 -2.9661 1.473 -2.639 -5.0285 -0.2168 3.4753 -1.861 7.7962 -4.0791 4.5252 1.7021 2.6056 -1.5656 -0.46855 -2.854 -4.4574 -2.0888 2.0951 -4.348 -1.0997 1.0905 -2.495 0.45131 3.9023 -6.4107 1.6774 0.83174 -2.1893 3.1741 1.6625 -0.63934 1.3361 -0.22203 4.3609 -5.0133 4.1318 2.7534 -2.5067 -3.8369 0.71483 -0.7971 1.4178 0.13029 2.5985 -0.69624 2.6316 2.1937 0.91583 0.3355 -2.2398 -1.33 -0.9053 2.3062 -3.9982 3.4416 2.0358 0.62862 -3.779 -5.465 -1.7846 3.6365 4.8348 -2.3028 
paint 0.48432 -1.1924 -2.225 -0.60689 -1.4301 -3.2299 -0.42584 -3.1456 0.50793 -2.3128 2.5697 -1.659 0.75042 -0.36719 -2.4176 -1.2251 2.2138 -0.82485 0.47052 -1.866 -1.6223 -1.4906 -1.97 -0.61329 -0.77176 2.2577 -1.6067 3.216 2.3668 -0.63087 0.67624 2.6029 -1.4544 0.83604 -0.39037 -0.72212 3.1204 2.2264 -1.4172 2.8058 -1.977 -2.3751 4.2924 -2.5986 5.2656 0.027923 -3.6558 0.37531 -1.9341 -0.21226 3.1301 2.8677 0.49503 -1.6246 -4.9586 0.93838 -0.70016 -0.95952 3.343 0.37487 1.6353 -3.2504 0.54308 3.5065 -1.5288 3.1393 -1.9189 2.0903 0.26336 -0.9774 2.4758 -2.5414 0.63631 -1.7895 -3.854 0.56345 -1.4573 -2.8775 -3.1383 -0.26036 4.3029 -1.1797 0.18859 0.064212 -0.65096 1.6287 -2.051 -2.4549 0.53402 -1.8397 -0.83293 0.32575 2.4697 3.2161 -0.86012 -3.5353 -0.95872 3.7707 -1.1831 -2.6417 
apple -0.06807 1.2279 -0.34862 -0.45947 -0.49422 -0.58598 -0.45834 -1.9204 -3.5594 0.53851 -1.2492 -2.2512 0.94181 0.090962 -1.2313 3.3754 -5.2477 -3.3002 -0.62474 2.1198 -2.2766 0.91847 0.77922 1.1842 -2.2497 0.91681 0.73978 -3.9826 2.5391 0.54496 1.128 3.47 -0.92837 1.1637 -1.1617 -1.7815 3.4876 1.5686 -0.56414 -1.0289 -0.38755 -0.9951 2.3091 0.68178 3.6208 -0.9379 0.11487 2.2914 0.26524 1.575 0.81147 -1.9413 0.47498 -1.7246 -2.5966 -1.9763 2.3499 4.1318 -0.72183 -1.0153 1.4911 -2.2368 1.5771 3.4562 0.55673 -3.0415 -2.177 1.2556 2.1942 -0.25205 1.7145 -4.226 4.0885 -0.29207 -2.1909 2.6352 1.3074 -0.63554 -0.16596 0.49002 -1.2817 -2.2291 -1.2315 0.80989 -1.4588 3.288 -2.1301 3.0706 0.59009 1.4937 -1.8729 -0.31863 4.332 0.52899 -1.3469 -3.5037 0.52995 5.8956 1.7493 0.0086686 
smoke -0.84974 0.013646 -0.31866 -0.71782 2.9416 -2.6216 0.53842 0.54979 0.9251 1.1421 0.53846 1.293 -0.635 -2.5494 0.43886 -1.7154 -0.27153 0.23933 2.652 -0.67848 1.366 0.92017 -0.46655 -2.9874 1.9576 3.1961 -2.9192 1.9358 1.0728 -1.9928 3.9248 1.2103 0.25101 -1.7041 -0.861 1.4757 -3.2567 -0.29128 -1.4243 0.64962 -0.048253 0.96626 1.2675 -1.3194 4.0683 -0.21071 -1.0207 -0.73091 2.8737 -2.107 2.437 -0.95128 -0.58905 -1.9729 -1.0843 -3.4992 1.4228 -0.50961 2.504 1.3479 1.4408 -0.97235 0.47699 1.4486 -0.44891 2.3545 -0.19104 0.24072 -1.4001 -1.0784 0.48636 -3.4413 -1.2492 -2.5767 0.10749 4.9901 -1.4484 -0.46932 -0.90104 -3.4127 0.80527 -1.031 0.20821 0.0015327 -0.50789 3.9338 -2.0029 0.088483 -2.859 -0.89173 -3.5322 3.1972 3.2839 -4.7505 -3.312 -3.4488 0.81922 1.8324 0.28289 2.5948 
coffee 0.021491 0.56869 -0.94955 -2.4213 2.0354 -2.2436 -0.73391 -0.040416 -3.0283 -0.0046556 0.099518 -0.43764 -2.0588 -0.93571 -1.1389 -1.9594 1.0008 -2.1962 -0.49563 0.63583 -1.6245 2.0764 2.2533 0.035709 -0.58413 1.9451 0.76872 1.5644 0.48903 2.2487 0.76619 0.55541 -1.1552 -1.7265 -0.20746 1.7951 1.0442 1.6998 0.25631 -0.039981 -0.42206 -1.4661 0.8477 2.3589 3.2747 -0.77583 -0.80521 -0.32466 3.3958 -1.2063 0.44625 -2.1207 -0.07379 -0.96847 -2.8462 0.139 -1.3218 0.85608 4.3399 2.4274 2.52 -2.1593 -0.93423 1.6213 -0.4932 -0.54431 -0.49803 -0.40904 1.8269 0.29331 -0.12052 -3.1753 0.34523 0.51814 0.022282 3.2785 1.2972 -2.1919 0.30018 -3.0281 -0.71434 -2.1827 0.29165 -0.072158 -1.1523 1.0252 -2.7987 2.1786 -2.1259 0.25726 -3.9874 0.5588 4.1938 -1.9015 -2.095 -4.4313 -1.6407 1.8651 2.7389 0.1396 
egg 2.4807 -6.7791 -6.2787 2.4623 2.6616 -0.39777 5.9141 -0.91742 -5.1594 -1.1937 5.5198 1.94 -2.8758 0.69142 5.7905 3.0259 3.0037 -1.4063 0.5469 7.1824 -1.849 -1.9465 0.60962 2.7028 0.24172 -1.2296 -3.9133 0.22817 0.98019 -1.2258 3.4766 -2.0672 -4.8703 4.5405 -1.4396 2.5185 1.7837 -2.338 1.1791 -3.9015 -2.381 -2.7675 4.8137 -0.16772 6.6909 -4.3934 0.84874 3.2517 3.038 2.7646 -3.1618 0.83783 -4.4451 -4.4123 -3.8869 -0.84205 2.0197 -0.3309 0.81536 -2.7798 3.8973 -4.3407 0.34781 3.4872 -2.3692 -0.63931 0.49838 -2.2762 3.3445 0.18681 -1.6874 -1.5419 5.1612 2.0711 0.63303 -4.5644 4.3743 -7.3135 6.883 -2.8538 5.4025 -1.5717 2.6535 4.3738 6.6331 -0.7242 1.2158 3.7088 4.9038 7.8552 -7.1553 2.1298 6.9014 -0.99988 1.131 -3.8424 4.2051 5.3924 5.1695 1.6589 
honey 2.3665 -0.050261 -2.3253 -0.49532 0.64892 -1.1908 0.99241 -0.27035 -0.54093 -1.0285 -0.11667 -0.23282 0.12402 -0.21212 0.35121 1.3557 1.3304 -0.1454 -0.47812 1.4933 -0.44103 0.75043 0.68809 -0.42373 1.4374 2.681 -2.9577 -0.59982 1.8562 1.0503 0.66494 -0.52717 -2.2036 -1.0716 -1.4052 1.5265 1.2093 -1.3042 -0.51419 0.78928 -0.78532 0.11388 -0.035858 0.66843 2.9709 -0.18354 -0.23537 -1.0071 0.56613 -1.8248 -0.44845 -2.2066 0.63761 -0.28988 -2.2899 -0.11327 -0.66167 0.60101 1.4124 -0.43371 1.3494 0.58266 -0.90047 0.38512 0.065439 0.50785 0.19541 -0.37787 0.27839 -0.18573 2.3539 -0.44496 -0.65308 1.0212 1.5863 2.2462 2.1351 -0.56214 0.29944 -0.99587 -0.28523 -1.1922 -1.2344 -0.17291 -0.93096 -1.211 -0.83311 2.8532 -0.09048 1.4774 -1.6191 -1.459 4.534 0.48858 -1.5533 -2.1811 -0.32115 4.3307 2.7951 0.56829 
wine 0.86447 2.8116 2.0376 -3.3602 0.77593 -2.1222 -1.1822 -3.6111 -3.7196 -3.8229 -0.32176 0.06485 -3.2019 -0.17105 -0.11049 -2.0072 1.9654 -2.965 0.26693 -1.4258 -0.8409 0.88033 0.67475 0.0066318 -0.33046 0.69815 -1.3565 1.2432 -1.6144 2.882 4.7234 1.5257 -3.0594 -3.6668 -1.9402 -2.1965 4.4768 3.2427 0.37074 0.97943 -2.7934 0.12256 1.5681 3.0153 5.19 0.34605 0.31771 3.0246 1.3896 -3.5689 1.9343 -3.7899 -2.1457 -0.81605 -5.2502 0.31634 -1.9336 0.71039 1.046 1.3361 3.2705 -5.2726 -2.546 3.5242 -2.7041 0.17232 -1.8781 -1.2879 -1.02 -2.2048 -1.2261 -4.8696 4.2843 -1.1116 -3.4023 4.6793 2.3204 0.39519 -1.6722 -4.4529 0.068163 -2.1752 0.62638 0.83583 -2.1715 -2.9932 -3.6118 3.547 -1.5613 -1.8059 -4.832 -0.89324 3.5269 -1.83 -3.7079 -7.2092 -3.6329 -0.11372 2.7643 1.2026 
rose 1.1322 0.95469 -2.5681 -0.74492 0.87073 -1.5685 1.831 -1.0655 -0.53536 0.36861 1.234 -0.21449 0.20578 -1.6089 0.9834 -3.2897 1.2308 -0.43712 -0.17152 2.4502 2.3403 -0.7253 1.2745 1.3539 2.0202 2.7212 -3.854 -0.068427 2.1705 -0.56042 0.35402 0.56523 -3.1471 -1.8651 -0.35445 -1.7546 3.4102 -0.80002 -0.4979 1.4706 2.331 3.5717 2.6792 0.93389 1.4658 0.96193 -0.028812 -0.2823 0.23327 -0.136 0.94867 -0.89683 0.738 -1.1879 -2.6502 0.14045 -0.32779 -1.7206 1.8851 0.24303 1.1231 -0.026728 -1.647 4.2014 -0.19406 0.10067 -3.919 2.7927 -3.0542 0.11375 1.8526 -0.77633 0.85293 -2.0283 -1.1843 -0.098076 1.271 -1.4422 -0.44847 -0.60775 0.41769 1.0547 -0.3895 -0.86267 -0.24211 -2.6443 -2.5438 2.4122 -0.063485 -0.15648 -0.063253 -0.41112 3.7314 -1.1446 -1.7757 -1.5746 -0.97874 1.098 1.2393 -0.14346 
beer 0.57896 -1.2384 -0.64978 -2.6911 2.6683 -2.2692 -0.61466 1.1345 -2.5196 -2.093 0.8476 -0.65252 -3.0137 -3.7191 -0.2648 -1.426 0.91762 -1.0218 -0.98058 -1.8775 -2.3238 1.8555 1.494 -0.3172 -0.72762 2.1944 -0.0024311 3.1292 -0.65414 3.4597 3.3141 1.9657 -1.1939 -3.7263 -0.62641 0.5619 1.7027 0.53128 1.6108 0.953 -2.268 0.2538 1.1419 1.7128 4.5374 0.81991 -0.37326 -1.8069 3.15 -3.4184 0.36379 -4.7025 -2.6139 -1.7526 -3.0086 -0.15887 0.2578 1.7229 0.85486 1.4785 3.5452 -5.029 -2.9872 1.7652 0.24702 2.4207 -1.1122 -0.69115 1.6856 0.1623 0.34278 -4.8263 1.7804 0.10973 -1.2893 5.5496 0.42542 0.0074332 -0.053473 -2.7638 0.21136 -2.1641 -0.56719 0.92979 -0.81257 1.6022 -4.4997 2.0417 -3.1863 -0.41768 -3.825 0.031999 3.9667 -3.4169 -2.2899 -5.815 -2.4397 1.0204 2.9351 1.1644 
tea 1.9679 1.1941 -0.90502 -3.5784 4.3005 -0.60024 -0.48807 -3.7486 -4.1043 0.35002 0.29475 -3.3983 -5.0245 -3.3952 -1.0278 -2.8995 1.8774 -2.5149 -0.19653 5.3774 -2.8956 -0.64775 2.474 1.4581 0.55339 2.2381 1.9881 2.4218 4.3566 4.6608 1.7575 -1.1605 -0.76679 -4.2553 -2.1428 0.41284 3.862 -1.6192 3.2012 1.2406 0.40365 -1.1814 -1.0539 3.1058 3.2614 1.7897 0.70613 -1.4334 6.0383 -3.2384 2.8866 -9.4938 1.2883 -2.8273 -6.7432 -1.076 -4.7403 -0.038867 2.7822 3.7809 2.6457 -4.1068 -1.1946 4.3789 -3.362 1.9035 -0.68553 1.9296 2.27 0.17686 -2.516 1.0536 2.1113 -2.2508 0.87137 2.8285 -2.6446 -3.704 3.6253 -4.3829 0.16349 -5.6869 0.946 -0.028723 -2.9043 -1.253 -2.1128 2.6333 -3.5426 -1.2021 -3.7643 -2.9402 10.979 -2.1819 -3.717 -5.149 0.43262 -0.1501 3.3032 -0.56525 
orange 0.72227 3.7562 -1.4692 -1.7877 2.7272 -1.0356 0.070402 -1.1569 -0.79656 1.1013 2.4244 -1.8696 -1.1832 0.39138 -1.1965 -1.5149 -0.9461 -1.0289 1.4535 3.4573 0.4427 -2.1452 0.17672 -0.066283 -0.34358 1.7528 -1.5844 0.83086 2.5869 -0.72076 2.6918 -0.3051 -0.033641 0.13793 0.11169 -1.2317 1.0947 1.3533 0.47572 0.22965 -0.81383 1.3863 2.1791 -1.7528 2.2941 -1.8398 -0.29609 0.61262 0.49656 1.3393 1.3336 -0.53633 -0.73998 -3.8871 -2.5964 -1.5011 -0.10003 0.18684 0.30016 -0.92137 1.3687 -2.6371 1.6745 2.5725 -0.81043 -0.29158 -2.1652 -0.5038 -0.89883 1.2764 -0.13216 -4.6518 1.5331 -0.024994 -0.75571 -1.261 0.35783 0.19294 -2.2428 0.87933 0.69328 -1.0443 0.33395 -1.7753 -0.4804 3.0029 -1.987 0.80806 -1.0618 1.4468 -1.5575 1.3019 3.4054 0.35551 -0.17465 -3.2268 0.16236 2.912 -0.87878 -0.49547 
bread 0.16484 0.29077 -1.3704 -0.19468 0.88404 -4.5298 -0.56488 -1.4588 -3.1107 -0.52796 -0.42467 0.18167 0.73041 0.346 1.3187 1.3749 1.5477 -0.45433 -0.6506 0.76928 -2.4932 0.19182 2.1021 -0.78099 0.1424 -0.022646 -1.2873 1.4657 3.7188 -0.1579 2.3082 0.72593 -0.43422 -0.87232 -0.9536 3.5272 1.7529 2.0538 -0.66782 -1.1406 -1.8892 -0.4998 1.5031 1.6029 2.7979 -2.9753 -1.9555 2.4363 0.4399 -1.6479 -3.58 -2.5647 -0.64023 -1.1931 -3.6168 2.0051 -1.9324 -0.66252 3.1756 -0.81517 3.3216 -4.4619 0.010375 2.4937 -3.2935 0.65615 -0.27241 -1.1172 0.42754 -1.0648 0.095598 -1.7297 2.7994 0.85848 -3.0819 3.6251 1.3461 -2.0774 -0.92063 -1.5226 1.8782 -0.48514 -2.2089 4.9376 1.1622 0.91266 -2.2649 2.6999 -1.4217 1.5524 -5.9348 1.2363 5.137 -0.98119 -4.1048 -4.6037 -0.82791 3.4556 1.3897 3.1487 
cheese 0.25355 0.64614 -2.1762 -3.2355 2.102 -1.7402 0.45986 -1.9664 -3.2183 -1.0445 1.2179 -0.30753 0.61882 1.4519 0.99169 1.9401 2.3511 0.20632 -0.79583 1.3799 -2.3384 -0.61176 2.5626 -1.224 -0.026932 -0.32957 -1.085 -0.28335 1.584 -0.99456 2.4411 1.5271 0.51606 1.1902 -1.1451 1.6502 0.96294 3.1889 -2.1039 -0.72466 -2.0542 1.4137 2.6922 0.30377 4.2384 -1.6823 0.22092 0.21119 0.24307 -1.9003 -2.0357 -1.668 -0.1186 -2.3353 -1.6294 1.6786 0.012756 1.7371 -0.30169 0.12236 2.0051 -4.1411 0.65145 1.986 -1.6464 0.38203 -0.162 -1.9049 -0.10207 -0.67716 -1.1583 -2.688 2.2913 1.6269 -1.376 3.196 1.8932 0.1937 1.2776 -1.5037 0.81427 -1.1258 -1.6638 1.6494 1.8099 0.67272 -0.87349 0.91473 1.5845 1.3086 -4.6286 0.044547 4.6634 -0.79039 -2.2434 -5.3021 -2.0683 1.9462 -1.0356 1.2593 
grass 0.53393 0.094591 -1.382 0.45643 3.1864 -1.7074 0.6096 -4.0737 0.61421 0.4745 0.62501 0.019237 -3.2476 -0.77069 -2.8931 -2.1218 -0.09359 -2.0611 0.034572 1.9394 0.83406 2.9255 -0.19038 1.463 0.85217 4.0522 -3.9321 1.2746 3.8566 -0.36771 6.5343 -0.69668 -3.4914 1.2086 -2.1387 -1.1355 2.6257 -1.5817 -0.59268 -2.0403 0.1992 0.0056191 4.156 -0.22866 2.5032 -2.1729 0.58252 -1.0964 1.8272 1.4514 -0.93585 -0.23603 0.20886 -1.4612 -0.67102 -0.57158 -2.2963 0.78615 0.21739 -2.5265 1.1833 -5.9901 0.54223 0.66845 1.4059 2.8366 -0.35709 3.8605 -1.633 0.048659 2.9517 -2.4185 -0.96712 -0.41668 -6.1934 -0.28982 -0.66759 -1.7842 0.97303 1.233 4.7123 -1.4164 -0.73387 -0.23743 2.6667 0.94433 -5.5101 1.894 -2.6288 1.0223 -1.4154 2.455 5.6173 -0.041272 -5.0196 -1.6476 0.70076 3.9131 0.65036 -1.9198 
vegetable 0.37925 1.5752 0.26245 0.055714 1.0074 -3.5891 0.35807 -2.6383 -1.9299 -0.87764 -0.25233 0.35405 -0.89782 -0.93081 -0.38124 1.1435 1.0391 -1.6688 0.42054 1.2405 -1.5271 0.14022 1.1984 -0.055327 -0.29324 0.66242 -0.29086 -1.7276 1.6387 0.61827 4.1433 -0.066304 -0.53645 1.515 -2.4606 0.39936 1.7623 0.16679 -2.3293 -0.37114 0.29816 -1.669 3.0421 0.95261 4.4229 -1.1777 0.57065 -0.13082 1.3483 0.69959 -1.4708 -0.73941 -0.031518 -1.4898 -1.3796 -0.94347 -1.0194 1.6618 0.2491 -2.4213 2.2002 -3.8308 1.4934 1.3149 -2.7803 0.27344 0.71445 -0.1261 -0.3157 -0.11089 -0.53634 -3.4822 1.3526 0.58682 -2.3251 -0.58378 1.4879 -0.94167 -0.25557 0.23362 2.2986 -0.7747 1.5165 2.7755 -0.64656 -0.47292 -1.3257 1.8199 -0.49533 1.6556 -3.9465 -0.67899 4.3959 -0.19997 -2.056 -4.1672 -0.7082 1.2698 0.38806 -0.62517 
mouse 1.2062 -3.8415 -4.2858 -0.48441 2.4461 -1.565 0.53271 -0.077166 -0.62846 -3.2063 2.1624 -1.3015 2.4419 2.4848 0.71565 -1.1816 -0.33526 -2.2316 3.6232 0.85336 -1.3765 -3.2249 0.30455 0.70217 1.1954 1.2787 -0.28874 -0.90026 2.8521 0.098858 3.6999 3.32 -2.9636 1.6444 -3.9587 -2.5776 2.387 1.4641 1.9294 0.268 -1.2654 -3.2563 3.5279 -1.013 4.7357 -0.85301 2.3886 -4.886 1.6969 3.3393 2.8278 -0.63042 1.3263 -1.4362 -0.54653 -0.8754 0.52104 3.5855 -1.5952 -0.57248 1.4584 -2.0787 -1.0838 -2.2699 0.092655 0.7057 -1.3953 2.3096 2.1687 2.8446 2.1102 -3.9911 0.7896 -0.12414 0.90795 -1.1349 -0.74078 -2.9421 -0.51866 0.29435 2.1796 -0.68223 -1.1992 1.9962 0.17018 5.4211 -0.86344 0.80195 0.14111 3.1755 -2.4765 1.6266 1.5445 0.61803 -3.7132 -3.1287 0.91608 2.792 1.3749 -2.0886 
potato 0.27581 0.42709 -0.37984 -1.3261 2.2866 -3.7482 2.2736 -1.9631 -2.5336 -0.1413 0.18365 -1.0011 -1.0053 -0.56384 -0.54776 1.2002 1.575 -1.0898 -0.58157 2.4599 -1.1428 -0.85336 2.2516 -0.042457 1.1916 -1.9761 0.54205 -0.49028 2.7429 -0.5683 1.4263 -0.10547 -0.10425 1.9989 -2.418 0.22062 0.49682 1.425 -0.87283 -1.5123 0.088099 -0.10477 3.2472 -0.11694 3.8691 -2.5372 1.3411 -0.03701 0.74813 -0.60017 -3.6873 -1.7946 -1.2318 -2.7494 0.026191 0.85109 -1.5845 0.069772 -0.47312 -1.2736 2.1777 -2.8446 2.0572 1.4408 -1.849 -0.30738 1.1328 -0.65491 -0.10729 0.46355 -0.33988 -2.1314 2.343 -1.8027 -1.6437 -0.35556 0.29414 0.074947 0.30546 -1.8872 1.0324 -1.252 0.2749 1.823 2.6716 -0.18684 -0.55067 0.38315 -0.20711 1.5169 -2.4548 0.20602 5.8994 -0.31981 -1.456 -3.467 -2.1677 2.6098 0.16099 -0.44909 
onion 1.7699 3.429 -0.61796 -2.0605 1.4494 -2.0122 2.0727 -4.0983 -2.878 -0.022172 0.36354 -2.5034 -0.037173 0.061075 1.4245 0.52345 0.13298 -2.7395 0.52892 3.2464 -0.50029 -1.0291 -0.80862 -0.1069 -0.73659 -1.254 0.3123 -0.40699 4.2174 -1.0997 3.5984 -0.6015 1.6725 2.7799 -0.11866 0.31141 1.4513 1.4461 -2.0562 -0.8508 -1.827 -0.81625 3.177 -1.2681 4.2068 -4.892 1.7494 -0.96907 0.87279 -0.5222 -3.0354 -2.4735 1.7843 -4.7208 -4.5563 -0.1686 0.82609 0.8884 -0.87348 -2.3787 1.3318 -2.4922 0.54704 2.9073 -3.4685 0.76428 -0.93446 -2.3951 -0.092037 4.8117 0.38649 -2.0324 2.8486 -0.79619 -3.0506 -1.3256 0.39515 1.4615 0.85122 -0.14645 3.1131 -0.8744 -1.4678 2.5934 0.28511 1.0521 -1.7172 0.48782 -2.2127 1.7095 -3.3978 -0.30431 4.8074 -2.4956 -1.2439 -2.8431 -0.38646 3.2753 -0.083976 1.5997 
chocolate 0.57514 0.8363 0.26672 -1.2118 1.9681 -1.2769 -0.21387 -1.3958 -2.0661 -0.034042 1.1373 -0.24527 -0.5009 -0.17587 0.7025 -1.08 0.89411 -0.34216 0.17704 1.365 -1.2734 -1.7865 2.0488 -0.61173 0.28226 0.75152 -1.1197 -0.089041 2.094 -0.26026 2.1062 2.5807 -0.087006 -0.54681 -1.3126 0.67856 1.6919 1.6361 -0.60877 0.26037 -1.5294 -0.6115 0.73835 1.3126 3.5284 -0.86736 -1.6722 -0.55059 -0.4717 -0.67458 -0.60398 -0.94065 -0.055072 -1.3013 -2.56 0.84015 -0.46752 0.82758 1.276 1.1787 1.4156 -2.8039 0.222 2.0761 -1.8757 -0.47821 -1.0026 -0.81859 -0.45321 0.27273 -0.092491 -2.2299 1.232 1.4939 -0.21139 1.8331 0.56913 -1.4546 0.34575 -1.3271 -0.16249 -0.98924 -0.16732 0.15101 1.0342 0.91774 -0.77698 2.7348 1.2658 1.5248 -3.1815 -0.82561 3.8005 -0.5482 -0.75879 -3.8868 -0.9263 2.1476 -0.063083 0.62683 
rope 0.25094 -1.646 1.0768 0.53648 2.3178 -1.5312 0.4476 -1.7072 -0.39047 0.22517 2.289 -2.7972 2.7725 -4.6528 0.57012 -1.128 -1.5902 -0.93665 -0.2738 -2.6084 1.2612 1.3594 -1.3766 1.3908 -1.7474 2.2533 -3.1333 2.0919 3.0605 0.21045 3.376 -0.31943 -0.61026 -1.9771 0.41387 -0.22069 -1 1.7237 3.1059 -2.2694 -3.6023 -0.42278 2.2082 -1.2391 4.7506 -3.2499 -0.97366 -1.1795 2.5321 0.7013 -1.5599 2.3421 -1.6036 3.8423 -1.9072 -2.5138 -3.9286 0.34788 -1.3936 1.0301 -2.6919 -4.7252 1.5824 -2.7895 1.2449 4.7197 -2.383 1.7452 0.9803 -1.1301 3.4757 1.6917 0.41882 -1.3505 0.2106 0.13589 -0.12629 -1.0075 2.2117 0.91912 3.5846 1.2004 -3.3776 1.6536 1.9295 2.7827 -2.0142 1.2926 -0.24574 4.4032 -2.4686 4.6298 1.1354 -1.0918 -4.694 0.11577 -2.1764 3.2721 -0.86128 -3.3304 
tobacco -0.29804 0.17163 0.48144 -0.30134 0.045557 0.93373 1.5957 0.4151 0.35409 -0.65929 -1.9217 -0.75277 -0.35729 -0.55232 1.4386 -1.4913 -1.0412 1.286 -1.3057 0.56145 0.73929 -1.5163 1.121 0.030931 -0.79043 1.1406 -1.4205 -1.2103 0.3963 0.9756 3.8974 0.69646 -0.38538 0.24015 -0.040314 1.2543 0.10099 0.85733 0.49406 0.31364 0.13595 1.4685 -0.42681 2.0721 2.6605 0.18412 -1.5394 -1.5803 1.3895 -0.62405 2.659 -0.70637 -0.44663 1.5336 1.4349 -1.0943 1.6616 -0.010965 3.5737 2.2675 1.8343 -1.8097 2.2542 3.6426 -0.96378 -0.68736 1.2392 2.5492 0.75049 1.4872 -1.0015 -5.2245 -0.54933 -1.6437 -2.4832 1.835 0.6798 1.5798 -0.019389 -1.3217 -0.84383 0.49814 0.81224 0.7566 -0.52236 0.47928 -2.1311 0.26399 -2.3589 -0.91511 -1.8365 0.6828 1.8289 -1.2785 -3.1803 -3.4045 1.4151 3.6737 2.31 -1.1865 
leather 0.70586 -0.94099 -0.55709 -1.973 2.8779 -4.7614 0.94884 -3.1825 -0.70166 0.01421 1.3016 -2.4127 0.9203 0.11288 -0.26509 -1.8791 -0.38373 0.36515 0.4387 -2.9917 -1.608 -1.2135 -0.50439 0.83634 1.3725 1.2685 -2.6356 0.25125 1.6519 1.289 2.7012 0.12738 0.66597 -2.9662 0.89504 -0.093604 1.0945 2.7709 0.82139 -0.13118 -0.95607 -1.0683 3.611 -2.1437 4.1029 -0.35578 -1.2723 0.04485 -0.43798 2.1885 0.35091 0.65023 -1.6654 2.2801 -4.3755 -1.1752 -1.6423 -0.29601 0.97946 -1.1148 -1.2858 -1.7318 2.2573 -0.42258 -0.99652 0.43418 -3.0712 1.0512 2.1924 1.2064 1.9516 -2.9664 0.82901 -1.1047 -2.0558 2.0236 -0.6419 -1.1439 -0.28823 1.2504 2.532 -3.222 -2.4017 -0.56426 1.878 1.835 -2.2423 -0.068556 -1.8095 -0.72253 -2.1973 1.6077 2.8371 0.92531 -3.2717 -1.8945 -1.269 3.0649 -0.64493 -3.0012 
oak 0.048872 1.1929 -1.1714 0.94257 4.45 1.903 -0.069787 -6.6051 0.47181 2.4716 2.0046 0.063062 -2.1789 3.8078 -4.6199 -5.7825 -0.66754 -5.5409 -3.8828 1.7376 6.2717 4.2354 2.9531 3.6494 -0.39246 3.7647 -3.4621 6.6128 4.7029 1.2088 6.8559 -1.146 -3.1511 1.0995 -1.0929 -3.117 2.2826 1.9872 -0.19851 -1.6799 3.8572 5.2307 6.9669 -1.9237 -1.6156 1.5041 2.3661 0.24954 3.0174 3.3842 1.7625 2.4102 -4.1581 -0.87175 -3.6171 3.3597 -0.29213 0.38495 1.7556 0.31146 -0.85213 -3.1534 4.1051 6.5654 3.4905 4.4419 -0.14693 1.5835 -6.4333 -6.0389 0.15276 -4.7004 4.602 -2.0596 -4.1485 0.31056 2.0679 -2.5555 6.0312 -0.79119 3.1468 -6.2971 1.5134 -4.799 1.6152 0.23079 -4.1885 2.4249 -1.3665 -2.5161 1.9089 6.6651 3.0572 -2.8209 -1.8051 -0.74997 4.6029 -0.43984 -3.7143 0.47781 
weed 2.1364 -0.61828 -1.0294 3.4995 2.2579 -0.95749 1.2833 -2.9286 -1.6893 -2.5294 -0.090344 0.41636 -1.838 -2.6849 -1.4844 -0.6854 -0.91691 -1.3579 1.3905 1.9997 -1.348 4.6049 0.69501 -0.20579 -0.13438 3.6096 -4.2836 0.39871 2.833 0.011163 7.1385 -0.066382 -1.4561 1.3701 -2.4107 -0.011523 0.60215 -1.8151 -0.55815 -0.7649 1.7964 0.089451 3.2555 1.0917 5.5938 -2.4447 0.23455 -3.0366 2.8472 -0.40433 -0.053188 -0.71371 1.1953 -0.57294 2.4804 -2.5557 -0.6175 3.4691 0.38932 -3 2.862 -2.2652 2.64 1.0007 -0.352 2.781 0.24034 3.7796 -0.87926 -0.66643 3.9534 -4.0283 -1.0542 -0.81211 -3.0977 1.4057 -2.3205 -1.1204 -0.25091 -0.33471 1.6126 -1.6478 1.124 1.0244 -1.5288 -1.3394 -4.5046 1.9132 -1.8183 1.2879 -2.2805 0.11584 6.0441 -2.9424 -4.8801 -2.1132 0.030722 5.0206 2.4831 -1.6486 
bark 0.54972 -2.1889 -2.2628 -2.9494 4.8429 -1.4456 -0.19316 -5.3693 1.2958 -1.485 0.33997 0.2937 0.6361 1.8328 -0.52592 -0.6238 -1.3203 -0.38173 0.36037 0.12777 -0.21672 2.7899 1.7969 0.58001 0.11299 1.813 -3.7641 3.4073 1.8192 -0.47231 1.8242 0.19065 -4.4845 -0.11002 0.064834 -0.61224 1.426 -0.00084062 -1.3592 -1.6268 -0.024717 0.44992 2.524 -0.18881 1.3766 -0.90622 0.7532 -2.1135 0.40487 0.87526 0.8632 -1.2318 -1.5405 -1.4595 -2.401 -0.90886 1.3531 0.28336 -0.91074 -0.25704 -0.58121 -1.5812 -0.8428 1.2117 2.2265 5.183 -0.60928 2.5636 -0.81196 1.1986 3.768 -0.23791 -1.9859 1.2558 -2.1759 0.86992 0.035822 -1.3005 1.0564 -0.46127 1.131 -0.78019 -0.21903 0.82891 1.553 2.1636 -3.5434 0.45677 -1.5005 0.2781 -1.2002 4.7088 3.4139 -3.058 -4.2843 -1.8188 0.70648 3.5763 -0.67804 0.48448 
garlic 1.1506 2.8573 -0.17316 -2.3846 1.9361 -1.9339 1.5656 -4.4806 -0.89787 -0.29927 -0.36079 -0.83936 0.70121 0.070812 0.79792 0.2183 0.23811 -1.7647 0.20581 0.75623 0.48859 -1.3892 -0.23513 0.1722 0.74344 -0.10749 -0.41276 0.51748 2.1531 -1.4725 2.9598 -1.7958 1.0253 1.8501 -1.6264 -0.18089 1.3668 0.16034 -1.6517 0.73884 -1.9323 -1.2175 1.4992 -0.40739 5.0213 -3.5529 0.90573 -2.1093 -0.055114 -1.0774 -2.624 -1.9552 1.3059 -2.7115 -2.9703 -0.54949 0.79348 0.02579 -1.2298 -2 0.10971 -1.8787 -0.14226 4.0299 -2.7189 1.8147 0.088979 -0.37299 -0.81582 1.8134 -3.078 -2.7442 2.2259 -2.7589 -1.8521 -0.74556 1.3016 1.8132 0.97476 0.038236 2.1727 0.22998 -1.5425 2.0279 1.3109 -0.11621 -0.46994 0.92963 -1.3249 0.96255 -3.2471 -1.3422 5.0289 -1.2552 -1.7129 -3.9046 -1.5409 0.59986 1.0807 -0.001037 
lemon 0.7064 2.6142 -0.17776 -1.402 0.74893 -1.9283 1.1976 -2.8858 -1.4693 -0.96129 -0.27589 -1.462 -0.16348 -1.5751 -0.91949 -0.049877 0.79081 -1.4647 -0.054558 3.0945 0.33969 -3.0793 0.39127 1.8999 0.37085 2.0967 -0.75816 1.328 2.3562 -1.5004 2.6221 -0.43607 -1.3155 -1.4983 -1.4697 1.9079 3.0094 0.74467 -1.2627 1.0278 -1.7969 0.17727 1.5462 0.69576 2.5831 -2.9254 -0.86179 -1.2127 0.62098 -1.2399 -1.5285 -1.7608 -0.03575 -2.2452 -2.9512 -0.32201 0.97839 1.2094 0.39184 0.039989 0.1633 -0.24015 -1.3834 3.7142 -0.40211 -0.29903 -1.3045 -0.52989 0.4865 -0.46371 -0.51054 -1.623 2.3959 -1.3195 -0.5977 -1.0538 1.5267 1.5671 0.29181 0.67012 -0.74622 -0.60265 -1.4173 -1.0011 -0.54374 0.22619 -2.2954 2.4422 1.2992 -0.14793 -1.5906 -0.081462 6.9372 -1.8038 -0.82556 -3.2939 -1.1879 0.78152 1.2221 -0.38981 
pine 0.52856 0.4223 0.46804 0.12812 3.7109 -1.5287 -1.8117 -7.145 0.70517 0.23977 1.1497 1.5462 -1.3039 0.87769 -2.8982 -5.1495 -1.5052 -2.9869 -1.3463 1.1558 3.1394 -0.054618 0.79385 1.8108 1.3568 3.7483 -3.5494 3.8319 4.0886 -0.18302 7.0279 0.87207 -2.5601 0.033228 -1.9553 -0.76096 3.3929 2.5043 0.098347 -1.4639 0.91523 2.0173 5.8791 -1.0212 3.6969 -1.7122 0.80049 0.54198 1.6217 2.8783 3.0683 -0.077434 -1.2344 -0.16952 -3.1129 1.2479 -2.1306 2.1119 1.1397 -0.86633 -0.096566 -2.2085 2.5161 4.7716 -0.32367 5.1265 0.35988 1.7471 -2.7981 -2.1375 2.9884 -2.8788 1.2415 0.27968 -3.7346 0.94801 2.7891 -1.5232 2.8151 -0.070514 2.1241 -2.1276 0.22439 -2.6396 2.1994 2.455 -4.3416 2.7351 -0.89241 -2.0426 -1.0003 4.0056 5.4551 -2.5524 -3.6545 -3.1589 0.79095 1.9961 -2.1892 -2.1684 
berry 1.8418 1.6851 -1.9541 -0.30106 1.5905 -0.78281 1.8937 -1.0337 -1.5067 -1.7523 -0.71452 0.25082 -0.10136 -2.0647 -0.28752 -3.0869 -0.65504 -0.20456 -1.4912 2.4274 -0.1587 -1.5027 2.1821 1.4207 0.32762 2.8361 -3.5275 -0.23887 3.2114 -2.6535 2.5777 -0.3258 -2.6579 -0.82666 -0.45149 0.90344 2.3046 -1.029 -3.8143 -0.56859 2.0994 2.6611 2.5466 1.8599 1.7689 -0.14423 1.6097 0.94812 1.0563 1.0575 -1.5338 -2.3568 -0.33497 -0.99771 -2.1055 2.3808 -1.1585 1.191 1.0185 -1.4282 1.8359 -0.74343 -0.72899 4.5563 1.7672 -0.010159 -2.0901 1.1223 -0.26398 -1.4087 -0.10832 -2.638 0.82574 1.0305 -2.2224 -0.87456 2.4659 1.082 1.2904 -0.85207 -1.9832 -1.6195 1.1737 0.95527 1.3302 -1.2673 -2.8421 2.8571 0.95434 1.2076 0.13856 -0.95606 4.1458 -3.014 -0.82279 -0.9785 -2.0192 3.257 1.6869 -0.7336 
cherry 0.75123 1.168 -1.38 -0.4173 1.182 -0.075071 0.73044 -1.2741 -0.8834 -0.31567 0.85978 -0.85698 -0.71823 -1.1899 -0.59906 -1.3271 -0.45092 -0.91944 -0.63888 1.9466 0.039962 -0.36474 2.8529 1.4512 -0.44218 3.2173 -2.1898 0.47192 1.8613 -0.28943 2.0415 0.37254 -2.6047 -0.57922 0.015432 -0.62397 2.7453 0.20446 -1.848 -1.5076 1.0442 2.5702 1.6927 0.78675 1.887 -1.4118 0.54984 0.1466 1.0605 -0.063 1.0826 -1.971 -1.1165 -0.81499 -3.3386 2.414 0.11472 0.52938 1.6315 -0.13458 1.0651 -1.3551 0.88969 3.82 0.50814 0.75282 -0.68535 0.70629 -0.18953 -1.6879 0.48131 -2.7013 0.44304 0.8948 -1.1065 0.31942 1.8846 -0.059894 1.251 -0.7288 -0.63844 -1.0399 0.2061 -0.048791 -0.45904 -0.25043 -1.2609 1.2355 0.41051 -0.33096 -0.75461 -0.61887 4.1282 -1.729 -1.7362 -2.5323 -1.0836 2.4855 0.057989 0.17398 
rubber -0.40752 -1.8217 -0.89211 -0.17083 3.0602 -1.3545 2.2848 -0.10061 -1.9423 1.4548 0.13644 -1.6061 -0.19301 -0.70145 -0.01492 -2.1201 -1.2923 0.054559 0.34963 -2.5289 -1.678 -1.6054 0.51364 -0.89091 -0.33106 1.476 -2.7055 2.5727 1.5927 -0.94116 1.3064 0.074208 -1.8803 -0.27581 0.62921 -0.55159 -2.3645 1.4345 1.9026 -1.2978 -1.2219 0.29931 3.7413 -0.58544 3.3564 -0.7857 -1.2167 1.0055 0.93778 0.082172 -0.24657 2.0113 -1.8775 2.4056 -1.7193 -0.1032 1.2845 -1.0859 0.5535 -0.16818 -1.0374 -3.0374 -0.58865 -0.94919 -1.2543 3.6647 -1.0245 2.0656 1.361 -0.39691 -0.024497 -1.9228 0.31981 0.022811 -2.3671 2.1422 -1.2345 -1.3706 -1.0484 0.94299 0.75246 -1.4362 0.76991 -0.76669 2.2876 1.5568 -1.5356 1.1899 0.31885 1.8667 -2.4501 2.9398 3.0117 1.5241 -4.2906 -3.609 -1.1498 5.0057 -0.79402 -2.481 
gasoline -0.46857 2.0126 2.2895 -0.094736 0.29988 0.33752 -0.31542 0.56781 -0.89894 0.071953 -0.28445 -0.80894 -0.91503 -2.5221 -1.4011 0.60165 0.78858 -0.55332 1.0805 0.22158 -0.46489 2.1591 -2.8346 -2.7958 -1.7359 1.0993 -0.25071 -1.2276 0.55528 0.42754 2.0887 -0.27105 -2.0451 1.883 -0.25107 -1.7172 -1.209 2.6684 2.1702 0.10223 -1.378 -1.8524 1.3066 -0.7448 3.5193 0.50306 -0.78495 -0.92548 2.0194 -1.2615 0.011628 0.57553 -0.56007 1.1867 -1.7979 -1.2355 0.50798 0.48088 2.2267 -1.7634 2.1025 -1.9321 1.6072 1.2955 -0.7678 1.3494 -1.0134 -0.44873 0.63861 2.3151 -0.96024 -2.818 1.0672 -0.22515 -2.2876 3.6884 0.10579 0.84671 -2.8608 0.88909 -0.27591 3.4599 2.9445 -0.89212 -0.6049 -0.29558 -2.3492 -0.23575 -3.4614 -0.32158 -4.4866 -0.60654 2.0261 -0.076201 -3.3709 -3.4782 -1.191 0.5932 1.7528 -2.5926 
soap 0.090482 -0.71809 0.048964 3.2354 1.0813 -4.5091 4.0036 0.037617 -0.84253 1.7572 -0.4451 3.7356 -0.22559 1.4487 0.62343 -3.4617 2.0096 -0.25755 2.1355 1.2869 -2.6985 0.78851 -0.28823 -1.754 2.6297 3.0254 -0.54841 0.84437 -0.34217 -0.93755 -0.37752 -0.34606 -0.21822 1.0157 -1.565 1.1672 2.4046 2.3654 1.4876 -0.48088 -3.9568 -2.9088 1.9674 -1.1781 3.3511 -1.5623 -2.3554 -0.76385 0.4051 -0.12094 -1.6702 -1.6099 0.49417 0.55525 -1.5656 -0.24502 -0.19806 -1.0803 2.172 2.8797 -3.1868 -3.3521 -4.2788 3.6191 -1.5241 1.5471 -1.2994 -0.18448 -2.2475 0.31782 0.83685 -3.4199 -0.18688 -4.277 -0.59946 6.0168 0.78145 -0.80881 -3.1439 -0.2834 2.8094 -3.7764 -1.9425 -1.8041 -0.77057 0.064716 -0.90425 1.136 1.2589 1.997 -4.0147 -1.9757 5.4015 0.1172 1.6703 -7.6837 -1.356 3.3213 4.8523 -1.3632 
mushroom 1.5189 0.8013 -1.0812 -0.75403 2.801 -1.8781 1.6154 -3.0189 -1.0669 -1.3085 0.1818 0.73307 0.19235 -1.452 0.16422 -0.44268 0.0086163 -1.442 1.3146 0.86984 -0.39362 -0.81733 -0.0097307 -0.1943 -0.66545 0.49513 -0.72212 -0.80947 2.0266 -0.80418 3.4672 0.097683 -1.5977 0.54817 -1.3364 -0.20784 0.12106 0.36753 -0.85547 -0.57105 -0.64419 0.12222 2.6322 -0.52807 3.533 -3.313 1.3897 0.23166 -0.5771 0.78176 0.23687 -1.8012 -0.27439 -3.063 -2.3482 -1.6914 -0.86507 0.75266 -0.31554 -1.817 1.0537 -2.4474 0.037885 0.94109 -1.6893 1.0237 -0.98564 -0.15037 -1.5171 0.41757 -0.024971 -2.8484 1.7443 -0.11155 -1.3354 0.42031 0.46179 -1.3328 -0.025261 -0.89145 1.5994 -2.3122 -0.98236 1.4476 0.11171 0.99757 -2.0525 0.37875 -0.66172 0.77633 -2.6183 0.15321 3.6661 -1.5611 -0.7685 -3.4323 -0.98303 2.5502 0.94702 1.293 
carrot 0.98305 0.54754 -1.931 -1.2938 2.6371 -1.3562 2.0509 -1.2074 -1.9448 -0.19947 1.0459 -1.1593 0.64403 -2.066 0.11082 0.69554 0.03905 -0.41921 -0.42604 1.2215 -1.1007 0.1971 1.5621 0.071185 0.52988 1.6481 -1.3226 -0.45399 2.7899 -1.0731 1.3627 -0.29571 -2.3549 -0.10511 -0.77489 0.43828 0.76226 -0.55571 -2.0548 -1.3039 0.05705 -0.38077 3.207 0.67381 3.9025 -3.3954 0.1353 -0.75942 0.64373 -0.39435 -1.3806 -1.0484 0.052207 -1.5374 -1.856 -0.18237 0.56249 1.6651 -1.3753 -0.89948 1.5683 -2.4998 0.1144 0.80805 -1.5102 0.47574 -0.31924 0.69674 -0.10826 -0.34073 -0.19115 -1.9536 1.5795 -0.93276 -1.694 -0.66314 0.74767 0.74135 -0.14319 -0.17198 1.0586 -0.42271 -1.7225 0.89673 0.79834 -0.060424 -1.3621 1.0302 -0.030694 2.5951 -2.7049 0.72888 4.0657 -0.47229 -2.5403 -2.2325 -1.45 2.9475 -0.73066 -1.004 
glue 0.54792 -2.5894 -1.203 -0.81174 -1.5229 -0.79886 0.35006 -1.6372 -0.93202 3.1824 1.7336 -1.8289 -0.4773 0.49194 0.95193 -0.29139 0.32542 -2.742 0.13357 -0.4495 -1.6114 -2.4257 1.7105 -0.56042 -0.76854 3.3591 -2.2584 1.3587 2.9216 0.2672 0.43528 2.7582 0.51921 1.0614 -1.285 2.972 -0.78753 2.5364 -0.22618 1.7936 -1.4948 -2.4832 1.636 -1.6396 6.8746 -2.4475 -2.042 -0.32262 1.4492 -1.2631 -1.1026 3.3599 -1.821 0.77607 -0.022869 -1.3703 -0.9019 -0.42787 0.21464 1.9965 -2.7546 -3.1338 -0.73791 1.2319 -1.4108 3.1122 -3.8233 -0.02767 0.55803 -0.3199 -0.77518 -2.3754 -0.50111 -1.1951 -1.7308 1.199 -0.36029 -2.9879 -2.3973 -0.31772 3.5497 -0.81128 -1.9204 0.21231 0.225 2.6093 -0.69815 0.50703 1.132 1.0215 -3.5519 3.9579 4.8337 2.8914 -1.0211 -4.1929 -1.1552 3.8266 -3.6065 -3.7483 
banana 0.81203 1.3668 -1.3788 -1.1347 2.7068 -3.1436 0.11802 -0.27429 -2.8897 -0.64501 0.71376 -1.1806 -0.76004 -0.93684 0.15463 -0.4442 -0.26894 -0.39432 -1.1799 1.3547 -1.2063 -0.64068 1.5052 1.1412 -1.7901 1.5339 -0.68373 0.081115 1.5051 0.014585 2.3243 1.1239 -2.4898 -0.56853 -1.9404 0.43327 0.61871 0.53417 0.28232 -1.2583 -0.17668 0.64993 2.2346 1.3989 2.319 -1.9862 0.021388 -0.20495 1.0416 -0.12786 -0.17457 -2.1693 -0.74984 -1.6976 -1.6516 0.658 -0.16715 1.5594 0.56566 1.6106 1.6414 -1.5717 1.7845 2.2141 -0.52667 1.138 0.52162 -0.11993 -0.66435 -0.29706 -0.39364 -2.0282 -0.081014 -0.48563 0.22583 0.2653 1.4026 1.6661 1.1641 0.48562 -0.25239 -1.6116 0.70939 0.43443 1.6451 1.0308 -1.201 2.4539 0.17425 1.9252 -2.2875 0.69877 4.317 -0.18466 -0.54951 -2.2062 -1.8737 3.5304 1.098 -0.57937 
grape 1.7396 2.2401 0.3427 -0.86357 0.87815 -3.1249 -0.28245 -2.6617 -1.4721 -2.2264 2.2187 -1.4361 -1.2727 -0.4597 -1.5829 -0.16661 -0.44211 -2.9229 -0.47003 2.4199 1.3024 0.75897 0.62585 0.41301 -0.48055 2.4681 -2.8004 1.4484 2.7613 -0.60777 5.5042 2.6418 -2.4849 0.26309 -2.5934 -2.6426 3.7087 1.9662 -1.5212 -0.4133 -1.5312 1.4702 4.0684 2.3335 5.8591 -1.5635 -0.27682 0.79805 -0.076329 0.74546 -0.0040908 -2.3271 -0.14325 -1.8712 -2.177 0.97928 -1.3589 0.51714 0.19262 -0.072292 2.4109 -4.0472 0.89728 3.9558 -0.9211 0.21612 -0.68637 0.97968 -0.9136 -0.97961 -0.64148 -2.7935 1.4576 -2.9015 -2.3054 0.85131 0.016061 -0.44909 0.053632 -1.6838 0.90805 -2.7387 0.89134 1.6346 0.34687 -0.83719 -2.4121 2.4754 -0.20584 0.19195 -2.3589 -0.78018 5.954 -0.41602 -0.85027 -3.9556 -0.68656 2.5799 1.5023 -0.6602 
ham 3.2099 1.1743 -6.5702 -3.3625 2.9481 -0.70101 0.8761 3.6769 -0.75622 0.77764 -0.20116 -0.95224 3.2565 -0.47747 2.6167 1.4602 1.6294 0.29303 -0.41348 2.0051 -2.8754 -1.9626 4.4741 1.7086 -0.96315 -0.45057 -0.094439 2.0479 5.5623 1.1734 -1.6547 -0.74931 -1.7374 -1.9316 -1.8844 3.4811 0.2089 2.7956 -2.296 0.42718 0.52824 4.4319 1.9072 0.64435 2.5655 -4.3883 3.548 0.67135 2.0157 -2.6898 -2.2613 -4.5497 -1.4926 -1.0768 -2.8378 1.6927 0.70863 -2.7454 1.4834 -0.12078 3.4886 0.44703 -2.2523 2.7707 -0.19732 0.1634 1.9586 2.9587 1.9743 -0.84755 -1.5901 -2.4523 4.2095 -1.3931 -1.8176 0.48927 2.8485 3.7971 3.3589 -0.72931 -0.32024 0.22696 -1.615 3.3026 3.9974 -0.26492 -4.548 0.10869 1.2492 0.80975 -1.1626 2.8864 2.8158 -2.9914 -4.8445 -3.1311 -3.9879 1.3891 -1.0801 2.8842 
mint 0.72279 0.55179 -2.2301 -3.3941 0.55477 -3.187 -0.2288 -4.4243 -3.7951 -1.7818 -0.36504 -2.6774 -1.5297 -0.13114 -1.0543 -2.2186 -1.1396 -1.5261 2.3158 1.1996 -2.3587 -1.0892 -0.079125 -0.70211 -0.2227 2.7744 -2.0509 0.46054 2.6478 0.81515 5.0192 0.97742 0.17324 0.96104 -1.8961 0.84371 2.6849 3.3651 0.69272 0.45648 1.7666 -1.7557 0.75974 -2.0764 5.4086 -1.2022 -1.7718 -2.723 -0.94565 -0.23196 -0.3039 0.32925 -0.25476 -1.936 -4.3506 0.57983 0.75392 2.4343 1.0688 -0.28325 0.2386 -1.3651 -2.9933 3.3947 -2.4746 1.1837 -0.41431 -1.4962 -0.67629 2.8709 -1.6778 -3.5151 4.1156 -0.41179 -3.8629 0.011154 0.44326 -0.59254 0.051152 1.1734 -2.2897 -0.95969 -0.83151 -1.2724 1.3351 -1.8577 -1.6272 1.3403 0.20044 0.023175 -2.4674 -0.4348 5.0316 -0.68838 -0.78703 -4.6883 -0.03644 2.4893 0.016646 -0.94818 
strawberry 0.39928 1.5497 -0.36635 -0.63369 1.2832 -1.11 0.89872 -1.108 -1.2022 -0.59305 0.53813 0.054095 -1.3054 -0.8636 -0.27337 -1.4688 0.51574 -1.2834 -0.42698 2.1257 0.46093 0.10894 1.3636 0.53009 -0.35066 2.2302 -2.0871 0.11597 1.3016 -0.37511 2.3731 0.94703 -1.0654 -0.30949 -1.1117 0.20376 1.9449 0.13641 -1.2533 -0.8251 -0.28645 1.5203 1.5809 0.85919 2.2736 -1.0658 -0.005798 -0.40776 0.47537 0.89738 -0.29468 -0.8326 0.12056 -1.6807 -2.321 1.3193 -0.13744 0.86575 0.80063 -0.18089 1.8008 -1.7901 -0.5483 2.1138 -0.17605 0.42693 -0.43728 -0.27005 0.14878 -0.54951 -0.40688 -2.5824 1.107 0.99272 -0.64279 -0.10755 0.54229 -0.2354 -0.59931 -0.25419 0.032631 -1.2238 0.073225 0.45919 0.85102 0.1628 -1.1977 2.0665 1.2655 1.1304 -1.2811 -0.62151 3.4788 -0.89071 -1.1856 -1.9767 -1.041 2.1468 -0.015123 -0.12486 
peach 0.4393 1.3803 -0.8939 -2.2923 1.6456 -1.561 -0.70219 -2.5554 -2.6568 0.12015 0.42501 -1.4522 -0.24211 -0.56035 -0.72315 0.25919 0.061051 -1.5196 -0.80688 2.822 1.0567 0.16215 0.65902 1.3601 -0.19628 2.652 -0.83084 1.3255 4.1695 -0.054544 3.8743 1.7492 -0.10276 -0.40405 -0.038127 -0.47763 2.4291 0.95883 -0.99285 -1.1985 -0.72268 0.68871 1.148 0.059179 2.2698 -0.26528 -0.20677 -0.1237 -0.5261 0.4423 0.82264 -0.91434 -0.07475 -3.5742 -2.4014 0.5152 -1.1022 0.36974 -0.43619 -0.33542 1.8936 -2.6524 1.0002 1.6326 -1.6171 0.59873 -0.21638 0.77693 -2.0873 0.86258 0.76382 -2.7435 2.5803 1.1235 -0.86345 -0.61421 1.1287 0.16035 0.61924 1.03 0.70748 -1.1914 0.09238 0.23071 -0.27936 -0.165 -2.6587 1.7529 0.23041 0.76011 -2.3324 -1.3191 6.4738 1.1818 -1.8475 -2.7519 -0.52253 3.4515 1.0802 0.14588 
peanut 0.39701 0.42505 -1.2339 -0.92506 1.8852 -1.573 1.6153 -0.40734 -1.9131 -0.12705 0.092707 -0.30479 -0.39506 0.21839 0.47344 0.8067 -0.19249 -0.99109 -0.97675 1.8305 -1.6991 0.69152 1.5398 -0.55608 -0.55468 1.7069 -0.17775 -1.0756 1.4432 -0.47407 2.3855 0.47702 -1.9102 0.13056 -2.2626 1.3366 0.25416 -0.052311 0.011421 -0.12052 -1.2237 0.2341 2.3652 2.7714 2.5945 -1.3796 0.042645 -1.3798 0.51191 -1.0331 -0.63082 -0.85715 -0.12858 -1.1773 0.26561 1.3934 1.1723 0.057467 0.30494 0.62604 2.2834 -1.7301 1.0674 2.2834 -0.28129 1.2032 0.99948 0.60632 -0.42541 0.21395 -1.5791 -2.7528 1.0214 0.9372 -0.41861 1.1194 1.237 -0.83192 1.0838 -0.90729 -0.29103 -1.0193 0.30112 1.0304 1.5403 0.79313 -1.0662 1.2744 0.52609 1.3587 -2.9687 0.6254 3.7098 0.35835 -1.353 -4.8605 -0.48188 3.1209 0.29943 -0.43552 
vinegar 1.9265 1.7019 0.808 -2.1033 -0.44427 -2.0498 0.8363 -2.9267 -1.1164 -0.82054 0.23601 -1.0815 -0.85606 0.40208 -0.24049 -0.87634 1.0819 -1.7043 0.70796 1.669 0.69036 -0.35516 -0.6882 0.56344 0.57036 1.5493 -0.91942 1.2562 0.81172 -0.54015 2.3235 -1.5419 0.5354 1.2187 -1.7546 -0.15689 1.7063 0.973 -1.3842 1.1047 -1.237 -1.4736 1.1638 0.3799 3.3681 -1.8566 0.1947 -0.082406 1.368 -1.1397 -0.83229 -1.7759 0.10191 -1.4704 -3.6853 0.5079 1.6217 1.0451 0.75654 -0.19682 1.7256 -1.6698 0.41189 4.2078 -0.99258 1.7099 0.0032675 -0.65874 0.41323 0.42103 -1.8356 -2.1032 1.7711 -2.2226 -2.0612 0.94947 0.53761 0.13214 -1.0521 -1.0955 0.63869 0.29281 -0.18943 0.025054 -0.18709 -0.50355 -1.1805 0.67998 0.69936 -0.2192 -4.3295 -1.4532 4.4564 -0.51217 -0.033094 -4.3258 -2.5868 0.98334 2.8311 -0.13235 
hay 4.2454 -1.7299 -3.927 0.41929 3.2607 -0.58315 1.4632 -1.9821 1.6139 0.17791 1.1609 1.4395 0.43621 -1.7582 -0.94918 -0.19912 -0.59719 -1.7197 0.28609 0.023425 -2.1475 3.9852 1.9172 -0.11942 1.2388 2.268 -4.093 1.9591 4.0382 -1.791 5.0076 -5.0903 -3.7398 0.048783 -2.6415 1.9568 0.056514 0.50855 -1.1963 -0.47669 1.9233 2.5949 3.0603 0.31844 2.7101 -0.33396 0.90479 -2.3225 3.9859 -0.80196 0.040818 -0.40679 -2.6964 1.6827 -0.48384 0.82168 -3.1573 -0.3379 4.1979 -0.42727 4.0676 -2.7637 2.0909 2.1543 2.2239 2.9431 2.2556 3.9135 0.66292 0.95555 1.4701 0.28789 -1.9625 -2.5305 -6.7481 2.9098 2.2052 -0.96471 0.97574 0.15558 2.8027 -0.36046 -0.88944 2.4335 1.4734 -1.7123 -5.1763 4.353 -2.3179 0.49663 -0.81387 1.0399 0.7931 -1.2382 -5.7546 -0.34835 -3.0268 4.9072 0.81989 -2.0591 
mustard 2.5883 0.76355 -1.2688 -0.70739 0.68192 -2.5637 1.2231 -1.564 -0.053318 -1.4109 -0.067782 -1.6465 0.64495 -0.43828 -0.15345 0.97096 1.7023 0.21931 0.041264 0.86014 -0.63473 0.5807 -0.30384 -0.11537 0.5142 1.4213 -0.75733 -0.58834 2.6211 0.11475 2.4781 -0.25751 0.10766 -0.72046 -0.73872 -0.43899 2.0765 0.83502 -0.45176 0.63093 -0.83495 0.071897 1.979 -0.196 3.001 -2.6319 -0.12941 -1.5612 0.20269 -0.74811 -1.2153 -1.5684 0.4664 -2.5814 -3.7597 0.10854 1.2116 0.77583 -0.62891 -2.388 2.3734 -1.3931 -0.0097834 1.0649 -1.2833 2.3691 -1.8354 -0.2571 -0.16254 1.0811 -0.90198 -2.3619 1.7689 -0.29288 -2.5056 1.3523 -0.29911 -0.44563 0.20954 -0.69213 0.935 0.3518 -0.47973 0.76441 1.1517 -0.80997 -1.2596 0.028443 -0.21305 0.42082 -3.7056 0.15228 4.3921 -0.23523 -1.9462 -3.8954 -1.5773 3.5475 0.28755 0.16638 
violet 0.91051 2.942 0.50383 0.63085 0.51145 -1.777 0.19994 -1.0181 0.65258 0.3887 2.2656 -1.7183 0.35909 0.5194 -0.92679 -2.9375 0.9943 -0.063392 0.32958 2.272 1.318 0.83672 -1.7297 0.97591 1.8165 1.8661 -1.8149 -0.11607 1.1203 -1.3168 2.8172 2.2827 0.17438 0.0022757 -1.046 -1.4209 1.8042 0.64183 -0.3089 0.81948 -0.30346 -0.26213 1.8087 0.086661 3.8538 0.00062548 0.66508 -0.84142 -0.57352 0.11249 1.9708 -0.32583 1.1139 -2.5109 -2.1532 -1.9169 -0.47714 -0.74986 -0.32865 -1.6147 0.39621 -0.36394 0.35459 2.3578 -0.96677 -0.24192 -2.3718 1.7318 -1.6211 1.9006 1.0805 0.2265 0.30476 -0.99701 1.741 0.74942 -2.276 -1.8259 -0.69278 -0.034207 0.86787 -1.1521 -0.97322 0.18189 0.66129 0.14007 -0.21982 0.20537 -0.72138 0.029723 -2.3759 0.78096 3.1639 1.4121 -0.92865 -0.59529 0.59659 0.23824 1.2191 -1.6331 
perfume 0.5277 1.2567 0.20313 -0.60198 2.2118 -3.0124 0.083774 -2.5216 -1.0735 -0.78008 -0.019464 0.2277 0.45329 0.8834 0.64242 -2.1175 0.66209 -1.0386 2.2922 -1.8373 -0.61557 0.49127 -0.73376 -1.2938 2.0024 2.7602 -2.8745 -0.030991 0.26163 -0.84339 1.6016 1.2926 -0.14408 -1.6159 -0.48256 -1.2397 2.8212 1.0336 0.084411 0.61091 -0.79952 -2.1748 0.3917 -0.54751 3.3149 0.0074406 -1.4682 -0.72942 0.36498 -0.097306 1.5531 -0.8801 -1.0313 1.0496 -2.9151 -1.3008 -0.22536 -0.24305 1.4587 -0.67625 0.4254 -0.79681 -0.18134 3.2383 -1.3846 0.29715 -3.052 -0.030171 -0.89564 0.79693 0.6901 -1.8727 -0.42679 -0.39528 -0.092649 3.0517 -1.1135 -0.81868 -1.943 -0.55283 1.0663 -1.5838 0.052019 0.53157 0.15668 -2.3195 -2.2752 2.4962 0.7411 -0.5723 -2.8427 -1.751 2.1387 -0.95896 0.057056 -3.7592 -0.30953 2.3499 1.9885 -0.76988 
cedar 0.46655 0.88344 0.22323 -0.44427 3.7823 0.098343 -1.5734 -3.0958 0.60684 2.8512 0.44935 -0.90143 -0.55242 -0.42264 -1.7043 -1.3486 0.50429 -2.3567 -0.68122 1.6343 2.8297 0.68178 0.80101 1.3216 0.087525 1.9232 0.12055 4.364 3.0999 1.303 3.3491 -0.63805 -1.4873 1.9148 -0.71811 -2.123 1.0792 2.7473 1.744 -1.3112 0.45842 1.923 3.0121 -0.70101 0.7922 0.30131 0.60171 0.59043 2.6635 2.6006 1.0479 0.91883 -2.0093 -0.71238 -1.1691 0.34513 -0.65871 0.18511 0.69827 -1.5076 -0.085754 -2.3416 2.7104 4.5422 -0.22219 1.9252 0.29015 1.6907 -3.1725 -0.98836 0.93523 -2.3178 0.79523 0.042846 -2.6427 -0.064027 3.3545 -1.1757 3.606 1.6803 2.3559 -1.2212 0.42808 -1.5961 1.9669 0.28214 -3.0853 1.0067 -1.4041 -2.3471 0.11763 2.1161 0.82235 -1.3677 -1.4861 -1.5651 -0.029242 -0.94134 -2.8963 -0.30608 
cinnamon 1.8329 1.342 -0.76784 -2.7914 1.4458 -0.62902 0.29085 -2.1148 -1.459 -0.090523 -0.38305 0.22472 -0.7435 -0.064401 -0.23667 -0.92086 -0.21565 -1.4024 -0.42259 0.88391 0.30772 -1.6437 3.0739 0.74994 0.74393 2.6168 -1.5527 1.1974 1.867 -0.58103 1.0829 -0.083207 0.75145 -0.30234 -0.44241 0.91334 1.9416 0.6666 -0.89091 -0.0054278 -1.5512 -0.25298 1.5684 1.058 1.4747 -2.5004 -0.85892 -0.012755 1.8222 -0.10492 -1.6315 -1.119 -0.16267 -1.4255 -2.776 0.543 0.85111 0.35013 0.7298 -0.14886 1.0223 -0.32737 -0.58153 3.0642 -0.74665 1.3167 -1.0259 -0.29927 -1.3715 0.35884 -0.46295 -1.693 1.0163 -0.41074 -1.3492 0.6846 1.7329 0.45167 0.86361 -1.0637 -0.79844 0.12965 -1.2178 -0.0024996 1.4777 0.33364 -2.2382 2.5413 1.2819 0.307 -0.49767 -0.046281 4.2131 -1.2005 -0.71904 -2.9041 -0.37256 1.6921 -0.047108 0.10263 
urine 0.96221 -1.4319 -0.062406 -0.88182 1.3484 -1.4856 0.12344 -1.168 -0.59027 -1.264 1.109 -2.9352 -0.55459 2.9199 0.4475 -3.3847 0.45988 -1.1832 4.0738 -1.2507 1.593 -1.7936 -2.2549 -0.78355 0.5288 2.2228 -0.69592 2.1021 0.86766 -0.49142 4.7352 1.2443 -1.4214 0.059193 -3.4571 0.33318 0.52215 -0.032198 1.7942 2.4597 -1.1325 -6.1811 -0.40187 -0.51588 6.0314 -0.84535 -1.1297 -3.8707 1.1826 1.1803 1.0924 -1.353 1.3497 1.6371 0.44725 -1.6614 -0.3561 1.5816 1.6451 -1.0948 2.4484 -1.1721 -0.016427 1.0338 0.29789 0.29018 1.5351 0.62757 0.80658 2.5566 -0.031335 -2.8621 -1.476 0.45803 -2.9231 0.8484 -0.92747 -4.1146 -3.5311 -0.12044 3.928 -0.42201 3.0988 -0.53183 2.4348 -0.43282 -0.20588 0.31217 -2.532 0.86552 -3.8884 -0.21084 3.7625 -1.0121 -2.3818 -7.8091 -0.74202 0.65072 2.704 1.2658 
vanilla 1.6001 1.9525 0.11117 -1.2108 1.9666 -0.58146 -1.2349 -1.9474 -1.9233 -0.62066 0.40101 0.21196 -1.2986 -0.56918 -0.66672 -2.2518 0.45502 -0.20091 -0.59834 2.0287 -0.34506 -1.2925 1.9728 -0.2768 1.0712 2.7035 -2.116 0.25217 1.0997 -0.45198 0.1073 0.43685 -0.55589 0.73492 -0.23929 -0.13664 1.489 1.3686 -0.3052 0.7747 -0.90686 0.42731 0.44344 1.5154 2.9166 -1.645 -0.93133 0.12243 0.34663 0.4144 -0.7844 -1.1965 -0.53924 -1.5878 -3.4256 0.78761 1.3731 0.81064 1.2761 0.50492 1.0019 -1.0882 -0.022539 2.6164 -0.1509 -0.31778 -0.79218 -0.92304 -0.72957 -0.81765 -1.1668 -1.0413 1.2805 -0.27892 -0.77666 2.0622 1.7061 0.0066523 1.0521 -0.64903 -0.73461 0.33564 -0.27946 -1.6253 0.63487 1.5382 -0.95355 2.9297 2.3356 0.94165 -1.558 -0.89164 3.4884 -0.25029 -0.18793 -2.0125 -1.077 2.3851 2.0234 0.35383 
bakery -0.4197 2.7886 -2.9084 -0.74353 0.8993 -1.5656 -2.9665 -0.99511 -2.9354 0.14041 0.64614 0.076897 1.495 0.24801 0.10137 1.2969 1.4408 -0.88081 -1.8656 -1.4075 -1.9322 0.74192 3.0636 0.28521 -2.8587 -1.3045 -0.36014 1.0878 1.2668 0.59908 0.58323 1.0512 -0.6651 -1.4511 0.37135 1.6088 2.2448 2.7369 -1.0541 -1.2484 -0.15567 0.97859 0.46306 0.5062 2.834 -0.89275 -0.32806 -0.95972 0.55287 -1.2089 0.42416 -2.8269 -0.73453 -1.8725 -1.3822 2.8464 1.8794 -0.51643 3.1549 0.39708 1.7891 -3.2722 1.0104 3.1498 -1.7163 1.6822 -1.279 0.59083 -1.3723 0.37755 1.083 -3.4003 0.89222 1.6917 0.067209 1.7396 2.3028 -1.1677 0.82559 -0.22805 0.19693 -0.11514 1.414 1.3723 1.1135 -1.039 -3.8222 2.4164 -0.73608 0.49603 -2.9664 -1.1704 2.6232 -0.35581 -2.1384 -2.4812 -1.2462 0.34687 0.69279 1.3604 
walnut 0.045071 0.14113 -1.7412 -0.19739 1.2121 -0.66438 0.48095 -2.7191 -0.51721 1.3577 0.59349 0.39402 -0.19411 0.9949 -1.1265 -0.352 0.78446 -2.0936 -1.5299 0.5944 -0.22735 1.0457 2.6655 1.079 0.095649 2.0534 -1.0792 1.3164 1.9814 -0.98633 1.7653 -0.21268 -1.2545 1.1543 -0.83374 0.74205 1.4463 2.4156 -1.005 -0.69281 -0.10489 1.143 3.0193 0.67822 0.82371 -1.5202 -0.17272 0.031949 0.51514 0.55473 1.0377 0.26231 -1.3533 -1.5164 -3.6005 2.6988 -0.078844 0.70105 1.7104 0.59724 0.28486 -3.0275 2.0844 3.1168 1.3581 1.97 0.48025 0.40175 -1.3102 -0.97869 -0.7597 -3.335 1.9394 -0.65323 0.099227 0.37671 2.8091 -0.55307 2.3309 -0.95046 0.88858 -2.4846 -0.18572 -0.10522 0.69618 0.37586 -1.391 0.91865 0.48274 -0.72933 -2.5909 1.776 3.8788 -1.4116 -2.568 -2.5857 -0.62915 1.34 -1.53 1.1919 
tar 2.4345 2.2164 0.99563 -0.70112 2.1598 -0.62851 2.2429 -2.044 -0.2698 6.5047 1.5454 -1.7391 -0.15518 -4.0753 0.28663 -4.5454 -0.43549 2.6309 1.4521 -0.013626 0.70341 -2.5783 2.4961 0.91788 3.3503 3.0475 -1.4774 1.8043 4.1195 0.42786 5.7506 -1.6545 -2.8059 2.4194 -1.7966 -1.5505 -1.729 0.6534 3.2353 0.57513 -4.0467 1.4474 1.6212 -2.3942 2.4464 -2.8875 0.427 3.2106 2.326 -1.4183 1.0365 0.60043 -4.2115 4.7572 -3.9836 -3.3846 3.2911 -1.777 2.0275 -0.67555 0.45653 -2.7033 4.2906 2.2641 -0.48802 8.0198 -2.5887 3.907 -1.3043 -1.2259 4.5279 -1.0101 -1.0978 -3.5588 -7.9789 4.6218 -3.1853 -0.47832 -0.27111 -0.72175 3.1095 3.7569 0.79913 -2.4183 2.6677 2.7446 -0.56465 -1.2592 0.52488 -1.7306 -4.0547 3.0517 2.9505 4.8811 -4.0751 -4.1507 -1.9283 9.6031 3.3255 1.7875 
blackberry 0.58991 1.4638 -1.245 0.228 1.152 0.24691 0.11151 -2.3264 -1.6006 -0.61757 -1.2283 -0.62241 -0.08604 0.16018 -1.4806 -1.6614 -2.0677 -1.7842 0.66189 1.1584 -0.63299 0.18918 0.42832 -0.060618 -1.4132 1.71 -0.36204 -0.81582 1.8434 -0.15509 0.6737 1.4662 -1.3531 -0.234 1.306 -1.0728 2.2297 0.228 0.18723 -0.84237 1.0655 0.88706 1.069 0.98346 2.6436 -1.0883 0.3879 0.94939 1.1065 1.5207 0.76678 -1.0207 0.10013 -0.46072 -1.9724 0.28371 0.011389 1.4609 0.014931 -0.41425 0.96518 -0.17005 -0.34556 1.3047 0.19199 -0.52787 -0.78109 1.0557 0.69002 -1.5773 0.52665 -2.2429 1.164 -0.020943 -0.7616 0.16188 1.6328 0.41222 0.19595 -1.0026 -1.4619 -1.257 -1.9093 0.09879 -0.3924 1.1424 -1.5846 0.42167 0.51488 0.27089 -0.0398 0.29768 2.9189 -0.71901 -0.85531 -1.3903 -0.43829 2.3827 1.1378 -0.38731 
almond 0.24996 1.7005 -0.92236 -2.4444 1.0312 -1.7315 -0.2204 -2.1177 -1.4352 -0.30745 -0.0036832 -0.5664 -0.31869 0.07242 0.062061 -0.89917 0.43796 -0.95741 -0.80594 1.4671 0.25714 -0.56357 2.4188 1.1593 0.17832 2.9985 -1.0921 -0.039931 2.1002 -1.5152 2.3028 0.58404 -0.91253 0.0077666 -1.1571 0.7813 1.9267 0.72574 -2.3501 0.038077 0.12776 0.24334 1.3519 1.7638 2.7123 -2.3484 -0.66872 1.4267 -0.22422 -0.94343 -0.6238 -0.12558 0.61534 -3.0542 -3.9098 1.6018 -0.44374 0.8749 1.1926 -0.8471 3.3708 -2.4409 -0.22955 2.937 -0.24869 -0.12013 -0.44142 -1.6492 -0.58043 0.82563 -0.45441 -3.106 1.9081 1.4388 -1.5446 0.15924 1.0995 0.012669 0.39475 -1.4781 -0.013542 1.0326 0.27479 0.30422 2.3672 -1.1418 -2.8097 3.9922 0.24553 0.93641 -3.0177 1.3901 3.3911 -0.7497 -1.4501 -2.517 -1.2289 2.9554 0.46747 1.1709 
popcorn 0.10139 -0.65453 -2.1275 -0.77037 2.3111 -0.98515 1.5353 0.23331 -0.47604 0.23419 1.0556 0.25915 -0.47769 -0.97038 -0.069081 0.088516 -0.056553 -1.2353 1.2585 0.53589 -2.2674 0.054408 1.8048 -0.8671 0.31451 0.66491 0.23399 -0.99504 1.1125 -0.95609 0.30202 1.0394 -0.17423 -0.54796 -1.4609 0.81326 0.53382 0.32058 0.45372 -0.3167 -1.3139 -0.56842 1.0149 1.1835 1.6007 -0.70381 0.36778 -0.22929 0.97705 -1.0008 -0.66463 -1.4886 -2.5556 -1.2041 0.10966 0.4186 -0.28633 0.12219 -0.0055865 1.1611 1.1572 -2.6264 -0.88944 2.255 0.47341 1.124 -1.2106 -0.75363 -0.94982 -0.69348 -0.71821 -2.1367 1.5434 -0.0033502 0.039356 3.4527 1.7567 -0.3585 0.11786 -0.92334 0.44471 -1.4404 -0.6083 0.86125 0.77888 1.1657 -1.5074 1.7485 -0.94563 1.37 -2.057 -0.18334 3.627 -0.39354 -0.67417 -3.0304 -1.0937 2.5552 0.52293 0.92986 
pear 1.8432 1.4417 -0.82454 -3.1759 1.1436 -4.4703 0.54521 -3.5151 -3.3335 -1.0715 1.1451 -0.81323 -1.2293 -1.2632 -1.0054 -1.5507 -2.083 -1.9299 -0.90241 3.1035 0.86391 0.025635 0.16915 2.1357 -0.58955 2.7468 -1.188 1.4571 3.9776 -1.8844 4.8547 2.9822 -2.4194 -0.1195 -1.1406 -1.1821 3.4648 0.77155 -3.1189 -1.3499 -0.22934 0.08641 4.3383 0.52835 3.3878 -3.6078 -0.59638 0.88451 -0.71381 1.9052 2.6425 0.3669 -1.0173 -4.616 -3.7638 0.30559 0.82839 -0.44576 -1.0922 -2.887 2.9811 -4.6006 1.8188 3.0609 -2.0739 2.1378 0.063756 1.9443 -1.659 1.7716 2.2881 -1.9096 4.1786 -0.59517 -1.8394 -0.31106 1.0947 -0.80439 1.3009 0.77893 1.2559 -2.0326 -1.9726 2.2225 3.0653 0.63056 -3.4583 2.6205 1.1729 0.065439 -2.0139 0.70661 7.4555 -3.1306 -2.8364 -2.768 -0.30408 3.3814 -1.0686 0.96497 
coconut -0.0080296 1.1922 -0.23567 -0.40687 2.6077 -2.3391 0.33486 -1.7992 -2.248 0.73415 0.49908 -0.47932 -1.2959 -0.74458 -1.1086 -0.28847 -0.27909 -0.58998 0.19492 1.161 -0.4099 -0.49376 1.6454 1.1258 -0.085354 2.3791 -1.1886 0.70038 1.3418 -0.58047 2.6826 -0.036809 -0.20094 0.16858 -2.4041 0.46143 2.0141 0.67689 0.48043 -0.91621 -1.4755 -0.079556 1.4817 0.59594 3.5517 -2.211 -0.21815 0.74829 0.84262 0.20908 -1.0483 -1.0694 -0.39628 -1.5251 -3.2325 -0.49568 -0.41366 1.4635 0.18736 0.26015 1.0951 -1.9491 0.3987 3.5178 -1.0951 1.6315 0.92789 -1.0633 -0.28353 -0.86188 -0.70603 -2.7128 0.46948 0.18652 -0.22218 -0.16222 1.0473 -0.56915 2.0039 -0.3806 0.24395 -1.5969 0.2002 -0.1751 0.54928 2.1682 -1.7845 2.8718 1.5646 1.081 -2.1563 0.30121 4.2893 -0.9343 -1.2921 -2.8171 -0.71372 3.8676 1.1625 0.90056 
cardboard 0.040039 -2.3333 -1.9482 -0.39586 0.8253 -1.0264 1.5738 -0.47215 -2.2214 1.371 0.7574 -1.4996 0.83457 -0.43613 -1.5041 -2.0542 0.42722 0.33224 0.22718 -1.313 -2.4073 -0.66592 -0.06711 -0.92922 -1.7703 2.7689 -1.5551 0.69605 1.1515 -0.69604 -0.63077 1.2759 -0.90702 -0.8936 0.75552 1.4611 -0.60567 2.9125 -0.38214 -1.1553 -0.18774 -1.0159 2.8307 -0.53679 2.7325 -2.1665 -1.3296 0.16785 1.4452 0.30093 1.3632 -0.050494 -1.0978 0.86763 -1.8679 -0.39185 -0.2736 0.51425 2.5218 0.55166 0.67868 -3.2365 -0.17839 -0.46603 -1.5298 2.1992 -1.4048 0.28981 0.47458 -1.7218 0.3422 -3.1995 1.3452 -0.31593 -1.9139 1.7815 0.59162 -2.5056 -0.51293 1.1282 1.4568 -0.75718 -0.20556 0.09677 0.60187 2.8555 -1.8664 0.84847 -0.7144 0.89064 -1.5254 1.8671 1.6893 1.3629 -1.6288 -2.3991 -0.17161 3.2646 -1.8584 -2.0077 
clove 3.2982 -0.64723 0.022127 -0.19268 0.59247 -1.1685 1.4909 -4.7491 -1.1305 -0.021009 0.17178 -0.71889 1.5839 -0.39562 -0.41062 -1.1504 -1.243 -1.7589 -0.33402 -0.43853 -0.32513 0.45541 0.33314 -0.99159 1.7081 3.5182 -2.1308 1.26 2.7489 -1.4047 3.5538 -1.4365 -1.0159 1.6744 0.42802 -0.24729 0.18695 1.7284 -1.6693 -0.57302 -1.3639 -2.482 2.9256 -1.1141 4.2658 -3.3102 -1.9835 -0.71823 1.9404 0.99609 -2.7939 -1.7545 2.4224 -2.4675 -6.594 -1.4903 1.416 1.2019 -0.18561 -1.3137 0.79283 -2.3228 0.57115 2.1797 -2.0053 2.6987 -0.4243 -0.12648 -0.15747 1.2812 1.1366 -3.12 1.9805 -2.0027 -1.364 -0.6159 0.1067 1.6922 -1.228 -1.0945 3.2478 -0.70681 -3.213 2.6408 0.59221 0.27804 -1.9524 3.2893 -0.36918 0.38628 -2.9119 0.41517 4.6565 -2.9749 -0.96927 -2.7475 -1.3504 4.8947 0.80813 0.73591 
cucumber 1.6671 1.2828 -0.79328 -0.94965 1.4632 -3.0686 0.47571 -1.4367 -2.2756 -0.72459 -0.90463 -0.3771 -0.47324 -0.46849 -0.69693 -0.9238 -0.72428 -0.71668 0.73566 1.2361 -0.87826 -0.40482 1.0104 1.4341 -0.72356 1.4535 -0.66364 0.3973 1.4722 -0.33928 2.3689 0.3638 -1.3414 0.38504 -0.66842 0.090316 1.6589 0.41284 -1.8305 -1.451 0.10856 -0.034767 3.03 -0.033353 2.1561 -2.8809 0.39779 0.28839 1.2194 -0.014886 -0.61833 -0.70137 0.093336 -1.996 -2.5979 -0.6354 0.205 1.4572 -0.66364 -0.90592 1.6 -1.7475 0.085525 0.35761 -0.96222 1.3584 0.59138 -0.68355 0.29943 0.24396 0.77102 -3.02 2.5234 -0.23176 -1.3694 -0.88768 -0.23016 0.21416 -0.10788 -0.79457 0.71912 -0.66379 -0.19269 0.34803 0.73321 -1.3427 -1.4729 1.114 0.40688 0.52023 -1.5429 -0.31652 3.9758 -0.93392 -1.7326 -3.565 -0.78836 2.0339 0.97035 0.17097 
lavender 1.1929 1.9845 -0.45291 -1.2821 1.896 -2.5184 -0.091154 -3.4179 -0.86011 -0.065581 0.9815 -0.72646 -0.20315 -0.44752 -0.6941 -2.5193 -0.58541 -0.12406 0.60576 0.48636 0.90594 -1.2284 -0.5655 1.35 1.3813 2.6288 -2.3178 0.51055 2.4871 0.5697 3.4438 0.13175 0.38706 -0.82599 -0.56192 -0.30486 3.0724 0.79575 0.60542 0.33211 -0.38693 -0.19965 1.3337 -0.50249 2.8707 -1.2724 0.14054 -0.86747 0.63927 0.87228 1.3218 -0.54285 -0.20247 -1.9462 -3.4478 -0.71919 -1.2144 0.27092 1.8365 -1.3322 0.5428 -1.3136 -0.26888 3.0449 -1.561 1.0862 -1.9646 1.2628 -1.2446 1.7493 1.6228 -1.8869 0.92874 -1.181 -1.047 0.75414 -0.12447 -1.4661 -0.17244 0.72917 0.97309 -0.53171 -0.49751 -0.51781 -0.27659 -1.289 -2.5331 1.1822 -0.50057 0.15886 -1.9766 -0.39171 3.4175 0.44218 -1.3478 -1.8624 -0.57801 1.7537 1.455 -0.80832 
rum 1.1778 1.1236 0.77944 -4.1039 3.3636 -0.83107 0.80404 -1.8563 -2.7457 -1.2466 0.25399 -1.7249 -2.4465 -2.2919 0.56672 -5.1073 2.5658 -2.2471 3.9404 2.1706 -1.4858 1.1395 -0.99683 0.14021 0.18095 3.4364 -1.5192 4.7722 -0.12416 3.1096 5.0743 -0.15008 -0.23477 -3.081 -2.8083 0.9151 2.0222 1.9709 3.3303 2.3023 -2.8905 3.2668 -0.77463 2.9016 5.7009 -1.1257 0.6817 -1.9657 4.9021 -3.4089 1.3479 -4.0519 -4.3251 -0.48094 -6.1396 0.53657 -1.6197 2.0413 1.144 2.349 2.6679 -3.4526 -0.34086 3.4989 -0.55955 0.91213 2.0582 -0.0048001 -0.63572 1.5585 -2.4066 -1.913 0.87887 -2.2067 -1.4091 4.7626 -0.34433 3.358 2.7478 -1.1272 0.94405 -1.8667 0.069969 -1.4218 1.6878 2.3701 -4.136 2.201 -1.1918 -0.59786 -3.678 0.79471 4.6389 -2.8039 -3.365 -3.5457 -0.90515 1.9795 6.1158 1.3434 
syrup 0.26369 1.396 0.079537 -1.6223 -0.32612 -0.18783 0.85865 -3.4233 -1.625 -0.82233 -0.23235 -2.1613 -2.1172 -1.9511 -0.10873 -0.15075 1.4941 -1.4985 0.5399 3.7829 -0.62762 1.074 0.59057 0.85647 0.86081 3.6488 -0.13732 1.3563 1.7638 0.24657 2.7059 0.91516 1.7063 0.77073 -1.3766 0.50923 0.3952 1.786 0.018963 -0.45609 -0.52014 0.11846 -0.53573 2.7135 4.1077 -1.1448 -0.92898 -1.0394 0.64803 -0.94156 -1.3124 -1.2221 -1.0513 -1.2415 -3.081 0.67008 -0.41999 1.7582 1.366 0.1472 1.7427 -2.2392 -0.16299 2.3094 -1.7559 0.11967 1.4344 -0.28146 -0.30325 0.76243 -1.6493 -1.9793 2.9345 0.059878 -0.3646 3.3551 1.0895 -0.044655 -0.11311 -1.8452 0.093137 -0.113 0.87057 -1.2214 1.5991 1.8952 -1.7638 2.5965 1.5804 2.5159 -4.7191 -0.68336 6.3152 -0.68579 -1.2234 -4.8061 -1.4401 2.0308 1.9486 0.29818 
celery 1.4802 2.3635 -0.93723 -1.2817 1.4464 -0.31951 1.3373 -2.5449 -2.3093 -1.7131 -0.83622 -0.04909 -0.25242 -0.7416 0.59325 -0.35229 -0.58092 -2.1569 -0.51082 0.11462 -0.21629 0.41897 1.5863 -0.044011 -0.26861 0.71789 -0.28346 -0.45687 0.78972 -0.78153 0.7865 0.16608 -0.90057 1.2895 -0.55165 -0.55078 1.8153 0.081774 -2.3499 -1.3922 -0.088073 -1.0805 3.2273 0.45972 3.5326 -4.8157 1.2501 0.1232 -0.31989 -0.16935 -0.93108 -1.9488 1.2875 -2.0365 -3.6466 0.39804 0.28202 0.52483 -1.7961 -1.596 1.8231 -2.4053 -0.52922 2.0569 -1.3706 1.0605 -1.1945 1.4072 -1.2947 0.58656 0.07537 -4.1203 2.3905 0.0030736 -2.058 -0.26679 0.19912 0.43259 0.8482 0.47549 2.4682 -0.63866 -1.3337 1.5518 0.26474 -0.41941 -2.1346 2.1861 -1.8493 2.5429 -2.0993 -0.23667 4.6574 -0.30461 -2.7188 -3.2822 -0.77254 1.0443 0.37429 0.32212 
raspberry 1.2118 1.1252 -0.76544 -0.906 1.384 -0.159 0.87641 -1.7319 -1.1014 -0.84461 0.043613 -0.69771 -1.0947 -0.32254 -0.65069 -1.3667 -0.3888 -0.67378 0.31063 3.3067 -0.45396 0.051836 1.4915 -0.0044354 0.048202 2.0273 -1.5486 0.7924 1.69 -1.3396 1.9605 1.1404 -1.8461 -0.00051775 0.2065 -0.76451 1.8813 0.46005 -2.0101 -0.6474 0.815 0.5468 1.3777 1.2969 1.3907 -1.5987 -0.043376 0.47822 0.47738 0.50686 -0.65045 -1.5085 -0.70533 -1.4835 -2.8619 0.24644 -0.74227 1.2766 -0.074 0.52559 0.80307 -0.94424 -0.98458 2.0772 0.56679 -0.25728 -0.94267 -0.19131 0.26936 -0.78144 -0.68134 -1.6677 1.1496 0.0017674 -0.02533 0.73998 0.9866 0.10769 0.53365 -1.4602 -1.0735 -1.3967 -0.31225 -0.5133 1.0382 0.03948 -1.3094 1.3367 1.6811 0.98382 -1.1963 -0.53061 3.5511 -1.4655 -0.50047 -1.9676 -0.56605 1.8303 -0.14656 0.017938 
pineapple 0.093174 1.433 -0.58345 -1.1999 1.8331 -2.1916 -0.10539 -1.908 -1.9958 -0.16444 0.64147 -1.2844 -0.86868 -0.91787 -0.32133 -0.56461 -0.54971 -1.341 0.47275 1.6214 -0.060506 -0.33529 0.4073 0.31715 -0.78951 1.7462 -0.66128 0.0087076 1.2593 -0.90404 2.2364 1.3898 -0.7818 0.35028 -2.0957 -0.51173 2.2984 1.0209 -0.63041 -1.096 -0.76964 -0.18401 2.9238 -0.096379 3.366 -2.3422 -0.15938 0.98728 0.43688 0.21884 -0.52809 -1.4981 -0.51792 -1.5121 -2.6983 -0.17372 -0.23902 1.4016 -0.25557 -0.11024 1.3685 -2.6093 0.093143 2.4274 -1.2783 1.1224 -0.17169 -0.5282 0.081116 -0.15356 0.0091755 -2.6688 1.7133 0.31237 -0.12663 -0.34534 1.2 -0.092129 0.71468 0.27347 0.53493 -1.1136 -0.67422 -0.13769 0.69325 1.5596 -1.6413 1.981 0.84156 1.0118 -2.0501 -0.40264 4.1155 -0.90299 -0.9878 -3.0452 -1.0639 2.7701 0.093183 0.44803 
raisin 2.7417 2.1715 -2.7209 -0.75368 0.34093 -0.67546 0.42508 -0.80737 0.52354 0.43564 1.4301 0.40718 -1.7953 -1.5622 0.65361 0.026272 -0.040009 -0.30814 0.10786 1.6153 -1.4336 -1.5515 2.4437 0.56515 -0.2201 2.4008 -1.246 0.87164 2.4817 -0.32152 2.8586 -0.18067 -0.94803 -0.16287 -1.4131 0.77834 1.0616 1.0183 -0.84505 -0.22167 -0.16779 -0.029163 0.42374 0.98019 1.4024 -2.0212 0.013648 -1.2109 -0.26544 -0.84405 -0.06975 -2.0615 -0.76397 -2.1741 -2.1093 1.3397 -0.19825 0.50251 1.2798 0.20688 2.4753 -2.0573 -0.60471 0.47837 -0.79218 0.70758 0.034903 0.82196 -1.6658 1.6632 -0.27165 -1.778 2.0336 -0.41026 -1.5057 1.0339 1.9793 0.36135 0.79522 -1.3407 1.0834 0.88465 -0.56335 0.29185 0.9992 -1.0487 -2.7454 2.2112 -1.1709 0.51869 -2.7726 0.69432 4.1132 2.3137 -1.9775 -2.1952 0.13279 3.5193 0.93102 1.8399 
birch -0.18216 -0.36414 -1.2334 0.98941 0.93782 -0.71404 -0.2939 -2.7705 -1.4153 -0.32477 0.69054 -0.81807 -1.0399 0.51388 -1.6995 -2.9658 -1.4057 0.19658 -0.27518 -0.21879 0.95033 -1.6726 0.73211 2.0843 0.93679 2.6302 -1.0933 1.2736 2.1916 -0.87397 4.2889 0.12055 -1.598 -0.59781 -0.42978 0.92144 1.9059 0.43383 -0.75776 0.21998 1.6108 0.72597 3.1308 0.8127 2.5137 0.63612 -0.088535 -0.03352 2.616 1.5437 1.5456 -1.4121 -1.1344 -1.5104 -2.0314 -0.064214 -1.7644 0.29222 0.78205 0.90527 -0.065591 -2.6779 1.3512 2.9474 0.546 3.4987 -0.59385 2.2963 -1.1573 -0.24165 1.2151 0.37043 2.0599 -1.1345 -2.4932 0.77886 1.1008 -2.3863 2.1811 0.9112 1.9521 -0.64822 -1.2216 0.0838 1.436 -0.10907 -3.3576 0.78263 -2.5187 -0.30133 0.11316 4.6425 2.6833 -0.36012 -3.713 0.35198 1.4755 1.6314 -1.1713 -1.9401 
manure 3.3292 -2.1854 0.94823 0.82926 1.37 -2.3699 -0.06702 -3.1608 -1.9954 -0.97291 -0.54661 -0.74783 0.86033 -0.24397 -0.91023 1.2284 -0.44278 -2.3003 2.4072 0.74755 -0.45978 0.98214 0.29009 -1.0229 -0.40711 1.444 -2.2997 1.0824 2.8869 1.7425 4.4274 -2.1752 -1.9234 2.4446 -2.8336 0.47457 -0.45676 0.26673 -1.028 0.92523 0.19104 -2.098 1.6965 0.20717 3.7429 -0.34796 0.33133 -3.3507 1.2572 1.1126 -0.33831 -0.83863 -0.82663 1.0773 0.66207 -0.038761 0.1386 1.1227 2.7117 -1.2014 3.3704 -3.702 2.7359 -0.34386 -1.301 0.9639 1.6868 1.4551 2.1096 1.0842 1.0489 -2.5703 0.39569 0.87929 -5.832 0.27334 0.1067 -2.4368 -1.877 1.4128 2.8846 -0.091321 3.9805 1.1852 1.2764 -2.1897 -3.4428 0.024675 -1.8354 0.9556 -2.4224 0.03732 2.567 -0.18893 -3.9496 -3.6083 -0.25418 3.3655 2.8574 -1.4785 
cork 0.045652 -1.7942 0.07283 -1.7094 1.3612 0.15833 -0.58903 -0.33198 -2.3611 0.64063 0.58991 -3.1038 -0.0018749 -0.32818 -0.8062 -2.1759 -0.10082 -2.6024 1.6397 0.89902 0.90455 -1.552 -0.07138 0.6828 -2.4022 0.55872 -2.8016 3.2273 0.36109 1.1787 2.7314 0.28943 -2.5852 -1.3483 -0.16112 1.2319 -0.38572 2.7713 0.97756 -0.35361 -1.6294 1.1875 1.4019 -0.29458 6.0837 -3.0601 0.49715 0.097631 1.2105 -1.0675 0.81445 -1.294 -1.228 0.69681 -3.1489 1.8116 -0.35342 -0.50585 0.20176 0.85802 -1.9866 -5.1235 -0.79249 1.9029 0.76392 2.9159 -1.4971 1.6458 0.51998 0.080963 0.17198 -2.9477 2.6434 -1.4365 -1.5281 1.0487 1.7683 0.29393 1.1183 0.40853 1.0664 -0.80069 -0.9779 -2.0439 0.33302 0.59269 -1.6654 0.09435 -1.1243 1.0992 -2.897 1.4525 2.9743 -0.53325 -3.6946 -2.4864 -2.7524 1.6349 0.17873 -2.7648 
incense 2.8388 0.9883 0.49086 -1.1062 0.70749 -1.867 0.029992 -0.281 -0.08347 0.31264 -1.9107 -3.1985 1.9551 -0.57709 0.10023 -0.22928 -1.786 0.077886 2.3 0.39437 0.60826 0.069613 -1.3962 -0.91095 -0.85523 0.32869 -0.52737 0.3277 1.6163 0.48204 3.938 -0.043321 1.5277 -0.28202 -0.87688 0.35236 0.81742 1.3817 0.83291 1.947 -0.65999 -1.9893 0.41017 0.75417 3.7319 -0.037552 -0.49331 -0.22127 1.1135 -0.10749 2.4412 -1.0011 1.369 1.5315 -2.6838 -3.2679 -0.071917 -0.13774 2.0953 -1.9264 1.6512 -2.4102 0.74619 3.2609 -2.2344 0.95917 -0.4768 1.1539 -2.3748 2.7539 0.37219 -1.1752 0.49022 -0.19897 -2.1658 1.706 0.024576 -1.2579 -0.19953 0.87978 2.0295 0.99998 0.31811 1.2661 -1.3516 -0.3912 -2.9887 0.71782 -2.43 -0.042596 -1.7303 -0.087374 1.311 -0.51821 -1.7903 -2.3468 0.93044 2.916 1.6377 0.36672 
citrus -0.12713 4.6845 0.058404 -1.4937 0.41917 -2.1857 0.42014 -3.3628 -1.7623 -0.38291 -1.5637 -0.051427 -1.2025 0.33534 -0.89798 0.08299 0.31114 -0.77299 0.33172 3.4143 1.0899 -0.27905 -0.025848 0.70262 -0.75546 1.6057 -1.8696 0.61455 0.62523 1.3953 4.2093 -0.14853 -0.49774 0.80329 -1.6595 -0.95639 2.6947 0.85987 0.069753 0.23329 -0.8441 0.57174 1.6831 0.51902 3.594 -0.75914 0.92397 -0.55536 1.0438 0.32276 0.62685 -2.1117 0.02467 -2.3034 -2.13 -0.29754 0.86338 2.0262 -0.21617 -0.45053 1.0294 -1.3605 1.4342 4.5322 -1.0531 0.18979 0.28173 0.25319 -1.5875 2.0652 -1.3718 -3.7221 1.2721 -0.31904 -0.89577 -0.93626 1.105 0.57057 1.5069 0.54963 -0.20132 0.21837 1.8857 0.33231 -0.43179 0.029702 -1.8992 1.8271 0.88831 0.6085 -2.0548 -1.0207 4.0486 -0.90692 -1.5847 -3.5709 0.60728 2.119 1.4963 -0.97743 
solvent 2.6959 -1.5826 2.8426 3.2737 -1.5233 -3.5349 -0.63138 -1.4843 -1.0988 -0.85035 -0.75088 -1.9551 0.95187 -1.4241 -0.73765 -0.54015 0.32779 -1.2685 0.093085 1.6585 0.62384 -1.8585 -0.36465 0.048687 -3.3576 -0.1013 1.0889 -0.080212 1.7585 0.12498 3.7548 0.5441 0.37941 2.1726 1.7466 -0.0926 -0.38677 2.403 1.1253 1.2724 -0.14829 -2.7533 -0.85874 -2.0186 6.0825 0.35574 -2.2247 -1.5324 -0.10177 -0.84781 1.065 -0.14242 2.5558 0.88122 -1.1208 -1.1192 0.96783 2.364 1.646 -0.61831 0.52537 -3.5817 -0.2517 0.14758 -2.8334 0.51682 -0.83027 0.044076 1.3092 3.8856 0.60005 -3.3818 1.1261 0.49668 -4.2997 1.6826 -0.32477 -1.115 -1.4029 1.8359 2.3509 1.6473 2.9834 -1.4667 -2.0298 -1.9468 -1.104 1.0268 -1.7751 1.4916 -4.2689 0.86094 2.6376 1.2454 -3.3169 -3.5209 -1.6334 1.685 0.79432 -3.4788 
cologne 1.4082 1.9771 -0.12776 -2.8624 1.2533 -2.2699 -1.1851 -1.5001 -1.5048 -1.6942 0.35536 -0.12084 1.3515 1.3879 -0.52211 -1.7052 0.85206 -1.0132 0.73215 -0.97526 0.73826 -2.4375 -0.89731 -0.5108 -0.66673 0.78853 -0.39014 1.3051 0.41474 1.0786 1.6901 2.1038 0.6755 -0.40178 -0.75671 -0.49511 1.8547 0.53575 0.19108 1.2212 -1.6584 -0.49853 -1.1475 -0.24591 4.381 -0.66022 -1.6206 -2.6475 1.2936 1.1019 0.17463 -2.0626 0.77103 0.38458 -2.3321 0.067159 0.23619 -0.36459 0.70875 0.58143 -0.053723 -0.86893 0.50726 3.3477 0.29379 0.31418 -2.7581 0.92189 0.23174 1.5696 -0.47761 -1.6227 -0.31469 -0.76802 -2.7352 2.3416 -0.90905 -1.028 -0.93864 -0.56146 0.31757 -0.071003 0.18749 -0.64353 2.0379 -2.3301 -1.4654 0.61326 -0.98082 -1.3 -1.0694 -1.4688 0.92185 0.57404 0.026281 -3.4268 -0.83064 0.52681 0.12853 -2.2932 
caramel 0.58614 1.6319 -0.64546 -2.0913 2.0248 -2.0339 -0.8513 -2.4188 -1.5567 1.5929 1.0208 -2.0661 -0.65406 -0.44252 -0.60535 -0.28474 0.86138 -0.45624 -0.47745 1.1356 0.14274 -1.4912 2.064 0.90642 0.66611 1.6632 -2.1952 1.3506 2.0263 -0.78507 1.6319 1.4502 -0.35794 0.065891 -1.5686 1.1679 2.6365 1.63 -1.5728 0.57382 -1.1994 0.87301 1.2972 0.78225 4.2515 -1.9924 -1.3762 -0.4992 -0.79948 -0.90031 -0.58606 -0.98719 -0.77528 -1.4931 -4.3522 0.57819 -0.036764 0.38181 1.1159 -0.035198 1.2522 -1.6543 -0.29087 1.2979 -0.80254 -0.60669 -2.3304 -0.047275 -0.9579 0.38592 -0.31356 -1.8065 1.9342 -0.20857 -1.3914 0.77011 1.0318 -0.54922 0.50225 -0.63199 -0.22909 -0.032271 -0.50579 -0.39775 1.7107 1.7577 -1.7272 2.8729 1.677 1.2987 -2.9407 -0.36947 3.9409 -0.21392 -0.94443 -2.8801 -2.4472 1.4437 0.41328 -0.36728 
grapefruit 0.26322 1.1999 -0.4612 -0.60421 1.1244 -2.5061 0.17752 -1.387 -1.0607 0.024594 0.24697 -0.76332 -1.3951 -0.82224 -0.12083 -0.99233 0.25134 -1.3307 0.13129 2.0065 -0.11496 -0.39379 0.60606 0.62124 -0.51641 2.3215 -1.3508 0.59306 1.1528 -0.066966 3.0985 1.3931 -0.68537 0.55516 -1.4842 -0.33757 1.4699 0.73665 -0.69531 -0.59956 -0.5393 -0.62345 2.2256 0.74315 2.3332 -2.4375 -0.52236 0.024085 -0.58715 0.6945 -0.48242 -1.3555 -0.09236 -1.8337 -2.4739 -0.47605 -0.52692 1.2946 -0.037781 -0.7473 1.5263 -2.1337 0.33017 1.9787 -0.21246 -0.26046 -0.82416 0.46036 -0.23077 0.0099994 -0.13844 -3.7799 1.2162 -0.47935 0.1075 -0.40182 0.36552 0.46422 0.049173 -0.24717 0.94509 -1.0887 0.53613 1.0371 0.076455 0.33215 -1.4708 1.7224 -0.065759 1.1983 -2.1162 -0.48565 3.978 -0.21823 -0.71012 -3.1145 -0.081103 2.1944 -0.001496 0.78949 
ammonia 1.8466 1.2502 2.1919 0.050525 1.6347 -1.019 -0.70539 -1.3208 -0.15351 -1.5553 -0.28078 -0.74948 0.43902 0.45156 0.73902 -3.6632 0.99517 -1.4421 1.6942 0.99275 1.8522 -1.1666 -0.76824 -1.1304 -1.0387 0.4539 0.33086 1.2731 0.40633 -0.19521 2.559 -0.8954 -0.74225 0.15743 -1.2497 -0.23132 -1.8134 0.059995 1.4082 1.5827 0.61768 -2.3629 0.25492 -0.37101 4.6301 0.35368 -0.53574 -0.81303 2.1356 -0.47538 -0.02804 -1.8567 0.069935 0.001693 0.76849 -0.049774 0.75656 -0.020289 0.9171 -1.1945 0.98055 -1.2833 1.3191 1.7969 0.79111 0.76631 -0.18982 -0.25818 -1.0083 1.3301 -2.2852 -1.5112 -0.89523 0.18188 -3.1118 0.87812 -0.90063 -1.4794 -1.3049 1.0711 0.90387 0.69439 3.5097 -1.2325 1.8557 -1.4359 -0.77117 0.97626 -1.2304 -1.0788 -2.4438 0.2957 1.8875 0.076731 -1.9644 -3.2142 -1.0252 1.3442 2.1769 -1.5442 
detergent 1.9107 -0.24777 1.6719 0.95555 1.0702 -3.5931 -0.8576 -0.69896 0.52069 -0.11116 -1.0163 -1.2795 0.89534 -0.64454 -0.12631 -0.9865 0.52655 -0.66564 1.5922 1.7508 -0.14765 -2.4895 -0.040585 0.4114 -2.9891 0.52814 0.69859 -0.48247 1.5769 1.8768 2.4244 0.1315 1.0432 0.34192 0.94306 0.33951 1.4719 1.1997 0.66102 0.82448 0.11308 -2.266 0.045506 0.25153 5.8959 0.46213 -1.6635 -2.1358 0.70807 -0.29934 0.5725 -0.12813 1.9748 0.79538 -1.145 -2.0315 1.0736 0.97902 2.215 -0.068697 2.1091 -1.4502 -0.6694 0.68438 -0.54187 0.26948 -0.59994 -0.28583 1.7714 3.3509 0.45679 -3.9072 0.66919 1.5591 -4.2731 1.087 -1.2789 -2.1932 -2.14 2.3712 1.2001 2.4447 1.4938 -0.13773 -1.2047 -1.9385 -1.2423 1.4879 -1.538 0.081491 -3.3318 -1.0445 2.9703 0.57659 -2.5539 -4.8243 -2.6479 2.1287 2.0668 -2.8504 
kerosene 0.63944 0.31268 0.48253 -1.2776 1.0484 -0.85609 0.76911 1.3456 0.55851 0.46342 0.68103 0.13346 1.4096 -1.4321 0.48098 -1.7697 1.3082 -1.309 1.4349 -1.1073 -0.48611 -0.086584 -0.053365 -0.11432 -0.76741 1.2589 0.070096 1.5321 2.0775 0.67585 -0.13565 -0.75572 -1.5834 -0.22873 -0.4228 0.65027 -1.2705 0.933 -0.71303 1.7883 1.5182 -0.59521 0.57469 -1.3489 2.2776 1.169 0.23458 -0.50317 2.9669 -1.1905 0.48721 -0.135 -1.1044 0.50135 -1.3316 -0.50403 0.19362 -0.16869 1.6596 0.31194 1.2294 -0.82158 0.369 2.5591 0.53863 2.2535 -0.63537 0.63989 0.66603 1.2068 -0.58734 -1.4422 0.16683 -1.9734 -2.0274 1.3144 1.0127 -0.73935 -1.5517 -0.9283 0.44509 1.3131 1.259 -0.26927 -0.79637 -0.93772 -1.3026 -0.0050316 -1.873 -0.96927 -2.2059 1.242 1.6357 -0.28647 -2.6113 -1.4701 -0.92589 1.1064 1.5655 -1.5539 
varnish 0.52037 -0.82418 0.63699 0.4656 -0.5815 -2.6419 -0.15929 -3.0539 -0.91495 -0.32861 -0.48314 -1.4143 -0.90929 0.77248 -0.48165 -2.2641 -0.86122 -0.30969 0.2357 0.21785 -0.53665 -1.2439 -0.10612 0.3999 -0.33629 1.0605 -1.4641 1.2569 1.5374 0.32453 1.0956 0.016279 1.3271 0.98143 -0.99257 0.0049181 2.2927 2.2852 -1.8958 1.1821 -0.36854 -1.8323 0.23889 -1.5148 2.9431 -0.97204 -1.8726 -0.72865 -0.89408 -0.58774 -0.61779 2.1258 -0.25824 0.14305 -3.5899 -0.98148 0.13759 0.058794 2.2098 1.0124 1.546 -2.2683 -0.68987 2.2714 -0.43666 0.77635 -0.78811 0.17701 -0.07533 -0.41497 0.76004 -1.4955 1.3349 -1.7536 -4.1504 0.38112 0.12032 -1.4223 -0.057863 -0.19239 1.6308 0.97889 -0.1785 -1.344 -0.31559 -0.51021 -0.60725 -0.98552 0.87958 -1.8733 -3.038 0.52887 2.6172 0.57986 -1.5571 -3.7026 -1.1309 2.0306 -0.29762 -0.54519 
peppermint 0.80012 -0.17172 -0.088371 -1.2144 2.3774 -0.9832 -0.12618 -2.2355 -0.25939 -0.06314 0.29925 -0.92285 -0.31075 -0.21644 -0.27945 -0.76921 -0.68578 -1.2074 0.82584 1.7007 0.30999 -1.1358 0.5433 -0.46342 0.31908 2.4257 -2.223 0.6929 1.4993 -0.36679 2.4135 -0.1319 0.8549 -0.61528 -0.96627 0.58514 1.4033 1.0256 -0.17099 0.30466 -0.71171 -0.65517 0.39911 0.61325 3.5081 -1.2424 -0.60091 -1.897 0.67048 -0.48854 -0.30812 -1.5258 0.36677 -1.4407 -1.6232 0.03087 0.90598 0.65843 0.34498 -0.4101 0.78951 -0.97897 -0.92723 2.7388 -1.44 0.33254 -0.11087 0.37032 0.47423 1.3623 -0.39877 -2.3454 0.62891 0.34314 -1.1266 -0.2028 0.32927 -0.58557 -0.06094 0.70168 -0.63621 -0.25205 -0.2617 -0.37226 0.061485 -0.33711 -1.1492 2.0044 0.44516 1.095 -2.3127 -0.55749 3.6016 -0.6376 -1.07 -3.4858 -1.1178 2.0451 -0.33851 -0.28036 
eucalyptus 0.89541 0.92086 0.57169 -0.7742 1.0687 -1.7536 -0.79556 -3.1927 -0.76112 -0.55759 0.85148 0.5377 -0.18271 0.18452 -1.554 -1.5934 -0.94791 -1.5953 0.55566 0.71613 0.81043 0.54586 -1.3918 0.90119 0.085293 0.95789 -0.12363 0.88527 0.75842 0.52501 3.6471 -0.13903 -0.54314 0.83077 -1.6408 -1.0584 2.1886 0.37152 0.32543 0.38705 0.037829 0.069614 0.80046 0.19298 1.7849 -0.44185 0.10205 -0.14056 1.3071 0.7514 1.2458 -0.094751 0.14966 -0.89988 -1.0411 -0.5863 -0.52766 1.9817 -0.41063 -0.13239 0.29514 -0.50153 -0.0043559 2.7918 0.4253 1.9495 -0.52391 0.34716 -1.3754 -0.01033 0.62492 -1.1246 0.37008 -0.60439 -1.3881 -0.095123 0.24431 -0.52509 1.5917 0.35924 0.69965 -0.47197 -0.21888 0.27499 0.71953 -0.39684 -2.0571 1.4244 -0.20101 -0.18287 -1.1119 0.87528 2.5528 -0.47968 -1.1648 -0.91256 0.52867 1.8263 -0.24003 0.11582 
licorice 0.21936 1.4044 -0.28291 -2.0522 2.1459 -1.1317 -0.17802 -1.6635 -0.80927 0.028227 0.29501 -1.0832 -0.61801 -0.48196 0.10857 -0.80415 -0.65948 -0.87134 0.76719 1.7659 0.049927 -0.74965 0.51786 0.74063 -0.18834 1.937 -1.5704 0.30533 2.0088 0.84407 3.2228 0.25885 -0.95807 -0.42569 -1.0942 0.50542 2.0951 0.78207 0.1659 0.50795 0.094931 -0.80384 1.0997 0.29292 3.7566 -1.5737 -0.35349 -1.2065 0.66017 -0.8119 -0.20787 -1.0237 -0.1197 0.41427 -2.1101 0.15078 0.4072 1.0243 0.51381 -0.91835 1.4619 -2.0035 0.13625 2.5753 -1.1574 0.23021 -0.52058 0.34167 -1.36 0.22138 0.18058 -2.2239 1.1628 0.15911 -0.91587 0.78095 0.19355 0.5531 0.8978 0.47886 0.34957 -0.46322 -0.99561 0.1211 0.59617 -0.57834 -0.86228 1.7189 -1.0664 1.0404 -2.6431 0.64612 3.5752 0.15011 -1.1013 -3.6705 -0.46237 3.1954 0.35223 -0.63605 
disinfectant 2.4409 -0.38257 0.49887 1.8418 0.993 -3.055 -0.24741 -1.3922 0.55741 -0.2829 0.56673 -1.2523 1.3279 1.0059 -0.48527 -1.7778 -0.013038 -0.65705 2.305 0.053918 0.58084 -1.2659 -0.95969 -1.0661 0.0898 0.6295 0.21771 0.4497 1.1552 1.4922 3.5402 -0.11198 1.0512 1.1792 -0.73518 0.26224 0.59419 0.57009 0.22934 -0.11965 0.96341 -3.3665 0.5369 -0.40575 4.2372 -0.13428 -0.61659 -1.303 0.097556 0.98265 1.8377 -0.028575 2.5089 -0.65526 -0.72943 -2.1185 1.9003 1.3822 1.9049 -0.82436 0.86653 -1.13 -0.3274 0.55907 -0.0095544 0.8427 0.06875 0.5866 0.73973 2.3451 0.010638 -2.7706 0.57448 0.64936 -1.9324 1.3619 -2.2553 -2.5084 -2.6397 -0.22723 1.7644 0.614 1.6869 0.69813 -1.2673 -0.88928 -0.94768 0.41605 0.011045 -0.46036 -3.8953 -0.22429 3.1835 -0.85746 -2.4627 -4.5261 -0.23566 1.1407 2.0311 -1.7822 
geranium 1.3238 1.3689 0.94593 -0.82573 1.736 -1.4711 1.0989 -3.7967 -1.2046 1.3643 0.14662 -1.586 -0.45163 -1.6551 -0.45054 -3.303 1.1599 -1.394 -0.42395 1.6192 0.65619 1.028 -0.51952 -0.23914 -0.095239 0.84861 -0.38123 -0.52778 2.3705 1.7671 2.8451 0.28678 -1.437 1.9703 -2.4827 -0.49513 2.0187 -0.070481 -0.82413 0.59122 1.9604 -0.51651 1.9764 0.36902 4.0637 0.27276 0.14763 -1.5352 0.79389 -0.47592 0.74491 -0.25686 0.50073 -0.4773 -0.55798 -0.31626 0.11865 -0.12462 0.15194 -0.81756 0.98427 -1.3207 0.60783 2.6424 -0.42859 1.4954 -2.1557 0.59551 -1.738 1.7108 -0.22931 -1.927 0.50869 -0.86179 0.092919 0.079672 -0.13402 -1.2284 0.51059 0.26223 1.511 -0.23481 1.1832 -1.1087 1.2906 -1.7631 -1.7696 0.51794 -1.1835 0.55816 -1.104 0.54053 2.8031 1.3196 -1.8547 -0.97853 0.72136 1.4993 -0.15976 -1.8493 
turpentine 0.8656 0.012939 0.13041 0.26858 -0.035091 -2.3321 -0.2588 -1.7232 -0.56668 -1.1002 0.30657 -0.40399 -0.0070751 0.87449 -0.011811 -1.1189 0.29571 -0.98008 0.58819 -0.36621 0.36373 -0.98687 -1.365 0.56688 -0.57901 1.029 -0.25235 2.0098 1.7078 0.51657 1.2027 0.061003 -0.42022 -0.32962 -0.65742 0.35184 0.89865 2.034 0.33829 1.6229 -0.69294 -1.6755 0.20346 -1.0486 2.8843 -0.94544 -2.1354 -1.1122 0.3447 -0.68916 -0.26612 0.16958 0.31219 -0.46356 -2.6966 -0.14653 -0.47827 0.17329 1.9056 -0.39067 1.4813 -3.0107 0.25657 1.8724 -0.51649 1.2883 -1.1736 1.1243 -0.13237 1.0578 1.1676 -1.1947 0.70812 -1.1908 -2.1442 1.5049 -0.36211 0.28772 -0.47492 0.27538 2.1934 0.67855 1.0249 -0.54535 0.26353 -0.055632 -2.049 0.21402 -0.48962 -0.58498 -2.8634 0.42831 2.4613 0.15299 -2.1783 -2.9341 -1.1935 2.3336 1.604 -0.94622 
mothball 0.9436 -0.98075 0.12944 -0.12178 1.2826 -1.7103 1.1343 0.26399 -0.70311 -0.22619 -0.048898 0.84912 1.2865 -1.123 0.060771 -1.5464 -0.032977 0.54163 0.83999 -0.76402 -0.34474 0.24478 -0.50843 -0.16839 -0.29041 2.1922 -0.90678 0.44055 0.75099 0.27982 0.49023 0.80896 -0.64397 -0.56228 0.69624 -0.61938 -0.32571 0.73579 1.6357 -0.23657 -0.54589 -0.65031 0.8032 -1.8657 1.9312 0.06783 0.14912 -1.4953 0.69588 0.65489 1.0806 -1.5388 -0.74522 0.19539 -1.9256 -1.3299 0.39573 0.6007 0.7751 -0.296 2.0204 -0.95133 0.078466 0.96168 -0.051884 2.3872 -1.8244 1.2095 -0.12497 0.28343 1.1098 -2.7773 0.2653 0.047394 -0.34912 1.8611 -0.54583 -0.75016 0.049014 -0.98773 0.76372 0.32508 0.14703 0.49667 0.99004 -0.033493 -1.7826 0.8099 -0.2405 0.65567 -1.977 0.14135 1.638 -0.8095 -1.7158 -1.1683 -0.52844 2.3974 0.20646 -0.69161 
anise 3.2729 1.8434 0.91968 -1.1309 1.0998 -2.651 -1.3672 -2.9729 0.52502 -2.2425 0.021551 -1.7638 1.4884 -0.058723 0.67372 -0.7399 -0.45005 -0.064514 -0.22716 2.1545 -0.64275 -1.7077 0.63246 1.1408 0.40859 2.3269 0.437 -0.13725 0.96332 0.91996 2.7014 0.79801 1.6814 -0.2957 -0.097318 0.11362 2.4133 0.56237 -1.6201 2.8616 0.031634 -1.1865 -0.2721 1.0957 4.8987 -0.31512 -0.60824 -1.3681 0.080338 -1.6768 -0.237 -2.0239 3.0129 -1.8863 -3.5905 -1.6884 -1.1464 -0.17755 0.45354 -0.56627 1.4812 -0.55415 0.41276 2.2603 -1.931 0.59057 -0.16176 0.30087 0.86276 3.1281 0.51183 0.075219 1.1281 -0.3972 -2.227 -0.20927 -1.7694 0.36381 1.2565 0.2028 1.3034 0.99549 -1.9472 1.8857 -1.3893 -0.39628 0.11287 2.354 -1.6284 0.37145 -2.0031 -2.6966 2.8291 -0.84061 -1.2973 -1.8934 -1.0197 1.7468 1.3535 0.39298 
creosote 1.0749 0.37064 0.70543 0.7602 0.93989 -2.3787 0.20153 -2.3484 0.115 -0.20903 -0.037606 -0.096538 -0.21954 0.51993 -1.1258 -1.5344 -0.29508 -0.019182 1.939 0.38558 0.1337 0.87475 0.63688 -0.23207 -0.77324 0.29075 -1.8284 0.54472 1.6603 0.43423 3.736 0.68395 -1.2559 0.34593 -0.075237 -1.0253 1.6635 0.30553 1.4112 0.039601 0.11052 -0.19433 1.6801 -0.35794 2.644 0.38676 0.043516 -0.84064 1.1347 0.27997 1.2171 0.035398 -1.2218 1.3982 -0.88429 0.39565 -0.21004 0.61326 0.87185 0.08962 2.4337 -1.5363 -0.43633 2.1095 -0.19116 1.6276 -0.76216 0.99449 -1.6104 0.18514 -0.42358 -0.51998 0.23605 0.46597 -3.4093 -0.72451 -0.32652 -0.47803 0.38283 0.25187 1.1741 0.59403 0.24675 -0.0048159 0.96822 0.59925 -2.6488 -0.33884 0.46307 -0.15865 -1.0745 1.8528 2.893 -0.88399 -1.4263 -2.2067 0.43122 3.2757 -0.46687 -0.17086 
camphor 1.939 1.1293 0.15885 -0.52604 2.3703 -1.1343 -0.68922 -0.57964 -0.74003 -0.76377 0.24778 0.50417 1.0834 -0.52518 -1.053 -3.5642 0.4529 -0.29283 0.99097 -1.1409 0.23955 -1.4402 -0.016952 0.89376 -0.22359 1.6126 -0.088015 1.1494 1.7639 0.047802 2.7023 -0.53891 -1.0529 -1.3346 -0.23541 -0.37324 1.8546 0.71923 0.60814 -0.026669 0.040271 -0.4938 0.87341 0.20947 3.691 -0.56658 0.056843 -1.3395 1.7298 0.14271 0.54902 -1.2469 -0.6025 -0.33452 -2.7064 -1.3808 -0.45617 0.52591 2.1879 -1.0065 1.7318 -1.6785 -0.58802 1.059 0.37552 2.8125 -1.7559 0.88427 -1.1998 0.23348 0.16597 -2.0308 0.082653 0.093245 -2.2217 1.0804 -0.3774 -0.75519 -0.44809 -0.85719 1.109 0.95504 1.662 -0.15513 -0.52221 0.20876 -3.414 0.64349 -1.1453 0.54806 -1.254 0.32464 1.1567 -0.0065848 -0.67786 -2.3609 -0.83523 1.8314 0.63055 -1.5461 
