96 100 
blood 0.36828 -3.5322 4.4286 -0.41429 -0.042637 1.3439 1.0419 4.1595 2.7849 -0.35505 2.6852 4.52 1.043 0.82518 3.9394 -1.1353 3.5643 -2.3093 -1.2396 2.9357 2.9445 1.2142 -0.82262 -0.66803 -0.27566 1.698 2.6305 2.4177 -3.8321 -2.1494 4.2792 0.0045132 -2.0933 -0.25065 -3.4986 0.28786 -2.5834 1.7916 0.1142 -0.88933 -1.6707 -0.8022 0.3225 -5.1678 3.3949 -2.578 -3.7331 -2.4713 -1.6521 -0.32162 -2.0107 -1.9184 -1.869 0.74327 -2.8465 -0.5256 0.2071 -1.2971 -1.243 3.9369 3.4907 -4.375 -2.6968 3.0365 -1.3511 1.1296 -1.0072 -0.69968 -1.3119 -0.051959 -2.403 -1.8248 5.1135 1.6849 -2.334 -0.94328 -4.0235 1.992 -0.23937 0.79721 0.88276 -1.9891 -3.8986 3.1884 -1.0711 -5.0987 1.6339 -3.8508 2.2911 0.36513 -0.033517 -2.3629 1.4751 -3.1661 -5.5206 -1.9521 1.8542 0.85072 3.78 2.7395 
animal 0.072108 -3.6096 0.70924 2.1755 0.34738 5.7639 -0.085114 1.4754 -0.4653 -1.2401 3.3831 5.7314 2.8302 3.6562 1.3748 0.31431 2.3742 1.8688 -0.2394 -0.36255 5.0943 -0.43496 -2.9445 -1.2712 -1.1311 1.2953 -2.4293 0.57818 -3.4984 0.6656 0.035222 1.708 0.54205 -0.74367 1.385 1.649 3.8448 -0.28318 -0.4562 0.029927 0.39674 0.45333 1.898 -4.3823 2.971 -4.8942 1.0153 -0.58126 -2.4976 3.453 1.6629 0.17361 1.1202 -0.73075 -2.302 1.0961 3.7492 2.9585 0.37159 1.8624 2.7925 -4.6267 -1.2248 3.6743 -1.9956 -0.61755 -0.22952 2.0181 -0.38224 -0.70477 1.0624 -1.3849 -0.32803 1.0797 -1.7182 -0.63003 0.19253 1.9752 -0.71054 0.2537 1.4003 -3.7419 -0.55548 1.486 2.5625 -0.64706 2.4711 -0.033716 0.18878 1.104 6.2368 -2.5453 -2.3709 -3.0241 -2.0038 -2.2076 1.9928 1.1946 -0.88631 1.7143 
fish 2.5216 -8.021 7.1892 1.0701 0.66944 0.89556 0.5835 1.8786 2.6872 -1.6023 -0.1217 4.9426 -2.4066 2.7732 0.84259 3.1843 4.5395 0.89424 4.2768 -0.12903 3.3041 1.3753 -0.86954 1.8575 -3.3816 1.6106 0.83711 -0.39007 -2.4983 2.6622 2.8722 1.8212 -1.7432 -0.41278 3.8537 0.80947 -0.18885 0.22266 4.5915 -2.977 2.6846 -0.78232 -1.0299 -1.7225 1.9738 -6.366 2.0852 2.1646 -6.4172 4.4659 0.44852 -0.28097 0.61942 -3.3762 -3.8979 2.5441 3.3021 4.3482 -1.6386 1.5087 0.5139 -1.0568 3.4828 4.0032 -5.7207 -1.2657 1.8339 -2.4978 0.96074 0.23852 2.1173 0.13125 -1.1528 4.0358 -2.2234 0.40295 -2.2184 4.2027 -2.6727 -1.795 -6.141 -3.0976 -0.79081 0.61741 2.6881 -2.9583 1.4799 -2.1231 1.6101 -1.8658 2.3864 -4.8674 -3.1877 -2.6646 -4.5482 -5.7364 0.82383 1.2371 -2.6055 2.365 
paint -1.7775 -3.4716 2.7695 1.1778 2.8454 -0.59614 6.7697 3.5154 0.075636 -1.8086 -2.6152 1.4392 2.7294 2.7692 2.0867 1.8871 3.0875 -2.5003 0.72754 1.2531 1.5943 1.0898 0.34873 0.91461 -2.4508 -0.38208 0.55697 2.6169 1.2258 -0.14383 4.4706 2.8992 2.0567 2.3071 -1.6001 0.92797 2.035 1.7254 -0.025566 -4.3149 -3.4669 1.6351 -0.32725 -3.4171 0.2654 0.10812 -0.23267 -2.3856 -3.2607 1.0024 -1.0702 1.6819 1.5288 -2.1305 -3.3985 1.1907 2.1103 -0.15566 2.6337 0.73231 1.2565 1.388 -4.4294 -1.542 0.93387 -2.5915 -1.6038 4.1383 -3.9157 -0.86231 1.7919 -3.4311 -1.8352 1.284 -4.6981 -1.7655 -2.8213 1.1569 2.2298 0.67038 -0.45621 -3.018 -0.29889 -1.2793 -3.6557 1.3741 4.0673 0.22954 -1.3068 -5.5782 -0.096473 -0.19836 -0.1495 -2.2653 -1.8442 -1.1137 3.9389 0.97152 0.8144 2.239 
apple -2.0797 0.41167 3.9562 -1.4668 2.5226 0.53407 2.7572 0.83365 -2.6075 0.48768 1.4115 2.8209 0.77746 -2.4875 -1.3287 3.0952 -1.0564 0.19776 -0.39312 1.1687 0.8137 3.7936 -2.4017 4.9143 -2.4115 -0.61917 2.2236 2.5564 -0.76265 -3.6656 2.5361 3.4025 2.0082 1.823 -0.70962 -1.9088 -0.7696 -0.97314 -0.54778 -0.73735 3.7261 -0.65976 -0.28741 -0.61185 -0.48732 -0.98394 0.31695 1.5457 -4.061 5.7254 -1.6806 -2.3518 3.6277 2.0391 1.4243 0.71511 1.296 5.262 1.7288 -4.3281 0.15897 -2.4545 -2.0403 1.6273 -4.032 -1.6438 -0.56227 3.3494 -0.65571 -1.5207 0.70925 -2.6986 1.602 -1.0046 1.0424 2.6295 -0.84184 4.232 -0.44167 1.6583 -3.0453 -1.6976 -0.94459 -1.465 3.0509 1.2178 0.32359 1.1124 -2.722 -0.55082 1.5848 1.1627 -0.31679 -1.7034 0.82504 1.2683 5.2012 2.5496 -3.7139 4.3762 
smoke -2.0266 -1.7716 5.6409 -0.74221 2.8057 -0.89718 1.1533 0.069726 4.1544 -2.5814 -1.1806 -0.68229 2.6219 -1.9372 5.5932 1.8233 0.58862 1.4554 5.0519 -0.44491 1.3892 -2.8394 -0.46558 2.9182 -0.13013 0.737 0.58118 4.96 -1.8241 -2.4024 3.2332 3.2909 0.10167 -0.92061 -2.3492 1.8753 -1.0996 0.57069 -0.14346 -3.4674 3.7609 -0.67422 -1.2646 -1.9177 -0.12377 -0.028172 1.8139 0.76482 0.031203 2.6568 0.67724 1.94 0.094379 -0.8087 -2.5144 -1.1695 0.1682 -3.159 -1.598 1.7982 0.53599 -2.2126 -0.27673 4.8598 -0.075734 1.258 -2.9232 -0.11742 -0.20517 0.028388 -0.088646 -0.3367 -0.48593 0.054212 0.57143 -0.31015 -2.3325 2.6657 -2.2244 -2.0611 -2.9292 1.5636 -4.8935 -1.9233 -2.8004 -0.64721 1.8915 -4.9534 3.0505 -1.674 -0.68728 0.44828 2.0562 -2.6467 0.12372 -2.0178 0.50225 -0.45492 1.4096 2.8035 
coffee -0.11283 -2.3233 4.9516 -1.0864 3.3175 -1.9543 2.7048 0.98812 -0.81188 -1.1631 -1.1013 0.30836 -1.7928 -1.8937 1.9374 1.9567 2.404 0.40141 1.5296 -0.11129 -0.05976 -2.8193 0.51482 2.9976 -3.0038 1.6242 1.3847 2.2908 1.0968 -3.3554 1.8889 0.15792 -0.79502 -1.1123 -0.69998 -1.5618 -1.8273 2.4915 -0.20312 -4.7851 2.1331 -1.8565 2.2267 -1.8786 -0.35102 -0.40229 0.93598 -0.3798 -2.938 2.9055 -1.5758 0.85093 2.861 -0.13258 -1.3883 3.3227 -0.0042203 1.025 1.8775 -0.41534 0.81073 -1.3329 -1.5526 0.63886 -2.1956 0.94488 -2.4521 -0.47454 0.15357 -3.6194 0.98095 -1.3012 2.1442 -0.30705 0.99881 1.3939 -2.4144 4.1996 -1.264 -1.1324 -0.60717 0.96925 -0.92836 -2.3293 -1.1123 -1.4064 -4.1589 0.68054 0.48157 1.0337 -0.88589 -0.56116 2.0401 -3.4234 -1.1287 -1.4556 -0.5777 -0.79923 -1.2926 3.0145 
egg 3.1848 -4.4331 5.4026 7.549 7.0191 2.7093 5.4233 3.1415 3.1285 2.7577 2.4032 9.2057 0.36421 2.6925 5.3968 3.1791 5.2816 2.6718 1.8422 -0.059009 7.1158 0.71841 1.6054 2.0478 -3.3771 -0.64532 4.0187 -6.5809 -4.3875 3.4676 -2.5841 0.66933 -2.4816 2.8911 2.2324 -2.9918 0.78353 -2.4938 5.5102 -1.6439 5.3446 -4.9582 1.6062 -9.1411 -2.6226 -0.91203 -0.38707 -1.1603 -7.9789 6.6927 -1.2326 -3.8554 -0.93012 -1.5614 0.93301 5.0506 3.4564 4.6953 2.7956 -2.6766 1.3396 2.1787 -1.0617 1.8026 -2.7563 4.6373 0.96545 -4.0616 -4.3476 -0.70824 -2.0932 0.70283 4.1429 -0.22869 -5.5555 -2.6644 1.8516 7.9055 0.35777 3.9696 -7.3509 1.8553 5.6833 1.4033 8.7571 -6.7606 3.3448 -6.2972 0.2147 2.5603 -0.10472 -2.4497 0.70595 -2.1675 3.2157 -4.4927 2.2759 3.1758 3.9875 6.0987 
honey 1.2237 0.23268 3.618 -0.24484 2.889 0.7728 5.8998 0.65514 -0.10782 0.19401 0.75663 -0.078429 0.80809 0.56726 1.2084 0.59853 1.5848 2.0967 2.1369 0.81041 1.3165 1.3764 1.6908 1.2369 -0.19932 0.64914 -1.7315 1.966 0.086413 -1.5053 -0.028913 -0.75959 1.203 -0.88006 -2.4203 0.67708 -0.7648 -0.27463 0.36009 -2.0273 1.5555 -1.3268 1.3607 -2.064 2.715 -0.60712 0.95314 2.6669 -3.0057 1.3449 -0.63408 -2.1056 1.4286 0.38058 0.14118 -0.16569 -0.25968 1.333 1.5116 -0.71797 2.1594 0.19529 0.034602 0.31254 -1.5359 0.62358 -2.247 -0.53351 -1.0629 -0.91579 -0.073496 -1.0786 2.0176 -0.51406 1.5179 -0.77363 -1.9998 2.1044 -0.54967 -0.68442 -1.2019 -0.11001 1.2589 0.030959 -0.093951 -3.048 -1.6811 -0.57537 -0.066715 1.9781 1.3444 1.0778 1.4367 -0.52704 -0.13907 -2.2066 0.37394 -1.0757 1.13 0.51301 
wine 0.28828 -2.9477 5.6635 -1.7487 2.6244 -3.0027 1.9718 -1.6007 -3.2274 -3.7758 -1.8626 -0.062633 -4.1729 -2.4189 -2.5863 6.2633 2.2415 0.71259 2.7601 1.4078 4.3257 -0.013524 -0.58571 4.9645 -2.9267 4.423 0.70308 2.6977 0.53276 -3.399 2.4571 4.2248 -1.0862 -2.2221 -5.1405 -1.2709 -2.3662 6.403 -0.93452 -7.7208 -0.31498 -0.029863 5.0966 -1.775 -0.00079283 -5.7997 1.5896 2.0388 -3.9267 1.2741 -1.1152 -0.70842 3.4934 -1.1551 -3.0658 5.4937 1.3376 0.027134 2.7923 0.38482 2.4909 -5.0817 -2.9308 -0.24077 -5.2294 1.8658 1.1587 -2.4295 -0.93344 -3.81 1.3842 -0.8402 1.4992 1.9071 -0.85009 -1.6837 -1.3714 3.551 -0.44405 -4.4371 -2.5239 1.7003 -0.89755 1.1818 -1.2692 -2.8237 -1.7006 2.5098 -0.24512 -4.7281 -0.41011 -2.1152 1.597 -4.1845 -0.97472 -1.6908 1.1466 1.953 -2.064 4.2017 
rose 0.37771 1.1064 -0.49365 -1.9162 2.0477 -0.17798 4.3235 -0.45975 -1.1158 -1.0341 -3.2273 -1.1307 1.9534 -0.1323 2.3269 -0.65376 0.45316 0.11126 4.7556 1.8711 1.8151 2.8893 1.6143 2.2265 -1.1814 1.8651 -0.022554 2.5865 -2.4556 1.3719 2.1829 2.6514 0.092855 -2.5542 -3.3965 0.48389 -1.58 0.79346 0.65062 -1.0556 1.1985 1.0681 2.7378 0.95127 0.13015 -0.96069 -0.18757 0.37315 -3.7371 1.5643 -0.59288 0.2112 0.5526 -2.1853 -1.8046 0.39724 3.0351 1.6602 3.0979 -1.7827 -0.29799 0.48754 -1.1403 1.9692 0.28079 1.7181 -2.193 -0.48126 -4.0353 -1.962 -1.1798 0.34741 -0.25327 2.8814 0.73612 -2.3768 -2.6954 -0.072815 -1.3096 -0.88326 -0.041957 1.566 1.4719 2.0249 -1.3126 -1.5286 -1.5847 0.074349 -1.523 -1.2891 -1.3621 0.8436 0.38354 -2.1114 1.373 -1.3263 4.0579 2.0283 3.5352 -0.4795 
beer -2.3435 -3.4217 5.5117 0.077604 2.8449 -4.0168 1.981 -1.3774 -1.6268 -2.4771 -1.9597 -0.42934 -3.0132 -4.1418 2.0672 2.7118 1.8108 1.6438 4.2982 0.61874 2.2029 -4.5014 -1.6173 4.647 -3.6626 1.1156 -0.90277 1.6328 -0.26707 -2.5936 3.6768 1.021 0.11404 -2.2678 -4.0616 -0.50392 -0.33127 3.305 0.74275 -5.4425 1.2143 -0.08372 2.5234 -4.0216 2.435 -2.8763 0.81915 1.7478 -4.1257 1.3655 -2.4628 0.19793 1.3271 -0.35797 -3.253 5.0971 0.41722 1.8593 0.60314 1.0924 -0.482 -3.5741 -0.017524 3.1522 -3.9183 1.784 -3.1886 -0.77726 1.1491 -2.7474 1.927 0.20628 2.5268 0.55493 0.75114 0.70254 -1.5766 4.1061 -2.0068 -1.624 -2.91 1.3226 -0.84308 -2.377 -1.596 -2.2136 -1.5753 1.3883 1.9293 -2.3961 1.7652 0.44174 3.0841 -3.4574 -2.0879 -2.2978 -1.5986 -1.4425 -2.108 3.4343 
tea -2.7906 -2.1123 9.2387 -2.9105 5.6439 -1.1103 9.0707 1.8144 -6.6962 0.20506 -2.0958 -0.92908 1.4331 -3.6878 1.2997 0.82613 0.58337 1.3458 -0.4551 2.96 1.7479 -2.7764 -0.14568 2.8814 -1.955 4.2861 2.2988 0.48512 1.2299 -3.4254 1.7118 0.72252 3.1669 -2.7567 -1.5393 -1.8812 -5.5177 1.5419 6.3181 -4.4082 3.553 -2.0485 7.9516 -4.3216 0.14446 2.8695 2.5759 -3.6898 -4.1758 3.4036 -2.8851 2.2135 1.2763 -2.6152 -6.6696 3.4571 -1.7203 -1.8992 1.0459 -0.30491 0.17493 -5.3658 -4.3888 2.0417 -3.2226 4.7899 -3.2686 -2.4467 -0.34756 -7.4843 4.8477 0.11867 5.4462 4.0654 4.6038 2.4652 -5.244 5.1977 -0.35057 -3.9868 -1.6865 4.5763 4.4555 -0.31335 -3.7111 -2.9873 -4.5828 2.711 -0.18115 1.734 2.2969 -3.7441 4.0003 -2.1072 -2.2723 -5.1657 1.381 2.2158 -1.3821 0.59885 
orange 1.5317 -1.1462 1.4116 -1.0589 1.9836 -0.78481 3.4919 0.457 -1.46 -0.80454 -0.79024 0.36309 3.5838 0.60343 2.4875 3.6404 3.0533 -0.1723 0.70284 1.9511 1.4638 2.3491 -2.8375 1.4246 -1.6056 1.5779 1.5011 1.519 -0.38686 -0.6673 4.0225 2.8765 -0.077796 2.4181 -1.4636 -1.2781 0.060185 0.21237 -0.42514 -1.3389 1.7532 -0.29573 1.0661 -1.2298 -1.4214 -0.99051 0.0007972 1.5184 -3.5697 3.6994 -2.8189 3.3681 1.2965 -2.3709 -2.8167 -0.4529 0.90668 1.2735 -0.49512 -0.90317 -0.82111 -0.53185 -2.0942 1.6035 -1.1496 -0.15746 -0.54036 0.28583 1.0026 0.53046 0.47929 -1.5446 0.4999 2.0849 -0.99535 0.10203 0.2059 2.1235 -2.8998 1.7791 -2.127 -0.3325 -1.2566 0.19975 -1.8382 1.0739 0.58417 -2.5281 -1.1139 0.38848 0.05935 -3.4821 0.18082 -1.3871 1.596 0.23831 3.805 2.9101 0.7628 0.018623 
bread -1.7511 -3.6049 4.0366 -1.7966 5.34 -1.9619 2.324 3.0024 2.1787 -0.67219 -0.69124 2.0649 -0.64027 0.19731 2.282 4.0892 -1.0868 -0.15998 0.86843 0.20834 1.8076 1.0592 0.95322 2.1448 -0.54264 -0.21632 0.49443 1.9091 0.34276 -0.42128 1.1975 2.8457 1.4874 0.70183 1.0292 -0.31459 -1.6902 2.109 -1.4422 -5.7461 -0.93851 -3.2824 1.6782 -6.1045 1.4363 -2.6621 0.4292 1.9537 -5.0643 3.503 -2.7099 -0.38999 3.313 0.36485 -2.7292 4.6047 1.2443 1.7262 3.4189 -1.5605 2.1604 -1.1203 -2.1868 -0.16912 -6.4213 1.9395 -2.025 -0.30032 -2.543 -2.4587 -1.4032 0.056098 4.8154 -1.4999 -1.0707 -0.27785 -0.045173 2.7728 0.94952 -2.7047 -1.643 3.0602 -1.1221 0.54514 2.0307 -0.95264 0.58328 -2.47 -0.80724 1.5351 -1.7184 0.6965 0.36712 -0.97393 -3.0626 -3.2169 -0.69746 0.81961 1.1645 5.3319 
cheese -2.0714 -1.9431 2.8531 0.079967 4.2837 -1.7002 1.1622 1.7118 0.99355 -0.72129 -1.9123 1.6655 1.5092 -0.67624 0.56705 4.9129 0.96702 2.2207 1.4939 -0.41964 2.6371 3.1061 -0.31119 2.9593 -2.647 0.067697 -0.51207 -0.025601 -1.0794 -0.92067 -0.96125 3.0808 0.59626 3.4963 -0.38047 -2.23 -0.91242 2.1918 -0.73718 -5.6522 0.069136 -2.2198 -0.088686 -4.5203 2.291 -2.2209 1.765 2.2348 -1.8055 2.0054 -2.6821 -0.16914 3.3942 -1.7106 -0.16315 3.1488 -0.47377 2.5315 1.0194 -0.58798 0.99878 -0.78972 -0.82792 1.3148 -4.6282 -0.20548 -2.0757 -0.77119 0.27718 -1.9119 0.29295 -0.06548 3.0286 2.3649 -1.6419 -1.869 1.303 5.6324 0.42476 0.060527 -2.4245 2.0435 0.86548 1.3328 0.76129 -1.2881 1.5339 -0.73928 -1.6126 1.2604 -0.97505 0.13004 1.7757 -0.12702 0.89785 -1.3551 0.20486 0.43555 0.16303 4.292 
grass 1.0188 -4.3281 2.5455 -0.75443 2.0442 3.9715 1.7542 3.7081 -1.2246 1.4047 -0.44314 1.3402 4.0144 2.656 4.3737 1.8439 -0.049371 1.0526 3.4327 1.9325 2.8454 1.2505 0.10403 1.4519 0.064104 -0.45375 1.2577 5.8667 -1.3774 3.792 3.7116 5.8611 0.45002 0.69976 1.6265 -0.59842 0.46837 1.5724 1.7189 -1.8602 2.2757 1.0982 1.6726 -4.4784 1.8707 -2.8956 0.50383 1.7436 -2.965 2.5905 -3.6 2.5965 -0.24674 -1.2257 -6.7445 -2.2836 2.0668 5.1901 2.381 -0.55909 -0.49049 -0.22791 -0.84425 0.06155 -2.7788 3.3486 -0.8988 0.65731 -0.88192 -1.0842 2.719 0.96034 -0.91979 0.3689 -2.4416 0.6548 -5.7171 4.4713 -1.8806 0.75393 -3.5451 -0.030538 -0.45038 3.1386 -2.3113 0.71963 -2.63 -3.8391 -0.1988 -2.4413 3.9924 1.158 -1.4094 -5.6183 -4.2313 -0.38818 2.6016 1.1602 2.0784 2.189 
vegetable 0.65792 -5.1576 2.9594 -0.21884 3.559 1.5025 1.6957 1.6774 0.056393 -0.61611 -0.96382 3.4245 1.3345 0.53459 0.95743 4.0897 -0.12293 1.7327 -0.53458 0.31396 1.9493 1.472 -0.32809 1.1033 -0.51392 1.4926 1.4172 0.18548 -1.0814 -1.3742 -0.30752 4.0522 1.5366 1.0047 1.5018 -2.2751 0.43255 1.5623 -0.67257 -3.373 3.5499 -0.23061 1.229 -3.6215 0.49275 -3.5973 2.4279 1.5422 -3.2495 2.2335 0.15324 1.656 3.2685 0.12269 -2.7211 1.9589 0.77609 2.5722 1.17 -0.80986 1.369 -3.0513 -1.5557 0.0091743 -3.1898 0.46397 -1.2241 -0.15988 -0.4002 -0.44288 0.76866 -1.7362 -0.59206 0.11791 -1.8742 0.66792 0.041113 2.7122 0.91035 0.73624 -1.3351 -0.3261 -0.4064 1.8392 1.0521 -2.1308 0.22835 0.82213 -1.1473 0.58793 0.84409 -1.2995 0.29114 -2.8533 -1.6548 -2.5615 1.3652 2.6044 0.90137 2.9817 
mouse -1.6261 -3.9384 -1.0483 1.9342 2.3774 2.9546 1.2591 4.0195 0.6215 0.31677 0.97231 5.956 2.9778 2.1144 2.4283 0.32084 3.3177 0.35176 2.9035 -0.19584 4.0191 0.87856 -3.7887 1.8259 -1.8312 2.2344 1.4931 -1.3834 -3.4355 -1.8098 0.9855 3.7966 -0.18842 1.9667 -3.0082 -0.089145 5.2657 0.6979 5.2329 -0.38615 2.1766 0.19255 0.97378 -4.6844 1.6321 -0.66291 0.37427 -2.4957 -3.5113 2.7991 -0.71196 -0.45231 -1.6845 -0.69995 -0.83143 0.51146 0.53307 3.8778 0.28897 2.38 1.2934 -3.2048 -2.9261 4.2983 -3.0523 -1.8416 -1.9098 3.067 -0.54704 -0.96309 0.29564 -3.9439 0.33548 1.6081 1.4085 0.63226 -1.4183 6.2358 -2.023 1.4288 1.7303 -4.5583 1.7339 1.0575 0.8917 0.98707 0.67104 -1.2103 3.0797 1.6826 0.66725 -0.12593 -1.7502 -0.87344 -2.7647 0.56566 4.375 -2.2459 -1.3585 1.119 
potato -0.93405 -3.3864 2.0678 -0.30354 3.035 -0.57441 2.6557 4.162 -0.15848 -1.1951 -2.1412 2.386 0.66981 -0.11607 2.9868 4.0194 0.26383 0.65392 1.1497 -0.18432 2.8627 2.8274 1.5174 1.9443 -1.0883 -1.3193 0.66819 -1.627 -0.63743 0.38715 0.37001 3.7139 1.5726 2.4715 2.0992 -2.0817 -0.83162 1.5957 -0.78107 -1.8686 2.3112 -1.1781 -0.35205 -2.9935 2.4508 -1.6981 1.5941 0.60726 -1.9251 1.5418 -0.91485 2.0519 3.2669 -0.54908 -0.038806 2.0497 0.6033 2.269 -0.10584 -1.4719 -0.81181 -0.35684 0.68138 0.072728 -3.8683 2.119 -0.33141 -1.1868 0.71473 -1.9522 0.61609 -0.44669 1.8523 1.6979 -1.7534 1.4995 -1.2323 4.7383 0.60234 -0.17342 -2.2178 1.0574 0.78188 1.126 2.1756 -2.7082 0.11217 -0.19587 -0.39122 0.69186 -0.10301 -1.32 -0.19366 -1.2476 -0.43466 -2.2043 1.6982 3.3681 2.0451 2.8777 
onion -0.60568 -3.5302 3.3534 -0.94421 4.8282 -2.3689 1.7724 0.9681 -0.36993 0.33601 -1.2181 3.2316 2.814 2.6728 2.7979 3.8281 1.1788 -0.49874 0.2779 1.5496 3.5225 4.5253 -0.2811 1.041 0.0002217 -1.8015 1.5798 -0.073861 -1.7747 -2.8329 0.6296 4.1168 3.7835 2.9298 1.5553 -4.9499 -1.0807 1.8235 0.19562 0.39471 0.96476 -1.087 -0.12028 -2.1853 1.8762 -1.4221 3.3482 1.2208 -3.9571 2.5358 -0.97288 0.80255 2.5621 -3.5273 -2.9533 4.1885 -1.8943 1.0348 -0.41167 -2.9471 1.0136 -2.5709 -2.2043 1.1198 -5.0741 2.5924 0.50679 -0.95285 0.39314 -1.4468 0.7025 -0.12329 1.8718 2.5319 -0.19654 0.083702 2.7058 4.0238 0.097325 2.8271 -3.0219 1.1946 0.12579 1.6962 -0.81466 -0.44355 0.55512 -2.3091 -3.1711 -0.48578 1.5772 -1.0535 -2.1083 -3.2966 0.3113 -2.9974 4.3578 3.7611 4.1799 2.7844 
chocolate -1.2736 -2.0075 2.3306 -0.43296 2.3656 -0.67419 3.1709 1.2263 0.47873 0.36726 -1.3196 1.4695 1.7677 -0.90546 0.6617 2.0066 0.8264 0.41909 0.35121 -0.88922 0.91836 2.0522 -1.0181 1.59 -1.1012 1.8217 0.062663 1.9026 -0.99146 -1.9215 0.25843 1.8569 -0.031928 2.0022 -2.1603 -0.98019 -0.68117 0.4865 0.03564 -3.8155 -0.63518 -0.93757 1.6408 -3.384 -0.2647 -1.2799 0.66963 0.63622 -2.9572 2.6233 -2.1365 0.59176 3.689 -1.0935 -1.6276 2.4457 -0.11843 0.84025 1.0603 -1.7043 0.38688 -0.86836 -0.96846 1.2167 -2.2457 1.2055 -2.2251 -0.56579 -0.98666 -2.6707 1.3862 -1.3111 2.081 0.90665 -0.24104 -1.775 0.40717 2.9778 -0.40223 0.24301 -1.0045 1.2142 -0.030228 -0.081533 1.4457 -2.0511 1.5036 0.52574 -0.39452 0.56005 -1.2124 -0.41883 1.5959 -1.3484 0.88535 -0.74891 0.69708 0.31869 -0.40347 2.4027 
rope -0.30851 -2.6001 -0.26228 0.38481 1.6007 0.35476 -0.37984 2.4385 4.9153 0.9536 -2.4755 -0.69379 2.3095 1.7984 1.3734 2.1808 1.2328 -1.3708 4.0161 -1.6092 -0.60409 -1.3854 -2.538 -3.5015 2.1406 -0.45875 0.74044 4.6005 2.1793 2.1281 2.321 1.622 0.1128 -0.91778 -2.5732 -1.9344 -0.46546 -1.7579 3.2879 -4.233 1.0244 -1.4768 0.3723 -5.1468 1.9713 -3.0964 0.46418 -1.2108 -1.636 2.7734 -1.8528 -1.9295 -8.2018 1.497 -5.9485 -2.57 -2.0326 6.4017 -0.82557 2.9832 -2.3629 2.2493 -0.16142 1.8606 -0.6232 -0.49518 -0.85668 0.81198 -1.0287 -4.6869 -1.2599 1.3051 1.3773 0.03375 -0.75325 -0.98141 -1.2306 1.8339 1.8174 -0.05551 -3.936 -2.7358 -1.001 -0.70138 0.63913 1.4219 -0.016501 -1.9586 0.74622 -3.3322 3.1595 -0.9751 -4.5987 -2.1519 -4.9312 -0.68519 -0.045582 3.8523 0.70525 1.4642 
tobacco 0.70749 -2.3429 4.422 -2.1164 -0.64878 1.8389 -0.36106 2.0427 -0.58261 -0.60171 -3.0731 -2.023 -0.20445 -2.8145 1.6758 0.48941 0.58112 1.1757 2.4623 0.26817 2.2945 -0.97396 -3.8562 1.8304 -1.335 0.82453 0.23732 3.1522 -1.9045 -1.8497 2.1063 -1.3732 0.62179 -2.1873 -1.5459 0.46017 -1.0914 0.50581 -1.3438 0.10864 3.6437 3.1221 -0.067045 0.75814 0.7654 0.437 0.89871 -1.0472 -0.59105 3.5275 0.13719 0.98294 4.5066 0.49595 -2.4227 1.0976 2.3581 -0.15007 0.60227 -0.025784 0.26233 -3.6097 0.68439 0.10598 -1.6516 -1.323 0.56696 0.6801 -1.7749 -1.7603 0.027041 -2.6696 0.33898 0.65305 0.99696 -1.2041 1.7039 2.3928 -2.4611 -0.50061 -2.4539 0.036108 -1.4881 0.53185 -0.13275 1.7906 1.5399 -1.8069 -0.39023 0.44904 0.94851 2.2745 1.9542 -2.8262 -1.6215 -1.1518 0.0027058 1.403 1.6653 3.224 
leather -0.037646 -2.0559 -0.81107 0.96793 1.319 -2.5478 1.5664 4.2228 1.722 -1.0312 -0.62675 0.74255 2.1238 0.12598 3.1983 2.5329 3.544 0.9922 3.2322 -0.64301 0.86429 0.031946 -3.0229 -0.37353 0.61249 1.5588 0.34056 1.3204 0.31732 -2.1711 3.3166 3.4509 4.2709 1.1909 -1.1016 0.56888 -3.1306 0.13044 -1.8086 -4.9717 -2.5908 0.53325 1.5215 -3.0468 1.7673 -0.72595 -0.46231 -0.576 -2.4413 3.2783 -1.5341 1.8863 -2.2705 0.95064 -3.8327 -0.50836 1.2107 3.1582 1.802 0.83817 -1.3716 0.24902 -3.6487 0.73691 -1.5097 -1.5608 0.47221 2.2855 -1.9738 -3.344 -0.062906 -1.4944 0.96303 0.18463 -1.6465 -1.4997 -5.3917 3.8872 0.72365 0.51298 -0.82961 -2.959 -1.3445 -1.3374 0.33144 0.67034 0.29029 0.73056 0.36431 -2.6796 2.3363 -1.9024 -1.4865 -1.9789 -2.1692 -0.14848 2.1256 1.4657 1.1915 1.3851 
oak 5.6524 1.5257 3.1739 -2.3048 0.86086 1.2414 -3.3727 5.1478 -3.5535 -0.40522 -4.34 -0.28146 6.8289 2.604 -0.019852 3.5734 4.3885 2.6006 4.8601 0.75734 3.5915 -0.77562 -2.3125 0.76633 -5.1077 -1.3907 3.4154 2.4088 2.6122 8.9438 4.6487 10.307 -2.4392 0.066725 -1.967 -2.5465 -2.1546 3.4756 0.5157 -0.57397 2.5048 -1.2758 7.2618 -0.69134 -1.2765 -1.589 4.5958 0.7021 -0.86714 6.5511 -3.2673 -0.40998 -1.0532 -3.9021 -4.9458 -2.606 0.19556 2.228 3.9572 3.5042 -6.6335 2.2208 1.4304 -0.68993 5.5523 6.4092 1.2753 0.82878 -6.3982 -0.85968 2.9465 3.6216 -2.5275 2.7161 -6.8275 1.3014 -5.8584 1.1163 -3.7658 2.4759 -6.9314 8.7851 -3.0275 4.5293 -6.9243 2.7817 -0.81679 -4.2372 -1.4762 -2.8222 -1.7794 1.8848 3.3929 -4.3799 1.2839 2.9859 5.656 0.74259 -2.7204 2.2681 
weed -1.0424 -3.7429 4.4006 -2.2996 3.4209 6.8879 1.9001 3.3951 -1.5888 1.4301 -0.83953 0.37345 4.9959 -0.27135 3.4763 0.24757 0.782 2.9795 4.7811 1.5312 2.4825 0.21877 -0.52981 2.8495 0.34998 1.0971 0.684 6.2993 -1.8008 0.010554 1.9126 3.8333 1.2281 -2.6025 1.4832 0.93708 0.60718 2.3769 2.5925 -2.629 6.1605 -0.070417 0.31172 -2.3555 3.0548 -4.2326 2.2035 1.5737 -3.394 3.8067 0.012946 0.7821 -0.43002 0.84309 -3.0811 -0.36165 0.67427 2.4328 -1.4311 1.1337 0.80081 -3.6022 0.4304 -1.7879 -2.297 1.3816 -2.9636 0.17719 0.40487 1.18 0.83126 -1.3178 -1.1232 -0.5306 -1.8209 2.4649 -4.3382 2.6937 -1.357 1.4984 -3.7562 -2.0088 -0.17048 0.13947 1.4092 -0.70322 -0.73146 -3.2111 0.26607 -0.47157 5.0036 2.4287 1.5888 -5.805 -1.9632 -2.772 0.26985 2.1463 0.83379 3.704 
bark 0.83376 -0.79476 2.0943 -1.6734 2.2411 0.91944 0.68123 -1.0865 0.14242 0.67089 -0.47512 0.42928 2.5223 2.5609 2.9053 1.6175 0.27591 2.2242 6.054 -1.5502 3.2266 -0.34055 -1.371 1.5948 -3.4425 -3.7466 0.34316 4.2098 -1.3085 1.7222 0.77835 2.3408 -0.29707 2.1036 -0.70729 1.5573 1.269 -0.51434 1.3271 -2.4009 -2.7623 -2.0649 1.0786 -1.8872 2.8768 -0.90296 2.1992 -0.033041 -2.451 1.9968 -3.0273 1.3114 -2.8826 0.10778 -3.062 -3.3672 3.5466 4.2188 1.1071 1.6932 -0.76419 0.2556 -1.2593 2.0025 0.1256 2.9476 -0.68328 1.4311 -0.83419 -2.5297 1.3264 1.8896 -2.2328 -0.12076 -0.98816 -0.31771 -5.1509 3.7343 -0.25553 1.2403 -2.6307 0.69722 1.5025 0.59518 -1.9667 1.2762 -2.3729 -4.9706 0.72873 0.53243 0.65008 1.8661 -0.92338 -1.623 -2.3325 -2.9619 2.1125 -1.4482 -1.3227 2.4145 
garlic 0.6753 -0.76381 2.3235 -0.094496 3.5206 -1.4964 1.5531 1.1428 1.5926 -0.1725 -1.3408 1.006 2.6373 1.0186 1.8371 4.5088 -0.28747 1.0411 -0.20778 0.69092 3.5685 2.0209 0.10884 2.0738 0.23629 -1.4329 0.23468 0.13514 -1.5163 -3.6806 -1.5271 2.2711 2.1315 2.6287 -1.6329 -4.1358 -1.4036 2.3165 0.24111 -0.9411 1.0016 -0.20175 0.045035 -1.3417 2.9391 -2.8448 2.9204 -0.53587 -4.216 0.80783 -1.6506 2.7855 2.4056 -1.6329 -2.5993 2.0533 -1.0261 1.1207 -1.5437 -0.51001 0.64487 -2.9192 -2.3274 0.76974 -2.0958 2.1198 0.27088 1.1015 0.0011531 -0.5276 0.32791 -1.172 0.68026 3.3047 -0.54536 -0.20361 1.4044 3.0421 1.0559 0.20213 -1.7153 2.5959 0.2736 2.6175 -0.17094 -1.6701 0.98252 -1.074 -1.2822 -0.86258 1.4652 -1.4015 -0.74764 -2.1399 -1.1829 -5.2077 2.6735 2.6553 4.1777 1.5153 
lemon 1.8016 0.35276 4.232 1.2871 2.8334 -2.202 2.7812 0.86999 -0.21018 1.2088 -1.7597 0.70214 2.0114 -0.55599 -0.19078 2.8607 0.88649 0.21571 0.60733 0.48286 0.81896 2.8196 -0.91014 1.7068 -0.56153 -0.087243 -0.4782 1.7499 -1.0855 -1.4688 0.27998 0.63747 0.46741 1.0072 -1.0167 -0.52863 -1.1486 0.77247 2.5758 -2.7525 2.2969 -1.2869 2.2547 1.0674 1.1257 -2.0021 1.038 0.61573 -5.7115 0.80431 -3.1949 1.8812 2.7202 -1.3662 -2.5748 -0.26851 -0.022822 0.025812 0.26366 -1.6923 0.86535 0.17925 -0.77867 0.28075 -1.0751 1.2882 -2.3473 -0.80982 -1.1951 -0.93782 -0.12829 -0.16993 2.402 3.4866 0.014526 0.4748 -0.095386 2.4216 -1.2229 -0.41851 -1.3229 0.95277 -0.47206 1.7503 -0.25657 -3.0753 -0.6708 1.5363 -1.1027 -0.28367 -0.50646 -1.4284 0.70652 -0.96617 -1.5955 -3.8239 3.2578 2.7301 3.4246 3.3536 
pine 2.8256 -1.8133 2.9787 -0.65817 3.1772 -0.34475 -0.013126 5.1766 -0.56219 0.60849 -2.0973 0.73405 5.4242 4.3444 -0.050138 3.3982 2.2837 1.5381 4.605 -0.84987 2.8204 1.7347 -3.3759 1.4851 -2.3403 -1.0452 2.4683 4.6887 1.2117 3.5082 4.6965 7.5981 -0.22298 2.0768 -2.4624 1.6429 -0.80881 1.4889 3.514 -3.1213 -0.117 -0.29323 4.4504 -1.0955 1.8097 -3.1433 3.3042 0.77753 -0.53232 6.077 -1.9675 1.6328 1.97 -2.2977 -7.5851 -1.9987 1.3052 2.2523 1.9789 1.1343 -2.2457 0.70545 -0.99389 0.43966 1.8439 3.6842 -0.33801 1.5125 -1.8929 -3.47 3.3956 1.0938 -2.0822 2.8464 -2.4396 -1.0718 -5.6844 1.9055 -2.7719 0.99883 -3.9732 2.5182 -1.9945 3.7846 -1.7536 1.5592 -1.401 -1.537 -0.75588 -2.6777 0.057694 0.99784 2.05 -4.2717 -1.3216 -0.15198 4.6836 0.88165 0.050216 5.1189 
berry 2.7613 0.94999 1.0848 -1.2817 2.5243 -1.0172 2.6909 1.7672 0.52079 -0.23709 -4.3266 -1.2025 3.2038 -1.1902 -0.76813 0.9461 -1.429 -0.49892 4.5893 -0.23255 2.9733 4.007 -1.1316 1.5702 -3.8083 1.1586 0.99419 1.8173 -1.6801 1.7465 1.4834 1.9422 0.32072 -0.17439 -0.42971 1.2145 -0.74818 1.146 -0.3347 -2.4296 3.4881 -1.5827 2.6605 0.8822 0.95359 -1.3706 -0.64632 1.5684 -3.9052 0.74236 -0.55009 1.1731 2.4712 -2.5251 -1.3509 1.086 3.3192 3.7031 2.1592 -2.5679 1.0377 -1.5884 1.2883 -0.59966 0.97365 3.214 -3.1799 -1.2405 -1.3527 0.41649 1.7061 -0.21946 1.3996 0.54295 0.39548 1.0689 -2.1969 0.54272 -1.646 1.2686 -2.689 3.0105 2.7444 2.1116 2.7679 -3.3041 -2.3033 0.26306 -2.4025 0.41729 1.0553 0.73013 0.62533 -0.88854 1.1339 -1.3827 2.2073 1.234 1.3486 2.1961 
cherry 2.6143 -0.65049 3.2002 -0.44028 1.4373 -0.091792 2.7208 1.0343 -1.88 -0.52981 -2.8496 -0.915 2.3151 -1.4046 -0.91884 2.0973 -0.11872 -0.73875 3.1227 0.5445 0.92748 1.8828 -1.2756 1.4064 -2.6137 -0.030781 0.50219 2.2649 -0.79828 -0.020553 2.1363 1.8621 1.0271 0.091946 -0.81036 -0.29164 -0.95424 0.39466 0.79693 -3.1299 2.3511 -1.3733 2.4656 -0.53143 1.0873 -2.1818 -0.028463 1.1628 -2.855 2.0327 -0.87962 0.32483 1.3782 -2.4278 -1.4771 0.57042 1.3907 2.3511 2.5003 -1.2596 -0.65078 -0.097395 0.13209 0.081169 0.30733 2.2848 -1.5298 -0.17417 -0.94111 -1.2636 1.2635 -0.33426 0.43492 1.611 0.72592 -0.91982 -1.4169 1.3528 -1.1842 1.6061 -3.236 2.2151 2.1972 0.86044 -0.19283 -0.0062935 -1.2532 -0.54732 -1.1417 0.7335 -0.98911 1.2593 2.6321 -0.47284 0.11705 -0.54872 2.2926 1.3252 0.29618 2.7329 
rubber -0.60778 -2.0114 1.0672 -0.76617 1.4443 0.77551 2.453 3.082 1.8094 -0.2336 -1.8053 0.72779 0.64756 -0.19342 2.4893 4.2413 1.4022 -0.30053 4.3536 -2.0522 1.0514 -1.7533 -3.3293 0.28452 -1.1945 0.68045 2.1041 3.3636 -2.0231 1.3724 5.0284 1.2996 -0.038179 2.8147 0.11687 0.10395 -2.923 -0.85741 1.325 -3.9312 -0.4058 1.9938 0.43835 -3.3931 0.22089 0.24407 0.22327 0.48147 -1.5898 2.3681 -2.4579 0.8771 -2.8158 0.53107 -0.40537 -1.142 1.1447 4.4282 -0.29907 -0.40007 -1.1613 1.0384 -1.1766 -0.76206 -0.4127 -0.38343 0.49497 2.9468 -2.6304 -2.2867 -1.2113 -0.054069 2.1367 1.8681 -3.2768 -1.2354 -2.0885 2.7191 -0.23538 1.1669 -2.1181 -1.0995 -1.0511 -3.1054 0.68089 -1.0448 1.1133 -1.4834 1.9014 -1.7847 0.45263 0.0453 -0.65334 0.25855 -3.8118 -1.8098 -2.0668 0.2712 0.33707 0.40021 
gasoline -0.36537 -6.3619 1.3671 -2.8466 0.94019 1.0164 0.33706 0.24938 -0.31167 0.12164 0.18685 -1.8503 -1.3258 1.4918 2.0576 5.0009 1.7834 1.1303 -0.55032 1.8748 0.79405 -1.387 -1.9169 2.0981 -0.29354 0.035938 -0.50108 1.3031 -1.5788 -1.2661 3.2071 -0.17484 -1.9507 -0.32638 -2.3998 -2.1851 -2.2986 2.6254 1.7598 -2.9755 2.9389 2.0777 -2.2664 -0.80351 1.6966 -0.56242 2.0225 0.91036 1.4415 1.3843 -0.95813 0.29216 2.3501 0.95378 -1.1196 1.3601 0.50778 0.59388 0.010408 -2.0995 1.1563 -4.1931 -3.4139 0.43833 0.11127 -1.634 0.0014974 1.094 1.7575 -0.43017 -1.7455 -1.672 -0.17706 -0.6723 0.89401 0.064353 -0.39701 -0.25253 0.61624 0.076181 -2.4575 -1.7084 -2.281 -2.9468 -1.0888 -1.9619 0.50113 -1.0245 -0.53562 -3.0171 0.36387 0.47285 0.12501 -2.64 -2.1962 -0.089163 -1.167 3.3187 1.5809 1.6243 
soap -1.1989 -1.3231 4.9591 -0.10681 5.0029 -3.7727 3.9963 0.35661 2.9082 2.4544 1.5527 4.3538 1.4552 0.45942 5.0595 1.7864 -1.1436 1.1452 3.229 0.23619 2.9698 -0.2556 1.329 -0.023664 0.65422 0.93859 4.041 2.2046 -0.23646 -1.5296 2.1344 0.051722 0.2464 0.81271 -4.9544 -0.42714 -2.8009 3.7083 1.7568 -5.0218 -1.2205 0.72748 2.9554 -3.45 2.2294 -0.30797 3.2498 0.86603 -5.3314 0.79487 1.2159 -0.28611 6.6988 -0.67118 2.8868 -0.66575 0.063691 -1.0687 -1.7608 0.059773 -2.0314 2.8717 -2.4221 0.25262 -4.018 -1.8026 -1.77 -3.5473 -1.9378 -0.65226 -0.69967 -7.4758 2.0101 1.714 -0.7324 0.0081933 -1.8971 5.1384 -1.3793 -1.8104 -1.8333 0.135 -2.4677 -1.7291 0.058512 -1.2944 1.0169 2.8492 1.6537 -4.4032 -1.6316 0.67016 3.2506 -1.173 -4.5853 -0.98011 -1.7239 0.31252 1.7727 -1.0064 
mushroom 0.21 -2.5479 2.9512 -0.44473 3.46 -0.405 1.8563 1.2264 1.0316 -0.93766 -0.56562 2.243 2.3108 0.83093 2.8309 2.0698 0.50482 0.48162 1.8741 0.82773 3.6343 1.501 -0.7452 1.5576 -0.30254 0.33507 1.5734 0.58478 -1.125 -1.2149 -0.061936 4.6781 0.98775 2.896 -1.0164 -0.71493 -0.64545 1.3365 0.50878 -1.9325 0.83464 -2.4717 0.72113 -1.5278 0.9388 -2.3822 0.76598 2.6615 -3.1734 1.6632 -0.53561 1.4457 1.2014 -0.13907 -1.3185 2.2535 0.59797 1.8506 -0.36183 0.57969 0.18376 -1.4554 -2.2545 0.58023 -3.1621 1.4095 -2.139 0.33602 -0.50483 -1.2868 1.4542 -0.88151 -0.73982 0.97973 -0.66114 0.036665 -0.31577 2.5527 -1.0632 -0.43129 -3.3903 0.1086 0.055973 0.27732 1.0943 -0.071072 -0.24453 -2.2417 0.57511 -0.71167 1.3983 -1.9016 -0.49319 -1.2422 0.11664 -2.3962 2.6831 1.7353 1.4243 1.0525 
carrot 0.27298 -2.14 2.3708 0.45015 3.0744 0.81762 3.2582 1.3017 1.5771 -0.82464 -2.06 0.2881 1.9882 -0.95948 2.0397 3.0613 -0.051696 -0.30935 2.9136 -0.19308 2.0896 1.7377 0.024048 1.319 -0.12948 -0.31721 -0.34952 1.5441 -1.9822 -0.56004 1.1318 2.697 0.51725 2.1432 0.093319 -1.7392 -0.57629 -0.80005 1.1096 -3.2022 2.8056 -1.7342 -0.74115 -2.5561 1.8964 -1.4629 0.984 1.6262 -3.8684 1.0888 -1.0928 1.4874 -0.042381 0.12573 -1.132 0.99704 0.81444 4.4017 -0.041747 -0.242 0.2612 -0.56067 -0.43013 0.029351 -3.5954 0.26842 -0.48227 0.64185 -0.39537 -0.32977 -0.23328 -0.40366 0.60791 1.3902 -0.70015 0.15462 -0.24676 3.5118 -0.087642 1.7933 -2.1987 1.3932 1.316 1.0987 -0.078395 -1.4721 -0.755 -0.13723 -1.6546 2.0165 0.93538 0.11269 -1.0225 -0.61935 -0.17378 -2.3061 2.3851 2.4266 1.8012 2.3454 
glue -0.37687 -3.6382 1.2941 -0.62233 4.5602 -0.18917 4.6785 3.3114 3.3733 -0.70369 -1.6068 3.0803 0.41012 0.74627 0.25156 0.58858 2.299 1.6359 3.0433 -1.3841 -0.44072 0.54291 -0.10584 1.2124 -0.48869 -0.032021 1.8715 3.5837 2.5995 -3.106 3.733 2.4943 0.42334 4.7148 -0.088693 -1.512 0.44854 0.3295 -0.6489 -2.3556 1.1842 2.1045 0.25787 -5.7396 -0.38399 -0.12654 0.85277 -2.5138 -3.9413 2.3452 -1.9825 -1.0243 -2.1155 -1.7082 -2.4771 -2.1566 -1.5103 2.1036 -2.7166 -0.90509 -0.39362 2.7068 -4.2132 1.5018 0.060694 -3.0165 -1.1682 0.089182 -3.8209 -3.5377 0.030793 -2.9179 1.2603 2.766 -5.767 0.14378 0.28378 4.9035 0.54315 2.0766 -1.5718 -0.74203 -2.2297 -2.0916 -0.74069 1.2611 4.1833 1.091 -0.16038 -0.69514 -0.059446 1.6468 -2.013 -0.26492 -3.242 -1.6424 -2.6028 1.0492 2.2102 2.2773 
banana 0.24882 -0.87783 3.5943 -1.2781 1.8564 -1.3479 3.1749 1.7601 -0.43053 -1.4663 -1.9067 -0.010419 1.5036 -0.87836 1.9627 3.3185 0.61097 0.57471 0.99659 -1.4017 1.7151 1.1348 -0.64201 0.45651 -1.1458 0.94139 0.37872 1.8271 -0.51406 -0.17159 0.30141 0.57339 -0.42921 1.1667 -0.78737 -0.67107 0.22184 -0.39696 1.8587 -2.0397 2.3875 -0.1523 0.57384 -2.2745 0.85326 -1.4825 -0.31078 1.2409 -3.6302 2.7569 -2.166 1.435 2.757 -0.44666 -2.062 1.0503 0.36642 3.5118 2.1962 0.56318 -0.35998 0.093452 1.3097 0.49728 -0.94627 1.5381 -1.1753 0.72618 0.7443 -2.0302 -0.40378 -1.6669 1.0469 0.7464 0.092744 0.43058 -1.2434 3.3528 -2.2357 0.061652 -3.3251 0.8202 1.4724 0.92851 1.4318 -1.7155 -1.1473 -0.034879 -0.90438 1.5932 0.5103 -0.63651 0.52626 0.1045 0.89382 -1.4289 0.23675 1.9741 -0.78183 1.9077 
grape 0.17665 -1.4524 5.2323 -1.4587 2.1745 -0.086726 4.414 3.1462 -2.0756 -0.6091 -1.9765 2.0699 3.8235 -0.084764 -0.33823 4.3585 -0.18884 -0.97308 1.2621 0.33144 3.8776 3.1288 0.74908 3.8181 -1.7878 2.4496 0.20731 3.3893 -1.3219 -0.33023 2.8284 3.8892 0.12814 -0.65473 -1.7911 -1.4302 0.82571 2.8651 0.11728 -4.0101 2.3722 0.46607 2.164 -1.8208 2.1088 -5.1309 0.031284 -0.017741 -4.6774 2.7229 -0.13281 1.0647 2.0218 -1.2415 -3.7305 2.1705 2.3489 1.4945 2.038 0.76443 1.2755 -1.0955 -1.0914 1.2147 -2.6373 2.886 -1.3665 1.1582 -0.40387 -3.0227 1.5383 -0.23725 1.3086 0.91134 -0.89971 0.60765 -1.7488 4.0552 -0.64418 0.57063 -4.1004 0.032042 -0.085712 2.9985 -0.48503 -2.8472 0.79686 -0.52264 -0.80304 -3.0162 1.5873 -1.1156 3.0483 -3.0655 0.70393 -0.78581 3.4298 4.1749 0.28078 2.9913 
ham 1.8855 1.2572 3.8729 0.11729 5.5114 -3.7003 -0.51488 3.189 1.5363 -3.6887 -6.6912 -0.69966 1.1326 -2.6333 1.3112 2.3103 -0.47592 -0.73294 8.893 0.7653 0.63852 1.7856 -1.4334 3.5113 -3.1107 -1.0214 -2.482 -2.7804 -1.7961 2.0827 1.7867 0.92632 2.9117 1.7469 -1.2908 -2.2261 1.358 1.1457 -0.88363 0.31679 -0.83056 -1.3278 -2.235 -2.8143 5.2488 0.89773 1.014 2.9763 -2.4365 0.61078 -2.928 -1.6414 0.24649 -1.6446 1.9785 3.362 1.8927 1.7802 4.512 1.1378 1.1166 -1.2663 3.9527 -0.41603 -2.2601 -0.40469 -0.39413 -0.49445 -1.1505 -2.196 -1.1695 2.6433 3.6793 3.5889 1.915 2.1616 0.70151 4.605 0.1908 -3.741 -2.5102 6.1479 1.9784 -0.39825 0.13548 -1.4493 -1.3918 -1.0954 -4.2329 6.5325 -2.3041 -0.8345 -0.50993 0.76633 -2.6372 -4.3151 0.45493 2.0661 3.8932 3.6098 
mint 1.1062 -0.94342 2.7978 -1.9565 2.6324 -2.259 2.2449 1.3547 -3.5843 -0.071523 -2.5483 0.69295 3.8634 0.86698 0.67765 4.092 2.0184 1.6553 1.7549 0.46161 3.0507 3.1952 -0.65574 0.58133 -3.5062 2.0875 0.26394 1.3159 -0.94482 -5.5663 -0.076794 2.8014 0.42836 5.2887 -2.0562 -0.48676 -1.2876 3.4781 3.0438 -2.4809 0.41616 1.6476 -0.95114 -1.3048 0.4763 -0.75413 0.99004 0.51033 -6.7202 2.2116 -2.8105 0.71583 2.8184 0.9925 -4.5189 3.2368 -0.33509 0.33566 -0.54566 -3.9128 -0.82288 -1.66 -5.3963 -1.6797 -0.59975 0.53412 -0.49427 2.72 -0.1207 -2.4945 1.3959 -0.3247 2.8408 0.60193 -2.0169 0.85539 -2.1413 3.1636 0.27431 1.1271 -2.2691 0.40994 -0.76885 -1.5139 -0.6165 -1.2617 3.1136 2.1447 0.38834 0.78784 1.001 0.36202 -0.40625 -5.8825 0.39612 -3.2688 1.5234 -0.76752 2.4373 2.0737 
strawberry 1.0994 -0.59189 1.1268 -0.47651 1.1608 -0.17389 2.704 0.58775 0.19849 -0.26536 -2.3165 1.4877 1.5807 -0.43456 0.86922 2.2902 0.66608 -0.21172 1.7804 0.1071 1.1338 2.5217 -0.81225 1.5905 -1.5393 1.0861 0.18969 2.3716 -1.362 -0.73584 0.90212 2.2237 -0.025074 0.29945 -0.48615 -0.33524 0.28826 1.3555 0.62585 -2.4122 1.3985 -1.1556 2.1463 -1.6848 0.73427 -1.2896 0.82694 1.2166 -3.2855 1.1966 -1.7143 1.2175 2.1957 -1.8691 -1.6731 1.1349 1.0763 1.3706 0.99567 -0.89132 -0.27001 -0.054572 0.10803 0.0068814 -0.79748 2.0535 -1.7577 -0.068935 -0.51815 -0.77002 1.3984 0.077279 1.091 1.2657 -0.18417 -0.23185 -0.39144 1.5729 -0.37466 1.3 -2.2511 0.87061 0.60962 1.1002 0.65201 -1.7343 -0.58073 0.23546 -1.0057 0.2465 -0.19232 0.5378 1.0265 -1.536 0.53467 -0.12479 1.1511 1.6824 0.71517 1.3482 
peach 0.39325 -1.6737 2.273 -2.3084 2.7213 -0.53542 2.9262 2.8095 -2.9819 0.56637 -0.9146 1.0515 3.1152 0.20972 0.72794 3.302 2.23 -0.15094 0.45316 1.709 1.0596 3.8887 0.74142 1.107 -1.075 0.91153 -1.5965 2.312 -0.7427 -0.0091433 -0.11502 3.0961 1.5672 0.80732 0.42416 -1.1123 0.22248 0.13854 1.3668 -1.8395 0.8484 -0.99209 1.0386 -1.3662 0.50845 -1.5169 1.0162 2.612 -4.4081 3.303 -3.5641 2.5334 2.3379 -0.97517 -4.7182 1.3976 0.94659 3.6064 1.441 -1.284 -0.31609 -0.85237 -1.5066 0.55865 -2.4889 0.81088 -1.2265 0.51338 -1.7699 -2.9293 1.8973 0.50321 1.1147 0.96291 -0.35429 -0.53421 0.30751 2.6829 -1.4591 0.1554 -3.0129 0.29716 0.4718 0.26703 -0.61123 -2.8883 0.038643 -0.42508 -1.4702 -0.054271 0.1915 -0.73088 2.9348 -2.0778 -0.66508 -1.3711 3.2808 0.78212 -1.1506 1.491 
peanut -0.36636 -2.0425 3.9814 -0.26515 3.6657 1.6163 2.9919 1.63 -0.04712 -1.5383 -1.4359 1.612 1.3371 -1.6277 0.74768 2.8001 0.52035 2.4499 1.0532 -0.69579 0.94806 1.7166 -1.4033 1.7661 -1.1727 1.0062 0.57057 0.20593 -1.28 -0.13236 0.71473 -0.064439 -0.68743 2.0708 0.30693 -1.5224 -0.13599 0.6778 0.20985 -1.8212 1.4871 -0.15983 0.6499 -3.1121 1.1413 -1.0916 1.161 1.0399 -2.8807 2.1927 -1.4911 1.2113 3.7489 -0.57134 -1.0361 2.506 1.4519 2.9247 0.18451 -0.15959 0.33817 -1.2517 0.71065 1.4889 -1.0469 1.3282 -1.1288 0.48749 -0.39087 -1.3547 -0.047618 -0.58635 1.5355 1.2332 -0.73744 -0.23956 -0.45773 3.6894 -0.45138 -0.33079 -1.8199 0.57577 -0.11118 0.97142 0.71424 -2.3548 -0.55694 -0.87867 0.042877 2.399 -0.21503 1.8102 0.27834 -0.79381 -0.26831 -2.4854 -1.3355 1.2801 -0.35372 1.8573 
vinegar 0.63073 -1.5797 2.9802 1.2685 3.2139 -2.5467 3.1194 0.46386 -0.059348 0.61549 -0.72281 -0.11997 0.64716 -0.91737 0.42306 4.1782 2.0977 0.13993 0.24598 0.70203 2.7882 2.7429 1.8238 2.5521 -1.5378 0.083059 0.68987 1.0781 -0.75269 -2.8338 -0.06577 0.5874 1.0373 0.27086 -2.2466 -3.0184 -1.2693 2.8041 1.073 -2.2154 1.2401 -0.45307 2.2525 -2.0192 1.1855 -1.7223 2.0922 -0.44272 -3.1492 0.60331 -1.3022 1.2811 4.2271 -1.0389 -2.8131 1.2684 1.4728 -1.0708 -0.18759 0.25396 0.75496 -2.4033 -2.6088 -0.18153 -1.0491 0.89719 0.089528 0.66762 -0.40802 -0.18193 0.38502 -1.736 1.9988 2.1632 -0.615 1.1238 -0.49643 2.1149 0.60427 0.43693 -1.2284 0.007929 0.068598 1.3145 -0.4659 -2.0975 0.64515 -0.66641 -0.79734 -2.243 -0.22063 -1.3708 -0.25608 -2.045 -0.87726 -3.8714 0.67391 2.0069 2.9234 2.9997 
hay 4.0516 0.56832 3.3698 -0.6906 5.1799 3.6866 2.0569 1.3208 -1.9759 -0.4387 -4.7432 -3.6201 1.834 2.7528 3.2487 2.5219 1.3125 0.805 7.4816 3.8047 1.4842 -0.78619 0.11338 0.73064 -1.2986 0.072248 -2.2952 2.7728 -1.6877 4.1275 4.9497 1.7506 -1.8823 0.071294 1.0984 -0.35862 -0.023951 1.4758 -0.30659 -2.1894 3.3947 0.47336 3.7664 -5.756 5.4439 -2.2417 -0.0070438 -1.3603 -0.29571 2.3963 0.52756 1.351 -1.1701 -0.41047 -4.7907 -1.0527 5.9264 3.7011 2.954 3.0396 1.3416 -1.6843 1.3478 -2.7839 -0.23493 2.5517 -1.8442 0.81943 0.024131 -1.9929 1.6552 0.471 1.1809 -4.9907 -0.87382 0.27826 -5.9953 1.3701 2.3054 -2.2132 -3.2406 2.6678 0.47998 0.10848 -0.25071 0.56136 -3.3199 -1.0871 -2.1465 0.64408 3.8039 2.4806 -1.5842 -2.0754 -4.575 -0.89465 -1.9892 -0.3463 4.9499 3.1763 
mustard -0.13035 -3.0905 2.6918 0.4059 3.5385 -1.2873 2.997 1.5083 -0.031472 -0.62464 -1.5782 0.17462 2.0203 -0.53989 2.2495 2.7539 1.6439 1.5698 1.6246 0.64688 2.7824 3.2289 -0.10537 2.2019 -0.24674 -0.64941 -1.8465 0.68889 -1.0182 -1.4911 1.0645 2.7121 2.2074 0.1923 -1.4141 -1.0981 -0.7449 2.2356 0.36124 -1.3695 -0.7437 -1.352 -1.3481 -3.3897 2.1185 -2.3144 1.2282 1.9355 -2.7839 -0.49814 -2.1803 1.1958 1.761 -0.42648 -2.2228 2.3978 0.46202 1.6986 0.44302 -0.1486 1.1388 -2.022 -2.4555 0.67159 -1.6391 0.60473 -0.55289 1.1445 -0.97878 -0.66052 -0.97878 0.45732 1.513 1.13 -0.12353 -0.092178 -0.98734 2.7422 1.1749 1.7178 -1.9254 -0.41371 0.68422 0.21812 -0.13421 -1.6656 0.79228 -1.8423 -0.10827 0.17611 1.0603 0.27277 -0.17571 -1.625 -0.35195 -2.2845 1.3338 2.76 1.9831 1.6145 
violet -0.46289 -0.50598 2.0002 -3.2479 1.8302 -0.089964 3.1994 2.5862 0.45686 0.3288 0.54011 1.7973 5.16 1.5292 2.4803 -0.2934 2.2371 -0.73349 0.25234 0.5136 0.94542 2.4287 0.91988 1.6857 1.1442 2.0797 -0.36821 0.96984 -0.70553 0.0077828 1.7587 2.608 1.6978 -0.67457 -2.3592 -0.15891 -0.78936 0.41319 0.6572 -0.3077 -1.5742 0.99639 1.142 0.011634 0.067523 -0.83346 0.61035 -2.3843 -2.1885 1.1394 -0.6043 0.18988 0.072917 -2.2528 -2.7098 -0.10683 0.064358 -0.71264 1.5913 0.74781 -0.3778 -0.83502 -3.033 3.0155 -1.4789 2.0892 -1.249 0.10971 0.21725 -1.1244 0.64491 0.12784 -0.77 2.0381 0.70657 -1.6914 -0.8296 2.2066 -1.2069 2.02 -0.10335 -3.04 -1.8593 0.44562 -1.1829 -2.3379 -0.37578 -0.56263 -0.10252 -1.6452 0.71024 0.36265 -0.48823 -1.7168 1.0403 -1.124 2.0855 2.7744 0.58661 0.21862 
perfume 1.5757 -1.005 1.5657 -1.8702 3.4418 -1.2041 2.8878 -0.93244 0.31888 -0.060783 0.53152 1.084 2.618 -0.85784 1.6207 2.5722 0.83481 0.031345 1.7051 0.23586 1.6756 1.465 -0.30655 1.688 1.2342 1.9443 0.1907 2.7026 -1.2225 -2.7215 0.91948 0.68142 -0.0099091 -0.81822 -3.5279 0.64174 -2.0974 2.9076 -0.58506 -3.4065 -2.2042 0.28049 2.5842 -2.5115 0.45567 -1.5978 1.0905 -0.62191 -3.1379 2.0129 0.24151 1.5549 1.839 -0.19042 -0.92082 0.71156 0.9051 -1.1142 1.4958 0.20445 2.1671 -1.1422 -3.7862 2.1531 -0.82037 0.067643 -0.23352 -1.3838 -2.5323 -0.81356 -0.48153 -2.8269 -0.10696 0.40695 0.23019 -1.345 -4.0285 1.623 0.3073 -0.33219 -1.0789 -1.4328 -0.77322 -2.0022 0.85886 -1.3745 1.0558 1.6116 0.75396 -2.8821 1.0062 -0.57557 0.74345 -3.9536 0.38537 -1.2666 0.81547 -0.87936 0.49656 0.78742 
cedar 3.8226 -1.366 1.5242 -0.20416 2.3257 0.60452 -2.6334 3.9171 -2.881 -0.33433 -2.5677 -0.41508 3.4293 1.5307 1.5952 3.2397 2.2205 0.66162 2.4695 0.84355 -1.0645 -0.057502 -2.5191 0.17282 -1.2498 -2.2915 1.0629 0.93796 1.7653 3.0918 1.5137 4.339 -1.8074 1.575 -2.0662 -2.945 0.8137 1.3278 2.2836 0.4589 1.2714 0.63335 3.5069 -0.80802 0.76376 -2.0324 2.6431 0.015239 0.54244 4.4685 -2.363 0.33478 1.1365 -1.1987 -2.8931 -1.0381 0.34119 0.98723 2.7474 1.4043 -3.6026 -0.10257 -0.76767 1.0053 1.116 1.4077 0.50124 1.1019 -1.5113 -1.5597 1.8923 2.1987 -1.3694 1.5492 -2.9581 -0.96836 -2.6008 0.29633 -1.1074 1.3073 -2.2708 3.8203 -2.183 2.808 -2.6863 1.483 0.028144 -1.5781 -0.94346 -2.3424 -0.62501 -1.5281 1.6221 -1.9832 -1.4673 -0.39057 2.2975 1.8732 -0.79741 1.4349 
cinnamon 2.1833 0.46354 1.2444 0.70996 3.7859 -1.9186 1.9045 1.4505 -0.79954 -0.35291 -1.7129 -0.7861 1.7265 -0.86299 -0.11951 1.5479 0.52021 0.22826 0.87439 -0.59961 -0.062483 2.3747 0.12181 2.4769 -0.77934 -0.78989 0.097137 1.8552 -0.69424 -1.5622 0.068123 1.0473 -0.059449 1.1894 -1.7768 -1.5186 -1.7555 0.80468 0.38487 -0.55228 -0.89483 -1.8815 1.4991 -2.3294 0.8206 -1.5293 2.0602 0.90112 -4.0769 1.3077 -2.8038 2.0497 2.353 -0.98961 -2.3758 -0.18949 0.9797 1.6088 -0.030885 -2.2188 0.43114 0.029867 -0.61607 0.26831 -0.82452 2.243 -0.05788 -0.22808 -1.2366 -1.8222 0.63598 -0.48744 0.97187 1.1706 -0.67366 0.05948 -0.23018 1.4676 -0.89491 -0.025849 -1.8065 1.8545 -0.18508 1.3667 0.022771 -1.1478 -0.63169 -0.21696 -0.54535 0.44881 -0.079624 -0.32529 1.3276 -0.70283 -0.13096 -3.1172 0.96827 -0.57322 1.2452 2.6294 
urine -0.69273 -5.3981 3.3669 0.95141 0.83014 1.3125 0.61876 1.9034 -0.86817 1.1745 1.4887 4.1662 1.7003 2.4528 2.9443 -1.0351 4.4329 -1.3173 -0.090651 0.65459 4.3451 -0.99307 -2.2226 0.40371 -1.5172 3.0333 1.7366 3.6652 -4.2063 -4.0638 0.77258 -1.2444 -2.9495 2.1097 -2.1932 -0.92752 0.32182 1.8101 0.25895 -1.8761 0.85783 1.4742 1.7837 -5.8922 2.3856 -2.2075 -0.53799 -1.0602 -0.49109 2.1188 1.5231 2.4977 1.3601 -0.15396 -2.4491 2.2142 -0.24006 -2.9848 -0.61158 1.9786 1.6834 -3.5315 -3.9039 2.9544 0.46085 -0.9906 -0.71021 0.37939 -1.2538 -0.31161 -0.090406 -2.7478 2.5994 2.0088 -1.4636 -0.33621 -3.9537 2.2142 -0.90295 1.6302 0.48134 -2.0238 -0.80686 1.5023 -0.057643 -4.7472 1.0941 -2.1857 2.2552 -0.49194 -0.6874 -2.3526 -0.52518 -5.8852 -4.6283 -4.4897 -0.75674 -1.4364 1.9891 2.4817 
vanilla 0.92079 0.5142 2.4917 0.28756 2.6925 -2.2677 3.0471 0.74286 0.23268 1.131 -1.2624 -1.3926 1.5772 0.0402 0.1214 1.8746 0.79369 0.075263 -0.4943 -0.71989 1.1622 1.9928 -0.1542 2.0795 -1.4631 0.39978 0.25465 3.0839 -0.95017 -2.249 -0.81636 1.6101 -0.35156 0.73191 -3.0158 -1.2725 -1.1502 0.009646 1.5049 -3.1514 0.097469 -1.1735 1.9421 -2.2437 -0.17283 -1.6044 0.72166 0.33413 -2.2391 1.925 -3.4062 1.0741 3.5188 -0.7659 -0.14936 0.70318 1.2967 1.0544 0.21006 -2.8833 0.72545 0.14413 -0.73067 -0.45911 -0.030344 2.0483 -1.0648 -0.58118 0.10708 -1.3808 0.011645 -0.17192 1.3446 0.7941 0.99629 -0.3995 -0.83698 2.3597 -2.2027 0.64765 -1.7397 1.3108 0.35405 -0.41824 0.66813 -1.4161 0.24376 0.59663 -1.0295 -0.27415 -0.31834 -0.37564 1.3211 -0.34773 1.4018 -0.34014 1.5652 0.78636 0.96495 1.8166 
bakery -1.4543 -1.2116 1.7724 -2.7607 4.0084 -0.74644 0.63325 -0.4615 0.041739 -1.9754 -2.5623 0.26944 0.7333 -1.472 1.1714 3.9112 0.63105 1.0972 0.27922 0.98822 -0.901 -0.80481 -0.056011 1.751 -3.674 1.1843 -1.4801 -0.35657 0.9792 -0.72743 1.0767 0.56879 -1.3205 0.69939 -0.40241 -1.6715 0.12275 1.2563 -0.39175 -2.887 -1.6644 -0.47492 1.2415 -2.1475 3.8052 -3.8351 -0.39865 1.3567 -2.4983 3.8183 -2.8851 1.7829 2.1309 -1.8939 -1.6682 2.631 0.93639 0.82407 5.916 -1.6355 -0.071076 -1.3692 -0.21219 -0.35765 -2.4281 1.4959 -1.3735 0.34339 -2.1895 -2.5693 -0.43727 -1.3337 -0.44224 0.77686 0.087922 0.15877 1.4693 1.661 -0.073632 -0.25757 -1.6637 1.621 1.0469 -2.0979 0.86965 -0.5039 -1.6491 -0.64198 -4.1438 0.99497 -0.94005 1.7198 3.0363 -1.7319 -0.96103 -2.2606 0.55819 -0.88943 -1.7078 3.0311 
walnut 1.6191 0.044399 3.7996 -0.023698 2.1108 -0.04193 1.654 2.9621 0.2375 -0.82275 -2.9298 0.0001174 2.8534 0.46801 0.97002 3.6812 0.91116 1.6807 2.291 -0.2278 0.68734 0.10832 -0.66465 1.1337 -1.2574 -0.48956 1.7666 0.75134 0.88566 -0.088649 1.4623 3.996 -0.25673 1.9053 -0.064089 -2.0341 0.095183 2.6003 0.37743 -3.0331 0.30002 -1.7484 1.4325 -1.3857 0.57156 -1.5269 1.681 0.51746 -2.2472 2.9347 -2.388 0.25097 2.0025 -2.285 -2.0239 -0.68307 1.0043 2.689 1.4672 0.73815 -2.1055 0.34948 0.0029618 -0.047369 0.22604 1.9808 -0.41952 0.73747 -2.3067 -2.2344 0.69683 -0.24448 0.77657 1.2745 -1.204 -0.85868 -1.1296 1.7485 -1.0237 0.31964 -2.8368 3.6784 0.22834 1.1241 -1.4689 -0.23982 -0.5861 -0.70132 -1.4605 0.58383 -2.6271 2.0013 2.5568 -1.5362 -0.40538 -0.45083 1.711 0.70934 -0.45894 3.0725 
tar -0.14609 -5.3916 6.8902 0.16976 4.3422 0.87737 1.3284 1.0323 0.01871 -2.2665 -3.4343 -4.9839 0.67132 -0.69618 4.7377 3.8617 3.1591 -4.4015 4.4544 0.010223 1.7351 5.0196 -1.7229 1.1217 1.0473 -2.9213 1.6104 5.4579 -0.81807 0.029242 7.0157 2.8222 2.1881 -0.19116 -2.6286 0.15666 -8.9113 -3.2424 3.982 2.0405 -2.6818 6.1308 -2.7118 -9.141 -2.0131 -1.855 4.7903 2.3119 0.63731 5.4472 -4.9974 -2.0158 -0.23265 -0.67671 -3.914 -3.5793 5.6153 1.2542 -3.4959 -2.2793 -3.8019 -0.91013 -0.10443 0.16711 3.4563 -0.18895 2.4388 1.9388 -4.8026 -2.7574 0.52999 -4.3528 -0.80174 0.98486 -2.0015 1.0649 -6.0547 2.0726 -4.0275 -2.4712 -2.1588 -3.0952 -0.14329 -0.92154 -1.1819 -1.8573 4.6788 -5.0914 -0.95905 -5.5557 2.3024 -0.95059 -0.10845 0.51674 -4.6113 -2.3549 0.0079936 2.7382 4.3432 1.8635 
blackberry 1.1922 0.65996 0.97937 -1.0831 1.5089 -0.17398 2.5544 0.32204 -0.96834 -0.47975 -1.0378 0.94784 1.8329 -0.15978 -1.0575 0.35612 -0.35006 -1.0608 1.9823 -0.069489 0.56947 1.7958 -1.5757 2.2028 -1.9603 0.19503 1.7895 2.3281 0.89122 -1.7884 1.2492 3.1296 0.40342 0.14388 -0.76063 0.10583 -0.46885 0.99495 0.48052 -1.3726 1.3254 -0.88169 0.82843 1.6712 0.044932 0.41045 0.41669 0.70534 -1.7945 2.364 -2.3703 0.17748 1.1437 1.0104 0.45659 1.8538 -0.1992 2.6273 0.52278 -1.2661 0.17449 -0.34902 -0.74755 -0.83082 -0.81381 0.10304 -0.016177 0.78885 -2.6485e-05 -0.39908 0.11388 -0.33301 0.59846 0.44801 1.2635 1.5952 -1.5537 1.9391 -1.545 0.86079 -2.04 -0.39162 -0.29355 0.80853 1.29 1.08 -0.72357 -0.1953 -0.88279 0.12207 0.68979 0.057528 0.62413 -0.9804 0.15809 -0.45215 2.6842 1.4414 -0.97513 1.9465 
almond 0.61668 -0.53045 1.9636 -0.54443 3.1814 -0.8374 2.2202 2.0564 0.67372 -2.1524 -1.6824 -0.89571 1.4216 -0.18418 0.72958 3.6544 0.3186 -0.13489 0.80245 -0.18126 2.0851 3.3573 0.70198 1.5796 -1.0915 1.4536 0.045824 2.1398 -1.2593 -1.2457 0.26771 2.7325 -1.1119 1.0028 -0.31659 -1.019 -0.42844 1.1389 -0.50766 -1.0938 0.82254 -2.2216 0.70484 -3.3633 -1.2795 -1.8392 0.9145 1.5403 -4.4866 1.3981 -3.2766 1.0316 4.1029 -0.88872 -2.9924 0.93437 2.1041 2.2382 2.2287 -2.0792 2.5045 -0.88719 -0.55381 0.34369 -1.3787 1.9779 -1.2141 0.16186 -0.63156 -0.91801 1.5024 0.91043 1.2976 0.59889 0.38367 -1.7008 0.16782 2.136 -1.1053 0.90877 -1.9488 2.2648 0.34324 0.52016 0.35678 -2.3153 -1.0278 -0.42823 -1.8181 1.1236 -1.08 0.52921 0.047113 -3.1506 0.72578 -2.6535 1.8901 1.1079 0.74825 3.3149 
popcorn 0.03007 -0.48272 2.656 0.034046 2.6772 -0.50935 3.2868 0.28843 1.1345 -2.1097 -0.8989 0.37109 0.65516 -1.2247 1.239 1.4168 -1.0556 1.0751 2.2808 1.3443 1.9961 0.087429 -1.0691 2.5513 0.16243 0.27161 0.56784 0.18831 0.31041 -0.21589 1.3097 0.86277 -0.89573 2.3505 -1.5466 -1.491 0.24299 1.1108 0.29873 -2.7661 1.3569 -1.2387 1.1682 -3.8707 0.21954 -0.21018 -0.1988 1.223 -2.5245 1.053 -0.82122 0.65025 2.0521 -0.25049 0.74802 1.8122 0.62266 2.2806 -0.95366 -0.95361 -0.47293 -1.2731 0.049373 3.0984 -1.8613 1.4361 -1.617 -1.7465 0.39261 -1.8213 -0.22436 -1.1667 1.7191 0.35157 -0.22723 0.57501 -0.34389 3.4802 -0.026356 -1.4362 -1.797 1.0518 -0.53837 -0.60021 0.83081 -0.6673 -0.39963 -0.095501 -0.46744 -0.33795 0.06584 1.3297 1.0134 0.25969 -0.22856 -0.55304 -1.2008 -1.0864 -0.27764 1.157 
pear -1.2859 -0.20437 3.4087 -1.4126 4.402 -1.2759 3.5002 4.0067 -1.8271 -1.0547 -2.1332 3.2872 5.0144 0.50916 2.1153 4.9267 -0.0066394 0.51736 3.0086 -0.64048 1.0259 5.8546 0.79356 3.4078 -0.23632 -0.83185 1.3531 3.9896 -2.0964 0.069117 0.24668 5.0886 0.44684 2.7974 0.71989 -0.20098 1.4806 -0.097727 2.9341 -2.1256 -0.55545 -2.4344 0.89447 -0.9265 0.064873 -3.4169 2.1197 0.82208 -4.6765 4.0794 -2.1727 2.7741 0.34407 -1.1958 -6.1094 3.3317 3.768 3.6291 2.7749 -1.6861 -2.4419 -1.6366 -0.2601 0.060801 -3.9127 2.1501 -0.12728 2.5292 -2.1427 -3.5838 2.2915 0.42477 0.60057 0.84827 -1.0387 -1.9629 -0.9369 2.7518 -0.91985 1.8574 -5.637 0.22221 -0.85695 1.3932 -0.47155 -2.746 -1.4818 -0.38768 -0.75703 -0.61458 -0.14242 -0.82857 -0.12679 -3.9363 1.3251 -1.9292 5.9163 1.7545 0.17708 4.3755 
coconut 1.14 -1.1887 4.024 0.81438 2.9295 -0.8675 2.4311 2.1381 0.2266 -0.84135 -0.33397 1.0199 2.2418 -0.72383 1.0919 4.1938 0.0015634 0.6917 -0.0717 -0.79639 1.346 2.4026 -0.84749 0.3881 -1.2209 0.41509 1.3396 2.5756 0.051358 -1.8747 0.838 2.5658 0.4628 1.2517 -1.0781 -1.5236 -0.45435 0.78632 2.1945 -2.4731 1.1322 -1.9084 1.4185 -2.9504 -0.20853 -1.6607 1.8078 1.6115 -4.2665 4.1747 -3.0319 0.41503 2.985 -0.76704 -2.372 -0.1193 0.52314 1.6807 0.52457 -0.39858 -0.27017 0.33736 0.888 1.1241 -0.32593 1.5103 -1.5102 0.28508 -0.33123 -0.77115 0.95467 -0.55889 0.59531 0.64207 -0.5979 0.024586 -0.71866 3.8545 -1.2231 0.29559 -2.3486 1.8117 0.14434 0.2699 1.8729 -1.8644 -0.80903 0.3092 0.070249 -0.0073355 0.9785 -1.1544 0.83027 -2.3654 -0.62684 -2.6432 0.4937 1.6028 -0.1703 1.8787 
cardboard -1.209 -2.4106 0.81671 0.073948 3.3399 -1.1821 3.4395 3.3375 2.1113 -0.86727 -2.041 -0.04851 0.36018 0.08336 1.8312 1.655 2.5369 -1.3983 3.2425 -0.16046 0.56259 -1.0176 -3.6598 -0.25995 -1.7453 -0.34304 1.2741 2.9347 1.3424 -0.32583 3.9024 2.1153 -0.91601 1.7511 0.2531 -0.5206 0.14004 0.56684 0.17941 -4.0341 1.3202 -0.89117 -0.19706 -3.2832 -0.73833 -0.33818 -1.0613 0.60327 -1.9993 2.5508 -0.72962 0.43769 -0.60004 0.6952 -1.2815 0.32352 0.6447 1.8064 1.6011 -0.47803 -1.5246 1.4468 -2.4504 0.10842 -1.6244 -1.9088 0.23185 2.6824 -2.7574 -1.3553 -1.5053 -0.70628 -0.93789 0.57894 -2.3252 -0.53076 -1.1421 2.8751 0.62675 1.45 -2.4905 -0.38198 -0.52701 -2.3452 -1.1524 1.1065 0.80812 0.61835 -0.078462 -0.53857 0.79151 0.095805 -0.509 0.87197 -1.6148 0.21664 -1.0853 -1.1332 0.1528 1.9716 
clove -0.68018 0.37463 3.4384 1.7568 4.9092 -0.40209 4.0165 0.88153 2.7654 0.76883 0.14489 -0.41537 3.0636 0.77367 2.5844 3.3577 0.23519 -1.0625 1.7679 -0.9806 2.1248 1.1403 1.6976 1.0829 1.5151 -2.3631 1.129 2.9226 -3.1325 -4.0351 0.38412 3.8396 0.35915 1.4537 -0.3178 -1.0095 -0.11076 3.6415 -0.20511 -0.77642 0.77144 -3.3526 0.11436 -2.9625 1.7138 -2.1565 3.2615 0.99862 -5.0479 1.7585 -1.4508 0.25547 0.70587 1.0669 -4.1612 -0.42751 0.50554 2.9557 -0.12139 -0.53089 -0.24638 0.1036 -4.9562 -0.72944 -2.8448 -0.86808 0.46906 2.4585 -0.22824 -0.55685 0.052108 -1.4139 1.1769 -0.50067 0.16077 0.33421 -1.1061 1.4204 -0.59163 2.6001 -2.7293 2.3594 -0.29162 -0.36812 0.46557 -1.3806 2.2259 -1.8221 -0.4904 -1.7648 3.052 -0.21293 1.1556 -2.5312 -0.81464 -4.6524 3.2291 2.4558 2.3499 3.7222 
cucumber 0.090934 -2.2877 1.8939 0.28913 3.1725 -1.2656 1.2693 1.3793 -0.32086 -0.75662 -1.6342 0.99601 1.3823 -0.35674 0.9903 3.3432 0.21242 0.41699 1.3478 -0.16841 2.6862 2.3012 -0.069523 2.1795 -1.4612 1.6306 0.94052 2.2936 -1.5055 -1.1239 0.97181 2.9058 1.0457 0.61465 1.3005 -1.3698 -0.55454 1.4472 1.3926 -1.0133 0.98169 -1.2739 0.24383 -1.4866 -0.19658 -2.4305 1.7566 2.129 -3.2432 1.0085 -0.52847 0.47203 0.71156 0.32414 -1.4041 1.8074 0.77421 2.1572 0.53501 -0.89786 -0.23964 0.66943 0.098506 -1.1206 -1.9749 0.032931 0.11974 0.84542 0.5975 -1.1103 0.4199 -0.8239 -0.36468 1.2433 0.25679 0.88767 -0.69839 2.642 -0.84659 1.2509 -2.893 -0.33134 0.76442 0.86189 0.60069 -2.2195 -0.67847 -0.56947 -0.071536 0.595 -0.081544 -1.812 0.27753 -3.0468 -0.36543 -2.0037 2.0548 1.3401 0.71487 1.7719 
lavender 1.1211 -1.5199 1.2701 -1.3851 2.4104 -1.98 2.6849 1.392 -1.2254 0.27597 -0.90996 0.15324 3.5743 0.5906 2.4779 1.8675 1.5089 -0.22469 2.0082 1.273 1.5159 1.7416 -0.062386 0.57115 -0.20995 2.2055 -0.10739 1.8941 -0.85041 -1.5016 1.5387 3.3302 2.1616 -0.22973 -2.9769 -0.87561 -1.6196 1.0636 1.5755 -1.2269 -0.51141 -0.054167 2.618 -0.76774 0.39575 -2.2498 0.53414 0.21592 -3.7375 2.1373 -1.3215 1.485 1.7229 -0.76548 -4.3452 0.039959 1.3764 0.54608 1.5762 -0.38002 -0.24955 -0.68418 -3.3423 0.84951 -0.88306 0.7634 -0.42275 0.20208 -1.8804 -2.0405 0.80218 -0.51711 -0.75495 1.0084 -0.22109 -1.197 -2.4024 1.0767 -0.50411 0.059009 -1.1257 -0.94267 -0.39673 0.5668 -0.26754 -0.79999 -0.59705 -0.28422 -1.5469 -1.2504 1.6754 -0.99315 0.21826 -3.8883 -0.10556 -1.5114 2.3532 0.8472 1.8156 0.81409 
rum 0.11736 -0.5897 8.0433 -0.27783 0.12018 -4.502 2.8682 0.30613 -0.44424 -0.26456 -2.7041 -2.3227 2.0936 -0.69274 1.9077 2.8205 3.7675 0.9632 3.725 -0.40552 2.203 -0.23285 -2.8312 2.964 -1.6395 -0.68869 0.25264 3.8669 -0.1001 -2.1643 2.5026 2.0347 -1.7298 -3.554 -6.0379 -4.0891 -4.0386 4.548 3.051 -3.5576 2.8633 1.7675 4.2558 -2.8023 1.9236 -1.6332 2.4417 -0.40849 -5.9712 3.1299 -5.9363 0.18863 1.9668 -2.0427 -4.8118 3.2472 0.97683 -3.1922 -0.088829 3.8777 -0.77353 -4.1887 1.1762 -0.10761 -1.1985 3.4145 -0.85553 -1.9529 4.696 -4.3488 1.6514 1.7506 6.2916 0.2613 1.7527 0.1707 -3.5598 5.4334 -3.2021 -3.8304 -5.4967 2.0206 1.1275 -2.8543 -2.0339 -2.3785 -0.28214 0.99221 2.0316 -2.1364 1.2842 -1.9594 0.16901 -3.4253 -1.1437 -3.7456 -0.8514 -0.63241 0.66193 2.4184 
syrup -1.1565 -1.6426 3.991 -0.42962 2.8225 -1.3632 4.455 1.9825 -0.30221 1.6554 -0.1109 0.22925 1.2987 -1.2142 0.39926 3.764 1.4043 0.11664 0.32962 0.85518 1.0879 3.6589 0.17701 2.5767 -0.17625 0.7195 -0.30164 2.4019 -0.50753 -2.7628 -0.49879 1.0163 -0.76782 0.82819 -3.7984 -3.8047 -0.77693 1.092 0.56478 -3.3966 4.2537 -1.5366 1.9552 -3.584 -0.033544 -1.0299 2.5459 -0.35493 -3.5567 1.3531 -3.2615 0.90366 4.1627 1.4777 -3.3149 0.90807 0.35857 0.66192 -0.86841 -0.98076 0.52973 -3.1085 -1.066 -0.99418 -1.7275 2.2636 -1.4854 -0.3894 1.1864 -2.2692 0.10148 0.80025 4.4214 1.6833 -0.63736 -0.26899 0.79112 3.9471 -1.0498 0.37865 -2.5627 1.8404 -0.4167 -1.1882 -0.23166 -2.8453 -0.46551 -1.6261 0.62448 -1.1417 -1.9404 0.70052 1.2785 -2.875 -1.5794 -1.2492 -0.0050404 1.3161 -0.43085 3.6642 
celery -0.35632 -2.6457 1.7632 -0.85086 3.8407 -0.56847 1.074 0.94706 0.95647 -1.6268 -1.2723 1.5462 2.251 0.51634 0.90747 2.531 0.59444 -0.16011 1.3931 -0.099489 2.4818 1.416 0.76217 2.4506 0.47935 -1.339 1.7665 1.6935 -2.9049 -2.3805 0.55915 3.2309 1.346 1.6874 0.327 -2.4202 -0.53804 1.7536 -0.24288 -1.4689 1.3968 -1.1095 0.22884 -1.3455 1.7623 -2.8045 0.61596 2.5797 -4.7821 1.4893 -1.3877 1.2831 1.2459 -0.87726 -0.88735 1.8648 0.83516 3.3705 -0.32579 -1.4465 0.54361 -1.2594 -1.3336 -1.1299 -4.1926 3.2739 0.8452 1.0431 -0.54668 -2.0175 -0.21815 -0.62439 -1.4517 3.1634 0.43676 0.027357 0.58763 2.221 0.69682 1.6357 -2.7059 1.9195 0.66272 1.1638 -0.4816 -0.66484 -1.0982 0.020637 -2.632 0.012732 1.2411 -0.30695 -0.29508 -2.5484 -1.2732 -3.0078 3.4418 1.6058 0.093473 1.7542 
raspberry 0.72163 0.16222 1.8057 -0.60994 2.5341 -0.70072 2.8054 0.9116 -0.65192 0.95868 -1.8692 0.65591 2.1255 -0.99079 -0.14629 1.7855 -0.070539 -0.098368 2.6197 -0.12701 1.4705 3.1755 -0.05352 1.8489 -1.6464 -0.088242 0.6344 1.922 -1.0752 -0.83735 0.94603 1.5284 -0.77838 1.4756 -1.2843 -0.26624 -0.79098 1.185 0.55027 -2.862 0.91151 -2.0036 1.2712 0.23866 -1.2983 -0.24286 0.7325 0.74691 -2.691 0.68129 -1.5997 0.083382 1.2349 -0.89066 -0.82699 0.48048 0.79152 1.801 0.68805 -1.1255 0.85268 -0.21576 -0.63047 -0.01461 -0.14762 2.1174 -1.2262 -1.2373 0.17486 -0.88575 1.292 0.34977 1.353 1.061 0.93333 0.44649 -0.57412 2.506 -0.7561 1.0938 -1.9958 1.3114 1.0493 1.2787 0.62374 -1.272 -0.75523 -0.090703 -0.15546 0.7428 -0.33818 -0.4726 1.3906 -0.9907 1.6649 0.015413 1.7994 1.2081 0.37443 1.9643 
pineapple -0.025549 -1.6416 2.2485 0.19251 2.0802 -1.2519 3.0003 0.90277 -0.012401 -0.71981 -0.95399 1.4476 1.5597 -0.18539 0.37339 3.7667 0.3604 0.12639 0.97271 -0.42477 1.5609 3.0573 -0.68178 1.2548 -0.65923 0.22991 1.7836 1.9778 -0.27292 -1.4913 1.2101 2.3369 -0.017172 2.1785 -0.82742 -1.5277 0.67317 0.73533 1.9882 -2.3714 0.57434 -1.3167 1.0361 -1.614 0.70869 -1.7141 0.70022 1.5645 -3.3771 3.1292 -1.6578 0.70714 2.2904 -0.82404 -2.3044 1.0553 -0.092813 2.3923 0.95337 -0.76158 -0.23264 0.080244 0.38297 1.2182 -2.0805 0.84927 -1.2718 0.76587 0.15313 -1.2292 0.70115 -0.10507 0.45642 1.46 0.15703 0.32677 -0.5669 2.8762 -0.29272 0.97265 -2.9415 0.59242 0.38131 0.45961 0.72855 -1.4128 -0.0604 1.1206 -0.43944 -0.74761 0.47096 -1.3146 0.4169 -2.0263 0.67942 -1.5662 2.1619 1.6537 0.30854 2.4037 
raisin -0.048311 -1.5428 3.4438 -0.76302 2.7283 -1.4626 2.1812 1.6347 -0.77015 -0.19343 -2.1223 -0.91178 1.4493 -0.46706 2.2427 1.8881 0.54543 -0.18085 1.1859 2.1527 1.5987 2.5595 1.2863 1.712 1.3599 2.0915 -2.4019 0.99346 -1.0435 -0.67004 1.5936 2.3286 0.36212 2.089 -1.3 -1.2912 0.95362 0.58686 1.3648 -0.10593 0.68936 0.089386 0.67648 -2.9432 -0.073098 -1.5367 -0.87824 2.0776 -3.7876 1.88 -1.3817 0.54858 1.8033 0.35042 -2.9499 1.2581 1.5034 2.2056 0.98709 -2.0891 1.3453 -1.5719 0.68563 -0.057055 -1.9935 1.2976 0.41787 -0.89069 -1.3663 -2.6772 0.83063 -0.9769 0.94289 -0.45992 0.25839 -0.6322 0.40979 2.5531 -1.8983 -1.058 -1.7547 1.2102 0.61957 0.38736 -1.8026 -1.0966 -0.8628 -2.3764 -1.0355 1.8537 0.57923 1.2266 1.6816 -0.17553 -0.63894 -1.5923 0.10281 -0.39821 2.3784 2.8349 
birch 0.043112 -1.1773 1.7565 -0.065522 1.4617 0.29671 0.20478 3.8709 -1.727 -1.4195 -2.9561 -1.0262 3.6103 2.6468 1.4886 -0.23189 -0.66192 1.7016 2.3393 -1.0752 3.0638 0.057687 -1.3892 -0.52304 -0.494 1.4053 0.69168 2.477 0.85981 2.9688 2.3875 4.8809 -0.81894 -0.78345 -0.027965 1.0635 -0.76807 -0.10116 1.7997 -2.0336 0.64735 0.13709 3.6273 -0.26694 -0.71545 0.12714 0.013176 -2.4031 -1.8354 4.2413 -1.2578 -1.0421 -1.2895 -0.84143 -4.741 -0.86459 1.9747 1.9232 2.2498 -0.11701 -1.6244 -0.63312 -1.8793 1.7003 -0.31168 1.9553 -0.059933 1.7786 -2.1645 -2.8321 2.0332 0.95437 0.3284 1.1619 -1.1107 -1.075 -2.2122 1.8063 -2.0469 -0.077252 -2.4721 2.5962 -1.7831 1.3147 -1.9165 0.26396 -0.47903 -0.98847 -1.4277 -0.21091 1.9112 0.92947 -0.84319 -1.6395 -1.132 -0.43469 0.73143 -0.018404 0.22454 4.5654 
manure 0.88932 -5.2927 2.2596 0.27861 2.7715 4.1171 0.79226 2.6024 -2.5977 1.5944 -0.76376 1.6832 0.16089 0.9296 2.6541 3.2547 3.432 2.0132 0.71946 0.24456 3.3731 -0.076746 -1.0757 -0.034838 -0.78577 0.60168 -1.196 3.4583 -2.088 0.58913 0.031152 2.2125 -1.804 -0.081292 1.9837 -2.2203 0.68075 0.53051 0.103 -2.0948 2.2273 1.4625 1.4677 -4.4375 2.6847 -3.1125 1.7166 0.74032 -1.5971 2.7705 2.2202 1.569 1.5368 0.97276 -2.4203 1.3497 3.7227 0.33895 1.1876 0.81689 0.90848 -3.9308 -2.8131 -1.5921 -0.60477 -1.1374 -0.70187 1.8172 -1.8013 0.2869 0.69556 -1.5107 1.4255 -2.0234 -0.94319 3.4732 -3.7879 1.9761 1.6357 0.097895 -1.9387 -2.456 0.50592 -0.38787 0.53599 -1.6956 1.3862 -2.8976 -1.7874 0.44534 2.8915 -0.34224 -0.065636 -3.9766 -5.2207 -2.6029 -0.41942 0.35283 3.43 1.6829 
cork -0.38378 -1.7893 2.2736 -0.39374 2.5482 -0.78428 0.20395 2.4479 0.59131 -1.5951 -2.646 -0.4611 -0.5809 1.0069 -1.3948 3.167 2.888 0.16501 4.2646 -0.98701 1.5762 -1.4132 -2.3475 1.1395 -2.3791 0.32796 0.79 3.0626 1.1014 0.81354 3.29 1.4983 -1.8665 1.8996 -2.8915 -4.1154 -1.4965 1.8569 1.9896 -4.2402 1.4336 2.1261 1.4021 -0.13405 2.9803 -2.1771 -1.8392 0.48283 -2.3391 2.7688 -3.3505 -0.13248 -2.079 -1.4984 -3.1698 -0.079876 0.46316 -0.080099 1.8777 -0.75611 -2.9819 -0.35499 -1.671 0.073247 -1.4975 0.12758 0.030791 -0.59102 0.1378 -3.611 1.7888 -1.4284 3.733 4.2632 -1.7898 -0.23776 0.41981 3.768 0.024577 0.23168 -2.9249 -0.33116 -0.12083 -1.1127 -1.2331 -0.62485 0.88154 -0.98983 -0.19272 -1.4364 0.094137 -1.0918 -1.3888 -0.94907 -3.5736 -1.2161 0.82349 1.8033 1.4816 0.71377 
incense -0.047391 -2.6291 2.1402 -2.5275 2.3786 0.098658 0.18594 1.0398 -2.2562 -0.20869 -0.30491 -1.4554 3.6914 0.77242 2.5485 1.4297 1.0333 0.24635 -0.31592 1.413 1.7474 0.73238 -1.8126 0.87038 0.30924 -0.083548 1.4392 2.6892 -0.75674 -2.2046 1.5315 1.1441 1.0584 -1.2375 -2.0386 -2.0076 -0.85662 0.94488 -0.88486 0.28452 0.49486 0.53886 0.94605 -1.8411 -0.4474 -0.67488 0.70349 0.6415 -1.1995 2.8379 0.66362 -0.15474 1.5163 2.6846 -2.9477 1.3569 1.6057 -1.7647 2.8429 0.26915 1.0795 -4.1078 -2.3424 2.5564 -1.2442 -2.6232 -0.16182 1.4005 -0.94129 -2.6276 0.70642 -1.0832 1.1981 -0.74112 0.12944 -1.931 0.82228 0.74303 1.0073 -0.34249 -0.13081 -1.539 -1.486 -0.95657 -0.4551 -0.23428 1.5462 -1.876 0.26707 -2.1441 3.1961 -0.86366 -0.099105 -2.3292 -2.019 -3.8577 1.3323 0.89708 1.79 -0.17046 
citrus 1.6605 -0.37049 3.3608 -1.8015 1.5421 -0.65951 1.6184 1.2311 -2.6072 0.69181 -1.8706 1.4064 2.5965 0.24606 0.94262 4.2034 1.094 3.4262 -0.59866 0.96284 1.3803 3.8934 -1.3099 0.94183 -1.3722 0.64503 -0.034401 1.508 -0.83675 -2.0402 -0.20092 1.3126 0.27029 -0.46468 -1.9819 -2.4936 -0.17858 2.0558 2.1309 -1.2777 2.7693 0.73942 1.6754 0.42497 0.52986 -2.8628 2.825 1.6631 -3.6728 3.7706 -2.2032 2.1684 3.7329 -1.2857 -2.7035 -0.096464 1.9207 -0.2044 1.3909 -0.88474 1.3011 -2.4339 -0.57887 0.3841 -0.55272 1.3116 -0.11718 0.36681 0.10747 -0.85253 1.1655 -2.0361 -0.37525 1.4316 -0.025978 -0.39571 1.0134 3.0599 -0.99928 1.4692 -2.5026 0.77876 -0.098962 1.5472 -0.15061 -0.84377 -0.050777 -0.64896 -0.26948 -0.39932 1.1291 -1.1465 0.46991 -3.1216 0.55038 -2.4758 2.3933 3.3106 0.026066 1.5113 
solvent -1.2405 -6.2544 1.748 -1.5387 2.019 -0.32574 -0.082113 1.5729 -1.5085 -0.072215 -0.45352 0.091967 0.54208 1.6531 1.1978 1.0305 4.379 2.5664 -1.0885 0.64427 4.1332 -1.5348 -0.086808 -0.98687 -0.25364 2.2012 0.41056 3.9872 -1.4209 -2.6409 2.3567 2.8819 -0.32822 0.020143 -0.92468 -2.1557 0.62587 -0.91571 1.9478 -0.75025 2.4235 2.003 -1.6487 -1.386 2.154 -1.6612 1.8861 -0.45991 -1.2875 0.32826 0.30094 -1.5043 3.8032 1.6367 -3.5929 0.53965 -1.7061 -0.59671 0.49443 -2.7884 0.38423 -3.236 -4.5243 -1.9191 -1.5314 -3.7175 -0.10626 2.8051 -1.7401 -0.9625 0.89539 -3.6756 1.639 1.3249 -0.89137 -1.2174 1.27 1.0575 1.8497 3.6728 0.60709 -2.7812 -0.78359 -2.9884 1.8314 0.038557 2.7608 -0.63097 -1.5442 -1.0435 1.3713 -0.54157 1.3951 -3.9892 -5.3383 -1.9333 -0.85742 4.335 1.4003 1.1987 
cologne 0.89814 -1.2083 0.25126 -0.74247 1.7652 -2.3364 0.94333 0.50736 -1.0516 -0.17781 -1.858 1.1879 2.7312 0.68548 0.62319 0.57338 0.50266 0.81443 1.2572 -0.98688 1.1256 0.46814 -1.3406 1.91 -1.0176 2.0559 -1.8277 2.5066 -0.98466 -2.1846 -0.84161 -0.25338 -0.9482 -0.011365 -3.3593 -0.35644 -3.0978 1.4011 -1.6728 -0.41652 -1.8615 1.6403 0.95651 -1.6926 2.8703 -1.8328 -0.47743 -1.322 -1.0879 0.35426 -1.2928 2.9041 2.96 -1.3952 -0.47586 3.0836 -0.52391 -1.2703 2.1691 0.4275 0.82565 -1.3208 -3.3123 2.0442 0.054283 -1.1582 0.40405 0.18552 -1.0008 -2.4668 2.0743 -3.3118 0.54686 2.3665 -1.02 0.53547 -1.5278 1.0158 0.35582 0.92979 -0.20057 -0.19842 -0.029316 0.47529 -1.1596 0.89078 0.71994 0.42246 -0.54617 -1.971 1.9808 -2.1026 -0.034988 -3.4317 -0.54622 -0.76537 0.77726 1.4693 1.2321 1.583 
caramel -0.094772 -0.76024 2.2792 -0.34164 3.5249 -1.9101 3.3618 1.5926 0.78263 0.62693 -1.5908 -0.46278 1.7261 -0.029933 1.4262 3.5134 2.3365 -1.0112 0.4529 -1.029 0.91658 3.1006 -0.55677 2.7752 -1.3349 1.2865 -1.4193 1.7869 0.053405 -2.2169 0.67382 2.3644 0.36623 1.9933 -3.0491 -1.746 -0.3787 -0.16022 0.3521 -3.693 -0.10915 -0.74199 0.085912 -2.3802 -0.24963 -2.4613 0.33384 0.95831 -4.0154 1.5328 -3.3965 1.4801 1.3433 -1.4997 -1.9346 0.32482 0.83732 0.58511 1.3147 -2.6677 -0.047354 0.65276 -0.97391 1.0899 -0.7137 1.8824 -1.8169 0.23853 -1.9037 -1.4804 0.8734 0.41099 2.3524 0.67295 0.21025 -1.4509 -0.34367 3.7378 -0.4018 0.30798 -1.4304 1.483 0.33668 0.68944 0.57558 -1.3327 0.14301 1.0365 -1.0063 0.16262 -1.3162 -0.79114 -0.05364 -1.9905 0.013698 -1.1352 1.1417 0.8631 0.19515 2.6312 
grapefruit 0.14311 -1.9495 2.6547 -0.84727 1.6421 -0.53318 2.4698 1.4554 -0.01304 0.22726 -1.5176 1.413 1.374 -0.33682 1.0471 3.1799 0.5096 -0.25819 1.323 0.036911 1.4542 1.3708 -0.76025 1.2417 0.44152 0.70967 1.2308 1.7699 -1.607 -2.1351 1.1227 1.4306 1.0963 0.83211 -0.21853 -0.94685 0.87727 1.8483 1.1319 -1.794 1.2754 -0.50566 1.1602 -2.0624 -0.33991 -2.0305 0.13294 1.8524 -4.5515 1.4696 -1.1138 1.0162 2.2291 -0.12903 -2.3131 0.68281 1.0008 1.1226 0.61782 -0.67887 0.67455 0.039878 -0.50122 0.86752 -1.8142 1.2315 -1.3796 -0.36835 -0.041119 -0.61232 1.4096 -1.1674 0.50693 1.3009 -0.32712 -0.025712 -0.3504 2.7611 -0.88423 1.3658 -2.3278 0.32591 -0.50896 1.4608 -0.074785 -1.5225 -0.12896 -0.14784 -0.31685 0.038685 -0.049884 -0.93407 1.0348 -2.6706 0.21953 -0.96862 2.2873 2.2086 -0.1977 2.0858 
ammonia 1.0968 -2.7482 1.5816 -2.1226 1.242 0.43205 -0.83693 -0.050161 -0.71423 -0.61681 0.33741 -0.63342 1.3005 1.404 1.7517 0.15428 3.4268 1.009 -0.94984 -0.55687 3.0546 -1.3269 -1.097 1.2959 -0.38753 0.90981 1.1615 3.7066 -1.3273 -0.4175 1.1838 0.35699 -3.6865 0.9669 -1.562 -0.71431 -1.8513 0.60052 0.51773 0.60583 1.2787 1.9164 1.7072 -1.5153 2.472 -1.5458 1.2447 -0.060617 -0.010589 0.96328 -0.88434 1.2407 2.861 -0.93022 -1.082 1.3132 0.039201 -1.6558 -0.28814 0.024 1.8539 -3.0821 -2.135 0.16775 1.4608 0.066551 0.77645 1.0969 -0.81447 0.52295 0.26736 -1.6643 0.6161 1.4179 -0.58183 1.4829 -1.7097 0.91476 -1.0247 1.2291 -0.81325 -0.16731 -0.43712 -1.8383 -0.47196 -3.082 1.2417 -1.1625 1.6065 -1.0708 0.3667 -0.93947 -0.32804 -2.0974 -2.2401 -2.9086 -1.1357 3.0572 1.5522 0.98195 
detergent 0.38512 -4.6559 1.1085 -0.58081 2.2439 -0.30556 -0.027744 0.54237 -1.9976 -0.10215 -0.45373 0.024174 -0.39085 0.76299 2.2084 0.38385 3.7398 0.2085 -0.5104 1.108 2.5627 -0.4935 -1.9631 1.1519 -2.2175 3.9569 -0.38451 3.7051 -1.2464 -2.0413 2.233 0.40524 1.2391 -0.3541 -0.50953 -1.2965 -0.089167 -0.098734 0.71136 -1.3975 1.3854 1.0821 0.36446 -1.6327 2.0713 -0.74074 1.7928 0.32171 -2.6577 0.98743 -0.36604 0.85233 4.352 1.2653 -1.8171 1.5549 0.18883 -0.34726 1.1329 -2.25 1.4799 -2.893 -3.0879 0.657 -1.0601 -3.117 -1.2592 0.82032 -0.87322 -1.7274 0.97149 -3.3688 0.12167 0.87567 0.57913 0.56925 -0.34988 1.3051 1.9676 3.7448 1.3137 -2.9347 -0.99774 -2.3086 1.797 -0.023401 1.3667 0.33542 -0.42166 0.24744 -0.41538 -2.1058 0.74258 -4.5647 -5.1498 -3.0653 -1.7494 2.9674 2.2276 1.267 
kerosene 1.2116 -2.3155 1.2466 -1.0269 1.9829 -1.4073 0.6736 0.22662 0.27247 -0.97621 -1.6285 -1.8273 -0.053912 -0.11679 1.8293 1.29 1.4493 1.0956 1.5385 0.77983 1.0472 -2.0821 0.072577 1.3061 -2.1047 0.34725 -0.66652 0.70457 -0.76368 0.71909 2.4145 0.60862 -1.4203 -0.38031 -1.8532 -0.4876 -2.1794 1.7314 0.65769 -1.3529 2.1794 1.5182 0.15862 -1.8897 1.0928 0.4964 0.20321 -1.1689 -0.02364 -0.32704 0.42055 -0.20051 0.58559 -0.23077 -1.2633 0.86313 1.4541 0.26361 0.46068 1.5031 0.68976 -2.1488 -1.0063 1.1884 1.1343 -1.6188 0.44895 0.11078 -1.445 -1.4262 0.88114 -2.0359 -0.6555 0.51844 0.38687 1.3517 -1.0054 0.22939 0.091553 -0.36589 0.64555 0.70053 -0.69534 -2.921 -1.8689 -0.76747 -0.5463 -0.67321 -0.079193 -1.0093 -0.71907 -0.077523 -0.0038662 -0.28264 -2.3622 -1.8551 1.0072 0.92421 3.9459 1.695 
varnish -0.88595 -2.9786 2.8423 0.10137 1.9756 -1.8046 1.2606 1.6333 -1.1426 0.70878 -2.9703 -0.90855 1.1256 0.18343 -0.054464 1.516 2.4157 -1.2869 0.33399 -0.30746 2.8042 1.147 0.64393 1.3094 -1.7865 0.43195 1.0985 3.1668 0.2887 -1.702 1.1998 2.8012 1.7571 0.57243 -0.95011 0.23081 -0.21 1.9128 -0.38131 -2.1699 -1.4617 1.054 0.94826 -2.1317 0.3036 -1.008 0.81767 -1.1994 -3.3683 2.0645 -0.18936 -0.018505 2.0473 -0.030988 -2.3287 -0.22087 0.81171 -0.10357 0.73049 -2.2307 -1.0708 0.23119 -1.9439 -1.1 0.91714 -1.3859 0.75759 0.62802 -2.4298 -1.419 0.52212 -0.91413 0.79359 0.25835 -2.1747 0.14582 -1.5872 2.0596 3.2185 0.40287 0.46887 -1.0544 -1.4707 -0.54469 -1.4523 0.56202 2.4895 -0.026862 -0.045283 -1.96 -1.4299 -0.25733 -0.8722 -3.2579 -2.3801 -1.4184 0.92424 0.69924 2.8295 2.4808 
peppermint 1.022 -1.0644 1.8398 0.3624 1.9424 -0.64505 2.4463 0.40318 -0.83246 0.70158 -0.98602 -0.039746 2.7651 -0.62913 0.78659 2.2812 1.2407 0.57789 1.6141 0.25202 1.0176 1.1641 -1.1534 1.5118 -0.58783 1.2743 -0.15342 2.1327 -1.7632 -2.2899 0.44165 0.7987 0.4788 1.6015 -1.3331 -0.9601 0.19377 0.35546 0.6791 -1.9033 0.69753 0.048204 0.97198 -0.79841 1.6043 -1.5104 1.0275 0.38845 -3.0546 1.5962 -1.3156 1.8686 2.5148 -0.72061 -2.5343 0.031697 0.28339 -0.16153 -0.57377 -1.0176 -0.00061497 -0.57456 -2.4982 1.3982 -1.2029 0.52456 -1.5701 0.37336 -0.71888 -1.7841 1.6562 0.53188 1.3421 1.6749 0.11382 -0.1127 -0.86334 2.4984 0.38894 1.3692 -0.38976 0.22975 0.53429 0.055775 1.1054 -1.3769 1.3159 -0.48132 -0.72661 1.1551 0.46353 0.053422 0.98092 -2.3035 -0.40311 -2.423 0.97411 -0.0065861 1.1436 1.6784 
eucalyptus 1.0311 0.39597 1.9036 0.26145 1.6767 -0.38881 0.59645 0.021516 -1.5444 -0.32817 -0.39888 0.97652 3.4128 0.90812 0.36587 1.7429 0.51097 2.1571 0.81959 -0.60697 2.0901 1.3513 -0.70175 0.93954 0.14469 -0.085224 0.62749 2.5762 0.22457 -0.19396 -0.388 2.6244 -0.69144 0.072047 -0.94488 0.25312 -0.084688 1.8187 2.6178 0.068505 1.0775 0.26305 1.43 -1.2661 -0.57644 -1.4027 1.22 -0.02338 -1.1473 2.0919 -1.5712 0.082887 1.5288 -0.44136 -2.9715 0.40302 -0.34192 0.75065 0.4117 0.99629 -0.46829 -1.0808 -1.6178 1.1378 1.1491 0.3333 0.16111 0.98905 -0.26724 -1.708 1.3798 -0.47298 -1.077 0.23303 -0.87186 0.36471 -1.5641 0.6793 -0.40406 -0.38101 -1.2139 0.39475 -0.78281 1.0458 -0.45993 0.51103 -0.85527 -0.34516 -0.29508 -0.58944 1.8499 -0.56757 0.1128 -3.342 -0.23831 -0.90375 1.6603 0.77546 0.3206 1.6058 
licorice 0.89449 -1.5153 2.6987 -1.3262 1.7187 -0.092357 1.5814 0.42235 -0.53517 -0.21823 -1.8278 -0.18624 3.0514 -0.75257 0.83887 2.8379 1.485 0.78614 1.1135 -0.38083 1.5969 1.7791 -1.6365 1.4625 -0.056688 0.80881 0.42821 2.1083 -0.71722 -1.613 1.406 0.64421 1.1901 0.85989 -1.6819 -1.4926 -1.453 0.52479 1.1448 -1.3796 1.5862 0.46618 1.2391 -2.3463 1.6094 -2.1298 0.32176 0.87537 -3.6232 2.6115 -2.8202 0.89774 1.6127 0.19512 -2.3937 0.57951 -0.74129 1.2745 0.53978 -0.77257 0.38356 -1.2371 -1.218 0.84967 -0.98647 0.52986 -0.65463 -0.9703 -0.11583 -2.3488 1.9322 -0.74812 1.1237 0.62094 -0.27949 -2.18 -1.5222 1.8623 -0.73611 0.9791 -1.4947 0.74145 -0.24892 0.10032 -0.6671 -1.3552 1.4995 -0.023276 -0.58483 1.4849 0.48849 0.11896 -0.56562 -2.1768 -0.25621 -1.8753 1.5685 1.6461 0.90127 1.4788 
disinfectant -1.4518 -2.4682 2.1849 -0.89822 2.7836 0.51711 0.03877 1.0923 -0.16308 0.89173 1.6742 2.6601 2.2711 0.31204 2.0548 0.8561 2.9167 0.48323 0.0035149 0.3472 2.5609 -1.0238 -0.13664 0.90368 -0.81639 3.0332 0.83654 2.916 -2.0633 -2.2791 2.4085 1.4792 1.759 0.46936 -1.007 0.11365 0.50754 0.74719 0.68116 -1.2806 0.4688 -0.46054 1.3048 -1.8065 0.55822 -1.0649 2.1722 -0.053674 -0.67347 0.57306 1.1878 0.85453 2.0967 0.50557 -2.0298 1.1151 1.22 -1.5371 0.77137 0.052629 0.53044 -3.1797 -4.3 0.95823 0.68355 -2.0061 -0.34325 1.2183 -1.2863 -0.46777 0.7232 -3.6354 0.53172 1.1959 0.01043 1.2194 -0.18351 1.5241 0.30029 2.9483 1.5071 -2.211 -1.3196 -1.0336 0.42317 -0.33429 1.6291 -0.64493 1.6454 0.26555 0.94581 0.41914 0.26158 -5.1584 -3.7521 -3.2581 -0.13663 1.9409 1.4397 1.2277 
geranium -0.12359 -2.9827 0.51838 -2.5787 2.5388 2.2263 1.8341 1.0686 -1.6417 0.18486 -1.8403 1.3942 1.8169 1.0933 2.5635 1.358 1.8777 2.0777 1.5229 0.010731 2.2878 2.0613 0.18407 1.1016 -0.14477 0.52791 0.42141 1.8245 0.42875 -0.18453 1.2307 2.404 -1.4847 0.80151 -1.3062 -2.4738 -2.3495 1.1898 1.2334 -0.12024 2.1101 2.5858 1.5849 -1.4478 0.49186 -0.13683 1.1614 0.21376 -2.1998 1.1451 -0.69071 0.69287 1.7229 -0.84134 -2.1609 1.835 -0.30595 0.65762 1.4205 0.11156 -1.2832 -1.6821 -1.7408 0.84439 1.6598 2.5774 0.16549 0.2806 -1.0943 -0.82648 2.1263 0.020995 -2.2561 1.8035 -0.46508 -0.75046 -1.7356 1.6003 -0.25252 2.0526 -0.88093 -0.57275 0.02648 0.58586 -1.0667 -1.6957 -1.0743 1.282 -1.5139 -0.4529 2.0619 1.2923 -0.70972 -3.4842 -0.24554 -1.6791 2.5438 2.4993 1.3442 0.15061 
turpentine -1.7468 -2.6203 2.8145 -0.51224 1.8044 -1.9549 1.4144 1.216 0.42179 -0.043369 -0.83965 -0.48424 0.85463 1.8433 1.0466 2.0431 2.6009 -0.50531 0.78814 0.036404 1.2087 0.67107 -0.065757 0.80202 -0.41665 0.043752 0.35714 2.6847 0.007 -0.43667 1.4872 0.81811 0.8549 -0.85284 -1.7063 -0.39817 0.37707 1.3929 0.86164 -0.96246 -0.53198 0.98161 1.0975 -2.12 1.2458 -1.6737 0.58412 -1.2202 -2.71 1.4468 -1.6391 1.2025 2.3461 -0.59183 -1.8311 0.39078 0.43953 0.40046 1.1455 -0.045779 0.7662 -1.6425 -1.8952 -0.55203 0.28534 -0.90529 0.34423 0.7362 -2.2146 -1.3625 0.77835 -1.8102 1.4434 0.57374 -0.9615 -0.28865 -1.7029 0.81364 0.57363 -0.075845 -1.1452 -0.41787 -0.45189 -1.7576 -1.169 -0.56771 1.044 -0.90571 -0.83515 -1.7161 0.19909 -0.024623 0.36597 -2.9241 -2.7993 -1.7526 0.63624 0.98678 2.1158 1.9842 
mothball -0.97116 -1.9707 0.33339 -0.35249 1.7644 -1.3163 0.9361 0.73189 1.1757 -0.8085 -1.5925 0.75191 0.89001 -0.1867 2.0783 1.1846 1.6113 0.68394 2.293 -0.1834 0.6544 -0.079465 -1.2358 0.4225 -0.79857 -0.21449 -0.093857 1.6965 -2.2227 -0.17535 1.2908 1.1645 0.23891 -0.99277 -2.6037 1.1342 -0.78871 1.8347 2.1203 -0.90177 0.6665 -1.2564 0.10027 -2.5973 2.0647 0.44865 -0.53143 0.8574 -1.6256 0.96248 -0.066793 0.58243 -0.0053889 0.8632 -1.2217 1.0371 0.86703 0.91787 1.1967 0.10434 -0.88168 -1.5156 -1.0696 1.8259 0.1074 -0.58875 0.29256 0.21213 -1.6769 -0.30278 0.50184 -1.1205 -0.94103 0.34826 0.53763 -0.51219 -1.4005 1.021 0.54783 0.55718 -1.7173 -0.39061 -0.71034 -2.3371 0.42031 -0.26222 0.60455 -0.95813 0.68559 -1.1487 1.2947 -0.60376 0.88637 -1.2283 -1.5289 -0.75577 -0.26088 -0.07455 -0.079623 0.57135 
anise -0.063735 -0.019203 2.865 0.53797 3.3805 -0.53473 1.9333 0.40618 -1.864 -0.9547 0.077019 -1.3496 2.4627 0.55256 0.86399 -0.16455 1.1912 -0.35712 -1.5374 -0.11679 2.3169 3.3668 1.3877 1.1961 0.48037 1.9956 -0.96737 2.7518 -1.2526 -2.6881 -1.7645 -0.09609 2.905 -1.3221 -1.2556 -1.7809 -1.2412 1.0243 0.2105 -0.050449 0.35802 0.67769 1.8853 -1.8232 1.9507 -2.3123 2.7448 -1.1781 -4.55 0.48523 -0.15793 1.0891 0.62561 0.3883 -4.7181 1.9788 -0.0092036 -0.27061 1.7168 0.092559 2.4521 -3.4492 -2.4009 0.61753 -2.0721 0.48241 -2.3923 0.64145 0.81156 -1.462 2.5781 0.052984 0.56693 0.62676 2.4692 -0.83018 -1.2585 1.9282 2.0122 0.81218 1.3254 -0.21265 -0.12534 0.32215 0.19241 -0.36151 1.4247 0.35021 -1.5491 1.2383 1.9191 -2.3485 1.0428 -2.0305 -1.2379 -3.3691 2.4687 2.7981 1.8239 1.5095 
creosote 0.51107 -1.9677 1.4333 -1.6952 1.7266 0.77337 0.57075 -0.46944 -2.2366 -0.80848 -1.5273 0.74551 1.3472 0.47936 0.45689 0.90237 1.3346 0.81778 0.9555 -1.2953 1.9231 2.9627 -1.7898 0.73191 -0.6465 -0.56867 1.0004 3.5704 -0.79012 1.1852 2.2973 3.5078 0.23172 -0.25349 -0.72762 -0.23135 0.099559 1.9937 2.1783 -2.4405 0.7729 -0.088364 0.57013 -2.7851 0.81343 -0.097157 1.589 0.15494 -0.72531 1.9663 -0.10704 1.493 1.1263 -0.19267 -3.3283 0.66007 0.53533 0.42457 1.4043 0.43428 0.82667 -0.6465 0.64418 0.081058 2.0149 -0.18263 0.90288 0.51019 -1.4499 -0.74286 0.81448 0.21823 -0.074804 -0.63301 -0.81302 -0.06535 -1.8334 1.4931 -0.74906 -0.40992 -0.9268 -0.62355 -1.1849 0.22964 -0.15605 0.92958 1.0965 -1.4508 -0.12542 -1.1617 2.2312 0.63085 -0.3304 -3.389 -1.6688 -1.9303 0.37867 1.4298 1.8165 1.2584 
camphor 0.41726 -3.0896 1.5288 -0.1798 2.9983 -1.1225 0.4842 0.031355 0.2081 -1.4498 -1.9219 -1.0487 2.9734 1.3421 1.5317 1.0756 2.0515 -1.2776 1.5464 0.84641 1.9269 -0.67201 -1.4696 1.1044 -0.16871 1.2701 0.40987 2.1917 -0.72893 -0.67651 3.1937 2.0757 -0.71503 -2.2862 -2.9041 0.17345 -1.4128 1.5253 0.7185 -0.6989 -0.16485 -0.10198 2.5613 -2.262 1.017 -2.5142 0.31334 0.62655 -2.0569 0.28131 -0.85808 2.0245 1.703 -0.10214 -1.8462 1.7331 1.0195 1.2669 1.2062 0.078526 0.82103 -1.2124 -2.3611 1.1193 1.2847 -0.045551 -0.23859 0.54115 -2.1618 -1.4891 1.172 -0.50277 -1.217 0.71743 -0.50503 0.81576 -1.0433 1.0281 -1.4982 0.73334 -1.3815 0.39033 0.36692 -1.6586 -0.84076 -0.57167 -0.87767 -0.75818 0.69016 -0.93394 1.9072 -1.6636 0.2196 -2.5155 -2.6414 -1.7656 0.41435 -0.17098 1.2378 0.8906 
