96 100 
smoke 0.53309 -0.050703 0.45689 0.85199 0.48213 0.83069 -1.6814 -0.5231 -2.0114 -0.41007 0.050692 0.0072873 -1.4096 2.1802 1.9937 -0.97862 1.1337 -0.27733 -0.30027 -1.4703 0.16803 0.18499 0.040822 -0.094785 0.41905 0.23193 -0.96919 0.10042 -0.65277 0.37356 0.65037 -0.82237 0.39737 -0.49409 0.84194 0.66021 0.22697 1.0995 0.49628 -0.72772 -0.12668 -0.52415 0.9316 0.30579 0.25783 -0.0094365 -0.69573 -0.61682 -0.056248 0.46337 0.41088 -0.057417 -0.099521 1.3499 -0.14139 0.53818 -0.07769 -0.72004 0.49589 -0.53204 -1.2169 1.2892 -1.3951 -0.51508 1.1958 0.053394 -0.87306 -0.68276 -0.59492 0.031678 0.31051 -0.16312 -0.44697 0.33749 -0.11823 -1.0249 -0.34695 -0.17525 0.064475 0.72355 -0.37942 0.073124 0.73629 0.21782 -0.085317 0.37138 -0.01973 0.25967 0.091922 0.3831 -0.54082 -0.036029 -0.064431 -0.37672 -0.85503 -0.038267 0.71425 0.83256 -0.14291 0.46858 
perfume -0.91617 0.17609 -0.42109 1.6725 0.96863 0.28999 -0.39328 -0.71864 -0.92686 0.26845 0.07808 0.12907 -0.59271 0.95573 0.60055 0.23468 -0.33408 -0.0090103 -0.5873 -0.20549 0.13805 -0.7762 -0.0080445 0.078368 0.11393 0.4167 -0.94618 0.19562 -0.42511 0.25627 -0.20868 -0.5615 -0.38069 0.48225 -0.47038 -0.078417 0.11702 0.22291 -0.37769 0.39605 -0.89286 -0.12514 -0.090697 0.2483 0.20228 0.036339 -0.52276 -0.40571 -0.82249 0.027838 -0.89897 0.36737 0.12594 0.43357 -0.088688 0.80986 0.1432 0.14958 -0.069455 0.42365 0.24329 -0.33188 0.32722 -0.42681 -0.73575 -0.32998 1.0298 0.9626 -0.20016 1.026 -0.12231 -1.3598 -0.65089 -0.76691 -0.64854 0.35651 -0.4881 0.073395 0.076426 1.6011 0.50476 -0.11195 -0.26049 -0.81667 -0.026641 -0.60842 0.48138 -0.48581 -0.34402 0.91607 -1.0047 1.0604 -1.3386 0.63435 -0.46386 0.6574 -0.54312 -0.041229 0.27265 0.51492 
blood 0.19814 -0.18618 -0.72965 1.4216 0.59886 0.51222 -1.8833 0.23789 -0.18694 0.3064 -0.15172 -0.39227 -0.93253 0.15587 0.78089 -0.044002 0.29187 -0.15928 0.29232 -0.14255 0.15244 0.21816 0.022344 -0.55667 0.44445 -0.23226 -0.20071 -0.15068 -0.42111 0.61398 0.48364 0.085419 0.35968 -1.0467 0.42972 0.74254 0.39198 0.14538 0.21693 0.109 0.094789 -0.11133 0.47462 0.32163 -0.56277 -0.70692 -0.82587 -0.33777 -0.16362 0.40954 1.4787 -1.0017 -0.097648 0.092437 0.41086 -0.30211 -0.10045 0.22287 -0.19238 -0.031779 0.61201 -0.28537 -0.72485 0.65619 0.012288 0.56988 0.67582 0.38982 -0.39319 0.25611 0.14585 0.4732 -0.0041105 0.52342 0.19948 -0.55209 0.34679 0.095102 -0.091322 -0.84974 -0.2756 -0.10615 0.070793 0.9186 -0.15077 0.91342 0.012382 0.25898 0.058319 -0.49313 -0.024119 0.20272 -0.54921 -0.38471 0.099517 0.82708 0.50669 0.45787 -0.27213 0.33195 
coffee -0.71022 -0.04042 -0.24219 1.1884 0.50532 0.12251 -0.56082 -0.24312 -0.26886 -0.24415 -0.11926 0.1235 -0.73056 0.92521 1.1833 -0.43432 1.5084 -0.46556 -0.89791 -1.8116 -0.064628 -1.0314 -0.87662 0.93083 1.045 0.68954 -0.54639 0.40233 -0.89515 0.47152 0.42772 -0.47445 -0.37782 0.48148 -0.16282 -0.50325 -0.43126 0.15295 0.12883 -0.39812 0.052876 0.34754 0.32346 -0.04719 0.54462 1.3115 1.507 -0.52412 -0.22831 -0.095847 -0.93825 0.93405 0.13884 0.88901 -0.85971 0.026612 -0.39599 -0.82128 0.61502 0.21825 -1.0703 0.78627 -0.30996 -1.0542 0.83685 -0.4268 0.061032 -0.43678 0.24863 1.2036 0.36679 -0.79961 -0.53779 -0.33468 0.19179 -0.9725 -0.54856 -0.15806 -0.29482 -0.5529 0.58712 0.24391 0.73669 0.17328 -1.0792 0.15862 -0.31075 0.65679 -0.13708 0.31206 0.069028 0.070751 1.0386 0.34187 -0.24298 -0.93317 0.8796 -1.6533 0.011256 0.13232 
rose -1.3185 0.58676 -0.86398 3.536 1.7111 1.6053 -0.81948 -0.91374 0.79356 0.028236 0.42659 0.029088 0.058718 -0.6501 0.059247 0.0098608 -0.93373 0.12502 -0.6856 -0.21771 -0.09971 -1.5173 -0.48241 0.52391 1.2705 0.42101 -2.5578 0.088137 -0.68102 -0.025615 -0.34268 -0.51598 -0.53465 0.96236 -0.42531 -0.78496 0.61845 -0.66086 -0.59331 0.30504 -0.81213 0.13391 -0.32332 0.47126 -0.17479 -0.60655 -1.084 -0.50264 -0.51205 0.71965 0.50389 -0.59972 0.27996 0.40033 -0.50703 0.25224 0.33586 -0.76284 0.26817 0.69032 -0.43228 0.029442 0.36015 -0.42299 -0.40804 -0.7908 0.3144 0.55164 0.80131 -0.13294 0.085633 -1.1645 -0.71715 -0.18734 -0.030029 0.84582 -0.13489 0.84817 0.024336 -0.18458 0.49239 0.43916 -0.42986 -0.17653 -0.56754 0.47998 0.092682 0.20557 0.064912 0.59206 0.4891 0.69769 -0.99263 0.29143 0.092213 0.80724 -0.71341 -1.0517 0.75428 -0.26533 
fish 0.03577 -0.14103 -0.17209 0.27319 -0.69396 0.72032 -1.9036 0.25487 -1.2293 0.0088816 -0.26928 0.26032 -0.67026 1.1554 1.4572 -0.45877 0.43463 -0.2209 0.199 -0.30525 -0.1325 0.24549 -0.80234 0.50622 1.0906 -0.11401 0.7452 -0.39372 -0.26643 0.61532 0.19826 -0.19813 0.0070983 0.17443 0.61038 0.73484 -0.22894 0.19129 0.27566 0.62265 0.78786 0.048512 0.47849 0.014534 -0.12928 0.050587 0.70703 -0.64125 0.0031053 0.35304 1.1518 -0.93242 -0.21197 -0.88739 0.041614 0.14552 -0.68434 -1.527 0.9191 0.71988 -1.2442 0.95395 -1.1471 -0.63204 -0.086794 -0.16627 0.065783 -0.74155 -0.3703 0.12261 0.89404 0.13308 -0.51451 -0.29062 0.027353 -1.685 -0.75674 -1.1739 -0.022357 0.43435 0.93564 0.065141 -0.25321 0.53585 -0.21843 0.64696 0.24723 0.77882 -0.58625 -0.21895 -0.24378 -0.24947 1.0624 0.35142 0.10125 -0.31389 0.62636 -1.7848 -0.61639 0.80274 
animal 0.16682 -0.71321 -0.62093 0.89947 0.25621 -0.011021 -0.86445 0.42195 -1.1077 0.50811 0.024494 -0.14765 -1.0138 -0.69207 0.77288 0.16949 0.54432 0.14547 0.32857 -0.70291 -0.57433 0.15365 0.08333 -0.33038 -0.24727 -0.18344 0.52358 -0.58174 0.12948 -0.19308 0.17943 0.0065727 0.44047 -0.65161 0.94434 1.0652 -0.24042 0.54222 -0.19703 0.44431 -0.0034096 -0.16026 0.42695 0.072248 -0.5405 -1.1462 -1.5249 -0.68818 -0.49022 0.98459 1.7707 -0.73939 0.092712 0.09871 0.78108 0.23388 0.72505 0.52384 -0.31848 -0.31496 0.89131 -0.90357 -0.22925 0.47238 -0.30721 0.77172 1.8483 0.25864 -0.35557 0.77792 -0.31223 -0.24723 0.047664 0.23054 0.3994 -0.18219 -0.39406 -0.45092 0.068195 -0.25259 -0.74783 -0.42697 0.091567 0.55183 0.17367 0.8034 0.13164 -0.46295 -0.33121 -0.29734 -0.20616 0.69041 -0.63076 0.0038569 0.20195 0.59948 0.23675 0.56739 -0.12885 0.28723 
soap -1.3972 0.072931 -0.20974 3.0594 0.37776 1.3277 -1.5701 -0.67304 -0.17533 0.65621 0.13186 -0.10424 -0.56992 1.0028 0.88127 -0.097538 -0.18268 -0.4705 -1.2021 0.03508 -0.019828 -0.75059 -1.2786 -0.030367 1.2131 0.5703 -0.6552 -0.1641 -0.75158 2.7866 0.69713 -0.849 -0.51532 0.19284 -0.97288 -0.39387 -0.38322 -0.14155 -0.35786 0.74215 -0.3464 0.46011 -0.18943 -0.59083 0.69599 0.56894 1.4576 -1.0542 -0.64153 -0.66608 -1.3885 0.36694 0.054902 -0.45142 -1.0167 0.43183 -0.73122 -0.10334 -0.50451 0.62334 -0.25379 0.18177 0.96722 -1.0561 -0.51236 -0.5076 0.81929 0.79516 -0.44563 1.7115 0.67401 -1.3901 -1.0333 -1.6341 -0.76586 -0.66714 -0.60332 -1.2994 -0.076471 1.5346 0.78735 -0.2948 -1.1056 -1.5059 0.017624 -1.185 -0.18668 -0.34617 -0.82804 0.87541 -2.2871 1.0345 -1.4815 0.99542 0.22237 2.124 -0.31311 0.10638 -0.40647 0.48917 
grass -0.58943 0.57096 -0.45256 3.2833 0.78155 2.0859 -1.2488 -1.3336 -0.80732 -0.209 -0.51097 -0.73114 -0.24386 0.79563 0.53834 -0.52368 0.8028 0.26576 -1.1328 -1.6462 0.16129 -0.11805 -1.9337 0.6871 0.93397 0.24381 -2.2101 0.43294 1.0855 0.0238 0.56329 -0.41915 0.43499 -0.36891 -0.18328 0.82764 0.46819 -0.12861 0.043156 0.20306 0.35685 0.95033 0.46535 -0.10071 0.37483 -0.55687 -0.38421 -0.66688 0.094593 0.11259 1.909 -0.86195 -0.28426 -0.63009 -0.27099 -0.24741 -0.4577 -0.55972 0.48265 0.2386 -0.54925 0.193 -0.74755 -0.76111 1.2455 -0.2101 0.22663 -0.28337 1.6607 -0.70616 0.88776 0.73904 -1.1096 0.38789 0.078634 -0.70915 -0.79098 -0.58691 -1.1338 -0.39357 -1.1069 0.49051 -0.91027 0.15589 0.70644 -1.0832 -0.22862 -0.25924 0.016384 -0.07642 0.00974 0.46885 -1.2277 -0.39718 1.1425 0.9542 -0.045502 -0.32497 -0.045965 0.10607 
beer -0.37617 0.32209 -0.27282 0.46442 0.35017 0.64528 -0.77611 -0.2732 -1.3974 -0.67085 -0.17428 0.30602 -0.94817 2.3596 1.4484 -1.072 0.52288 -0.34498 -0.83257 -0.5502 0.36997 -0.62039 -0.62392 0.22077 1.5013 0.0082286 -0.93477 0.40099 -1.4995 1.8632 0.22657 -0.39433 0.070333 0.03878 0.16904 0.38396 -0.034692 0.52043 0.24027 -0.32386 0.29919 0.11341 0.52565 0.12707 1.2081 0.95997 1.2298 -0.25702 -0.44445 -0.62694 -0.22928 0.27708 0.139 0.32912 -0.47593 0.36004 0.01471 -0.80478 1.1999 0.31652 -1.4466 0.76992 -0.92292 -0.070748 0.21493 0.12982 -0.016345 -0.82978 -0.57423 0.17593 0.5175 -0.65271 -0.34713 -0.089789 0.50509 -0.97362 -0.78298 -0.66329 0.07017 1.0369 -0.33945 -0.46938 0.84805 -1.0307 0.015797 -1.0125 -0.089777 0.050822 -0.67442 0.33074 -1.0178 0.11481 0.40022 -0.22016 -0.48972 0.3197 0.35927 -0.30932 -0.087517 0.2429 
urine 0.23466 -0.70501 -0.27937 0.64872 0.019858 0.29423 -1.1498 -0.026467 -2.1505 0.10374 -0.0056607 -0.28854 -1.5108 1.2266 1.5709 -0.21145 0.82172 -0.69687 0.4867 -0.38144 -0.16942 0.6788 -0.24819 -0.71024 0.30812 -0.12318 0.46143 -0.091539 -0.79003 1.5986 0.82032 0.0046159 0.015002 -1.2514 0.15511 1.3457 0.20182 0.78202 0.32918 0.51293 -0.0068411 -0.24186 0.48555 -0.24267 0.041957 -0.3608 -0.32883 -1.129 -0.61126 -0.0031141 1.1836 -0.74736 -0.28395 0.19813 0.12585 0.51563 -0.42669 -0.44813 0.81839 0.72553 -0.43423 0.65691 -1.4582 -0.1702 0.062898 0.66609 0.91132 -0.20592 -0.54039 0.62803 0.24364 -0.083531 0.2704 -0.0306 -0.22937 -0.76095 -1.1109 -1.1095 0.066173 1.4198 -0.8214 -0.63928 0.47909 -0.07974 0.33622 -0.37703 -0.11487 -0.22949 -0.34236 0.11455 -1.5738 0.65725 0.26999 0.52753 -0.23855 -0.55966 0.77269 -0.12766 -0.60716 0.76772 
pine -0.37054 0.15403 -0.069726 3.6267 0.22834 2.3628 -0.87501 -1.3887 -1.4218 0.2548 -0.40141 -1.3924 -0.14598 1.091 0.39195 -0.32471 0.99123 -0.32112 -0.98302 -1.7837 -0.10381 0.49721 -2.4142 0.82842 0.62589 0.045508 -1.7128 0.4849 0.41809 1.1101 1.4684 -0.78243 0.061511 -0.21371 -0.88065 0.85558 1.512 0.021708 -0.052441 0.80811 -0.087022 0.3284 -0.12887 -0.33446 0.15932 -0.41556 -0.56036 -1.1764 -0.3676 0.48619 1.0869 -1.2306 -0.87031 -0.18751 -0.8705 0.023867 -0.51512 -1.1574 0.032906 0.45614 -1.437 0.81981 -1.5742 -1.5018 1.1429 -0.44907 0.57635 -0.54484 1.7153 -0.14533 0.63359 0.055631 -1.2784 0.16445 -0.42206 -1.1946 -1.631 -1.0503 -1.0671 1.5791 -0.8049 0.33548 -0.52636 0.24704 0.49566 -1.5535 -0.25893 -0.27355 0.41732 0.51807 -1.7341 0.75754 -1.5848 -0.05297 0.6603 0.79965 0.36116 -1.0387 -0.2445 0.87824 
wine -0.56486 0.18855 -0.030668 1.7508 -0.013422 0.97658 0.13331 -0.87246 -0.7968 0.099541 -0.4263 -0.69059 0.024051 0.92792 -0.28322 -0.12394 0.44145 -0.12137 -0.98381 -1.0624 -0.32383 0.0033281 -1.5373 1.2695 0.47845 -0.077456 -0.44177 0.37824 0.16874 0.0204 0.40859 -0.68768 -0.31261 0.75649 -0.54557 0.069614 -0.0049009 -0.14975 -0.8053 0.64965 -0.13156 0.05854 -0.4576 -0.32952 0.31591 0.42459 0.17995 -0.031998 -0.49615 0.36376 -0.25808 -0.22112 -0.51063 -0.18709 -0.23613 0.59839 0.3014 -0.95559 0.066341 0.089231 -1.4648 0.34009 -0.57283 -1.1248 0.06369 -0.26335 1.7458 -0.11213 0.79597 1.2003 -0.20458 -1.2381 -1.5518 0.006914 -0.10653 -1.1062 -1.4448 -0.8019 -0.83034 1.6276 0.17134 0.26841 0.21481 -0.21078 0.042651 -1.1901 0.6254 -0.30261 -0.28167 0.36924 -1.3076 0.58395 -1.1313 0.084805 0.28155 0.18822 0.22129 -1.1872 -0.11451 0.82398 
bread -0.76601 0.2133 -0.24025 1.9898 0.6182 0.49802 -1.456 -0.37436 0.71599 0.082401 -0.033254 0.36548 -0.76333 1.8818 0.37854 -0.89752 1.0848 -0.043444 -1.1789 -0.95136 0.38565 -0.76818 -1.5011 1.0645 1.4932 0.62163 -1.3568 0.83583 -0.6613 0.55819 0.15927 -0.82414 -0.26763 0.76775 -0.75979 0.082803 0.15164 -0.25593 0.30243 0.10479 0.24719 0.64947 0.31163 0.36401 0.48923 0.77044 2.083 -0.14378 -1.0185 0.12115 -0.48255 1.6381 -0.4755 0.049117 -0.72936 0.042832 -1.0007 -0.37101 0.45383 0.061445 -1.815 0.88142 -0.36119 -1.2171 0.7815 -0.88637 -0.27263 0.12687 1.8693 0.42874 -0.22996 0.16989 -1.2857 -0.035966 0.44055 -1.6836 -0.17682 -0.85626 -0.19418 0.49868 1.1522 0.6158 -0.33694 0.085179 -0.43637 0.35125 0.18864 0.36373 -0.19693 -0.14959 0.49772 -0.46995 0.31431 -0.12472 -0.18583 -0.10864 0.56313 -2.3458 0.087039 0.32405 
cologne -0.68945 0.024203 -0.24961 1.73 0.49498 0.70904 -0.61909 -0.28624 -0.40065 0.23371 -0.44253 0.032248 -0.61175 1.2699 0.57389 0.059225 -0.58912 -0.08719 -0.30814 0.28756 -0.052749 -0.19357 -0.16573 0.19842 0.31924 0.0071671 -0.53403 0.058273 -0.61743 0.80778 0.13329 -0.32694 -0.44895 -0.02631 -0.40561 -0.39434 -0.17655 -0.029 -0.4965 0.49275 -0.65068 -0.35218 -0.37429 -0.11259 0.3638 0.31528 0.14865 0.087989 -0.23771 -0.080154 -0.99687 -0.11248 -0.05429 0.59293 0.11891 0.49496 0.50246 0.22831 -0.57951 -0.22509 0.18725 -0.59175 0.2527 0.10573 -0.52442 -0.19036 0.81672 0.67571 -1.0201 1.3162 0.25535 -1.2658 -0.68476 -0.43332 -0.45108 -0.23468 -0.19683 0.032748 -0.15111 1.2903 0.26685 -0.073898 0.18495 -0.59201 -0.23294 -0.87364 0.26183 -0.084907 -0.4275 0.60177 -1.5202 0.8009 -1.4337 0.16204 -0.21531 1.129 -0.11705 0.45552 -0.04541 0.41705 
lavender -0.84181 0.15564 -0.36338 2.8092 0.45447 1.0574 -0.38383 -0.91237 -0.29727 0.30455 -0.33975 -0.14788 -0.16166 0.37615 -0.16622 -0.19042 0.13992 0.19107 -0.62689 -0.42895 -0.14503 -0.59278 -0.87105 0.66948 0.77267 0.19815 -1.2406 0.35041 0.18588 0.55269 0.41323 -0.41277 -0.28796 0.73288 -0.49172 0.21662 0.33967 -0.29744 -0.36614 0.74158 -0.34767 0.61622 -0.33686 -0.27948 0.2473 -0.17196 0.16897 -0.79176 -0.47201 0.37977 -0.40039 0.23754 -0.26203 -0.090196 -0.2389 0.14405 0.21133 -0.49198 -0.10546 0.35255 -0.55904 0.08507 0.31438 -0.72566 -0.22914 -0.59112 0.49981 0.4873 0.773 0.67002 -0.064751 -0.76834 -0.59953 -0.2378 0.072968 -0.17213 -0.79059 -0.51082 -0.12535 1.4903 -0.016594 -0.049105 -0.37733 -0.65983 -0.11572 -0.26252 0.027758 -0.15776 -0.35252 0.41731 -0.75979 0.61945 -1.2929 0.43084 0.17545 0.77709 -0.28741 -0.84037 0.035403 0.25857 
garlic -0.31396 -0.028858 -0.080992 0.84454 -0.13352 0.51165 -0.72173 -0.35916 0.051966 0.0059245 -0.0047612 0.23332 -0.39319 1.3215 0.55007 -0.44143 0.84087 -0.63634 -0.4155 -0.23371 -0.12281 -0.36371 -0.64469 0.40746 1.546 0.25468 -0.4114 0.2727 -0.84563 0.84966 0.27361 -0.40364 -0.34309 0.90729 -0.55641 0.3142 0.28627 -0.05461 0.19646 0.55384 0.19551 0.24369 -0.090168 -0.41424 0.13322 0.46148 0.83416 -0.72099 -0.49413 0.19984 0.031365 0.63416 -0.46408 -0.4092 -0.1996 0.10319 -0.27264 -1.2648 0.54379 1.158 -1.6279 0.95019 -0.56692 -1.2495 -0.43754 -0.68289 0.64954 0.14468 -0.37885 1.248 0.46443 -0.9549 -0.29779 -0.47362 0.004163 -0.82855 -0.82225 -0.94773 0.37781 1.599 0.91383 0.33306 -0.082277 -0.10119 -0.28695 0.54667 0.40006 0.32537 -0.45057 -0.15119 -0.4283 -0.17178 0.12499 0.8018 -0.2211 -0.28201 0.35131 -2.0687 -0.27294 0.67782 
leather -0.82925 -0.35103 -0.23893 2.1939 0.67435 0.75481 -0.96068 -0.56492 -1.1829 -0.40113 -0.013442 0.30196 -0.8649 0.99119 0.61583 -0.54916 0.57738 -0.16578 -0.26735 -0.23051 -0.38271 -0.41078 -0.54821 0.52764 1.1933 0.27005 -1.2251 0.46963 -0.81555 1.2646 0.19382 -0.39311 -0.41573 -0.32332 -0.13441 1.0245 -0.16064 0.12623 -0.17922 0.54923 -0.4073 0.36846 0.26824 -0.44673 0.6614 0.16849 0.41942 -0.27937 -0.47276 0.017237 0.14148 0.70711 -0.044659 0.12353 -0.057911 0.59536 0.062335 -0.10484 -0.11542 -0.13421 -0.20148 -0.51086 0.19221 -0.11809 0.99511 -0.088684 0.39148 -0.2702 0.4737 0.63139 0.12273 -0.72458 -0.34624 -0.18947 0.27459 -0.48574 -0.84139 -0.80077 -0.55368 0.62492 -0.99751 -0.52128 0.16873 -1.1387 0.19106 -1.032 -0.32374 -0.26978 -0.30039 0.36612 -0.94538 0.38949 -1.2455 0.058322 0.17192 1.2954 -0.082583 1.2325 0.15961 0.21889 
paint 0.04745 -0.17868 -0.15133 1.7087 0.041622 1.0161 0.16437 -1.0112 -1.6591 -0.15496 -0.60963 -0.44992 -0.89495 1.7786 0.52968 -0.58202 0.33694 -0.24025 0.037556 -0.43207 -0.45665 0.80397 -1.0683 0.10127 -0.52347 -0.39271 0.18136 0.27723 -0.29842 0.71256 0.8307 -0.17811 -0.43684 -0.31416 -0.39125 1.4505 0.59945 0.2507 -0.029204 0.6493 -0.26485 -0.57692 -0.13242 -0.55955 0.56562 0.11312 0.16651 -0.32994 -0.10635 -0.27361 0.066844 -0.1747 -0.083941 0.3078 0.029836 0.61626 0.4392 0.75006 -0.4152 -0.5045 -0.29499 -0.76307 -0.46871 0.022158 1.2201 0.21266 0.19212 -0.68693 -0.23607 0.36524 0.31559 -0.49151 -0.29933 -0.15762 -0.072874 -0.81107 -1.5024 -0.88906 -0.60163 1.656 -0.7733 -0.40179 -0.11951 0.25761 0.26567 -0.92195 -0.039629 -0.27866 0.49617 0.11434 -1.5013 0.042056 -1.1271 -0.51096 0.24341 0.89836 0.62734 1.2037 -0.38032 0.92695 
apple -0.82362 0.19223 -0.3364 2.4305 0.046072 1.1947 -0.18954 -0.83995 0.083416 0.45812 -0.096202 -0.056586 0.15647 -0.37151 -0.4241 -0.16333 0.59267 0.14689 -0.86432 -1.1238 -0.57671 -0.65373 -1.5343 1.2247 0.87392 0.19236 -0.82948 0.021459 -0.26765 0.31932 0.12584 -0.69179 0.063236 1.4666 -0.37207 0.087189 0.11309 -0.20229 -0.35806 0.85323 0.080499 0.55608 -0.41091 -0.40117 0.34105 0.31977 0.14785 -0.93554 -0.52065 0.37334 0.18361 0.15715 -0.17598 -0.48282 -0.41559 0.24539 0.27087 -1.1021 0.2707 0.77068 -0.95586 0.11465 0.16324 -1.2777 -0.15918 -0.73865 1.3182 0.11819 0.93176 0.96969 -0.012266 -0.93471 -1.0217 -0.62122 0.17916 -0.52122 -1.0609 -0.72926 0.0012542 0.92852 0.45446 0.34845 -0.57899 -0.2421 -0.070871 0.19939 0.41328 -0.16981 -0.26524 0.30865 -0.24588 0.39101 -1.1795 0.29306 0.39754 0.58946 -0.21859 -1.4707 -0.064426 0.75322 
onion -0.12176 -0.05719 -0.2521 0.77407 -0.30109 0.48385 -0.61081 0.046539 -0.4929 -0.01698 -0.27362 -0.013417 -0.51476 1.8838 1.0534 -0.69011 0.99919 -0.47142 -0.65512 -0.73357 0.22003 -0.74553 -0.99771 0.33572 1.0963 0.21642 -0.50141 0.46792 -0.55672 0.41097 0.26928 -0.34153 -0.51359 0.63349 -0.26429 0.2399 0.5371 -0.019713 0.48166 0.14448 0.35407 0.21963 0.031855 0.14283 0.32954 0.60746 1.1297 -0.55157 -0.41191 -0.079847 -0.046092 0.4516 -0.54266 -0.37667 -0.4322 0.0042982 -0.43399 -0.93927 0.75374 0.77655 -1.5005 0.95143 -1.009 -0.65433 -0.12929 -0.59703 -0.018734 -0.1243 -0.65565 0.80033 0.82579 -0.60056 -0.428 -0.35622 0.2032 -0.99935 -0.3685 -0.37689 -0.072664 0.84661 0.78405 0.063913 0.18965 0.11995 -0.49756 0.18319 0.12076 0.7291 -0.29529 -0.32129 -0.41004 -0.47327 0.7691 0.28204 -0.23593 -0.27416 0.60271 -2.1256 -0.32451 0.71326 
cheese -0.51182 0.3158 0.12451 0.35485 -0.75857 1.0545 -0.37199 -0.62601 -0.065788 0.18037 -0.9314 -0.008765 -0.12048 0.62543 0.040771 -0.66494 0.37223 0.16645 -0.74507 -0.48283 0.16156 -0.17201 -1.6212 1.1678 1.45 -0.74868 -0.44938 -0.49179 -1.3498 1.5587 0.34483 -0.6674 -0.49571 1.6045 -0.82661 -0.37375 -0.14844 0.046671 0.18685 0.34431 0.69051 -0.2339 -0.56633 -0.27329 0.46855 0.8721 2.0837 -0.28199 -0.67062 0.13815 -0.13222 0.022401 0.025231 -0.5203 -1.0055 -0.052945 0.058061 -0.99992 0.75841 0.36641 -1.5704 0.17255 -0.71679 -0.85962 -0.22171 -0.41768 1.4447 -0.8152 -0.68143 1.3361 0.759 -0.89061 -1.2238 -0.37663 0.10242 -1.1583 -0.64822 -1.0304 -0.059266 1.0909 0.90212 0.85023 -0.42892 0.15476 -0.14996 0.12059 0.42456 0.57349 -0.39632 0.20117 -0.52929 0.17897 -0.30395 -0.17873 0.13966 0.24137 0.1185 -1.5724 -0.52518 0.91212 
incense -0.12667 -0.30863 -0.24389 1.3172 0.51979 0.15141 -0.71716 -0.40555 -0.7783 0.006819 -0.10993 -0.18119 -0.89372 1.0723 0.57787 -0.34583 1.4164 -0.208 -0.44555 -1.258 -0.26484 -0.12621 -0.78497 0.43959 0.56025 0.077068 -0.71871 0.22019 -0.21574 -0.45077 0.18894 -0.096822 -0.029299 0.31724 -0.0054269 0.74123 0.58899 0.40972 0.028508 0.3119 -0.23059 -0.6397 0.05824 0.39905 -0.33755 -0.14574 -0.93899 -0.5068 -0.64604 0.9573 0.21644 0.41944 -0.21767 0.45811 0.028884 0.40389 0.32617 -0.27708 0.082742 0.30659 -0.53629 0.067051 -0.68146 -0.4747 0.324 -0.32702 0.83595 0.13989 -0.1869 0.9767 -0.041824 -0.70334 -0.1311 0.13592 -0.16523 0.217 -0.45892 0.05654 -0.060364 0.68029 -0.16268 0.046222 0.42159 0.37694 0.03336 0.20183 0.22437 -0.32928 -0.043083 0.21873 -0.66456 0.42742 -1.2858 0.12165 -0.29558 0.48525 0.37962 -0.36798 0.17728 0.73335 
cinnamon -0.73755 0.23956 -0.35574 1.9638 0.19107 0.96617 -0.37587 -0.53912 -0.14864 0.010283 -0.40528 -0.10266 -0.09828 1.2062 0.26441 -0.37907 0.56209 -0.22001 -0.69109 -0.59145 0.088506 -0.32701 -1.0107 0.92903 1.0745 0.087453 -0.85184 0.26471 -0.68196 0.50962 0.30838 -0.42388 -0.55197 1.2082 -0.83262 -0.20518 0.40613 -0.00065178 -0.014547 0.43474 0.028869 0.17713 -0.57654 -0.11087 0.026768 0.33469 0.43096 -0.36122 -0.55704 0.35937 -0.44791 0.23038 -0.54444 -0.11657 -0.83596 -0.12632 -0.26711 -1.2256 0.59061 0.78688 -1.4992 0.92983 -0.56513 -1.2509 -0.54444 -0.61518 0.94942 0.1108 -0.33137 1.3796 0.43364 -1.063 -0.77793 -0.21467 -0.1376 -0.47493 -0.6102 -0.41405 0.097765 1.4227 0.63867 0.59117 -0.032229 -0.090971 -0.13772 -0.32543 0.28967 0.15462 -0.3289 0.24625 -0.74446 0.17997 -0.45285 0.29688 -0.16761 0.12982 0.01088 -1.7653 0.016534 0.60206 
lemon -0.76456 -0.029877 -0.1617 2.6041 0.016698 1.2136 -0.283 -0.88083 -0.30411 0.1107 -0.37289 -0.23241 -0.16434 0.99598 -0.0027857 -0.19703 0.31509 -0.44804 -0.49029 -0.074293 -0.3797 -0.30452 -1.1758 0.91285 0.71441 0.081618 -0.40757 0.21222 -0.13202 0.58501 0.50371 -0.53383 -0.70954 0.87005 -1.1569 0.30968 0.64418 -0.41935 -0.30754 1.2521 -0.11879 0.5755 -0.60819 -0.62844 0.23575 0.30508 0.45885 -0.8175 -0.502 0.26505 -0.43573 0.26389 -0.69655 -0.56551 -0.4763 0.47507 -0.052324 -1.1527 0.11317 0.70263 -1.3999 0.43612 0.067878 -1.5428 -0.49417 -0.70796 1.3613 0.39124 0.21529 1.6499 0.49481 -1.3212 -0.88986 -0.60928 -0.1947 -0.64408 -1.1147 -1.1152 -0.10626 2.1626 0.71297 0.2894 -0.51454 -0.35884 -0.16589 -0.39284 0.3331 0.027216 -0.44563 0.3718 -1.4257 0.4051 -1.2158 0.68439 0.18598 0.64378 0.14185 -2.2718 -0.21437 0.77576 
tobacco -0.2388 -0.076636 -0.14261 1.1189 0.3158 0.62369 -1.1056 -0.26326 -1.0379 0.13425 -0.14531 0.14294 -0.92617 1.508 1.1223 -0.3329 0.46877 -0.28797 -0.19824 -0.47427 0.0074357 0.051514 -0.43337 0.0039926 0.9594 0.24708 -0.61085 0.2965 -0.59412 0.98778 0.60501 -0.3578 -0.10272 0.084552 -0.15779 0.29368 -0.040408 0.51933 -0.019014 0.17686 -0.18131 -0.074492 0.2184 -0.036342 0.095999 0.26474 0.20682 -0.63844 -0.42397 0.070756 -0.35285 0.39183 -0.31252 0.16932 -0.33674 0.22644 -0.12077 -0.1543 0.25896 0.24926 -0.54733 0.36413 -0.48031 -0.52369 -0.048193 0.13098 0.56416 0.25316 -0.49986 1.066 0.23212 -0.6241 -0.23882 -0.25437 -0.35079 -0.63606 -0.61978 -0.40893 -0.082601 0.83673 0.070689 -0.027212 0.21832 -0.18965 0.1519 -0.49775 0.093448 -0.11737 -0.33415 0.34719 -0.90364 0.32044 -0.88414 0.26348 -0.28834 0.84677 0.28951 0.21427 -0.014184 0.71813 
orange -0.42335 0.0020104 0.13456 2.5044 0.024155 1.3491 0.24683 -1.2651 -0.68937 -0.14801 -0.48221 -0.48482 -0.24868 0.74531 -0.20412 -0.36732 0.27717 0.039672 -0.64503 -0.71396 -0.40435 0.088995 -1.3887 1.1242 0.061753 -0.2136 -0.7389 -0.13831 0.12805 0.34426 0.38831 -0.57089 -0.17056 0.7155 -0.46732 0.44879 0.65648 -0.60367 -0.36473 1.1825 -0.045859 0.38951 -0.38164 -0.63452 0.19512 -0.065611 -0.30623 -0.6989 -0.16421 0.49236 0.35185 -0.15157 -0.30063 -0.3949 0.047211 0.77037 0.46285 -0.8588 -0.10284 0.19917 -1.0326 0.031163 0.17942 -1.2902 0.18025 -0.56848 0.95054 -0.0021595 0.76571 0.59681 -0.017796 -0.73846 -0.75234 -0.3386 -0.085092 -0.044503 -1.1955 -0.85403 -0.18239 1.8141 0.052634 0.25227 -0.64521 -0.047385 0.18878 -0.30241 0.3526 -0.17555 -0.17415 0.35518 -0.78237 0.76005 -1.7023 0.22633 0.42517 0.52621 -0.13124 -0.89266 -0.089356 0.39161 
egg 0.070818 -0.20609 0.2746 -0.43031 -0.86278 0.64759 -0.50132 -0.2058 -0.525 -0.11138 -0.39196 0.0054414 -0.49478 0.78733 0.82215 -0.56409 0.58372 -0.31558 -0.36814 -0.1578 0.032619 0.26452 -1.0487 0.40458 1.4024 -0.4031 0.0086168 -0.32772 -0.9328 1.779 0.3949 -0.22127 -0.010329 0.5089 -0.15656 0.16869 0.11417 0.17087 0.59468 0.40785 0.80005 0.0981 0.047685 -0.5734 0.10428 -0.12423 0.69598 -0.66281 -0.098808 -0.010756 1.326 -0.64054 -0.23515 -1.0455 -0.2075 -0.023081 -0.46225 -1.3167 1.1466 0.83188 -1.4809 0.93251 -1.1007 -0.85407 -0.28863 -0.42546 0.033171 -0.74073 -0.44137 0.10019 1.201 0.099988 -0.21858 -0.30267 0.021101 -0.97884 -0.98456 -1.61 0.20636 1.5919 0.91328 0.3474 -0.69289 0.37834 0.15653 0.44644 0.19614 0.43497 -0.37315 -0.33063 -0.24426 -0.14938 0.93402 0.48253 0.29106 -0.77943 0.33938 -2.2214 -0.77099 0.51595 
vanilla -0.76661 0.038332 -0.24124 1.8977 0.19311 0.89985 -0.15517 -0.58498 0.028231 0.14718 -0.33548 -0.21987 -0.04542 0.51586 0.005109 -0.013102 0.28076 -0.18369 -0.62744 -0.31366 -0.10278 -0.27939 -0.89775 0.9187 0.75735 -0.010073 -0.52318 0.15197 -0.47904 0.62783 0.30112 -0.29939 -0.5877 0.85749 -0.95551 -0.056885 0.55379 -0.27507 -0.21653 0.8664 -0.1657 0.15161 -0.61335 -0.33819 -0.1008 -0.091645 -0.016819 -0.35487 -0.51231 0.49582 -0.060404 -0.15875 -0.43513 -0.29955 -0.30212 0.097328 -0.07559 -0.90345 0.17882 0.65498 -1.0143 0.31856 -0.15345 -1.1507 -0.54935 -0.68437 1.195 0.27083 -0.12445 1.398 0.46115 -1.2163 -0.9248 -0.36815 -0.21501 -0.27757 -0.91387 -0.77288 0.040085 1.8948 0.76921 0.50667 -0.42405 -0.040426 -0.13205 -0.38086 0.32176 -0.078868 -0.2757 0.36126 -0.93959 0.44467 -0.99784 0.49495 0.16311 0.39882 -0.087795 -1.5303 -0.023955 0.58036 
gasoline 0.08498 -0.17228 -0.016374 0.51736 0.18712 0.31188 -0.55452 -0.30739 -1.1157 -0.062848 -0.0099976 -0.28922 -0.89383 1.2501 1.0128 -0.36 0.68994 -0.39151 -0.20056 -0.6462 0.056533 0.14564 -0.32855 -0.23157 0.071531 0.17072 -0.2231 0.13828 -0.52631 0.73368 0.47219 -0.216 -0.069249 -0.51343 -0.0098804 0.78829 0.22516 0.37786 0.31354 -0.029691 -0.077376 -0.17393 0.40644 -0.017123 0.17282 -0.3736 -0.19785 -0.44824 -0.39991 0.073595 0.64313 -0.16725 -0.1116 0.30698 0.17097 0.20681 -0.32055 -0.17083 0.26803 0.23176 -0.48239 0.30113 -0.8858 -0.12722 0.34547 0.010908 0.19991 -0.23434 -0.32473 0.33422 0.35161 -0.33869 -0.27467 0.061206 0.027886 -0.81237 -0.68141 -0.66462 -0.0063555 1.0922 -0.27324 -0.19613 0.27245 0.054703 -0.041704 -0.089581 -0.096803 -0.022768 0.00041304 0.0064941 -0.72618 0.17247 0.40048 0.092154 -0.28697 -0.32746 0.46445 -0.18844 -0.29922 0.32532 
tea -0.54531 -0.017402 -0.028637 1.6975 -0.060898 0.81971 -0.31629 -0.4992 0.1113 -0.020297 -0.35569 -0.02868 -0.084695 0.75542 -0.096768 -0.22982 0.19174 -0.048732 -0.42313 -0.32785 -0.023795 -0.26539 -0.95982 0.75282 0.90794 -0.023939 -0.83902 0.040124 -0.13446 0.48699 0.24138 -0.50172 -0.21245 0.72536 -0.39293 0.0015969 0.31789 -0.48429 -0.11995 0.54219 -0.063722 0.2045 -0.47226 -0.35008 0.18287 0.46642 0.73003 -0.13005 -0.028717 0.17957 -0.49529 0.13481 -0.26269 -0.22169 -0.2549 0.053898 -0.015935 -0.6389 -0.33302 0.23394 -0.80752 0.18673 0.17506 -0.76778 -0.14656 -0.58463 0.57364 0.16242 0.43338 0.76359 0.19548 -0.41192 -0.58091 -0.26128 -0.10042 -0.35444 -0.40895 -0.39493 -0.37157 0.40466 0.20592 0.3224 -0.42553 -0.41826 -0.29369 -0.093563 0.25658 0.19085 -0.052631 -0.070957 -0.34715 0.088989 -0.56429 0.33741 0.40043 0.13348 0.021134 -1.6361 -0.19451 0.29997 
honey -0.88955 0.59395 -0.39778 1.7751 0.63855 1.0212 -0.86657 -0.56227 0.27456 -0.0060468 -0.23032 -0.20569 0.23 0.35127 0.22293 -0.14431 -0.062182 0.054454 -0.74917 -0.34026 0.42937 -0.71196 -0.54017 0.4845 0.46519 0.19078 -1.0696 0.088869 -0.58136 0.48793 0.18008 -0.33378 -0.31245 0.54522 -0.47397 -0.58601 0.18441 0.12815 0.12481 -0.15575 -0.077847 0.14469 -0.18035 0.30084 0.050022 -0.21351 0.14663 -0.057695 -0.57279 0.3704 0.1599 -0.1355 -0.22201 -0.10523 -0.46408 -0.1824 -0.077603 -0.4125 0.30115 0.25995 -0.68246 0.35602 -0.287 -0.46586 -0.45008 -0.40815 0.48283 -0.0035347 0.22836 0.23519 0.58864 -0.56889 -0.81142 -0.094631 -0.10474 -0.39757 -0.2394 -0.16399 -0.021332 0.51733 0.4884 0.576 -0.47459 0.021539 0.010609 -0.54182 -0.13954 -0.12368 -0.27921 0.0946 -0.18285 0.31591 -0.13241 0.068683 -0.083571 0.35486 -0.17681 -0.78844 0.20831 -0.015275 
chocolate -0.31651 0.20099 -0.2879 1.2864 -0.085376 0.42059 -0.36277 -0.46833 -0.38327 0.13592 -0.65027 0.027803 -0.25202 1.0204 0.040657 -0.44525 0.38785 0.118 -0.40712 -0.36252 0.17541 -0.19423 -0.7964 0.85059 0.69891 -0.1177 -0.37164 0.13278 -0.032726 0.31427 0.14287 -0.10205 -0.24498 0.62739 -0.38166 -0.099252 0.18525 -0.049581 0.039265 0.33533 0.20686 0.43314 -0.11512 -0.15645 0.42846 0.70155 0.77904 -0.18647 -0.14851 0.24202 -0.22981 0.30116 -0.40451 -0.13852 -0.27119 0.074488 -0.063959 -0.8388 0.42508 0.32677 -1.0008 0.5477 -0.25166 -0.78991 -0.21593 -0.41159 0.78504 0.32084 -0.059385 1.07 0.15558 -0.35998 -0.7918 -0.087559 0.16936 -0.66461 -0.19449 -0.47194 -0.11834 0.87115 0.4869 0.21988 -0.18803 0.073316 -0.25766 0.20829 0.31866 0.19882 -0.27042 0.0020784 -0.045092 -0.075698 -0.25151 0.040461 -0.0035464 -0.16636 0.23467 -1.8161 -0.22088 0.17558 
manure -0.055914 -0.34699 -0.27211 0.49648 0.28002 0.48792 -0.76707 -0.35873 -1.0436 0.033099 1.8396e-05 -0.43794 -0.83904 -0.065167 0.7734 -0.016845 0.57846 -0.035487 -0.2539 -1.0048 0.079424 0.1618 -0.37621 0.0067635 0.38337 -0.11341 -0.35211 -0.51277 0.098602 0.22331 0.30287 -0.40145 0.068827 -0.39952 0.31771 0.84088 0.075572 0.25192 -0.049568 0.32929 0.1048 -0.17619 0.21796 0.044011 -0.3604 -0.63621 -0.46242 -0.71432 -0.31969 0.23582 1.2273 -0.74167 0.04089 0.29468 0.14057 0.33461 -0.21841 -0.27281 0.46323 0.13247 -0.091246 0.0070753 -0.78632 -0.41968 -0.0041162 0.35245 0.91589 -0.28279 -0.23387 0.73833 0.13136 -0.23615 -0.29929 0.00070446 -0.23309 -0.56406 -0.93193 -0.68948 0.077714 0.91114 -0.25571 0.033846 -0.13418 0.36891 -0.13028 0.3117 0.31686 0.02912 -0.27074 -0.11927 -0.24986 0.64253 -0.26207 0.15037 0.059899 -0.23598 0.39287 -0.27584 -0.19139 0.58703 
mint -0.55254 0.13826 -0.69519 2.7617 0.39926 1.1224 -1.1759 -0.5093 -0.69763 0.29075 -0.095596 -0.21218 -0.07912 1.3986 0.21075 -0.048171 0.26955 -0.60885 -0.15088 0.2209 -0.42393 -0.078093 -0.62637 0.42928 0.80444 0.11917 -0.20878 0.73908 -0.029116 0.7862 0.7519 -0.26857 -0.41228 0.35304 -0.59901 0.33156 0.90413 0.46012 -0.3829 1.0995 -0.69155 0.36865 -0.36565 -0.41662 0.16735 0.39813 -0.43556 -0.77625 -0.47522 0.58755 -0.31657 0.10339 -1.0136 -0.42051 -0.51258 0.84195 0.19703 -0.48149 -0.24632 0.40057 -0.99641 0.79497 -0.096762 -1.2781 -0.21335 -0.17128 0.51628 0.60523 0.40202 1.1088 -0.18298 -0.87552 -0.47705 -0.60532 -0.49137 -0.46807 -1.1331 -0.91399 0.00031964 1.9977 0.41079 -0.083204 -0.57563 -0.15414 0.26464 -0.77538 0.18062 -0.78197 -0.21195 0.41473 -1.502 0.074537 -1.9125 0.55287 -0.19214 1.0354 0.20379 -0.93074 -0.013642 0.90821 
hay -0.50778 0.27686 -0.11287 2.2073 0.48168 1.6841 -1.9441 -0.83955 -1.1047 0.17633 -0.16288 -0.50193 -0.66844 1.2479 1.0119 -0.82687 1.098 0.16817 -1.1982 -1.4375 0.41109 -0.16603 -1.5342 0.4272 1.3064 0.26785 -2.0986 0.21355 -0.3841 1.7508 0.69542 -0.25177 -0.044544 -0.29511 -0.37895 0.1536 0.49176 0.14737 0.23925 0.27151 0.30921 0.15149 0.26389 0.020889 0.23952 -0.33383 0.36464 -0.30835 -0.39261 0.25121 1.1519 -0.72427 -0.21937 -0.42703 -0.30722 -0.11365 -0.79943 -0.84563 0.94734 0.54628 -0.7985 1.0245 -0.96561 -0.6908 0.8419 -0.3208 -0.50236 -0.56301 1.0069 -0.56372 0.73809 0.33925 -0.69482 -0.14978 -0.11376 -0.58309 -0.65123 -0.73699 -0.31398 0.55992 0.037673 0.28257 -0.70247 0.22765 0.53221 -0.68668 -0.48175 -0.063519 -0.12236 -0.014382 -0.028932 -0.067645 -0.17718 -0.1592 0.5707 0.38693 0.026953 1.234 -0.10589 0.30958 
citrus -0.48185 -0.045333 -0.15846 1.9466 0.18927 0.956 -0.095436 -0.85041 -0.40768 0.14422 -0.40855 -0.47819 -0.013899 0.31994 -0.19861 0.061255 0.34929 -0.11278 -0.58949 -0.46635 -0.11076 0.093602 -0.90399 0.77368 0.43941 -0.089431 -0.54916 -0.093225 0.12795 0.098141 0.43829 -0.38726 -0.35097 0.72195 -0.80902 0.26038 0.56146 -0.31758 -0.38236 1.0042 -0.055956 0.2655 -0.52645 -0.30573 -0.36079 -0.32792 -0.50396 -0.69191 -0.40476 0.57352 0.11988 -0.11608 -0.50096 -0.417 -0.18077 0.38015 0.21092 -0.78191 0.050183 0.44053 -0.88754 0.1289 -0.16769 -1.3031 -0.62283 -0.36193 1.6238 0.35406 0.24668 1.236 0.13866 -0.93438 -0.56795 -0.25809 -0.40853 -0.047694 -1.0476 -0.77904 0.068665 2.1121 0.5658 0.47492 -0.49998 0.20411 0.024503 -0.11271 0.48628 -0.18516 -0.39327 0.30546 -1.0279 0.67502 -1.1123 0.51355 0.14744 -0.019442 0.12178 -1.7491 -0.03092 0.7024 
ammonia 0.069837 -0.26514 -0.10673 0.54859 0.13016 0.18678 -0.51788 -0.30706 -0.76016 0.14791 -0.18963 -0.24784 -0.79305 0.81906 0.57562 -0.14385 0.5168 -0.39457 -0.070758 -0.1382 -0.067167 0.29827 -0.14444 -0.06738 0.046041 -0.085242 0.37966 -0.073718 -0.20597 0.51011 0.40224 0.097879 -0.26473 -0.40535 -0.31597 0.70624 0.37312 0.16025 0.053661 0.64955 0.0053682 -0.0021664 0.073054 -0.22484 -0.13298 -0.33874 -0.1888 -0.66368 -0.31069 0.25749 0.55869 -0.23801 -0.38534 0.051636 0.21987 0.38849 -0.057537 -0.27682 0.23612 0.30211 -0.34973 0.13284 -0.43841 -0.36527 -0.43753 0.057441 0.9944 0.24944 -0.79745 1.07 0.39691 -0.51374 -0.10633 -0.10495 -0.12884 -0.51535 -0.67945 -0.89217 0.36317 1.6915 0.35124 -0.022695 -0.10978 0.36704 -0.058443 0.32602 0.12842 -0.076602 -0.33212 0.017357 -0.88022 0.25609 -0.18683 0.43177 -0.17122 -0.18741 0.43695 -0.81917 -0.36759 0.42823 
cedar -0.25648 -0.2255 0.060673 2.0155 0.062675 1.1724 -0.24103 -0.74175 -1.2774 0.05413 -0.11693 -0.24387 -0.54211 0.9328 0.56759 -0.18937 0.64053 0.032369 -0.40291 -1.04 -0.38145 0.20888 -1.3585 0.52313 0.59313 0.023179 -0.9927 0.25062 0.10448 0.68434 0.6075 -0.59395 0.09006 0.078663 -0.19789 0.82456 0.71146 -0.10373 -0.10666 0.90675 -0.13564 0.23613 0.01037 -0.36037 0.15638 -0.1703 -0.48134 -0.88352 -0.23959 0.36211 0.65807 -0.35935 -0.30276 -0.31175 0.079028 0.46063 -0.010057 -0.49148 0.083232 0.29487 -0.54638 -0.03123 -0.34071 -0.85474 0.58281 -0.19439 0.50997 -0.1407 0.88678 0.10772 0.073697 -0.24537 -0.52838 -0.21272 -0.18246 -0.12961 -1.1462 -0.69599 -0.44499 1.0145 -0.41152 0.0037208 -0.38082 -0.12117 0.42905 -0.72689 0.117 -0.35567 0.11853 0.40482 -0.72167 0.64119 -1.2501 0.15544 0.43883 0.51708 -0.002812 -0.27509 0.036818 0.54559 
weed -0.23349 0.13062 -0.16534 0.90145 -0.12599 0.98739 -1.1683 -0.085223 -0.52794 0.026549 -0.079272 -0.00067445 -0.4481 0.46656 0.91276 -0.2995 0.17016 -0.050979 -0.49276 -0.25644 -0.19389 -0.2526 -0.67216 0.16886 0.84123 -0.32025 -0.20953 -0.16583 -0.15298 1.3385 0.18127 -0.086626 0.072942 -0.32416 0.51669 -0.34292 -0.12988 -0.02316 0.086225 0.29983 0.19978 0.30873 0.16441 -0.26504 0.021142 -0.3003 -0.191 -0.49729 0.25286 0.10946 1.3444 -1.1126 0.037254 -0.74005 0.25973 0.31397 -0.060778 -0.40381 0.41352 0.017497 -0.17184 0.17504 -0.18088 -0.21012 0.13645 -0.059886 -0.79007 -0.28098 0.23361 -0.76842 0.40391 0.36189 -0.16517 -0.29263 0.0036435 -0.23227 -0.21961 -0.62365 -0.1047 -0.18055 0.35369 -0.067809 -0.67416 0.28475 0.070037 0.18956 -0.19454 0.13248 -0.18464 0.022624 0.10861 0.14022 0.42869 0.34712 0.44054 -0.20348 -0.075224 0.29166 -0.25765 0.09781 
rubber -0.0026596 -0.39802 -0.24486 1.0537 -0.21589 0.7767 -0.76919 -0.097936 -0.9177 -0.18621 -0.5427 -0.35568 -0.82154 1.291 1.0038 -0.47696 0.59109 -0.27688 -0.044758 -0.10731 -0.18119 0.11007 -0.71334 0.2395 0.72232 -0.44076 -0.15544 0.14717 -0.84652 1.2484 0.62596 -0.1315 -0.064607 -0.13252 0.17809 0.88234 0.47587 0.27648 0.34473 0.30934 0.097217 -0.15135 0.17934 -0.22283 0.23014 -0.20232 -0.040416 -0.37847 -0.21432 0.1888 0.80959 -0.38008 -0.14864 -0.2305 0.11238 -0.044861 0.14189 -0.48131 -0.0018359 0.14163 -0.60775 0.089318 -0.90727 0.087474 0.76584 -0.39245 -0.23508 -0.45141 0.012144 -0.12471 0.61629 -0.15799 -0.25401 0.13337 0.31903 -0.66374 -0.67248 -0.73525 -0.45313 0.82519 -0.3725 -0.46026 0.21497 0.020241 -0.17585 -0.22613 -0.18956 0.17705 -0.12415 -0.089632 -1.0339 -0.016721 -0.34259 -0.12848 0.12988 0.74342 0.4745 -0.39227 -0.47644 0.4587 
vegetable -0.10207 -0.31088 -0.1596 1.1514 -0.083538 0.8504 -0.59459 -0.70481 -0.76685 -0.25622 -0.087862 0.14683 -0.54372 0.24742 0.28874 -0.37064 1.2663 -0.27291 -0.64093 -0.97797 -0.53426 -0.1379 -0.94341 0.5863 1.1542 -0.061423 -0.6073 -0.23824 -0.19088 -0.057705 -0.11393 -0.60013 0.12805 0.55755 -0.030192 0.98663 0.40714 -0.2222 -0.052054 0.75949 0.37242 0.22197 0.014231 -0.46627 0.24355 0.40358 0.27007 -1.0414 -0.081812 -0.099819 0.73927 0.13184 0.055885 -0.46539 0.23071 0.52108 0.10147 -1.1218 0.71082 0.68526 -0.89641 0.1996 -0.44946 -0.94333 0.15757 -0.30072 0.67598 -0.43164 0.42732 0.58864 0.093015 -0.39526 -0.21302 -0.43384 0.26123 -0.50829 -0.99788 -0.88449 0.16738 0.97044 0.08507 0.013026 -0.25917 -0.02134 -0.039175 0.81904 0.60793 0.22971 -0.25951 -0.17892 0.012239 0.18546 -0.30835 0.39738 0.18626 -0.43417 0.20799 -1.3161 -0.19016 0.8326 
vinegar -0.45441 -0.11589 -0.11687 1.5865 0.16721 0.89623 -0.83187 -0.39109 -0.5401 -0.090258 -0.051565 0.091682 -0.48741 0.98958 0.6406 -0.27613 0.40092 -0.31455 -0.35652 -0.35692 -0.28719 -0.0016275 -0.70063 0.46669 0.835 -0.026909 -0.1812 0.036588 -0.44197 1.0245 0.24982 -0.27261 -0.22931 0.16891 -0.096068 0.12909 0.21729 -0.14071 -0.10652 0.7119 0.024727 0.11223 -0.14945 -0.49002 0.21593 0.20989 0.08987 -0.48767 -0.11084 0.18641 0.37778 -0.34587 -0.2844 -0.23943 -0.018042 0.33914 -0.18088 -0.76582 0.38667 0.49223 -0.89008 0.61336 -0.23131 -0.774 -0.1747 -0.30822 0.61574 0.028535 -0.28953 0.687 0.36894 -0.6012 -0.58961 -0.33347 -0.055993 -0.40906 -0.69435 -0.792 0.0095735 1.0656 0.46707 0.11502 -0.24554 -0.097807 0.046557 -0.24616 0.13472 -0.11201 -0.36639 0.19772 -0.57837 0.22368 -0.5454 0.42633 0.13726 0.28335 0.033858 -0.56592 -0.19864 0.2107 
popcorn -0.22585 0.21568 -0.35717 0.79697 -0.079989 0.75327 -0.40664 -0.22947 -0.22017 -0.093729 -0.34501 -0.24669 -0.25412 1.1754 0.45899 -0.55611 0.50539 -0.10812 -0.44828 -0.57333 0.17848 0.0069692 -0.97673 0.60073 1.0664 -0.17774 -0.81638 0.27591 -0.75406 0.85326 0.35817 -0.21843 -0.13493 0.56187 -0.2857 0.19631 0.31058 0.22342 0.20526 0.11537 0.2112 -0.072386 -0.20367 -0.040003 0.2465 0.34708 0.56768 -0.011138 -0.27702 0.14478 0.23179 -0.18799 -0.22416 -0.10257 -0.65267 -0.31658 -0.24029 -0.73173 0.52707 0.43978 -1.0689 0.61408 -0.91599 -0.46523 0.32854 -0.37667 -0.15378 -0.5231 -0.022903 0.081912 0.5025 -0.078464 -0.42873 0.026259 0.038145 -0.61621 -0.45811 -0.40265 -0.29059 0.52312 0.17867 0.31063 -0.062906 0.31614 -0.019111 -0.21295 0.095155 0.24845 0.12442 -0.19976 -0.17478 -0.37672 0.43726 -0.2829 0.092416 -0.31325 0.24691 -1.2195 -0.21135 0.46996 
potato -0.077581 -0.057559 -0.050045 0.39695 -0.47384 0.48097 -0.20505 -0.45158 -0.2047 -0.1472 -0.34927 -0.071397 -0.1498 0.82659 0.36484 -0.48517 0.95572 -0.29756 -0.6178 -0.74456 0.17202 -0.15719 -1.2444 0.59311 1.1785 -0.067465 -0.32866 0.1135 -0.7918 0.97771 0.52714 -0.46683 -0.13364 0.93542 -0.37218 0.2222 0.26633 0.083273 0.50817 0.10466 0.6741 0.13834 0.039671 -0.18786 0.15171 0.34461 0.8874 -0.67633 -0.23954 -0.016257 0.3734 0.34506 -0.21957 -0.68184 -0.4012 -0.10995 -0.24395 -0.74804 0.55408 0.65241 -1.3503 0.3672 -0.86181 -1.0207 0.1829 -0.48229 0.26804 -0.57662 -0.030767 0.43344 0.75549 -0.19104 -0.29303 -0.27153 0.093556 -0.85545 -0.94993 -1.0329 0.0051517 1.4048 0.62889 0.44064 -0.3191 0.51842 -0.15123 0.31368 0.21421 0.44728 -0.021442 -0.24127 -0.15704 -0.29327 0.67481 0.20802 0.0072706 -0.63133 0.54553 -2.3205 -0.37886 0.60279 
strawberry -0.44433 0.17356 -0.32224 1.8344 0.06243 1.2233 -0.46816 -0.53829 -0.35433 0.071364 -0.53869 -0.20779 -0.051449 0.72481 0.095661 -0.17512 0.10709 0.11652 -0.48455 -0.26909 -0.12211 -0.094206 -0.94662 0.77385 0.7755 -0.29267 -0.6758 0.19683 -0.33684 0.68561 0.36558 -0.40023 -0.297 0.62432 -0.51707 -0.0097064 0.29008 0.020877 -0.16354 0.53646 -0.072082 0.1665 -0.42929 -0.26057 -0.011824 0.014371 0.089042 -0.2219 -0.2252 0.35351 0.0062147 -0.30774 -0.27321 -0.25114 -0.36273 0.021995 0.20898 -0.55344 0.067834 0.20088 -0.72141 0.099882 -0.28006 -0.61418 0.10117 -0.36499 0.25373 -0.21684 0.19257 0.35386 0.24457 -0.46259 -0.53649 -0.15459 -0.12839 -0.1685 -0.59913 -0.43233 -0.19403 0.98028 0.18216 0.35013 -0.31911 0.0013084 0.0052616 -0.38211 0.13515 0.15167 -0.027825 0.19068 -0.54541 0.15973 -0.77446 -0.13387 0.22804 0.48379 0.011457 -0.71547 0.034094 0.6188 
peppermint -0.43997 -0.13767 -0.2373 1.6726 0.10427 0.60622 -0.44259 -0.49873 -0.48748 0.073995 -0.18788 -0.024209 -0.24314 0.72009 0.083765 -0.03809 0.21252 -0.27662 -0.11857 0.034767 -0.37386 -0.011633 -0.54479 0.59114 0.4428 -0.012355 0.028679 0.24981 0.04683 0.33355 0.23568 -0.1921 -0.37479 0.39839 -0.44383 0.30265 0.32304 -0.075877 -0.30188 0.87637 -0.29493 0.19991 -0.31154 -0.40475 0.02347 0.11718 -0.219 -0.42822 -0.23283 0.34586 -0.17475 0.02514 -0.47133 -0.16149 -0.059681 0.5091 0.11222 -0.51535 -0.16116 0.31289 -0.60711 0.16779 0.10502 -0.81845 -0.22336 -0.32324 0.76615 0.39995 -0.092092 1.2176 0.11433 -0.89958 -0.53822 -0.38294 -0.16278 -0.42037 -0.88665 -0.78701 -0.0042123 1.8025 0.44658 0.0058516 -0.32646 -0.14471 -0.17359 -0.10631 0.30978 -0.14835 -0.22101 0.34097 -0.84006 0.17857 -0.905 0.57897 0.060151 0.20599 0.14896 -1.4011 -0.16952 0.5532 
mouse -0.16194 -0.47799 -0.53573 1.4996 0.3133 0.36723 -1.2006 -0.18178 -0.69668 0.40756 -0.012572 0.20926 -1.1695 0.24107 0.67281 -0.20879 0.71139 0.23609 0.1053 -0.33955 -0.27974 -0.52295 -0.44427 -0.65894 0.32503 -0.15245 -0.16743 -0.25958 -0.63229 0.77816 0.18544 -0.44876 0.21706 -0.19171 0.26151 0.90228 0.14985 0.2274 0.34576 0.2054 0.022068 -0.26054 0.4544 0.1484 0.13903 -0.16594 0.40788 -1.0206 -0.80841 0.1337 0.62988 0.53395 0.38281 -0.094318 0.14714 0.39389 -0.032733 0.40606 0.19493 0.18664 0.17431 -0.42407 -0.29458 0.1171 0.5321 0.18261 0.32842 0.047508 0.51731 -0.11809 -0.50095 0.20069 0.1035 -0.26131 0.34468 0.0083085 -0.18795 -0.50593 0.13989 -0.0023651 -0.65344 -0.3535 -0.15661 0.087586 0.087658 0.64722 -0.16989 -0.15136 0.084261 -0.030443 0.13191 0.42594 0.22295 0.12229 -0.0021607 -0.034911 0.25938 0.15238 -0.13391 0.3873 
disinfectant 0.0083764 -0.39388 -0.17476 0.97756 0.11326 0.23779 -0.64118 -0.2664 -1.2609 0.14609 -0.092859 -0.051743 -0.84015 0.59723 0.62343 -0.21471 0.62599 -0.15654 0.058968 -0.4143 -0.22241 0.15477 -0.2948 -0.23128 0.066136 -0.048346 0.18419 -0.19842 -0.22373 0.57072 0.31561 -0.19416 0.12006 -0.3346 0.13428 0.76643 0.077035 0.34811 0.077197 0.38231 0.063484 0.064941 0.20249 -0.22388 -0.059525 -0.26845 -0.40454 -0.8552 -0.26353 0.13416 0.64829 -0.13818 -0.089444 -0.042867 0.22875 0.53148 0.034793 -0.11202 0.22677 0.16876 -0.11526 0.063937 -0.3263 -0.32021 -0.080677 0.31805 0.91727 0.14174 -0.59586 0.93768 0.002566 -0.30657 0.069397 -0.21579 -0.078884 -0.12689 -0.61604 -0.71201 0.23677 1.0928 -0.22115 -0.21228 -0.11223 0.060163 0.139 0.29517 0.13752 -0.2032 -0.19689 0.089547 -0.64663 0.41392 -0.53469 0.34828 -0.018536 0.067944 0.35435 -0.10911 -0.29614 0.4546 
peach -0.50858 0.017203 -0.26409 1.9062 -0.15176 0.84517 -0.047562 -0.5717 -0.50845 0.049956 -0.29132 0.14521 -0.33361 0.52696 0.51488 -0.26629 0.20936 -0.047681 -0.15513 -0.66912 -0.43636 -0.36746 -1.1146 1.0589 0.74032 0.11847 -0.83591 0.10314 -0.39293 0.5565 0.23106 -0.69775 -0.13105 0.93681 -0.10178 0.12176 0.25358 -0.15218 -0.128 0.53333 -0.064129 0.43905 0.042476 -0.33876 0.48611 0.27455 -0.01541 -0.4729 -0.22478 0.49213 0.27166 0.11946 -0.2857 -0.0020369 -0.33078 0.13836 0.20163 -0.60775 -0.14737 0.33666 -0.53735 0.22873 0.25109 -0.8064 0.24041 -0.30779 0.82244 0.1717 1.0974 0.5775 -0.068218 -0.46784 -0.73349 -0.31985 0.30305 -0.44331 -0.69685 -0.2515 -0.51298 -0.02702 -0.33852 -0.078256 -0.067695 -0.44972 -0.11875 -0.096429 0.31403 -0.068561 -0.081413 0.29428 -0.045853 0.42788 -0.94123 0.1644 0.31596 0.52239 -0.15754 -1.3578 -0.12462 0.41911 
cherry -0.6244 0.32443 -0.14792 1.9648 -0.14197 1.5899 -0.22949 -0.81983 -0.16113 0.13771 -0.86568 -0.20639 0.21543 0.78082 -0.23764 -0.27395 0.12385 0.27189 -0.86474 -0.51895 -0.021743 -0.14387 -1.474 1.229 0.8989 -0.36841 -0.91893 0.052357 -0.5818 0.68374 0.48473 -0.77791 -0.3989 1.3784 -0.88469 0.096728 0.39904 -0.12801 -0.15887 0.66534 0.051092 0.11669 -0.67449 -0.26558 0.13932 0.24539 0.79715 -0.23154 -0.52931 0.40916 -0.42681 0.086162 -0.34735 -0.53519 -0.55019 -0.073741 0.33525 -0.7881 0.093411 0.24367 -1.1741 -0.11712 -0.33822 -0.89532 -0.020896 -0.55806 0.95089 -0.4186 0.29743 0.84608 0.28552 -0.88905 -1.1552 -0.23003 0.0064345 -0.59588 -1.0316 -0.74165 -0.21016 1.6741 0.36505 0.67624 -0.43588 -0.12062 0.039019 -0.57902 0.34826 0.30099 -0.071486 0.19748 -0.65931 0.30947 -1.2127 -0.27545 0.25049 0.75284 -0.081963 -1.1335 0.081263 0.89623 
bark -0.053115 0.28865 -0.17582 1.3119 -0.23322 1.4433 -0.07291 -0.23652 -0.39214 -0.034691 -0.18557 -0.72708 -0.14133 0.51334 0.5096 -0.58278 0.14039 0.28155 -0.33731 -0.73968 0.014785 0.14483 -1.2896 0.24903 0.3438 -0.3591 -1.0657 -0.042713 -0.6075 0.93316 0.6258 -0.74595 0.39472 0.046538 0.088557 0.65174 0.38888 0.40922 0.21473 -0.16604 0.34884 0.045996 0.23062 -0.014048 0.79147 -0.0081413 0.3589 -0.2358 -0.35876 0.11349 1.1861 -0.43259 0.10292 -0.13269 -0.51262 -0.22005 0.30328 -0.19284 0.04714 -0.29531 -0.55645 -0.21945 -0.86745 -0.00291 1.1793 0.18653 -0.10135 -1.0252 0.80351 -0.66729 0.21121 0.23487 -0.7963 0.28144 0.57682 -0.90948 -0.83329 -0.72717 -0.61905 0.40317 -0.79302 0.063065 -0.34572 0.59702 0.34209 -0.32417 -0.06621 0.1684 0.4776 -0.28307 -0.20397 -0.0553 0.088232 -1.0013 0.40387 0.22801 0.17049 0.076475 -0.20345 0.40312 
clove -0.6528 0.076869 -0.39348 3.0588 0.48403 1.3372 -1.3532 -0.95391 -0.35834 0.15987 -0.33573 -0.20098 -0.20456 0.92508 0.24825 -0.26072 0.51332 -0.17404 -0.64235 -0.241 -0.11876 -0.59736 -0.94346 -0.09171 1.1337 0.18878 -1.391 0.19246 -9.7243e-05 0.67531 0.32928 -0.48554 -0.17864 0.31214 -0.46752 0.33219 0.27388 -0.18706 0.21646 0.3434 -0.20532 0.55921 -0.075876 -0.49988 0.29127 0.2131 0.36127 -0.90176 -0.064055 -0.46852 -0.18463 0.2988 -0.078583 -0.32322 -0.38174 0.17049 -0.60644 -0.7043 0.26943 0.92889 -0.57815 0.29732 -0.2467 -0.6532 0.44272 -0.74913 -0.18257 0.22148 0.19362 0.95827 0.51528 -0.58151 -0.58848 -0.53151 -0.37898 -0.1582 -0.47138 -0.50341 -0.35471 0.86158 0.006816 0.071445 -0.81982 -0.57367 -0.096969 -0.37266 -0.042151 0.078533 -0.15991 0.19382 -0.6597 0.21924 -0.94866 0.66419 0.35691 0.5788 0.059524 -0.86563 -0.19199 0.46123 
bakery -0.68685 0.23769 -0.30569 1.2255 0.15079 0.29334 -0.34794 -0.56855 -0.67311 -0.080126 -0.17307 0.33779 -0.21828 1.0425 0.5308 -0.56535 0.9845 0.092216 -0.96133 -1.5267 0.25178 -0.50124 -1.4343 1.1924 0.70556 0.32638 -0.26485 0.18837 -0.16966 0.3673 0.04393 -0.36406 -0.080013 1.1801 -0.34883 0.14239 0.40019 -0.15213 0.031373 0.47949 0.32707 0.072279 -0.02673 0.22985 0.29038 0.7919 1.2047 -0.42903 -0.56968 0.28187 -0.61115 0.68651 -0.065737 -0.30568 -0.68622 -0.072005 -0.49834 -0.43103 0.44133 0.62926 -1.019 0.41769 -0.23671 -1.0387 0.46647 -0.78357 -0.31345 -0.41502 1.2004 -0.39609 0.046653 0.022983 -0.75922 -0.39518 0.018604 -0.57001 -0.73677 -0.42441 0.030939 0.93139 0.40007 0.39038 -0.15541 -0.11206 -0.096203 -0.35179 0.19263 -0.034675 -0.055361 0.27055 0.083513 0.041116 1.3569 0.43036 -0.087934 -1.3948 0.16722 -2.5872 -0.034115 0.44711 
detergent -0.25361 -0.53078 -0.26796 1.2076 0.26713 0.012144 -0.66901 -0.18915 -1.0394 0.18578 -0.082036 0.11501 -0.66893 0.071391 0.26609 0.17046 0.41197 -0.27906 0.10279 -0.041344 -0.2611 0.065318 0.13528 -0.13114 -0.080786 0.1984 0.46183 -0.30399 0.25217 0.39462 0.25052 -0.028574 -0.11377 -0.35451 0.0091358 0.46252 -0.0059451 0.09665 -0.169 0.70023 -0.14764 0.31725 0.022138 -0.30897 -0.074663 -0.12006 -0.23636 -0.89063 -0.18862 -0.01875 0.12611 0.054353 -0.15158 -0.2238 0.36903 0.79502 0.16688 0.015137 -0.15373 0.24095 0.3464 -0.22015 0.4441 -0.45323 -0.7523 0.21132 1.4827 0.78721 -0.20235 1.2555 -0.20908 -0.56051 -0.063495 -0.40007 -0.19356 -0.0031074 -0.76597 -0.97295 0.43204 1.7497 0.20328 -0.36959 -0.37778 -0.035904 -0.10606 0.4276 0.24133 -0.37729 -0.56754 0.18437 -0.89012 0.71206 -0.58154 0.93277 -0.068782 -0.42502 0.21969 -0.66906 -0.16805 0.18027 
mothball -0.41148 0.023761 -0.3275 1.6337 0.33955 0.75383 -1.0327 -0.40276 -0.86425 0.026047 -0.25804 -0.013245 -0.67018 0.99223 0.67588 -0.40965 0.26907 0.1555 -0.48735 -0.36412 0.16688 -0.57586 -0.5857 -0.032815 0.47838 -0.046483 -0.7731 -0.023567 -0.86887 1.495 0.2132 -0.33572 -0.087845 -0.024298 0.087207 -0.069788 0.072007 0.069662 0.25873 -0.11558 -0.026249 0.040493 0.11348 0.1296 0.2526 0.061186 0.24577 -0.28433 -0.31292 -0.068609 0.16374 -0.07942 0.14118 -0.13465 -0.054093 0.207 -0.23998 -0.079246 0.17844 0.093856 -0.11437 0.12447 -0.11445 -0.015483 0.1535 -0.14124 -0.19084 -0.03801 0.11934 -0.20021 0.16962 -0.010941 -0.28021 -0.26605 0.054604 -0.12412 0.045552 -0.24809 -0.063188 0.045859 -0.29569 -0.18558 -0.22941 -0.36986 0.07563 -0.34258 -0.29297 -0.18544 -0.088379 0.16173 -0.30794 0.40339 -0.021258 0.016507 0.080652 0.36838 -0.15147 0.77195 -0.018482 0.19765 
oak 0.096122 -0.035062 -0.12768 1.8685 -0.19848 1.3124 -0.4689 -0.50992 -0.91974 -0.11011 -0.46361 -0.44551 -0.43998 1.1756 0.56993 -0.51659 0.74752 -0.082337 -0.48222 -0.78571 -0.072358 0.33697 -1.3438 0.29024 0.82434 -0.16906 -1.0879 0.25219 0.047585 0.96844 0.73224 -0.41516 0.35039 -0.22567 -0.074987 0.70317 0.62526 -0.052899 0.24815 0.28077 0.32641 0.41402 0.20881 -0.36966 0.39616 -0.04617 0.066426 -0.59631 0.12533 -0.16938 0.93254 -0.35938 -0.28204 -0.59068 0.018878 -0.065816 -0.14006 -0.43616 0.091782 0.14289 -0.55795 0.11814 -0.67374 -0.47554 0.9107 -0.063757 -0.18019 -0.32866 1.0205 -0.57503 0.32281 0.54926 -0.29678 0.12005 0.21225 -0.50542 -0.67906 -0.67717 -0.64624 0.25908 -0.72881 -0.17249 -0.3752 0.093589 0.41247 -0.59891 -0.059247 -0.024041 0.19973 -0.11686 -0.49253 0.1705 -0.72187 -0.23637 0.58394 0.65482 0.15577 0.073867 -0.25382 0.31178 
tar -0.28251 0.18578 0.0029897 1.8099 -0.62167 1.8956 -0.19775 -0.32002 -0.63895 -0.15898 -0.58922 -0.48855 -0.36581 2.0597 0.8538 -0.59435 -0.14119 0.070799 -0.27522 -0.4309 -0.35615 0.45508 -1.8932 0.98931 1.0794 -0.71464 -1.1294 0.066262 0.11462 0.50206 0.45684 -0.65594 0.23445 0.62568 -0.012841 0.63041 1.1719 -0.090627 -0.10469 1.0756 -0.015625 -0.24607 -0.20148 -0.49149 0.68082 0.48623 0.063593 -0.078263 -0.026808 0.62867 0.55898 -0.70526 -0.44693 -0.41197 -0.53244 -0.012553 0.46504 -0.65813 -0.33086 -0.047525 -1.37 0.43276 -0.81471 -0.71512 0.90548 -0.43158 0.099806 -0.59182 0.70338 -0.18646 0.36659 -0.14643 -1.2619 0.037475 0.13358 -0.86176 -0.96086 -0.61418 -1.2178 0.39191 -0.1405 0.10897 -0.648 0.30377 0.51188 -1.3103 0.42554 -0.056537 0.30052 -0.15265 -0.59639 0.027238 -1.4718 -0.61261 0.71628 1.2116 -0.12015 -0.87701 -0.23931 0.52355 
violet -0.30874 0.18532 -0.4792 1.7012 0.46935 0.64379 -0.19186 -0.65716 -0.10272 0.083529 -0.39057 -0.40078 -0.069748 0.33218 -0.24191 -0.0044993 0.059737 0.16069 -0.3976 -0.31383 0.14756 -0.079097 -0.6012 0.26103 0.15052 -0.10399 -0.53893 0.011044 -0.0066067 0.044598 0.26064 -0.28951 -0.19292 0.37152 -0.28774 0.089644 -0.031602 -0.2702 -0.23696 0.20517 0.037059 0.093012 -0.25838 0.029094 -0.19878 -0.3319 -0.29352 -0.1696 -0.0083889 0.077386 0.15811 -0.067112 -0.044818 -0.10905 0.16731 0.19572 0.26912 -0.040014 -0.28345 0.078717 -0.10022 -0.37812 0.0039904 -0.45525 -0.035004 -0.20488 0.49945 0.29223 0.46524 0.17207 -0.052961 -0.1567 -0.20242 -0.12493 -0.18834 0.1501 -0.40587 -0.096905 -0.17445 0.67779 -0.0038006 0.16535 -0.33272 0.35234 -0.1659 0.07152 0.26619 0.0088743 0.12507 -0.010765 -0.089376 0.22003 -0.72759 -0.028492 0.19951 0.34554 0.18879 -0.6088 0.030586 0.30777 
coconut -0.35923 -0.019303 -0.1835 1.5681 -0.056614 0.78489 -0.3616 -0.40032 -0.076664 0.11383 -0.3591 -0.13792 -0.23528 0.76313 0.16355 -0.13465 0.37337 -0.26881 -0.38267 -0.27481 -0.18599 0.014548 -0.84398 0.59699 0.84547 0.063698 -0.46967 0.28294 -0.22413 0.68613 0.41713 -0.36904 -0.30247 0.39806 -0.43704 -0.023784 0.12441 -0.16212 -0.1192 0.46513 -0.051989 0.24157 -0.2237 -0.44558 0.27774 0.39842 0.50039 -0.32962 -0.079164 -0.019696 -0.30016 0.1653 -0.33739 -0.12013 -0.16683 0.056946 -0.15489 -0.45387 -0.0047396 0.1806 -0.70635 0.25574 -0.13974 -0.78219 -0.039459 -0.30125 0.70706 0.30409 -0.15634 1.0797 0.29438 -0.64383 -0.6014 -0.23075 0.008955 -0.67 -0.56694 -0.62949 -0.25032 0.87071 0.47034 0.20788 -0.23112 0.06752 -0.15724 -0.10251 0.21688 0.18236 -0.08578 0.087792 -0.49823 0.049706 -0.76892 0.18246 0.19416 0.54021 0.13277 -0.67024 -0.22335 0.43813 
grape -0.5236 -0.11847 -0.15028 2.3994 -0.025676 1.3867 -0.17283 -0.8214 -0.29321 0.022933 -0.64053 -0.30405 -0.24204 0.70858 -0.057018 -0.29689 0.17931 0.16923 -0.69564 -0.61561 -0.24673 -0.076877 -1.5586 0.91556 0.78391 -0.28787 -0.94317 0.095691 0.18007 0.54119 0.34907 -0.5113 -0.059285 0.62307 -0.39509 0.43147 0.30871 -0.62463 -0.31756 0.86075 -0.017344 0.36352 -0.4475 -0.55376 0.31763 0.15431 0.33002 -0.35773 0.025791 0.0085244 0.13091 -0.17063 -0.19926 -0.68655 0.089751 0.188 0.39893 -0.36743 -0.42237 0.19599 -0.45669 -0.42639 0.17808 -0.62458 0.35655 -0.52537 0.59807 0.13533 1.1358 0.17741 0.13425 -0.13249 -0.65621 -0.26187 0.016505 -0.097577 -0.87923 -0.55877 -0.73366 0.59624 -0.48833 0.012508 -0.72944 -0.45986 0.12315 -0.6855 0.37077 -0.035183 0.0075129 0.085223 -0.59472 0.63973 -1.6292 0.17207 0.92339 0.97617 -0.26026 -0.97646 -0.10768 0.53595 
berry -0.71466 0.49005 -0.16109 2.2315 0.18937 1.9161 -0.43569 -1.2292 -0.011273 -0.13542 -0.95098 -0.19082 0.53607 0.71588 -0.60419 -0.2116 0.097711 0.2575 -1.1145 -0.44434 -0.16149 -0.077632 -1.5493 1.6665 1.2504 -0.42771 -1.2576 0.2145 0.071232 0.18855 0.23346 -0.61549 -0.49422 1.5705 -1.0841 -0.13659 0.49962 -0.47817 -0.48877 1.0145 -0.068371 0.10612 -1.091 -0.46033 -0.31765 0.038385 0.24931 0.027422 -0.11302 0.63726 -0.34687 -0.37684 -0.37374 -0.7172 -0.46772 0.087231 0.31391 -1.1742 0.16222 0.4207 -1.26 -0.11053 -0.16764 -1.2165 -0.17353 -0.92681 0.6405 -0.47498 0.48204 0.75077 0.36091 -0.9885 -0.99604 -0.23208 -0.36162 -0.055235 -1.0556 -0.61644 -0.21418 1.7902 0.38704 0.89988 -0.69325 -0.25351 0.1226 -0.6598 0.43975 0.23175 -0.13062 0.36521 -0.51111 0.36608 -1.7831 -0.029849 0.50827 0.7276 -0.20973 -1.8539 0.2853 0.86431 
glue 0.10849 -0.14471 -0.076952 1.3942 -0.23194 0.97283 0.34294 -0.48171 -0.47687 0.13723 -0.55476 -0.40081 -0.37769 0.80342 0.093657 -0.22734 0.12949 0.21071 -0.3531 -0.46456 -0.34933 0.45663 -1.1742 0.45012 0.13964 -0.45434 -0.37042 0.24017 0.13014 0.10069 0.49174 -0.38377 0.004959 0.11332 -0.17047 0.77259 0.5999 -0.50149 -0.27872 0.74664 -0.064319 -0.074769 -0.23666 -0.43643 0.35449 0.17526 0.19131 -0.19532 0.21925 -0.087249 0.22162 -0.28032 -0.049481 -0.27554 0.5101 0.21406 0.67333 0.28613 -0.49418 -0.35477 0.059957 -0.98344 -0.048283 0.065029 0.64933 -0.11852 0.29929 -0.081416 0.53416 -0.11358 -0.14325 -0.054429 -0.41028 0.015937 0.25009 -0.24859 -0.7544 -0.33361 -0.59225 0.73259 -0.26196 -0.10855 -0.37802 0.46656 0.076961 -0.15405 0.25021 0.17708 0.4954 -0.12111 -0.15289 0.032031 -0.8817 -0.41936 0.61976 0.48797 0.19477 -0.14936 -0.19511 0.52691 
banana -0.39996 -0.10303 -0.093493 0.3894 -0.1346 0.37522 0.0077703 -0.31627 -0.44204 -0.09387 -0.35914 -0.095895 -0.30456 0.6261 0.39108 -0.23362 0.14681 -0.12036 -0.2709 -0.28087 0.1142 -0.091822 -0.57047 0.46425 0.42887 -0.22904 -0.10758 -0.20815 -0.64366 0.8395 0.11342 -0.10136 -0.33186 0.46529 -0.27047 0.16341 0.10191 0.03379 0.16871 0.39501 0.13534 -0.17442 -0.22819 -0.14518 0.10183 -0.0086361 0.33735 -0.21666 -0.34651 0.15099 0.16958 -0.22235 -0.14816 -0.14583 -0.16822 0.046269 -0.06253 -0.43691 0.40171 0.34523 -0.7142 0.24054 -0.45322 -0.40013 -0.25425 -0.2943 0.4442 -0.27841 -0.46204 0.48494 0.59429 -0.45743 -0.40945 -0.20091 -0.018818 -0.40722 -0.74193 -0.68363 0.069349 1.353 0.37657 0.20798 -0.19479 0.090083 -0.16153 -0.23747 0.16162 0.097004 -0.2266 -0.016528 -0.42591 0.11421 0.50891 0.26695 0.0325 -0.58637 0.095327 -1.2824 -0.28338 0.31928 
eucalyptus -0.15801 0.049486 -0.11089 1.4974 0.13838 0.85095 -0.27516 -0.52325 -0.49433 0.065917 -0.24012 -0.35277 -0.20623 0.56866 0.15653 -0.20117 0.35532 0.022575 -0.42533 -0.56379 -0.11033 0.13439 -0.82011 0.36011 0.34606 -0.015386 -0.70515 0.12929 0.022171 0.41099 0.44824 -0.33984 0.020838 0.1586 -0.22219 0.27705 0.24875 0.035011 -0.085649 0.30929 0.025276 0.21556 -0.053775 -0.13201 -0.065264 -0.32578 -0.4293 -0.40393 -0.15631 0.30225 0.44337 -0.2216 -0.24636 -0.21346 -0.091632 0.13224 0.050167 -0.31171 -0.014094 0.066516 -0.41 -0.0014984 -0.27753 -0.49224 0.18488 -0.1026 0.51151 0.0057532 0.27476 0.34769 0.13896 -0.25581 -0.41269 0.016996 -0.059862 -0.24701 -0.57874 -0.46485 -0.19944 0.8355 -0.096011 0.1506 -0.26488 0.1937 0.15987 -0.15023 0.075274 -0.059021 0.047806 0.096998 -0.46072 0.2311 -0.65953 -0.033382 0.21758 0.29032 0.11532 -0.40104 -0.041226 0.34519 
mushroom -0.4038 0.075543 -0.29066 1.3829 0.60542 0.50878 -0.35915 -0.59927 -0.56409 0.032668 0.054026 0.04747 -0.58085 0.96187 0.48523 -0.42129 0.56679 0.098383 -0.65962 -0.6425 0.040599 -0.24241 -0.731 -0.06926 0.55672 0.11508 -0.82311 -0.033047 -0.6949 0.8798 0.2341 -0.30649 -0.1118 -0.00561 -0.24735 0.46782 0.20234 0.080147 0.084586 0.15458 0.037468 -0.14665 0.11401 0.031029 0.12553 -0.27224 0.1427 -0.4566 -0.36625 0.15236 0.33044 0.34447 0.2186 0.11207 -0.012377 0.40565 -0.17919 -0.03091 0.32075 0.37878 -0.47677 -0.0016124 -0.2288 -0.49906 0.34838 -0.28648 -0.15626 -0.3026 -0.0036793 0.038167 0.1719 -0.25082 0.063971 -0.44674 -0.37012 0.39113 -0.3682 -0.47269 0.35931 0.88012 0.021414 0.12773 -0.25176 -0.1433 0.2225 -0.0055713 -0.0054291 -0.18387 -0.016277 0.13185 -0.263 0.33992 -0.39354 0.045624 -0.089418 0.14503 0.15655 0.18594 0.15943 0.34053 
rum 0.048587 0.08965 -0.60165 1.0748 -0.29602 1.0149 -0.1605 -0.02273 -0.51589 0.21166 -0.82891 -0.72299 -0.42434 1.2246 0.42846 -0.36677 0.13272 0.16426 -0.095746 -0.24469 -0.0084887 0.55441 -1.1591 0.34975 0.4756 -0.6212 -0.30293 0.23135 -0.39521 0.78451 0.7033 -0.13681 0.016956 0.20266 -0.16061 0.73658 0.37779 0.34935 0.042769 0.43259 0.076495 -0.19797 -0.16711 -0.085329 0.24514 0.13084 0.20568 -0.027089 -0.30796 0.17826 0.40258 -0.37649 -0.21615 -0.26975 -0.35777 -0.36954 0.46392 -0.074458 -0.19377 -0.0072569 -0.33498 -0.38599 -0.98511 0.1521 0.65566 0.013346 0.53355 -0.26226 0.17912 0.015094 0.17245 0.1025 -0.45925 0.2928 0.18173 -0.58093 -0.639 -0.40063 -0.86092 0.47878 -0.59089 -0.096243 0.017927 0.62648 0.23206 -0.59149 0.20134 0.1067 0.23679 -0.25961 -0.81896 -0.052119 -0.44042 -0.72382 0.40489 0.55022 0.33423 -0.73193 -0.35775 0.72121 
almond -0.10017 0.017107 -0.026019 1.1198 -0.0029556 0.81776 -0.64054 -0.21803 -0.35479 -0.076976 -0.13703 -0.1139 -0.11657 0.69604 0.13082 -0.30712 0.40612 -0.11611 -0.35011 -0.29524 -0.21891 0.088348 -0.60841 0.43802 0.5308 0.08143 -0.75442 0.12958 0.2847 -0.12593 0.10411 -0.25018 0.17847 0.20364 -0.038211 0.13927 0.05251 0.2491 -0.067794 0.12197 -0.078015 0.31371 -0.038304 -0.055257 -0.084641 -0.067013 -0.46154 -0.24425 -0.094636 0.38811 0.21478 -0.055112 -0.34016 -0.29909 -0.19809 0.30594 0.0073296 -0.62409 0.026353 0.10144 -0.50887 0.32088 -0.14767 -0.42569 0.0091362 -0.19551 0.41572 0.07046 0.223 0.65392 -0.020885 -0.25547 -0.41592 0.024008 -0.096107 -0.2094 -0.21092 -0.24851 -0.21563 0.36263 0.02009 0.12446 -0.38865 -0.081609 0.13617 -0.045514 0.14494 0.071616 -0.12573 0.065815 -0.37078 0.019043 -0.69434 0.13695 0.15669 0.11323 0.027463 -0.85974 0.0041559 0.36123 
pear -0.39249 0.32164 -0.13211 1.9624 0.085943 1.5596 -0.72845 -0.32837 -0.67116 0.059543 -0.30978 0.26905 -0.20785 1.1221 0.53353 -0.23344 -0.36214 0.52969 -0.05781 -0.30021 -0.51069 -0.046143 -0.88002 0.92825 0.85789 -0.25807 -1.2548 -0.023906 0.48888 0.0019802 -0.1466 -0.47276 0.30165 0.61873 0.38228 0.15254 0.47981 0.066441 -0.29946 0.94011 -0.36903 0.13655 -0.24568 -0.29992 0.51061 0.13283 -0.53465 -0.13164 0.093038 0.85973 0.53977 -0.72371 -0.17556 -0.082232 -0.058298 0.34927 0.5665 -0.74087 -0.21441 0.092218 -0.32115 0.036616 0.11689 -0.24433 0.23702 -0.42282 0.30572 0.034517 0.58769 0.06691 -0.17756 -0.35535 -1.1857 0.0018564 0.06824 -0.2148 -0.42811 -0.21186 -0.43918 0.22317 -0.28719 0.13551 -0.47179 -0.43637 0.37145 -0.69098 0.42659 -0.12869 -0.074352 0.30718 0.057399 0.51796 -1.6013 -0.12458 0.35803 0.60404 -0.68196 -0.53471 0.19994 0.057196 
ham -0.49692 0.31021 -0.33282 0.69942 -0.0094792 0.59275 -0.70405 -0.21111 0.058253 -0.046552 -0.58272 0.1888 -0.4456 1.5382 0.61928 -0.56643 0.47361 -0.056059 -0.55043 -0.17775 0.35783 -0.26761 -0.92268 0.66305 1.5602 -0.094299 -1.0323 0.49262 -1.3548 1.9797 0.3704 -0.056427 -0.46966 0.42327 -0.53759 -0.20741 0.35877 0.065361 0.41469 0.28382 0.031141 -0.14964 -0.19883 -0.14833 0.58395 0.53426 1.3495 0.3102 -0.22585 -0.22105 -0.21422 -0.0047173 -0.14588 -0.058539 -0.19029 -0.37461 -0.16629 -0.27851 0.25722 0.40932 -0.57132 0.12525 -0.57874 0.07925 0.44669 -0.66645 -0.75137 -0.3353 -0.037595 -0.15512 0.83504 -0.067116 -0.52882 -0.20743 0.060483 -0.74469 -0.25768 -0.36494 -0.20153 0.65812 0.39648 0.24822 -0.088856 -0.099226 -0.2172 -0.42653 -0.083214 0.42526 0.018917 -0.099676 -0.13419 -0.37483 0.36757 -0.077774 -0.021577 -0.08518 0.08226 -0.5791 -0.30896 0.27261 
turpentine -0.13308 -0.1707 -0.21143 1.1708 0.16886 0.41583 -0.3288 -0.45132 -0.84045 0.089245 -0.2566 -0.13282 -0.48077 0.53715 0.27626 -0.17972 0.48699 -0.024483 -0.24821 -0.52627 -0.062529 -0.013468 -0.52005 0.20671 0.03934 0.012299 -0.20782 0.012398 -0.1264 0.41008 0.30521 -0.19152 -0.14143 -0.085727 -0.12822 0.48152 0.22459 0.019442 0.025056 0.3337 -0.13879 0.038876 0.017144 -0.12461 0.19894 0.091116 0.13348 -0.40573 -0.21642 0.020165 0.13808 -0.012522 -0.017294 0.017065 0.23423 0.36531 0.11677 0.02798 -0.081037 0.10498 0.10435 -0.32032 -0.039543 -0.13099 0.12149 -0.0532 0.74021 0.063457 0.072049 0.56207 -0.053431 -0.38305 -0.31064 -0.15578 0.034231 -0.30436 -0.54121 -0.46114 -0.0061786 0.87435 -0.26768 -0.15097 -0.12662 0.00049408 -0.034453 0.052779 0.010282 -0.045383 0.045376 0.038269 -0.36111 0.29239 -0.29503 0.092166 0.047785 -0.17716 0.14946 -0.073621 -0.10017 0.32527 
camphor -0.17747 0.0278 -0.14347 0.72043 0.23288 0.4072 -0.27812 -0.25712 -0.56637 -0.22041 -0.1948 -0.098446 -0.36379 0.75937 0.45065 -0.20637 0.20505 -0.091148 -0.22412 -0.26034 0.088788 -0.045743 -0.21715 0.12104 0.075209 -0.053919 -0.27258 0.035441 -0.41694 0.54657 0.17549 -0.15497 -0.0087507 -0.092474 -0.021266 0.13652 0.11818 0.12551 0.081257 0.087446 0.0040778 -0.033493 0.046065 0.034791 -0.0029424 -0.40209 -0.37133 -0.078971 -0.21489 0.12841 0.44981 -0.23581 -0.065505 -0.054684 0.18451 0.19765 0.21305 0.057075 -0.022859 -0.041976 -0.18635 -0.1009 -0.24294 -0.034386 -0.0032848 0.077047 0.24721 -0.18381 -0.052815 0.092703 0.21268 -0.21258 -0.23595 0.0077333 0.081723 -0.22061 -0.56213 -0.38346 0.043541 1.0052 -0.083736 0.03008 -0.023953 0.10691 0.06645 -0.38023 0.036852 -0.19821 -0.12166 0.049809 -0.49761 0.23303 -0.13572 0.041262 -0.065228 -0.01107 0.091306 -0.23592 -0.070159 0.01988 
pineapple -0.37655 0.10253 -0.23142 2.2085 -0.03343 1.3433 -0.37646 -0.71604 -0.4974 0.3346 -0.28492 -0.40903 -0.060827 0.35578 0.027887 -0.19757 0.60424 0.080422 -0.63964 -0.99426 -0.3303 0.0032892 -1.5292 0.75371 0.83925 -0.0047629 -0.96141 0.19376 -0.011035 0.7076 0.63635 -0.62609 0.1276 0.64903 -0.38473 0.35117 0.37798 0.048693 -0.15302 0.65219 0.072537 0.43834 -0.20478 -0.34726 0.11978 -0.071631 -0.19485 -0.84306 -0.29664 0.35212 0.47353 -0.26151 -0.33269 -0.43955 -0.46604 0.02885 -0.016549 -0.81616 0.18209 0.46472 -0.83816 0.25264 -0.487 -1.0547 0.36322 -0.37714 0.68392 -0.11589 0.85863 0.38761 0.14483 -0.26131 -0.72669 -0.21966 -0.088137 -0.50406 -0.95356 -0.71763 -0.3669 0.89891 -0.072649 0.26527 -0.47612 0.068553 0.23355 -0.26724 0.18999 -0.080183 0.050127 0.21159 -0.51947 0.31885 -0.99203 0.016916 0.44488 0.46227 0.085938 -1.1717 -0.10422 0.69373 
kerosene -0.18227 -0.078798 -0.25419 1.2288 0.35225 0.45913 -0.31766 -0.29844 -0.59073 -0.037959 -0.023622 -0.18309 -0.38958 0.36671 0.333 -0.08663 0.22713 -0.065512 -0.12389 -0.4249 -0.085271 -0.09655 -0.34473 0.075574 0.068855 0.020795 -0.40915 0.079226 -0.21317 0.22827 0.18089 -0.27593 -0.0057319 -0.077845 0.013971 0.3401 0.28599 0.011824 -0.0053781 0.16846 -0.16006 -0.025483 0.0709 0.07036 0.058957 -0.1735 -0.42604 -0.34089 -0.27784 0.15911 0.39201 -0.18744 -0.034873 0.11469 0.14429 0.28826 0.15015 0.012344 -0.015476 -0.020847 -0.059754 -0.17575 -0.21053 -0.080333 0.11686 0.094003 0.5963 0.060428 0.043085 0.29416 -0.03401 -0.31762 -0.3207 0.037979 0.11473 -0.14734 -0.44555 -0.21475 -0.12877 0.52341 -0.22369 -0.0068816 -0.014365 0.18587 0.0042905 -0.0101 0.056174 -0.07765 0.14104 0.080161 -0.22066 0.26316 -0.25761 -0.053574 0.031621 0.035995 0.12226 -0.32061 0.011261 0.17217 
rope -0.045073 -0.047026 -0.40243 1.2551 0.14141 0.90304 -0.33922 -0.27822 -0.21359 0.21998 -0.30951 -0.40676 -0.37368 0.32212 0.46264 -0.089853 0.046613 0.061803 -0.08419 -0.20776 -0.026934 -0.013566 -0.67836 -0.14879 0.21694 -0.22088 -0.55081 0.11419 -0.24567 0.28856 0.48415 -0.23999 0.093646 -0.12216 -0.064363 0.88924 0.57463 -0.12622 0.17898 0.38848 -0.001627 -0.11135 0.10611 0.015888 0.1986 -0.32591 -0.019124 -0.39895 -0.22311 0.0093842 0.77079 -0.3192 -0.018503 -0.19835 0.27431 -0.094991 0.39673 0.2416 -0.25331 0.055965 0.18282 -0.73424 -0.49494 0.24643 0.60339 -0.12018 -0.093477 -0.073642 0.77759 -0.65631 0.22676 0.30857 -0.15679 -0.018936 0.19489 -0.31195 -0.69856 -0.35216 -0.39488 0.40508 -0.35174 -0.078027 -0.34317 0.60817 -0.032064 0.014123 0.024722 0.23113 0.42078 -0.32289 0.11092 -0.042716 0.28818 -0.26032 0.28883 -0.10327 0.30066 -0.79765 -0.14633 0.37229 
licorice -0.25361 0.12892 -0.22077 1.2935 0.024256 0.70627 -0.1351 -0.55229 -0.25655 -0.073927 -0.50177 -0.12969 -0.20406 0.8755 0.096199 -0.34566 0.58116 0.044774 -0.4825 -0.47009 -0.043911 -0.013846 -0.97413 0.80868 0.48092 -0.1915 -0.35026 0.17338 -0.24006 0.23134 0.17904 -0.17115 -0.2511 0.57345 -0.4951 0.25065 0.28398 -0.1632 0.063161 0.48051 0.16496 -0.0074646 -0.2603 -0.13267 0.1226 0.18338 0.37341 0.015714 -0.19837 0.21278 0.02869 0.15661 -0.098156 -0.24403 0.023023 0.10523 0.12735 -0.41454 0.16007 0.2996 -0.60688 -0.13663 -0.21634 -0.47243 0.19027 -0.36505 0.31928 -0.23304 0.039449 0.55989 0.25017 -0.50095 -0.55513 -0.10869 0.042524 -0.34385 -0.57168 -0.45995 -0.0044045 0.96048 0.28771 0.33217 -0.15108 0.21323 -0.077052 -0.11907 0.25569 0.22389 0.03254 -0.056299 -0.11021 -0.074145 -0.38449 -0.082548 0.13069 -0.09478 0.20227 -0.85998 -0.0016169 0.50799 
grapefruit -0.5306 -0.03404 -0.063658 1.8082 -0.085801 1.1057 -0.091711 -0.80591 -0.20913 0.054788 -0.56588 -0.15316 -0.10263 0.40147 -0.15359 -0.20459 0.19918 0.082117 -0.61271 -0.46429 -0.28741 -0.040604 -1.2221 1.0347 0.72225 -0.2577 -0.5356 -0.062204 0.083729 0.4427 0.23661 -0.36638 -0.19098 0.80905 -0.50726 0.12318 0.14612 -0.49365 -0.32927 0.87574 0.14408 0.31845 -0.48969 -0.56024 0.026153 -0.098968 0.094363 -0.37821 -0.066253 0.37464 0.27742 -0.24202 -0.2612 -0.66267 0.067649 0.2348 0.26548 -0.71369 -0.043632 0.31657 -0.76145 -0.1317 0.14814 -0.99322 -0.066682 -0.5734 0.87208 0.058836 0.65526 0.61355 0.23616 -0.49274 -0.67056 -0.30772 -0.055608 -0.18787 -0.91936 -0.77157 -0.28497 1.1553 0.23495 0.31153 -0.62243 -0.15116 0.010215 -0.16662 0.42538 0.01818 -0.20674 0.11558 -0.43667 0.47479 -1.0798 0.32047 0.61673 0.32339 -0.13757 -1.2976 -0.14928 0.51148 
caramel -0.1368 0.049928 -0.024841 0.79519 -0.31307 0.68422 0.1169 -0.50136 -0.34782 -0.22751 -0.60784 -0.35344 -0.065011 0.95253 0.10332 -0.26315 0.26515 -0.15653 -0.32667 -0.18186 0.18449 0.069745 -0.8653 0.47968 0.67511 -0.34817 -0.65872 0.13509 -0.34209 0.76112 0.43481 -0.33384 -0.1503 0.50489 -0.47171 0.15735 0.57214 -0.13816 0.21351 0.31821 0.18938 0.086153 -0.22225 -0.27667 0.058988 -0.055808 0.22452 -0.18175 -0.15383 0.060219 0.23071 -0.17308 -0.2924 -0.49969 -0.24488 -0.078868 0.081436 -0.27117 -0.088355 0.15065 -0.78965 0.065305 -0.51827 -0.51969 0.0089278 -0.30491 0.32769 -0.30678 0.26485 0.12957 0.42254 -0.11418 -0.42482 -0.0098815 0.054024 -0.42823 -0.72273 -0.65699 -0.37251 1.2041 0.083685 0.24637 -0.4225 0.20899 0.034863 -0.51284 0.14531 0.039546 0.07501 -0.11692 -0.5021 -0.0032653 -0.18092 0.018408 0.19237 0.031449 0.13515 -1.4902 -0.24782 0.1951 
raspberry -0.32711 0.18829 -0.17825 1.5472 -0.052819 1.2283 -0.18515 -0.70048 -0.18217 0.01779 -0.75851 -0.33214 0.2018 0.59142 -0.253 -0.13205 0.12609 0.12559 -0.62686 -0.36585 -0.07773 0.21178 -1.1706 1.0229 0.8322 -0.38548 -0.76231 0.15393 0.051515 0.36775 0.37731 -0.23764 -0.31466 0.81712 -0.63987 0.0073884 0.3937 -0.23167 -0.25177 0.76886 0.031689 0.040932 -0.65696 -0.38451 -0.21396 -0.11952 -0.030054 -0.0012626 -0.014193 0.43083 0.047673 -0.47486 -0.40373 -0.50997 -0.23001 -0.094134 0.23232 -0.61084 -0.0052347 0.22644 -0.75788 -0.10045 -0.32891 -0.70579 -0.063087 -0.5166 0.54477 -0.19828 0.19064 0.44211 0.45268 -0.44204 -0.65713 -0.017344 -0.22843 -0.20828 -0.74586 -0.48932 -0.32411 1.199 0.30694 0.54912 -0.50146 0.17207 0.11045 -0.48028 0.32078 0.13917 0.001878 0.030592 -0.44066 0.11614 -1.0734 -0.087806 0.47285 0.47381 -0.03261 -1.1692 0.016748 0.57093 
solvent -0.01664 -0.38838 -0.1864 0.63822 -0.0088693 -0.081496 -0.018335 -0.21639 -1.0966 0.022125 -0.22 0.045268 -0.56424 0.44182 0.3238 -0.082271 0.51209 -0.097962 0.010982 -0.44004 -0.19272 0.018035 -0.22419 0.12325 -0.21583 0.12113 0.16042 -0.099609 0.32153 -0.23611 0.14519 -0.014538 0.024129 0.010237 0.21257 0.73995 0.18414 0.099546 -0.054076 0.51916 -0.1066 -0.10444 0.095076 -0.036907 0.099382 0.022987 -0.017207 -0.50447 -0.21064 0.16571 0.0066042 0.33672 0.020488 -0.19437 0.44542 0.65083 0.51592 0.35123 -0.41804 0.027747 0.34306 -0.69193 0.3423 -0.22436 -0.086416 0.047271 0.97542 0.35229 0.40184 0.40389 -0.29531 -0.2955 0.027462 -0.24633 0.0073107 -0.04482 -0.84089 -0.67495 0.11285 1.1889 -0.24868 -0.34926 -0.21347 0.064756 0.061716 0.16614 0.22516 -0.36305 -0.10808 -0.042136 -0.34951 0.4116 -0.12374 0.41454 0.0023787 -0.57229 0.21034 -0.45306 -0.014932 0.29999 
carrot 0.073449 0.0038 -0.36842 1.1262 -0.1207 1.0534 -1.1544 -0.14835 -0.75478 0.10386 -0.33064 -0.43811 -0.50624 0.90647 0.81247 -0.27048 0.32876 -0.044239 0.058998 -0.048178 0.14964 0.012742 -0.52952 -0.30739 0.75788 -0.36188 -0.58197 0.056446 -0.42934 1.0151 0.6197 -0.54637 0.26132 -0.14809 0.066559 0.71628 0.45408 0.36265 0.45277 0.13464 0.19845 0.19771 0.23551 -0.015993 -0.069383 -0.43894 0.0008731 -0.69974 -0.43932 0.20866 1.0579 -0.40478 -0.16425 -0.4574 -0.29083 -0.12283 -0.23846 -0.43741 0.34212 0.30354 -0.57945 0.40536 -1.1352 -0.26015 0.32482 0.11432 -0.47796 -0.45705 0.45771 -0.49633 0.18838 0.46895 -0.075191 -0.015173 0.081112 -0.61036 -0.56792 -0.73714 -0.1194 0.78235 -0.40469 -0.054889 -0.33215 0.27999 0.15665 -0.077395 -0.14484 0.092154 -0.017191 -0.24104 -0.38019 0.024716 0.39617 -0.084601 -0.0093951 -0.08262 0.42048 -0.8863 -0.27104 0.48309 
mustard -0.22105 0.11919 -0.09695 0.93431 -0.13565 0.72112 -0.059126 -0.21577 -0.45962 0.20483 -0.13444 -0.022343 -0.29863 0.80823 0.46287 -0.22772 0.045421 0.17523 -0.22624 -0.4503 -0.11868 0.017613 -0.8091 0.17726 0.77909 0.023862 -0.84089 0.061058 -0.2451 0.49032 0.22241 -0.17391 -0.045151 0.12625 0.07421 0.38007 -0.1045 0.19671 -0.019276 0.32116 0.0063065 -0.19437 -0.039787 -0.16566 0.2214 -0.29776 0.053267 -0.056755 -0.053633 0.31889 0.33391 -0.23763 0.02231 -0.061553 0.21804 0.09995 0.11508 0.0539 -0.038334 0.1036 -0.39354 -0.19956 -0.25877 -0.24954 0.28139 -0.13888 -0.066063 -0.32615 -0.19226 0.12957 0.43623 -0.2435 -0.16741 -0.26429 -0.28217 -0.26835 -0.60329 -0.40554 -0.077439 0.35575 0.25973 0.18243 -0.34384 0.1182 0.048378 -0.094132 0.18709 0.18177 0.26531 -0.30206 0.15218 -0.19167 0.025154 -0.21301 0.17042 0.03283 0.14097 0.36265 0.10721 0.48705 
anise 0.025666 -0.33669 -0.29189 0.99157 0.21738 0.44053 -0.6456 -0.21533 -0.37456 0.24133 -0.23432 -0.2234 -0.56615 -0.050949 0.20218 -0.076382 0.38711 0.12132 0.045196 -0.34224 -0.43074 -0.020932 -0.28779 0.21737 0.33821 -0.31578 -0.21818 -0.29788 0.097629 -0.35674 0.10989 -0.28582 -0.019015 0.20445 0.22997 0.52907 0.054431 0.10731 -0.2957 0.5731 -0.17449 -0.14975 -0.080021 -0.056361 -0.2305 -0.29529 -0.49352 -0.56863 -0.31607 0.77506 0.47249 -0.012657 -0.042075 0.25807 0.078007 0.3968 0.62134 -0.15757 -0.17761 -0.12087 0.027746 -0.49283 -0.15001 -0.077226 -0.14751 0.091513 1.2055 0.19044 -0.30339 1.1359 -0.35428 -0.63529 -0.20424 0.026053 0.17632 -0.19378 -0.39089 -0.30044 0.090294 0.53827 -0.091972 -0.057664 -0.082864 0.51689 -0.26946 0.9042 0.29718 0.048262 -0.12167 -0.060631 0.03426 0.30086 -0.78566 0.049531 0.040176 0.063981 0.32245 -0.9293 -0.070064 0.43412 
creosote 0.12894 -0.10372 -0.18839 1.1108 -0.071737 0.6442 -0.18472 -0.35916 -0.72122 0.015292 -0.52043 -0.23878 -0.31466 0.5378 0.13558 -0.18115 0.42842 0.14237 -0.19895 -0.46685 -0.074375 0.29288 -0.67176 0.31701 0.25572 -0.20814 -0.43473 0.079003 0.29423 0.076778 0.3405 -0.19626 0.13412 0.055726 -0.042947 0.51625 0.32098 -0.037939 0.034879 0.35838 0.10147 0.17892 0.0059994 -0.14241 0.019257 -0.088162 -0.19053 -0.34085 0.010915 0.10978 0.39273 -0.14324 -0.18622 -0.32653 0.255 0.12464 0.25189 -0.13988 -0.060175 -0.037035 -0.076672 -0.37201 -0.31477 -0.17543 0.27633 -0.012098 0.51195 -0.003045 0.38486 0.063678 -0.042702 0.138 -0.27506 0.17935 0.14948 -0.23841 -0.48281 -0.35659 -0.31668 0.56104 -0.3813 -0.026417 -0.19276 0.27244 0.1147 -0.051942 0.17171 0.050358 0.16655 -0.11284 -0.1029 0.1235 -0.33856 -0.1196 0.28235 -0.15169 0.20026 -0.94365 -0.083162 0.25207 
cucumber -0.34809 -0.1746 -0.202 1.1768 0.062997 0.5081 -0.031625 -0.3548 -0.47553 -0.38017 -0.48343 0.2963 -0.13913 0.68526 0.064182 -0.2091 0.23325 -0.041946 -0.26431 -0.11939 -0.38278 -0.14297 -0.53174 0.99121 0.50363 -0.16989 -0.15575 0.2333 -0.048283 0.051633 -0.084105 -0.029242 -0.20114 0.53345 -0.029018 0.23966 0.20679 -0.28344 -0.23739 0.63877 -0.12985 0.10898 -0.20057 -0.27695 0.071297 0.054714 -0.19325 0.16311 0.097998 0.22432 -0.13076 -0.045931 -0.0065402 -0.30855 0.32068 0.30718 0.46739 -0.32661 -0.29619 0.038339 -0.24857 -0.48298 0.33707 -0.11528 0.30377 -0.61025 0.00024683 -0.18158 0.57649 -0.14032 0.076399 -0.4234 -0.42897 -0.021289 0.15641 -0.067259 -0.56313 -0.32641 -0.23936 0.75757 0.044739 -0.080545 0.033965 -0.4027 -0.25252 -0.32144 0.19495 0.060049 -0.074535 0.12286 -0.22769 -0.023148 -0.21496 0.16594 0.22478 -0.1863 -0.051247 -1.1663 0.081653 0.10519 
syrup -0.13572 -0.097256 -0.092044 0.69896 -0.059538 0.39069 -0.18964 -0.21481 -0.096564 -0.0049293 -0.27797 -0.14191 -0.22972 0.49284 0.18852 -0.11935 0.45945 -0.18836 -0.21439 -0.3298 0.041321 0.048305 -0.54953 0.24201 0.5397 -0.055853 -0.29282 0.1472 -0.53279 0.58987 0.4275 -0.17831 -0.17983 0.2814 -0.28546 0.14226 0.144 0.098837 0.19177 0.13855 0.183 -0.0027723 -0.10864 -0.15138 -0.083985 -0.094934 0.15943 -0.28411 -0.21462 0.13156 0.21194 -0.0073973 -0.24058 -0.13787 -0.12297 -0.038481 -0.016471 -0.3016 0.12969 0.19052 -0.6365 0.12337 -0.49194 -0.47578 0.0035095 -0.2323 0.42784 -0.1171 -0.1547 0.50547 0.39997 -0.22104 -0.2301 0.021373 -0.054581 -0.38561 -0.54291 -0.51792 -0.087486 0.92039 0.39885 0.36982 -0.061618 0.42941 -0.14665 0.079868 0.12645 0.2386 0.033313 -0.10981 -0.25796 -0.072438 0.11661 0.12938 -0.0056423 -0.31347 0.32759 -1.1086 -0.17018 0.32249 
peanut -0.38401 0.17801 -0.049986 1.0533 0.14773 0.60376 -0.77822 -0.56737 -0.11878 0.035268 -0.075385 0.028501 -0.14037 0.58192 0.22042 -0.251 0.45724 -0.14779 -0.62027 -0.51063 0.074736 -0.25072 -0.70263 0.50383 0.91778 0.14399 -0.62091 0.095053 -0.35735 0.75421 0.1894 -0.35439 -0.17045 0.54562 -0.27711 -0.19232 0.049788 -0.046389 0.042325 0.22079 0.10904 0.16984 -0.073578 -0.1754 0.063102 0.20889 0.31969 -0.34709 -0.17885 0.15092 -0.0063412 0.099388 -0.21085 -0.10913 -0.26653 0.11126 -0.31345 -0.55251 0.21324 0.36864 -0.68996 0.4735 -0.092636 -0.73215 -0.16194 -0.40808 0.26559 0.041949 -0.09282 0.7155 0.32857 -0.46364 -0.58301 -0.30333 -0.097386 -0.58766 -0.37034 -0.53197 0.13736 0.83715 0.68865 0.38882 -0.37518 -0.021824 -0.12353 0.17636 0.12841 0.089309 -0.14069 0.12156 -0.028086 -0.050282 -0.078704 0.32756 -0.058852 -0.078329 0.030878 -0.92919 -0.16179 0.2471 
cardboard -0.12681 0.03224 -0.16777 0.7277 -0.16184 0.62168 0.028482 -0.12409 -0.71782 0.005138 -0.24191 -0.094138 -0.26927 0.88523 0.58279 -0.21029 0.10721 0.096815 -0.11779 -0.29833 0.11838 -0.088427 -0.66995 0.056826 0.49484 -0.047432 -0.68315 0.25101 -0.45081 0.68573 0.34614 -0.34406 0.078305 0.15939 -0.077519 0.58124 0.49612 0.074859 0.26624 0.20125 0.036824 0.0091892 0.17079 -0.0026975 0.34424 -0.15661 0.23816 -0.23686 -0.35747 -0.068295 0.35727 -0.085973 -0.051709 -0.36727 0.073471 -0.023134 0.14678 0.14573 0.018045 0.12739 -0.27333 -0.21075 -0.45205 0.0064493 0.37613 -0.00035118 -0.19651 -0.3372 0.56365 -0.5794 0.15253 0.095422 -0.23924 -0.10741 0.19839 -0.38691 -0.80605 -0.53282 -0.17882 0.85457 -0.26821 -0.076654 -0.20177 -0.025957 0.15335 -0.52041 -0.022251 -0.0093551 0.2782 -0.17651 -0.089315 -0.11878 0.55326 -0.1804 0.045982 -0.27407 0.06824 -0.57542 -0.036967 0.22453 
celery -0.19364 0.044242 -0.25575 1.0877 0.046971 0.4802 0.019738 -0.34838 -0.61942 0.09392 -0.33932 0.038605 -0.22266 0.65822 0.16709 -0.22548 0.46959 0.11253 -0.52683 -0.78936 -0.16627 -0.057652 -0.88109 0.61754 0.34533 -0.029697 -0.3208 0.13778 0.025315 0.11805 0.14878 -0.18061 -0.11115 0.53251 -0.18026 0.38444 0.23388 -0.16293 -0.19725 0.54298 0.022504 0.084931 -0.16054 -0.0062139 0.084092 0.13546 0.15742 -0.20002 -0.23619 0.21989 -0.16606 0.15766 -0.0041268 -0.21987 0.046902 0.15987 0.30505 -0.026412 -0.079 0.21084 -0.16071 -0.4518 0.084525 -0.20111 0.20171 -0.27572 0.30302 -0.11149 0.64281 -0.089657 -0.24843 -0.25029 -0.25164 -0.20516 0.069136 -0.041538 -0.51469 -0.11903 -0.076165 0.43912 -0.12932 -0.10299 0.070278 -0.13976 0.02535 -0.15038 0.2362 -0.016623 0.032141 0.04702 -0.20302 0.17706 0.042993 -0.0033142 0.061323 -0.44684 0.052699 -0.64189 0.090241 0.4833 
walnut -0.19378 0.0643 -0.12806 1.5139 -0.090291 0.77452 -0.31745 -0.48186 -0.41104 0.055068 -0.21327 -0.099304 -0.15425 0.6389 0.3534 -0.29808 0.46842 -0.038617 -0.32037 -0.47048 -0.045767 -0.15325 -0.92405 0.19595 0.57242 0.091659 -0.70047 0.26783 -0.11792 0.85424 0.48381 -0.39858 0.11306 0.074622 -0.1326 0.32778 0.50376 -0.041726 0.31386 0.23473 0.062728 0.34129 0.19796 -0.30029 0.52395 0.27357 0.31438 -0.53896 -0.1483 -0.086896 0.23072 0.20074 -0.17093 -0.21189 -0.12192 -0.077457 -0.18889 -0.047783 -0.068241 0.16413 -0.24137 0.11145 -0.090474 -0.37299 0.65681 -0.19877 -0.27217 -0.062612 0.47125 0.033946 0.23557 0.050828 -0.44423 -0.22094 0.18244 -0.53856 -0.40412 -0.58005 -0.20262 0.46115 -0.21991 0.036668 -0.38667 -0.071779 0.14519 -0.26048 -0.1623 -0.020257 0.2739 -0.10712 0.080694 -0.1956 0.14492 -0.048888 0.15386 -0.050733 0.11102 -0.53519 -0.20229 0.082155 
blackberry -0.20793 0.17462 -0.056287 1.6694 -0.17176 1.4831 -0.2301 -0.77382 -0.1557 0.13577 -0.87338 -0.49364 0.05636 0.66878 -0.10114 -0.23302 0.047725 0.23031 -0.84802 -0.50783 -0.12538 0.28489 -1.3691 1.011 1.0199 -0.52509 -1.0184 0.074981 -0.098401 0.61976 0.62771 -0.55527 -0.22542 0.88491 -0.5193 0.040579 0.40577 -0.3218 -0.32591 0.76028 0.061224 0.021546 -0.58359 -0.41808 -0.21156 -0.098099 -0.024236 -0.23685 0.08764 0.41652 0.14261 -0.47807 -0.2999 -0.57054 -0.1108 0.12685 0.49928 -0.57302 -0.14025 0.0015447 -0.86743 -0.26559 -0.37915 -0.79825 0.17521 -0.54745 0.40848 -0.26528 0.4732 0.2795 0.24948 -0.39366 -0.63394 -0.074727 -0.23648 -0.15794 -0.83728 -0.46174 -0.48736 1.2371 0.36801 0.48366 -0.62161 0.42018 0.063772 -0.19685 0.4197 0.34115 0.087349 0.050956 -0.51575 0.27429 -1.4391 -0.25728 0.55683 0.68066 0.11068 -0.82712 -0.067225 0.87572 
varnish -0.084133 -0.19727 -0.080394 1.0305 -0.093041 0.57013 -0.28858 -0.45406 -1.0911 -0.0593 -0.52086 -0.018509 -0.49855 0.7557 0.39775 -0.2778 0.48803 0.053574 -0.094824 -0.5382 -0.16952 0.18628 -0.66693 0.57209 0.21196 -0.16569 -0.077715 -0.1613 0.074821 0.099558 0.23726 -0.24332 -0.14574 0.31808 -0.13722 0.57221 0.23713 -0.077714 -0.041125 0.63873 0.11021 0.03192 -0.077987 -0.1934 -0.056389 -0.01091 0.078944 -0.41654 -0.10275 0.28614 0.22317 -0.14318 -0.09735 -0.21347 0.08024 0.30421 0.12935 -0.43345 0.077488 0.1311 -0.30602 -0.20713 -0.1939 -0.43343 0.069021 -0.15983 0.70402 -0.20132 0.11338 0.49667 0.10769 -0.2982 -0.29985 -0.12071 -0.078771 -0.29963 -0.62857 -0.51894 -0.15097 0.68677 -0.058566 0.021639 -0.069018 0.017616 -0.017989 -0.042741 0.25153 0.068953 -0.1513 0.094241 -0.45905 0.36104 -0.48466 0.13529 0.16856 -0.060331 0.20731 -0.91541 -0.14005 0.48651 
cork 0.031879 -0.11425 -0.28212 0.63408 -0.48579 0.71 0.4205 -0.38154 -1.0527 -0.28153 -0.85682 -0.21118 -0.47816 0.8849 0.49088 -0.39585 0.46048 0.070557 -0.14447 -0.58283 0.097762 0.20213 -0.99007 0.79355 0.67339 -0.46351 -0.39723 -0.11636 -0.14626 0.36371 0.269 -0.26319 -0.24541 0.18818 -0.18988 0.73133 0.3915 -0.29289 0.2199 0.43817 0.37025 0.051939 -0.018015 -0.30865 0.71188 0.52222 1.1549 -0.019112 0.1527 -0.34195 0.34412 -0.3353 0.14973 -0.18646 0.3612 0.11085 0.23948 -0.39033 0.35044 -0.018043 -0.53809 -0.53377 -0.6675 -0.29992 0.63722 -0.13289 0.19836 -0.75439 0.37915 -0.1776 0.47664 -0.029383 -0.36322 -0.013753 0.30692 -0.73283 -0.99415 -0.76548 -0.43017 0.73082 -0.28542 -0.11221 0.066454 0.19123 -0.3423 -0.2058 0.38654 0.62622 0.21846 -0.24489 -0.10822 0.0016258 0.84414 -0.31173 0.35839 -1.1069 0.48446 -1.4986 -0.31977 0.57404 
birch 0.004079 0.10154 -0.41041 1.3785 -0.097713 0.90623 -0.045984 -0.066597 -0.57402 0.047321 -0.38333 -0.085452 -0.1104 0.53838 0.48478 -0.16603 0.13616 0.13774 -0.018919 -0.37867 -0.29572 -0.014845 -0.67492 0.30105 0.23412 -0.041308 -0.70777 0.33118 -0.023447 -0.012586 0.34525 -0.31902 0.17525 0.174 0.14557 0.59091 0.45568 0.14652 0.064346 0.25398 0.0034817 0.13922 0.19724 -0.026579 0.295 -0.35279 -0.37205 -0.15127 -0.11123 0.3945 0.64423 -0.13938 -0.093524 -0.27396 0.07167 -0.033668 0.49935 0.096244 -0.18728 -0.10316 0.0093472 -0.47455 -0.19277 0.061108 0.73654 -0.0015908 -0.23594 -0.30107 1.1297 -0.75979 -0.099868 0.23037 -0.21112 0.08343 0.37694 -0.19134 -0.63642 -0.21239 -0.43185 0.097724 -0.63717 -0.18044 -0.034126 0.22182 0.22275 -0.37441 0.032094 -0.035181 0.29634 -0.1761 0.11351 -0.060135 0.029492 -0.48552 0.22734 -0.061864 0.042452 0.0030311 0.11334 0.32742 
raisin -0.0705 -0.0032172 -0.34245 0.99299 -0.077199 0.52064 -0.41861 -0.044227 -0.27934 0.029541 -0.33317 -0.10681 -0.3183 0.86958 0.35422 -0.29563 0.11456 0.060944 -0.39265 -0.18429 -0.0097263 0.026336 -0.75623 0.27346 0.52857 -0.18712 -0.44525 0.16904 0.26885 0.52701 0.18481 -0.022194 0.086909 -0.032083 0.12804 0.057313 -0.15685 -0.010163 0.0062503 0.11245 -0.024504 0.20441 0.0082234 -0.17718 0.044835 -0.18792 -0.11408 0.1631 0.16396 -0.045781 0.15026 -0.21029 0.0040045 -0.40532 0.010397 -0.14011 0.01179 0.15806 -0.19161 0.019852 0.0069762 -0.054909 -0.012653 0.13603 0.29828 -0.17122 -0.44238 -0.0057667 0.40373 -0.35279 0.099782 0.35052 -0.19483 0.10727 0.14418 -0.25486 -0.11411 -0.2683 -0.38688 0.086125 -0.1779 -0.17869 -0.43293 -0.016311 0.090384 -0.17857 0.042803 0.093301 0.081106 -0.31045 -0.0062283 -0.23208 0.35602 -0.076729 0.4642 -0.14818 -0.043537 -0.41859 -0.11599 0.033285 
geranium -0.24412 -0.045801 -0.24708 0.71881 0.0091098 0.23868 0.29242 -0.2595 -0.42376 -0.10355 -0.42022 -0.040249 -0.14284 0.4623 -0.0086018 -0.032623 0.093135 -0.022458 -0.19888 -0.18955 -0.10166 0.058577 -0.39534 0.53869 0.18807 -0.13583 -0.08236 0.046346 -0.0031317 0.027695 0.037882 0.021178 -0.24199 0.40316 -0.23969 0.14263 0.052282 -0.12354 -0.20002 0.47178 -0.10086 0.021857 -0.27978 -0.17266 -0.085326 -0.10697 -0.18258 -0.011513 -0.071461 0.19648 -0.022418 -0.13563 -0.073753 -0.24355 0.22328 0.21253 0.46181 -0.0014782 -0.23065 0.05949 -0.027234 -0.58793 0.15884 -0.13131 -0.28967 -0.16886 0.79309 0.11791 -0.041845 0.50001 0.085154 -0.49662 -0.21176 -0.087482 -0.072941 0.024223 -0.55598 -0.25697 -0.11964 0.86492 0.13804 0.068268 -0.12867 0.041553 -0.10791 -0.13504 0.33167 -0.017386 -0.090908 0.025537 -0.35751 0.19132 -0.10659 0.22135 0.11491 -0.35478 0.026568 -1.0739 -0.042665 0.21074 
