96 100 
smoke 0.95097 -1.01 2.5966 0.8466 0.64219 0.30734 0.46588 -0.80028 0.28726 -0.47403 0.62277 -2.0508 0.53395 0.13855 0.75912 0.25227 -0.050198 0.78412 -0.26536 -1.1746 -0.16166 0.72518 0.80138 -0.88722 1.4871 -1.4275 -0.6988 0.39105 -1.3824 0.8008 1.3118 -1.3615 1.1167 0.6491 1.0037 -1.5275 -1.1252 0.32559 2.0115 -1.0093 0.066884 -1.3855 -0.1468 -0.29672 0.73159 0.95059 0.28051 -1.5292 0.41074 -1.4137 -2.1088 0.82365 -0.064082 1.043 -1.9339 0.38333 0.36111 -0.53462 1.8272 -1.6141 -1.8697 0.58802 -1.1586 -1.2549 1.4374 0.35789 -0.6663 -0.68376 -0.91502 -0.40604 0.10832 0.68838 0.61864 0.53399 -0.10233 -0.18316 -1.5557 -0.33091 -0.74655 1.1104 0.96493 0.30502 0.86047 0.32399 -0.78166 0.80832 0.72663 -0.30063 -0.64593 0.08361 -0.44931 -0.61626 -1.8533 0.52121 -0.3709 -0.33865 -0.0047338 3.006 -0.62806 1.5323 
perfume -0.7645 -0.96912 -0.69291 1.5993 1.0547 0.594 -1.1228 -1.4005 0.25677 0.39711 0.97574 -0.57213 0.45891 -0.80026 -0.10454 1.633 -0.87982 0.10414 0.32628 1.4951 0.49857 -0.72732 -0.12597 -1.2066 -0.063841 0.076709 -0.93278 0.80485 0.45802 0.27827 0.43162 -0.72482 -0.15264 -0.2315 -0.2081 0.78495 -0.18875 1.1964 0.038082 -0.35847 -0.63277 1.5077 -0.18578 -0.35579 0.6818 0.31404 -0.29386 -0.87054 -1.1805 0.37461 -1.3742 0.26003 -0.42689 0.12864 -0.29729 -0.77128 -0.22663 0.76434 -0.11334 0.50706 0.24422 0.18892 -0.61035 -0.79717 -0.043525 0.13065 -0.29396 -0.12615 2.0973 0.028539 -0.65315 0.12437 -0.61503 -0.16574 -0.17174 -0.11922 -0.14756 0.40437 -0.33932 2.0173 1.5798 0.44155 -0.96675 -0.21383 0.075194 0.89815 -0.87219 -0.24767 -0.16448 -0.058492 -0.15952 0.067771 -2.0004 0.44938 0.06258 1.5488 -0.53869 0.41261 0.1445 1.2327 
blood -0.25894 -0.76214 -1.4136 1.4598 -0.019337 0.90666 -1.0406 1.8249 1.1021 0.64605 -0.88974 -1.1292 0.50229 -0.90678 -0.76274 -0.089417 0.32289 -1.6857 0.36608 -0.74304 0.3014 0.9752 -0.25485 0.16779 1.4408 -0.89757 -0.010381 -0.42944 -1.4789 1.5964 1.8572 -0.51494 1.9742 0.2495 0.73076 0.20287 -0.98802 0.94342 0.73934 1.1489 1.0161 -1.4054 0.021357 -0.10092 -2.5576 1.6097 1.0793 0.83133 -0.064099 -0.623 -0.14671 -1.8229 0.77157 -1.5494 -0.49384 -0.89011 -1.2413 1.2607 0.36388 0.68705 -0.79622 0.60663 -1.29 0.067281 -0.77792 1.5837 -0.27382 0.67886 -0.09997 0.18422 0.65798 0.14273 0.87328 0.37283 -0.50863 0.52692 -0.082489 0.97688 -0.18047 -0.95621 -1.4599 0.48323 0.64441 0.48154 0.40337 1.5638 -0.73947 0.2601 0.61624 -1.4016 -0.86582 1.4124 -1.322 0.53902 -0.52964 -0.22861 1.239 1.3146 -1.8571 0.75954 
coffee 0.69337 -0.020826 -0.44791 -1.1413 2.3279 1.056 0.30442 1.0183 1.0506 -0.89579 -0.17577 -0.33737 0.65985 0.3663 0.79629 0.81305 0.31173 0.23728 -2.0424 -0.83888 0.36159 -0.51114 -0.75446 0.39345 1.2731 1.3462 0.20478 0.9731 0.062075 -0.011618 1.3948 -0.87668 1.4614 1.6633 -0.71292 -1.1845 -0.49659 -0.13062 0.65621 -1.0589 1.0805 0.2438 0.46862 0.19365 0.80115 0.71069 0.87232 -1.6008 0.2495 0.34145 -0.31766 1.1196 0.65336 1.4014 -2.0976 0.29239 0.10373 -0.98582 3.3313 0.048051 -1.0498 1.7725 -0.76747 -1.131 1.6603 -1.8691 0.19092 -0.95423 2.803 -0.51364 0.34828 -0.62273 -0.90886 0.2336 0.01065 -0.35341 -1.3174 -1.2554 0.67498 2.2958 1.3057 1.7709 0.64238 -0.56299 -0.10633 -0.25219 -1.6442 0.91205 -0.18995 0.050276 -0.92639 -0.25004 0.82483 -0.70781 -0.33107 -0.16468 2.34 0.24418 0.53935 1.0079 
rose 0.10475 0.97285 -3.0907 0.04049 1.0707 2.4496 0.43945 -0.15131 -0.4226 -1.9261 0.8628 -0.44056 -0.40856 -3.5 -0.13169 -0.12547 -4.6759 1.1865 -0.39999 -0.54251 -0.53373 -1.217 1.0045 0.38877 0.38106 -1.2212 -1.65 -0.6155 1.657 0.99418 1.4665 -2.3298 -1.2311 -1.3683 -0.66974 -0.2989 -2.7619 1.0086 -0.0029367 -1.456 -0.93076 1.8173 -0.7281 -1.1608 0.98194 1.2591 -0.85346 -0.10088 -1.5204 0.34943 -0.61441 -1.1405 -0.4049 -0.86247 -0.63217 -0.58996 0.88856 -1.4718 -0.22385 1.9388 0.53655 -0.93 0.43624 0.16178 1.456 -1.6212 -1.404 1.0817 2.6653 0.25472 1.6105 -0.4611 -1.6607 0.22355 0.65729 0.0081227 -0.9855 -0.70915 -0.55823 0.33697 1.3744 0.16182 0.3865 0.1412 0.037388 1.669 0.3566 -1.8839 -0.97138 2.2131 -0.28503 3.5361 -1.2472 0.74478 1.4678 2.2661 1.3442 0.44917 1.0299 -1.2314 
fish 1.8216 -0.72282 0.48972 -1.3724 -0.38172 -0.74002 -0.84474 -0.21143 -2.2907 1.3107 -0.25491 0.63401 1.751 0.1922 -0.96143 2.1754 3.9865 0.5579 -0.50239 -1.8611 0.024835 1.0041 -0.1567 0.54511 1.0408 0.52374 1.9758 -1.2452 -1.7387 2.2634 0.35289 -1.5683 -1.1689 -0.51959 0.28537 1.5554 -0.77354 0.37 -0.36467 1.5546 1.4722 -0.3297 1.2658 0.84436 -2.3671 2.1348 2.1548 0.16312 -1.0428 -0.30118 1.171 -0.96558 -1.0483 -1.3171 0.62691 0.42679 0.63493 -1.8852 2.1593 -0.43309 -1.1813 0.40483 -1.4656 -0.13883 0.24926 0.85175 0.149 -1.9536 1.6197 -0.36635 0.26525 1.4038 0.92244 0.20476 2.1423 -0.33141 -0.88775 -1.3782 -1.0852 0.92926 1.1962 2.1438 -1.5341 0.016316 2.8327 0.48493 2.5419 3.969 -2.3434 0.09827 0.064853 0.56728 0.19756 0.28287 -0.072782 1.2606 -0.17343 1.8937 -0.7241 -0.30218 
animal 0.12732 -1.3729 -0.0031656 0.90394 0.56674 0.70265 -2.9241 1.1829 -0.1719 2.5581 -0.042522 -0.20731 -0.13364 -1.9976 -0.31345 -1.2586 -0.14841 -0.77936 -1.1581 -1.0503 -1.5303 0.62562 -0.80541 -0.41887 1.8259 -0.47853 -0.052207 -1.7115 -1.0058 -0.25604 0.52833 1.9667 0.64992 -0.75613 -0.29288 3.4606 0.46178 -0.92156 -1.2514 1.9986 -0.40922 -2.8401 -1.4696 -0.71135 1.4437 1.6867 0.79213 -1.4405 0.09318 0.028255 0.64824 -1.2725 -0.63272 0.90122 -0.33805 -1.0213 -0.32586 -0.46709 -0.53517 -0.76274 0.52532 -1.4204 -2.5578 0.014457 -0.45399 0.98452 1.2902 -0.79065 0.75841 -0.046076 -0.3391 -0.77352 1.6672 0.10661 -0.4678 1.0536 -0.50755 1.0607 0.47231 -1.9185 -0.47173 2.1338 -1.2954 1.275 -0.64425 -1.1959 0.085983 -0.47754 -0.55039 -0.7584 -1.8986 0.95092 -1.008 1.5812 -0.13225 1.5774 1.5737 0.69651 -0.3749 0.518 
soap -0.80012 0.57388 -0.21453 4.5493 1.1141 0.3677 -1.941 0.38744 0.89624 0.15146 -1.4724 -0.52225 1.9845 -0.11076 1.4819 -0.29815 0.73943 -0.97478 2.0808 2.95 -0.95469 0.56623 0.70397 -1.107 -0.018667 3.746 1.2698 -1.6688 1.5244 0.42771 0.61624 -0.43412 -2.5983 -2.0518 -0.16267 -0.037504 -1.8892 2.5581 1.6725 -0.054577 0.044488 1.5969 0.60429 -1.397 -0.3437 -2.7079 -0.31322 -4.2119 -1.5459 1.62 0.56883 -2.2183 -1.2942 -3.1281 -2.462 -0.050459 -3.9835 0.89306 -0.83513 -0.17935 -0.077213 1.889 -0.39974 -2.0554 4.5905 -0.45554 -1.2135 -1.844 4.2983 0.65906 -0.52985 2.8441 -2.7603 -2.0256 -0.44594 -0.34754 -2.2628 1.0936 0.20562 3.3914 3.9581 0.74906 -0.65906 -1.3426 2.1249 1.3684 -1.4507 0.092923 1.4574 -0.93014 -1.558 1.6325 0.2156 3.9137 1.8192 2.5057 1.0328 1.2021 0.49377 1.1796 
grass 0.6253 -2.0166 -0.30598 0.41645 -1.7395 1.4728 1.4805 -0.87453 -2.0148 -1.3082 -2.0858 -2.0204 0.7179 -1.6304 1.3464 1.0227 -0.43459 -0.84605 2.4379 1.1157 -1.6371 1.6792 -1.3792 0.52172 0.97329 0.45137 -2.0335 0.85596 -0.43089 2.4299 1.5478 -1.189 1.3834 -0.43258 1.2525 -0.5677 -2.7182 0.95015 -2.3812 -1.2737 0.2679 -1.6455 -0.21475 -0.35897 2.4191 0.30889 2.1917 -1.3348 -0.43274 -0.25733 0.73441 1.5355 -0.19074 -1.5393 1.9143 1.5766 -2.7669 -2.0191 1.1004 -0.072407 0.19572 -0.32472 0.74405 0.28267 3.2274 0.74654 -1.8204 0.043899 0.14171 -3.5835 2.3348 0.37922 1.3395 -0.75371 -2.2648 2.1626 0.10033 -2.6159 0.23438 -1.5979 -1.0783 3.4094 1.5068 -0.47537 2.463 -2.4475 -1.1941 -0.82185 -1.2506 -0.0068015 -1.9225 -0.038424 -2.2444 -0.15419 4.8412 0.78625 -0.51523 -0.067907 -1.4554 -0.66687 
beer 0.78027 0.53968 0.8564 -1.5239 -0.80113 -1.5219 -0.36415 -0.12109 -0.15582 1.7174 2.8134 1.2472 -0.07204 0.93245 1.2226 -0.89486 0.76113 -0.68438 -0.27017 -0.82154 1.282 -1.2178 -0.070836 -1.3527 0.86658 -1.4546 0.70854 1.9729 0.44885 1.8879 3.3867 0.44455 3.624 0.9491 -1.9789 -3.1374 -2.8789 0.85354 -0.97455 -0.1128 3.1396 0.36043 1.5878 0.26081 0.34174 3.2374 -1.8909 -4.0243 -0.45547 -1.4238 0.91826 0.88088 0.9534 4.5923 -1.8889 2.4939 -0.039604 -0.83929 3.2575 -0.44869 -1.5952 3.2699 0.10282 0.82695 2.2075 1.4337 -0.13693 0.038419 3.8693 -2.061 0.1605 0.47818 -0.95083 0.50973 0.20527 -1.3151 -2.3535 -1.1612 -0.46192 3.2985 0.87011 -0.060506 0.3295 -0.30783 2.3103 -0.19205 0.71593 0.95816 0.33819 -2.0601 1.3461 -2.0337 -0.41144 -1.0994 -1.1727 0.27968 0.65635 3.4231 1.4808 3.1171 
urine 0.11401 0.043167 0.35697 0.31558 -0.23119 0.62721 0.035808 -0.89973 1.0056 1.2927 2.2635 -0.16423 -0.40552 1.4193 0.94127 1.0943 2.7321 -1.1974 0.10384 -1.2818 -1.8485 -0.18523 -2.01 -1.9361 3.55 -3.1314 -0.52587 -2.1645 -0.83809 0.4699 2.3999 1.2693 1.4419 -1.302 -0.10373 2.148 0.28335 1.0197 1.359 1.5719 0.73014 -1.8957 1.0603 0.36337 0.026268 1.353 -0.533 -2.613 -0.6485 -1.0595 0.43334 -2.5003 -0.47622 0.49544 -2.7 2.295 -1.5154 0.81567 -0.56907 1.313 0.89565 -0.69896 -1.556 2.1315 0.36485 2.9484 0.19682 -1.5989 -0.4504 0.6284 1.7362 0.61067 1.9992 -2.1488 -1.291 -0.99455 -1.2094 -2.6651 0.77111 1.4327 1.5132 -0.53206 -0.056927 0.14337 0.73236 1.257 -0.78378 2.347 1.1505 -2.1423 -2.4114 -0.76714 -3.0851 0.76826 0.29342 0.94811 1.6062 2.1367 0.95697 0.14796 
pine 0.67204 0.91877 1.5362 1.0069 -0.65693 0.33836 1.5488 -1.7077 -1.4515 -0.80701 1.342 -0.92186 1.5047 0.078623 -2.0233 0.24632 1.8873 -1.5286 3.7301 3.4397 -3.138 1.4686 -2.7568 3.076 2.9675 1.784 -4.2806 0.4859 0.27616 2.0772 2.0042 0.39717 1.1025 -0.080384 1.2861 -1.5095 -1.7754 2.1431 0.25932 -1.2995 -1.1441 -1.6177 1.6281 -0.24702 0.51667 1.1282 1.7784 -2.7 -0.75107 -1.055 -1.9232 -0.30412 0.75861 0.23802 -1.1861 4.3325 -0.54679 0.079933 -1.2046 2.0607 -0.63741 -2.7357 0.1058 0.24576 3.0442 -0.24275 -1.9904 -2.5905 4.8855 -1.0878 -1.3162 -1.1659 1.0061 -0.16459 0.74109 -0.22711 -3.4604 -1.9866 -0.59632 -2.9206 0.98858 0.42948 -0.63556 0.80086 -1.0884 -0.30029 -1.2951 0.8384 2.1649 1.7881 -3.3324 2.6421 0.0081591 2.6799 0.53601 1.5729 1.4888 0.38634 0.47206 1.2774 
wine -1.4017 4.2986 1.6588 -0.19679 2.0402 1.1144 0.82079 -3.9538 0.25316 0.41621 1.9008 -0.089996 -0.79744 -0.11765 -1.8443 2.8629 1.2194 -0.038025 0.5946 -0.65564 -1.0345 -2.6679 -1.7119 0.44328 2.4113 -0.74973 -1.7546 1.7543 0.81513 3.4585 1.1468 -0.32922 3.1401 -0.4344 -1.5705 2.9964 -0.47244 -0.88496 -3.2059 2.9976 0.31112 1.5054 -1.4095 -4.5565 3.4193 1.4406 0.14857 -2.8747 1.068 -0.17242 -2.0847 1.7864 0.27032 -0.6045 0.74781 -1.1367 -0.67547 -3.5241 0.30563 0.29261 -2.3309 0.21735 -1.9542 1.3842 1.8401 1.5391 -1.7085 -0.32695 4.9516 -1.3484 -3.5862 0.19967 -1.635 2.8658 -0.46352 -2.064 -3.8675 -0.27224 -0.39472 2.5146 -0.0097078 -0.087174 0.9676 3.0632 -1.4765 -0.79498 0.74543 -0.29292 0.2806 -0.81136 0.15432 1.6332 0.021292 -2.0754 -3.3796 -0.19462 0.82179 0.85473 -1.3746 0.14666 
bread 0.33553 -1.5557 1.8219 -0.93574 1.836 0.42243 1.0366 0.65607 1.8718 -1.2924 -0.39393 2.2486 1.41 -0.48915 -0.61451 -2.4596 1.4502 -0.83623 -1.2063 -0.24764 -0.18862 0.083855 -3.1756 1.1527 -0.90711 1.3933 -1.8464 1.5203 -1.2654 1.6813 0.34499 -2.5129 1.5594 0.46436 -1.6223 1.4182 -0.30134 0.31084 0.59342 1.6745 1.4734 1.8944 0.73295 0.62337 0.56274 2.2834 0.79373 1.2246 0.048615 -0.026282 1.0101 1.2536 -2.1809 1.4144 -2.1911 -0.50475 -3.8272 -0.31608 0.061093 0.10307 -2.9074 3.3823 -3.9014 -0.58735 0.092993 -1.835 0.067102 -1.3449 2.7702 -0.5725 -1.6976 0.88214 1.7714 1.2889 2.5285 -2.3 0.23998 -2.6515 -0.92298 1.9928 1.3061 0.89817 -2.4569 -0.86236 -0.76178 1.9397 -0.19148 2.6702 -0.24633 1.0693 -3.3497 -0.22934 0.78378 -0.48182 1.4078 0.41803 0.90431 -0.11772 -0.012147 0.2737 
cologne -1.4864 -2.1708 0.34829 2.6835 0.1039 -0.27163 -1.2277 -0.897 1.252 1.5022 0.29798 -0.20874 0.97976 0.1049 -0.83009 1.4863 -1.8849 -0.70609 0.5293 1.6544 -0.76022 -0.91129 -1.4399 -0.78344 -0.41371 0.52077 0.45621 0.70384 0.088419 0.23834 1.0189 -1.051 -0.18587 -1.4195 -1.002 -1.2576 -1.7922 1.353 -0.62864 0.10509 -0.50281 -0.13128 2.0546 -1.0162 1.1394 -0.95047 -1.4504 -1.7118 -1.8269 -0.87704 0.14336 -1.0795 -0.23699 0.35137 -1.5258 0.82759 1.5641 1.736 0.33408 0.19709 1.4452 0.45279 -1.9981 -0.55151 1.107 -0.82029 -0.2452 0.17325 1.3553 0.30536 -1.421 0.083854 -0.55459 -0.80822 -0.023424 0.023999 -0.20913 1.5915 -0.47987 3.1128 0.77919 0.38412 0.08033 0.16663 0.24835 -0.0050534 -0.29411 0.0034173 -0.87425 0.090225 -0.42337 -0.70012 -1.5165 -0.057088 -0.77982 2.2868 0.4914 0.7099 -0.054086 2.7652 
lavender 1.3877 0.54415 0.41785 1.0177 1.5459 0.52727 0.5592 0.55601 -0.97716 -0.3363 1.0794 0.038786 0.5293 -0.89565 -1.0305 -0.014973 -0.43616 0.98851 1.1292 0.90547 0.71843 -1.2187 0.39414 -0.20011 0.72597 -0.3697 -2.4524 0.7522 1.1248 0.46151 0.89964 -0.35688 -0.3688 -1.1547 -1.3797 0.38595 -0.097436 0.59587 0.068082 -1.3841 -0.25357 -0.20723 -0.20893 -0.26766 -0.59995 -0.39285 0.62832 -1.0616 -3.3178 1.087 -0.42442 0.74227 -0.45067 -0.52824 0.78751 -0.49269 0.48403 0.30401 1.4288 1.4982 -0.69659 -0.13553 0.19432 -3.2022 0.064549 -1.01 -3.0805 1.0938 1.9519 0.21456 0.6058 0.59217 1.2319 -0.5639 0.93092 1.1039 -0.24202 -1.8285 -0.92551 2.1383 -0.32934 -0.25887 -0.61354 1.2922 -0.5537 -0.86329 -0.97095 -1.4437 0.87296 0.96108 -1.7712 -0.03394 -1.9454 0.39785 0.41119 1.9281 0.12486 -0.76126 -0.79959 0.27302 
garlic 0.65735 -0.24278 0.24032 0.95929 -1.5377 0.41097 -0.032014 -0.46272 0.93308 -0.79277 -0.52951 -0.68769 1.4513 -0.10005 1.0392 0.6664 1.2802 -0.62881 1.0271 -0.17877 -0.69228 -0.0066126 -1.02 -0.45799 -0.25278 -0.54787 -2.0084 -0.377 -1.0229 0.85206 -0.28908 -1.5074 -0.94346 0.49278 -0.78127 0.92058 0.78257 -0.84633 1.859 -0.72293 0.90938 0.94387 0.76064 -0.33493 -0.30289 -0.70099 -0.75101 0.60275 -2.8434 -0.70851 0.59499 1.5975 -0.11201 0.74936 0.99069 -0.58143 0.80831 -2.7257 1.7452 1.8303 -2.026 2.6605 0.50072 -1.8277 0.30416 1.9277 -0.90783 0.10412 -0.53357 -0.65775 -0.52558 -1.154 0.65939 -0.68335 1.297 0.39499 -1.0937 -2.2851 -0.85099 2.2728 1.5202 1.8866 -0.86901 0.4308 0.98813 1.0447 -0.72913 0.32018 -1.5465 -0.040612 0.88798 0.3023 0.69469 0.59893 0.0041362 2.4908 1.8912 -0.47887 -0.63121 0.77583 
leather -1.4255 -1.6026 0.66882 1.1406 0.35377 0.34552 -1.9418 -0.51473 -1.5013 1.2292 0.26867 -0.615 -1.6262 -1.7164 -0.84569 0.28494 -1.0454 -0.34747 1.0856 1.6606 -0.042399 1.9543 -0.76935 -1.8143 1.4562 -0.55958 -1.2316 1.0764 -1.3601 -0.73912 -0.00012614 -0.95952 -1.4415 -0.039863 -1.7089 -0.97725 -0.2881 2.2357 0.10193 0.21043 -1.8512 -0.17677 1.0728 -1.3477 0.85089 1.1282 0.91513 -1.3751 -0.23306 -1.6802 1.8881 2.4851 -1.7322 -0.65403 -0.39109 -0.085227 -1.2893 0.23553 1.2391 0.36271 -0.93418 -0.9231 0.33248 0.17639 0.79432 -0.40966 -2.3561 -1.0286 0.56098 -3.3976 -0.20662 0.20297 0.50982 -0.05685 -1.2183 -0.16309 -0.19882 -0.22932 -1.8362 1.2291 -1.7465 -0.93071 -1.5402 0.341 -1.6658 -0.79172 -2.0678 -0.69547 0.13893 -0.62867 -2.3695 -1.9027 -0.9494 -1.8278 0.63484 0.037383 0.3155 2.437 -0.84576 1.3392 
paint 0.43718 -1.5266 -0.80618 2.3669 -0.1509 1.8579 -0.22133 -3.2628 -1.2846 -1.3355 -0.97049 0.33847 -2.4051 -0.76289 -1.4343 0.1691 1.7134 2.2836 2.2399 1.115 -0.32732 2.3765 0.1993 -0.88771 -2.7865 0.16139 0.70547 1.6749 1.7493 0.15115 0.38426 -0.39259 -0.57628 1.2279 1.1206 2.9197 -1.1808 2.772 1.2699 -3.1162 1.6416 0.34498 0.0076665 -1.951 -1.0317 1.1448 1.8627 -1.4718 -1.8506 -3.7796 -0.96331 -0.080268 -0.65906 0.036275 0.087986 0.53502 0.74554 1.6913 0.36663 -0.89973 -1.1645 -0.09435 0.10941 -0.50226 -0.49222 0.69399 -4.2511 -3.0381 1.4549 -1.7579 0.92622 2.2774 0.63616 0.17559 -1.6969 0.47443 -0.67852 -2.6335 -0.571 -0.14798 0.049725 -0.54564 -0.49481 -0.3093 0.72637 1.7243 -1.5546 -1.6981 -0.98287 2.6142 0.41096 -1.7168 0.21414 -1.2023 1.3613 -0.38476 2.4247 2.0053 1.0386 -1.3541 
apple 0.1847 1.1555 -1.1558 -0.94428 -0.49448 0.94273 0.26961 0.70065 -0.54182 -0.9825 0.13906 -0.42219 1.7549 -2.3816 0.025838 -1.4142 1.175 -0.5913 2.4494 -0.80651 -1.8059 1.0692 0.24751 1.2109 0.22615 1.2036 -0.1196 1.5395 -2.2111 2.4371 -0.69056 -0.52992 1.727 1.3006 -0.42734 1.3013 0.26367 -0.31753 -1.8759 0.3446 0.9251 1.0087 2.3362 -3.4626 4.4948 -1.5635 2.619 -1.5087 -1.3876 -1.3259 1.5901 0.88342 -2.0215 0.021777 3.6402 -0.76262 0.51088 -1.8486 1.8916 0.87941 -0.48663 -0.11735 -2.1153 -2.2229 -0.19963 -1.6824 -1.1754 1.6452 3.3795 -1.409 -0.88066 0.50409 0.31103 -0.23767 -0.58238 -0.88812 -0.29822 -2.5389 2.1636 0.52821 1.0558 -0.23499 -1.7311 0.74999 -1.0144 0.65997 0.62454 -0.44023 1.5197 2.7972 -1.3046 1.3983 -1.8942 -0.2445 -1.261 2.485 -0.60653 -2.8626 0.69653 0.86529 
onion 2.3797 -1.1646 0.21525 -0.39256 -1.5209 -0.39758 -0.45855 2.2802 -0.02874 0.0369 -1.3891 0.84775 -0.24796 -0.37217 -1.2339 -0.036772 1.3656 -0.48976 0.67408 -1.1584 -1.2143 -3.0922 -0.42309 -0.92538 -1.392 0.75811 -1.2004 1.0369 -1.8774 1.2124 -0.08906 -1.9992 -1.6281 -0.54856 0.41403 0.87076 -1.3428 0.12194 1.7432 1.6734 0.19526 0.33917 0.39487 -0.22619 1.2837 -1.8576 0.1952 -0.89104 -1.442 -3.0997 0.96162 1.6955 -1.1991 0.23521 0.9552 0.59841 -0.21867 -2.8976 4.001 2.8412 -1.4388 2.2716 -0.23073 -1.1991 0.34271 -0.29559 0.52442 -1.3949 -0.70685 -0.19358 -0.011362 0.9415 -0.0019563 0.028566 0.15328 -0.74664 0.30572 -1.9988 -1.4118 2.7304 0.73372 2.8854 1.0083 2.4437 1.4186 1.0585 1.163 1.2172 -0.31831 0.30222 -0.72452 0.12353 0.19396 0.22126 -0.082212 2.1003 0.71493 -1.3807 -0.10217 0.61962 
cheese -0.71274 0.52456 -1.1657 -1.7051 -2.8463 -1.2167 -1.2105 -0.76928 -1.0266 0.27523 0.035883 1.3197 3.0414 0.11862 0.52264 -0.75619 1.7717 0.89618 -2.6056 -0.82856 1.1939 1.1488 -3.0002 -0.8375 1.0986 -0.072312 -1.7645 -0.40027 -0.36205 0.7823 0.34589 -2.7927 2.116 0.13228 -0.12359 2.1127 0.50703 -1.5497 -1.2163 2.1251 1.8889 1.0352 -0.44111 -3.5907 0.98049 -1.7606 2.0981 0.069903 -2.0857 -0.3753 2.9382 -0.10871 -1.4088 -0.85969 0.69472 2.0391 -1.2863 -0.55942 1.4124 -0.17817 -2.4667 2.2657 -0.58389 0.42606 2.3606 -1.537 -2.3924 -0.31166 2.2526 -0.20052 0.79955 0.75582 -0.35173 0.56571 1.5503 -0.13904 -1.7846 0.40953 1.2108 3.8796 0.40134 0.5139 -1.1832 0.30281 -1.096 0.51396 -0.50739 -0.66923 1.5607 2.5317 -1.2795 -1.8449 1.1051 -2.5409 -1.0486 -3.3966 1.7071 -0.3899 -0.25796 0.46498 
incense -1.8066 0.11038 0.97613 1.4409 1.3459 0.93458 -0.85338 -1.1405 -0.45031 0.42909 -1.4059 -1.4459 0.71406 -1.3197 0.67421 0.46875 0.55531 -0.3892 1.0361 -0.25216 0.28912 -0.48694 -0.26144 -2.0743 0.93802 -1.9459 -0.62513 0.15482 -0.2646 -0.24066 0.71113 -1.4148 -0.032139 2.1372 1.7646 0.20404 0.84114 0.47663 1.5573 -1.949 -0.75209 -0.83275 -0.49641 0.24838 0.31068 0.43014 0.10865 -1.854 -2.6767 -1.8067 -1.9198 1.266 -1.0844 1.3271 -2.1184 -0.29593 0.97942 -1.367 -0.69355 0.93368 -0.49292 1.1834 0.26962 -1.7344 2.1661 -1.5957 -0.41729 0.17653 1.3223 -0.081336 0.71193 -1.5343 -1.2907 -0.064752 0.25671 0.71359 -2.8168 -1.0735 -0.29686 0.62256 1.69 -0.22651 0.62941 0.21335 0.12722 0.62245 0.12115 -0.70798 1.2739 0.10531 -2.3934 1.6329 -1.9408 -0.65221 0.18971 -0.076296 -1.0956 0.54139 -0.35503 2.685 
cinnamon 0.46969 -0.97511 -0.032355 0.47631 0.17459 1.6922 1.1878 0.41264 0.0016768 -1.1648 -0.11734 0.12343 2.5684 0.59838 -0.22096 -0.18451 -0.54761 0.25443 -0.059774 1.1315 -0.21182 -0.85317 -0.7482 1.4318 1.4198 -0.03869 -2.5304 1.1712 -0.076688 0.61249 -2.1171 -1.3417 -0.93113 0.83986 -1.2042 0.74274 1.5184 0.052201 1.9761 -0.5361 -0.32566 -1.1337 0.75259 0.17304 2.5806 1.0334 0.52334 -1.3482 -1.0361 -0.1837 0.49178 -0.27796 -0.14683 -0.99481 -0.010125 -0.084999 -0.15468 -1.2491 0.47292 -0.228 -1.3448 1.306 -1.1722 -1.2193 -0.7198 -1.49 -0.79967 0.53029 3.042 0.55774 -0.60096 0.93335 -0.41433 1.0458 1.4143 0.57837 -2.791 -0.75202 1.4241 2.5942 0.07293 -0.61754 -1.3492 0.74146 0.25481 0.66527 -0.38327 0.79716 1.0072 0.86455 -0.73094 -0.050316 -0.77981 1.7267 0.32214 0.3886 -0.19284 -0.14921 -1.1815 1.7093 
lemon 0.83055 0.59264 -0.84896 1.69 -0.64438 0.74553 0.77798 0.34654 -0.094343 -1.966 0.083772 -1.2827 1.3022 -0.66324 -1.2359 0.45629 0.6058 -0.69801 1.8758 -0.72198 -0.34081 0.43744 -0.65906 0.49888 0.45403 -0.6006 -2.4277 -1.1086 0.44377 -1.3849 1.0816 -1.2349 -1.6901 -1.5847 -2.0246 0.38899 -0.87076 1.3312 0.11151 -0.21407 0.45832 1.9246 0.046969 -1.5794 0.78149 -1.1143 -1.5056 -1.7256 -1.4336 1.3131 1.3869 1.6791 -1.1605 0.30984 0.55271 1.362 -0.52217 -3.1747 0.058342 0.61832 -1.5754 0.377 1.5778 -3.2236 1.8572 -0.80428 -1.8585 -1.4148 2.7285 -1.0364 -0.99969 1.0848 1.1109 -1.6098 3.0658 -0.94647 -1.7326 -2.0779 0.42183 3.3126 -0.1334 -1.6528 -3.2389 1.1528 1.8488 -0.3183 -1.1823 -1.4259 1.6741 1.0047 -1.0786 2.4085 -2.149 0.9319 -0.18793 0.11694 1.0918 -0.2243 0.99384 0.84112 
tobacco -1.4317 -1.7076 1.1399 1.2925 -0.53046 0.14741 -1.6363 -0.025397 -0.78198 0.1469 -1.112 0.14637 0.5093 -0.88877 -0.38298 0.38663 -1.1015 0.075569 1.3285 0.41726 1.4119 0.31331 0.77872 -0.49058 2.0671 0.31194 -0.57499 0.98617 0.13695 -0.47695 1.2931 -2.5181 0.94328 0.85273 -1.7104 -0.80486 -0.57387 -0.18071 0.43298 0.10847 -1.0141 0.0399 -0.10277 -0.66028 -0.12412 0.98002 -1.3494 -2.4819 -0.78693 -0.96461 0.85387 0.18723 -1.8162 0.86126 -2.0923 0.014183 0.53917 -0.65751 1.8468 -1.1613 -0.81988 0.59385 -0.47904 -0.73686 0.98268 0.0041463 -0.017161 -0.48751 2.2105 -0.34824 0.9663 -0.35769 0.32351 -0.046623 0.47141 -1.4674 -2.1762 -1.207 0.049498 0.89641 -0.19451 0.39608 -1.2908 -0.0037494 0.63467 -0.8804 -0.43562 -1.1784 0.39425 0.84674 -1.0565 0.12681 -1.2072 -0.56136 -0.32013 0.91721 0.89529 3.2701 -1.6626 3.366 
orange 0.97696 -1.3846 0.48374 0.99901 -0.39335 1.0826 1.7872 -0.3104 -0.17427 0.021422 0.040618 -2.0493 1.2245 -0.21412 -1.7351 1.0262 0.68727 0.69224 0.84734 -0.24024 0.86449 0.053375 -0.022126 2.0399 -0.19118 -1.3169 -1.9055 -0.27684 -0.12318 -1.2468 -0.48465 -1.2678 0.019294 0.74863 3.0939 0.93503 -0.63797 -0.60208 0.55832 -0.44773 1.09 0.30315 1.8855 -2.8019 0.07617 0.59173 -1.4976 -1.9792 -2.5491 1.6747 0.61273 2.2088 -1.5856 -1.2451 1.2138 0.61813 0.83163 -1.781 0.88428 -0.39721 0.1275 0.9117 0.059149 -2.2937 1.6343 -0.57011 -2.3289 1.268 1.9228 -0.56329 -1.7198 0.55381 1.0824 -0.45958 0.45781 1.3729 -1.8301 -0.33445 -1.0042 0.40138 -0.54891 -0.40846 -0.86554 0.83252 -2.0475 0.89276 -1.5289 1.1339 1.7867 1.2769 -0.0027166 -0.22955 -2.2563 -0.87982 2.0465 1.0937 2.8746 0.45624 0.1636 -0.77027 
egg 1.7101 0.20974 2.072 -2.1981 -4.1178 -1.5833 -0.91215 2.2535 -1.99 -1.2643 -2.0654 1.9959 -0.43123 0.57077 -5.8002 0.99406 5.186 -1.1352 -5.3324 0.56741 -5.7267 1.9797 -0.43469 1.1987 -2.8338 2.2473 -0.0095628 -0.12611 -2.2107 1.6222 1.7642 -3.7381 5.2955 -2.2738 1.6405 4.3244 1.319 1.4928 2.0406 6.1464 3.258 -0.07398 5.3873 -0.93301 1.2925 -0.19603 0.62929 -3.3586 -0.49748 -2.2123 4.9148 -3.3633 1.025 -2.9368 -1.2275 0.86147 3.8211 -5.4213 6.7143 0.24718 -0.49935 1.5114 -0.28244 -0.46065 -0.1058 -0.76758 -3.2272 -1.2387 1.5358 -0.67924 1.5245 -1.0845 1.3627 0.86759 4.0062 -2.1143 -0.8525 -1.242 4.8238 -0.3551 1.0495 0.13532 -0.75489 3.6392 -0.078878 1.2161 -1.7525 1.5496 -2.041 -2.3725 1.2402 -1.222 -0.3356 -3.7067 1.5326 -2.6922 -1.0821 -0.31814 0.07263 -1.189 
vanilla -0.45312 0.27792 -0.68418 1.0304 1.0987 1.8435 0.44795 0.11418 0.47563 -1.234 0.21976 -0.77432 1.255 -0.50518 1.1737 0.05586 0.3564 0.90913 0.61231 0.34535 -0.10576 -1.404 0.83787 1.7026 2.2014 0.85382 -0.50571 1.0572 -0.66893 -0.71025 -0.42119 -0.41928 -0.55102 -0.35375 -0.91072 0.39486 1.0339 -0.22145 -0.17638 -1.1559 0.56471 -1.0846 -0.03182 -1.3431 1.1496 0.13327 -0.03025 -1.2135 0.51972 0.44415 -0.33614 0.79096 -0.19578 -0.21659 0.35165 -0.58399 0.051237 -0.066013 0.57853 0.30872 -0.097943 -0.11191 -0.90508 -2.8182 -0.75512 -1.8927 -1.0228 -1.0943 4.9215 0.24236 -0.72159 1.1094 -1.4485 -0.76087 0.7176 0.11315 -1.9426 -0.26172 0.77179 3.3885 0.49931 -1.0293 -0.42942 0.88176 -1.1983 0.6937 -1.8803 0.20787 0.0088647 1.1898 -1.0259 -0.41045 -1.3668 0.72634 1.3646 1.1955 -1.0573 -1.1096 -0.43358 3.0266 
gasoline -0.59254 -2.156 -0.30132 1.0367 -1.5385 0.55599 0.28069 0.37621 1.2648 -0.38129 0.46264 -1.5823 -1.2683 0.56498 0.39642 0.3791 1.4861 -0.49405 1.4201 -0.59776 0.24495 0.59834 1.6749 -0.5399 -0.071564 0.14537 -0.38236 -0.18293 -0.31782 1.187 0.76274 0.47836 1.1323 0.48922 1.255 0.681 -1.5221 1.1186 -0.10986 -1.1627 -0.42586 -0.74175 0.14639 -0.6686 -0.2261 1.3926 0.45266 -0.71163 -0.50274 -1.0094 -0.89573 1.2642 -0.023168 1.254 -0.17609 0.55392 -1.1827 0.133 1.9807 -1.0303 -0.012772 0.33011 -1.2148 -0.89343 -0.74087 0.61565 0.4024 -1.1653 0.79858 -0.30926 -0.93777 -2.108 -0.72246 0.32331 -0.56295 -0.51171 -2.3089 -1.5159 -0.80688 0.074996 0.46332 1.001 1.0426 0.30661 0.7945 1.6999 -0.76801 -0.00047302 0.63105 0.56775 -0.68164 -1.2977 -0.46649 0.086425 -0.32406 1.7467 0.42541 1.7428 -0.2874 1.0847 
tea 1.8901 4.666 -0.9159 -0.78876 2.7625 4.1231 2.0452 0.13975 1.1894 -0.36833 2.4695 -3.0241 1.3435 -0.94448 0.0268 -2.2838 0.9223 -0.3324 -1.5253 0.64172 -1.2052 -4.1636 -4.2528 -0.018686 0.60764 -1.4472 -1.7967 -1.9393 -3.1433 -0.71596 4.3278 -1.1473 0.81223 0.5052 -1.3181 2.2852 -1.7151 0.06211 0.78306 -0.59267 -1.8035 4.1372 0.17777 -0.77607 -1.0342 -1.0709 0.79865 -1.9571 -4.3132 2.7584 -0.25007 0.67764 1.9206 -1.813 -1.781 0.22038 3.6269 -3.2036 1.331 3.3355 -4.7699 0.070869 1.8928 -3.6091 3.8618 -2.2345 -0.46298 -0.071409 6.8971 -2.1753 2.4179 2.3061 -0.91952 -3.5849 0.55178 -1.7092 -5.0007 -4.0223 0.57715 1.9111 -1.6853 0.16253 -0.70127 -1.505 -3.1262 2.2118 -2.0171 -2.9328 -0.46428 -0.15792 0.96629 -2.012 0.10312 -1.2097 -3.2759 1.5019 -0.04191 -2.8088 -0.7854 0.58652 
honey 0.16048 -0.26327 -0.1502 0.1364 -0.50837 1.3906 -0.65201 0.3908 -0.75323 -0.72557 -1.559 1.3301 0.71925 -1.6407 -0.46709 0.65417 0.29248 -1.3207 0.34581 0.68373 0.45011 -1.723 0.63225 0.77837 2.5107 -1.1614 -0.97439 -0.098159 -0.85378 0.86219 1.2601 -2.8294 -1.7027 -0.71554 0.13899 -0.66962 0.33753 2.0962 -1.0997 -1.9532 1.343 0.55318 0.077172 0.22564 1.0062 0.87207 1.632 -1.3226 0.51065 2.9743 1.3037 -0.72963 -0.92095 0.59532 0.28503 0.53769 -0.77103 -1.0383 -0.31834 0.085441 -0.50517 -0.31747 -1.6137 -0.69015 -0.043521 0.51219 -1.0342 1.8309 3.3158 -0.059825 0.32825 2.223 0.32961 0.3752 2.0107 -0.75511 -0.62955 -0.52081 0.30941 0.98009 1.0049 0.288 -1.8148 -0.088137 0.0668 0.068524 -1.7669 -0.021853 1.1649 0.25536 0.74872 1.2409 -0.60901 -2.2759 2.241 0.68446 -0.88687 -1.7014 -0.32332 0.058119 
chocolate -0.85356 0.50833 0.01917 -0.50471 0.32496 0.91042 0.41442 -1.171 0.27809 0.1658 0.78763 -0.28378 0.87054 -0.12059 -0.53108 0.39565 1.1999 1.9233 -0.67959 -0.20685 -1.2512 0.58397 -0.51098 1.4101 0.76642 -0.22536 -0.23849 -0.53897 0.37444 0.56868 0.03965 -0.49273 -0.22311 1.0204 1.0074 0.23121 -0.040999 1.631 -0.45015 0.037382 1.2189 -0.31313 1.0029 -0.56982 1.2611 0.030814 -0.78523 -0.55793 0.66435 0.087919 1.1693 1.6537 -0.51615 -0.89313 0.26082 -0.33899 -0.37094 -1.0055 1.8381 0.10658 -1.0742 1.4934 -0.46235 -0.33339 -0.71687 -0.15568 0.50256 0.63774 2.5198 -0.5042 -1.5032 1.3243 0.13993 0.91617 0.93762 0.58986 -0.23701 -2.1799 1.4468 2.8297 0.15641 1.0864 -0.017634 0.64398 -1.6793 0.83165 -0.3623 0.12347 0.13916 2.5482 -0.93285 0.083718 -0.19198 -1.5317 -0.59455 1.2202 0.36437 -0.73744 -1.0306 1.4052 
manure 1.0365 -0.65034 -0.59849 -1.5179 -0.86193 -0.0026382 -2.2081 -0.41445 -1.2873 0.49596 -0.15299 -1.3822 0.0092257 -0.033966 1.2989 0.21308 1.3395 -0.3388 0.30491 -1.5632 0.72787 1.4595 -1.0505 -0.84895 3.6876 -0.38421 -2.2837 0.61395 0.14983 0.48676 0.91781 0.57666 -0.12206 -2.0235 -1.4091 2.3095 0.36907 -0.47907 -0.46698 -0.20853 -0.4092 -1.2406 -0.15853 -1.5601 0.40175 0.29659 2.4201 -1.3283 0.18801 0.13993 -1.0456 0.25035 -0.16637 0.84729 1.6068 0.61051 -1.4918 -1.471 1.468 -1.0226 1.3191 0.57951 -0.84648 -0.64692 -0.63714 -0.12002 2.8011 -1.3217 0.98831 -0.011133 3.1453 -1.1928 1.7693 0.57263 -2.4153 -0.28467 -1.7723 -0.96111 0.3472 -0.73051 0.45509 1.3989 -2.8152 1.7932 0.5754 -0.91471 -0.7121 0.29055 -1.2375 -0.55497 -1.8768 0.082779 -0.038277 1.0856 -0.17414 0.17023 -0.53088 0.45403 -1.8963 -0.61191 
mint -0.36963 0.7436 -1.0786 1.4368 -0.38056 0.3683 0.1437 -0.77499 -1.467 0.37623 0.7516 -3.2372 3.7369 -0.82461 -2.1054 -1.9163 0.89573 0.80686 4.0581 3.377 -1.6568 -2.4836 -0.43755 0.43893 2.9105 0.63166 -0.50533 -0.48421 -1.2974 1.9091 -1.2299 -3.2386 -0.8713 -0.45617 -2.7985 0.24224 0.97067 -0.13533 2.5789 -2.3097 -1.1298 0.75609 -0.14013 -0.94516 0.27394 0.22213 0.16882 -2.8914 -2.601 0.36686 -0.37478 -0.61302 -2.538 0.3525 1.239 0.18162 3.0861 -1.1895 0.93538 -0.22192 -0.72659 1.1377 0.8984 -0.41359 1.3905 -0.81629 -1.7413 1.6874 3.0233 0.023546 0.19741 2.0317 0.59633 1.2016 0.78835 -1.3088 -0.855 -3.3276 1.5197 0.91161 -0.0028681 -0.88545 -0.29274 1.32 -0.6987 -0.91721 -0.06834 -0.95023 -1.8967 0.10976 -2.7121 -0.49351 -0.60307 1.3668 0.88561 4.6026 0.5036 -0.19407 -0.63021 1.1879 
hay -1.5602 -3.6325 1.2734 -1.8113 -0.17083 -0.56705 1.3525 1.4869 0.41196 -1.0755 -0.65417 -0.85336 -0.25414 0.73319 3.3641 0.47711 -0.81028 0.52108 0.43097 -0.5875 -0.22339 2.8305 -2.49 -2.2541 4.0553 -0.1954 -5.1943 3.632 -0.1083 4.1342 3.5482 -1.6466 -3.5041 -1.6114 -3.5508 -0.90838 -4.1096 -0.51025 0.27477 -1.3918 -1.5064 0.12292 -0.90898 1.0327 2.9778 3.8607 2.662 -2.9984 -0.44647 2.6844 1.6384 -1.2801 -1.9501 -1.7334 1.8828 1.3876 -4.7005 -4.6074 1.7038 -3.9281 2.5636 1.9866 -4.1673 -0.75055 0.91987 -0.44728 -2.3581 -3.4057 -0.89995 -3.5252 5.7944 -1.8727 -0.46112 -0.81472 -2.5195 -0.66519 -1.9136 -4.1251 -2.5105 -3.495 -1.4022 3.4432 -5.1284 -0.99985 -0.29677 -2.9128 -3.0742 -2.1403 -2.1802 0.59118 -4.225 0.73204 -3.252 -2.6763 6.2363 -1.0583 -0.07035 0.79316 0.59783 4.3633 
citrus 0.035769 -0.6155 -0.50646 1.6747 0.40644 1.0082 0.98629 -1.0661 0.34303 0.086662 1.7037 -1.6605 1.7023 0.57617 -1.6343 0.24884 -0.99639 -0.65585 1.5545 0.15136 -1.5369 -0.48159 -0.43122 3.051 -0.19536 -0.54951 -2.4122 -1.2738 0.6321 1.7494 0.45154 -0.75037 -0.11542 -0.18939 0.17825 -0.40336 0.025776 -2.2387 -0.30545 -0.2335 -0.42993 0.99286 -0.17686 -0.65409 0.19223 0.63356 0.13047 -1.1172 -0.48484 3.6787 -0.49077 1.043 -0.46129 0.70984 2.0838 0.49349 2.4028 0.57522 0.43607 2.3855 0.45478 -0.8859 0.89176 -1.1236 -0.12664 -1.066 0.38683 0.3139 4.8101 -0.052986 -3.0702 0.0096676 1.2083 -2.0541 2.0539 0.44776 -2.6035 0.36467 1.9969 2.4864 1.6986 -0.097573 -1.9995 -0.98997 -0.97754 0.44632 -0.13122 -0.44509 0.81246 0.14977 -2.5773 0.71569 -0.03453 0.36677 -1.1419 2.8863 1.7481 -0.45118 -0.3314 1.7475 
ammonia 0.39671 -0.21055 1.2278 0.89556 1.2015 -0.19646 -1.3382 -1.0493 -0.051203 0.57645 -0.71351 -1.7058 0.4659 0.29571 -0.88261 1.0882 1.8967 -0.39472 1.1482 -0.45163 0.30674 2.1444 0.059349 -0.30169 1.0129 0.49653 -0.72753 -0.039937 -0.84618 0.058641 0.24386 0.61289 0.19955 -2.6015 0.13686 0.98126 0.38506 0.55992 0.80368 0.64622 0.78528 -0.4494 1.0478 0.2094 -0.32738 -0.99075 -1.0627 -0.54688 -1.079 0.36365 -0.37 -2.522 -0.17318 1.7289 -0.2099 -0.034197 -0.20096 -1.9215 0.44249 1.3852 0.69679 -0.72752 -1.3245 -0.81682 -1.8318 0.58 -0.059673 -1.8022 1.3722 1.0835 1.2651 2.0777 1.133 -1.8391 -0.4192 0.46852 -1.3962 -0.33601 -0.24898 1.2112 0.89749 -1.171 -0.14626 1.8137 -0.77818 2.0668 -1.1258 0.12635 1.3004 -0.87028 0.82808 0.41598 -1.5046 1.3248 0.60009 0.27817 1.5929 2.5882 -1.2434 -0.60435 
cedar 0.1909 -0.70228 1.3042 0.059381 0.32581 1.034 1.1974 -1.5161 -0.21485 -3.7859 1.3536 2.3983 -0.078071 0.99834 2.0903 -0.38289 -1.1704 -0.26923 2.9001 2.6173 -0.47099 0.15403 -1.6009 1.2525 -0.14518 -0.38003 -3.1151 -0.48371 -0.43253 1.8187 0.65255 -1.8753 -0.92109 -3.422 0.49148 1.0098 -0.54964 -0.33651 1.0826 0.669 -0.37666 -1.8934 2.1394 -1.2705 -2.3867 1.4326 0.85034 -2.245 -1.8599 -1.205 0.55124 0.16311 -0.6415 -1.0752 -1.5525 -0.12342 0.20664 -1.6987 -0.48967 2.0325 -1.1362 -4.0656 0.46477 -1.2764 3.3563 -1.5886 -0.89149 -0.031142 2.8427 -0.68412 -0.86608 0.68523 -0.65119 -1.3764 1.0857 -0.20041 -1.9573 -3.8602 -0.32696 0.37538 -1.9053 -1.4248 -1.4851 -0.92836 -0.66889 -1.0896 -0.74364 -1.1357 0.55585 0.27308 -2.3583 -0.4828 -2.4589 0.30522 -0.72331 -0.6076 0.45871 0.28636 -2.0983 0.80563 
weed 1.8435 0.19803 0.9397 -0.10605 -3.1949 -0.9626 -0.24336 -0.058183 0.59591 -0.97813 2.123 -2.9035 0.6954 -1.6514 1.2226 -0.16057 -1.3538 0.69103 0.97743 -1.0208 -0.078593 -1.2909 1.4746 1.0208 0.651 -0.69807 -2.1892 -1.995 -2.5228 0.74495 -2.4797 -0.64552 -0.038547 -0.01604 1.0356 -1.0978 -2.3796 -0.52014 -0.9486 1.1454 0.58829 -2.8659 0.79096 0.46249 0.092122 0.36876 -0.2971 -2.7912 0.2237 0.34364 1.4614 -1.499 0.20843 -0.14912 1.2041 1.2984 0.94443 -0.55706 3.0217 0.17979 -0.16031 0.33414 0.79433 0.81487 2.5889 0.10476 1.6261 0.43062 -1.8414 -0.73698 2.0793 1.5805 1.513 -0.65777 0.47605 1.1497 -0.033256 -2.6166 -0.88415 -0.1012 -2.1831 1.1663 1.2259 2.262 0.048492 -0.051416 0.42703 1.3443 -1.1467 1.7723 -0.31933 1.745 -1.009 -1.2632 2.7786 2.8832 -1.0711 2.7613 0.025197 -0.6221 
rubber -2.7935 -2.4308 0.039199 1.1385 -3.0728 0.75106 -0.29032 -0.39393 -0.81613 -0.11449 -0.25326 -1.0469 -1.7254 -0.15241 0.13529 0.6084 1.8378 0.49094 1.8515 -0.013445 -0.83478 0.062485 2.0148 0.64939 -0.10756 -1.6989 -0.47291 -0.28658 0.028358 -0.012981 1.2808 -1.5846 0.52944 0.8819 0.15727 1.0243 0.31822 2.0251 1.3334 -1.1241 -1.293 -2.3586 -0.55952 -0.33159 -0.68259 0.30533 1.9339 -1.2817 0.69821 -0.27121 1.1581 0.29779 -0.10303 -1.935 -0.72463 0.56303 -1.5285 -0.61271 -1.2188 -0.30159 -0.88899 1.5431 -1.5789 0.53901 -0.92315 -1.2897 0.27505 -1.8498 -0.29186 -2.4871 1.6834 -0.97389 0.84815 -1.9245 0.057168 1.7546 -1.5126 -1.4012 -1.1794 -0.50666 0.66102 -1.403 1.3861 0.32258 2.2033 2.1214 -0.03075 -0.74945 -0.08343 -0.3557 -2.1448 -1.1756 0.48922 -0.7333 -1.777 1.8413 0.35593 1.77 0.11121 1.3478 
vegetable 1.1875 -1.2656 0.69943 -1.2657 0.36576 -0.54629 -1.3052 -1.3176 -1.3028 0.37217 -0.68359 -0.30367 1.0855 0.31693 0.060575 0.17769 0.57201 -1.0015 1.1231 -1.7776 -1.0287 -0.47529 -1.3356 -0.5431 0.90451 -0.35179 -1.9581 -0.55043 0.45328 -0.11708 -0.41924 -0.93497 0.48308 0.75916 -1.7841 2.493 -0.30137 -1.2883 1.9382 0.35616 0.35548 -0.26305 0.25452 -2.166 0.0091007 0.16867 0.31243 -2.3167 0.39863 -1.2423 0.15883 -0.18125 0.076995 -0.84672 0.27321 0.16964 -0.99571 -3.4041 1.081 2.045 -0.25453 1.0659 -1.4555 -1.698 0.26984 0.27404 -0.67027 0.88678 1.1468 0.020722 0.23544 0.92195 1.4337 -1.3896 0.18845 1.2775 -1.0382 -0.99602 0.79671 0.53804 -0.45625 1.5428 -1.1666 1.0817 -0.12597 1.4312 1.133 1.3838 -1.4172 -0.72649 0.35251 -0.14104 -0.67655 -0.47536 0.40602 -1.0919 -0.01075 -0.31724 1.028 0.34351 
vinegar 1.4017 0.24261 1.1706 1.2698 0.23497 0.74539 -0.52359 -0.76962 -0.29753 -1.9136 1.9424 -0.92136 0.57041 -0.41875 0.83817 1.3616 1.4943 -0.3984 0.94896 0.55295 0.17342 -0.666 0.4677 0.050188 0.87748 -2.0066 -0.053117 -1.326 -1.015 1.5758 0.96091 -1.4314 0.41444 -0.26305 1.806 1.8736 0.10938 -1.9571 1.453 0.2029 1.4132 2.9294 1.419 -0.030392 0.035917 -0.44899 1.4858 0.77895 -0.87912 0.18148 1.2984 -0.29431 -1.5009 0.20516 -0.39579 0.081747 -0.19571 -1.147 0.47864 1.3699 -1.0257 2.439 -0.14274 -0.39039 0.087672 0.77576 -1.0514 -0.10892 1.9295 -0.0080616 1.3837 1.0229 -0.17199 0.13776 0.11739 0.19111 -1.1809 -1.3081 0.16007 2.038 1.4207 -0.55637 0.11514 1.1131 0.48941 0.62495 -1.5727 0.34358 -0.52812 -0.90554 0.34903 -0.90486 -1.5114 -0.6579 -0.4474 0.47313 0.52954 -0.12131 0.72903 0.76694 
popcorn 1.9471 0.56087 -0.49522 -1.3627 0.12211 0.32689 -0.63011 1.4255 -0.94087 0.027042 0.14634 -2.4771 0.50577 1.3149 -1.5448 -0.21773 2.2053 -0.41411 1.2142 -0.33486 -0.4862 -0.70257 -1.8096 0.68013 2.1502 1.8208 0.15464 2.234 0.69706 -0.18238 0.33347 -0.87176 1.8144 1.1892 0.37295 -0.43958 1.7533 1.5152 1.3072 -2.4761 0.31394 -0.81634 -0.12967 0.60527 1.3085 0.078606 1.3261 1.365 0.018049 -0.53632 1.5835 -1.6158 -0.89002 1.0816 -0.78655 -0.57423 -0.47755 -0.72343 2.957 0.63945 -0.95363 2.3644 -1.7478 -2.5883 -0.20561 -1.972 0.7062 -0.90824 0.34479 -3.2747 0.41404 -0.80963 -2.9757 -0.78105 0.47799 -0.18777 -0.39584 -0.97153 -1.225 3.2 -0.95035 -0.19825 -1.6033 0.51777 0.54275 -0.29534 0.76515 0.97063 -0.87102 -1.1704 -1.9638 -0.82727 0.15498 -0.25172 -0.32786 -1.7875 -0.93023 -0.26635 -0.84276 1.1324 
potato 3.3058 -1.077 2.9657 -1.7812 -0.91124 -0.036313 -1.8755 -0.12053 -0.36572 -1.6775 -1.8103 0.038306 -1.2595 0.96255 -1.2517 0.45678 2.1355 -0.14216 -0.63737 -1.0858 -1.0039 0.9798 -2.5758 -1.1016 -1.1684 -0.016051 -1.7303 0.61765 -1.7835 1.2363 1.1278 -0.8175 -0.60692 2.1946 -1.447 0.081723 0.45411 -0.23511 -0.26148 0.86085 0.7649 0.4734 0.67841 -0.94545 0.5259 0.013597 -0.12359 -0.65223 -0.77654 1.1504 1.0591 2.4771 -0.084994 -1.1063 -0.094861 0.071521 0.41688 -2.3793 1.8198 1.2419 -2.759 0.49392 -1.1135 -0.3587 1.2115 -1.2252 -0.34704 -1.0014 0.56796 -2.3871 2.013 2.2017 0.0076378 -0.40375 1.3319 -1.3163 0.17472 -0.30646 1.9281 0.41702 0.21067 1.4317 -0.8144 0.16063 -0.35854 1.2571 1.0812 0.57722 0.88613 -0.019365 0.064488 -2.2712 1.1317 0.84021 0.96333 1.7443 0.92362 -1.6551 1.2154 -0.63237 
strawberry -0.88316 -0.89116 0.12163 -0.48287 -1.3348 1.0787 0.73967 -0.87464 -0.27918 -0.4232 1.3896 0.74923 0.64197 -0.30385 -0.42844 0.67484 0.12049 0.75838 0.12269 0.69481 -0.91755 -0.14573 0.58494 1.2811 1.0211 -0.26598 0.030338 1.6982 0.37734 1.2851 0.46061 -0.60587 -0.15217 -0.11412 0.14069 0.83607 -1.0127 0.56232 -0.71522 0.10578 -1.8355 -1.4494 0.10597 -1.6498 1.3116 1.7894 -0.38395 -1.99 -0.47973 -0.13948 1.8554 -1.3936 -0.057711 0.38664 1.3806 -0.57677 -0.11535 -0.87166 0.50436 -0.24356 0.054638 0.45872 -0.68458 -0.53401 0.47695 -0.60253 -0.63134 -0.59418 1.7604 -1.728 -1.9339 0.45557 0.01686 -0.22398 0.32652 -0.634 -0.65368 -1.4438 0.61739 0.85163 0.0089583 -0.018461 -1.0123 1.2968 -0.87527 0.69988 -0.48093 1.8899 0.70507 1.4099 -1.2747 0.22505 0.15615 -0.23501 0.66802 2.0914 0.32681 -0.5152 0.67571 1.3898 
peppermint -1.0227 0.55377 -1.0911 1.4002 -0.66675 0.35978 0.13076 -1.2059 -0.31621 -0.01442 -1.0779 -0.13287 0.98759 -0.43859 -0.65289 -1.3061 0.35913 0.4778 0.56689 2.2783 -0.88338 0.42537 -0.48235 0.41948 1.1032 1.2838 -1.8159 0.08175 -0.74651 -0.96434 0.048842 -0.82884 -1.2251 -1.4599 -1.2289 0.9419 0.92418 0.63889 0.5424 -0.19542 -0.49793 0.12033 0.97319 -0.79607 -0.13277 0.68311 0.099271 -1.878 -1.1887 0.82582 -1.2476 -0.59223 -1.6544 0.17047 0.4466 0.25349 1.5192 -1.9192 0.10456 -0.20564 -0.58327 0.39782 0.53047 -1.1771 0.19353 -0.56881 -1.0521 1.689 1.3492 0.66823 0.7814 0.60605 0.55837 -0.068837 1.1276 0.3796 -0.64828 -1.072 -0.37171 2.2441 -0.29881 -1.6376 0.11842 -0.83059 0.21766 0.37453 0.12382 -0.86055 -1.1136 0.32391 -1.0547 0.6197 0.21902 0.68447 0.68322 1.8656 1.6128 0.71076 -1.4315 1.7609 
mouse 0.71757 -0.67988 1.334 0.071188 0.49642 -1.096 -2.8293 -0.31519 0.40762 -1.9608 1.658 1.6627 -1.9814 -1.4012 -0.69083 0.1005 1.706 -0.66229 -0.75363 0.89892 -0.75761 1.8999 0.3259 -1.1353 0.15219 -0.32449 -0.30947 -0.29978 -2.3889 1.0857 1.3136 0.26011 0.99437 -3.4228 -1.1772 1.6112 2.0726 2.2394 -0.36273 -1.7422 -0.52307 -1.4523 -1.9129 -1.108 -1.2189 -0.5299 0.46262 0.35807 -2.3632 -2.4195 1.7522 -1.4428 0.83977 -0.81604 -0.89734 -0.47458 -0.17712 1.3448 1.0845 1.9001 -1.7421 0.73861 -1.0458 0.072076 -0.78511 -0.66982 0.58666 -2.947 -0.88116 -0.015677 1.5658 0.097216 1.7863 1.6437 -1.3988 2.2189 1.3603 -0.59834 1.1726 -1.0231 -0.22884 1.2574 -2.688 -0.023273 -0.11954 -0.96977 1.5989 -1.1143 2.0867 1.3644 -2.2195 0.62773 0.00043246 -0.19173 1.715 -0.53168 -0.76724 1.5072 0.32111 1.5036 
disinfectant 0.43113 0.73113 -0.60115 1.928 1.1256 0.0079308 -0.74707 -0.70565 -0.33988 0.58072 1.0024 -1.5013 0.91438 0.91261 0.027092 -0.095342 1.8675 0.02375 1.0549 -0.46504 -1.9681 1.7727 -0.35276 -0.82856 0.10493 -0.20516 -0.6172 -0.17897 -0.49054 -0.54167 1.431 1.0633 0.2714 -0.42489 0.49417 0.29759 0.74354 1.3734 -0.35287 1.1442 1.2702 -0.63032 -0.81358 -1.3611 -0.3664 0.05301 0.76296 -1.5988 0.051422 -0.62786 -0.28438 -0.29613 -0.67224 0.11774 -1.3174 0.64575 -0.59344 0.94042 -0.90479 0.43142 -0.5415 0.027615 0.44184 -0.078295 0.069295 0.30685 0.47032 -1.6013 0.24705 -0.68736 0.54431 0.42314 1.0519 -1.6183 -0.71938 0.47918 0.22024 -0.21554 0.74881 2.1445 1.2686 0.78074 -1.5009 -0.88312 -0.87723 0.87922 0.11139 0.13325 0.12148 -1.4078 -1.3057 -0.42064 -1.0903 1.6906 -0.37644 1.1211 1.756 1.6147 -0.039475 0.049807 
peach 1.2034 -0.68806 -0.87812 -1.0474 -0.65205 0.9038 -1.1629 0.58932 -0.031081 1.3882 -0.20645 0.43567 1.1743 -1.8921 -1.0244 0.7796 0.06669 0.5435 0.34885 -0.67815 -0.56093 0.80397 -2.3838 1.8604 0.41266 2.6295 -1.5782 1.3284 0.25957 1.9702 -0.50333 -2.5413 2.1267 0.38112 0.40687 1.4948 -0.55002 -0.36777 -0.50408 -1.8281 0.58462 1.4587 0.62957 -1.9741 1.3308 1.6548 -0.043167 -2.0284 -0.86 2.0062 0.49484 1.1751 -3.0787 1.0528 3.338 -1.356 -1.7155 -0.54775 -0.64877 1.3235 0.2509 1.1644 -0.83857 -1.9221 1.1969 -1.3701 -1.6089 1.9951 2.3349 -2.0255 0.66846 2.426 -0.23813 -0.90785 2.3748 0.50014 -1.9038 1.2359 0.33573 1.8891 0.75418 0.62851 -1.8043 -0.91327 -0.19399 1.3596 -0.67194 1.3579 0.89984 1.4138 -0.21244 1.4457 -0.91529 -1.2436 0.22192 1.1047 0.50842 -1.6473 1.0329 0.47993 
cherry -1.1457 0.58937 1.6508 0.51528 -3.5237 2.2811 2.6599 -0.74433 -0.79878 -0.52756 -0.48272 -0.11856 0.21034 -1.1417 -0.62167 0.56172 -0.69555 2.1952 -0.41029 0.072521 -0.59371 -0.57078 -0.69054 1.2578 1.3963 1.101 -0.66478 0.789 0.07508 0.6673 0.75995 -1.4871 0.20775 1.7895 0.16428 -0.15382 -0.55592 -1.4425 -0.6935 -2.1165 -0.96624 -0.88211 -0.53017 -2.322 0.62946 0.95481 -0.48272 -3.1252 -0.26623 0.99927 0.70238 0.99807 -0.77414 0.34639 4.1277 -0.26487 0.46439 -1.9251 0.88665 -0.62505 0.19504 0.67331 -1.7386 -0.92196 2.9066 -1.1928 -0.35961 -0.09216 4.3204 0.10953 -2.3246 0.99578 -0.51012 1.0703 1.0789 0.33247 -2.3159 -0.16817 0.85795 0.55679 -0.6569 -1.4712 -1.4839 1.3304 -2.385 -1.1226 -2.1226 0.32661 0.97376 1.2454 -0.82818 -0.12989 -2.0638 -1.7749 -1.8341 -0.80672 1.6675 1.3851 0.86788 2.5038 
bark 1.8438 -1.4268 2.3938 -1.8391 -1.6675 0.17866 0.64309 -0.24458 0.74041 -1.8587 0.51771 -0.248 -2.4671 -2.4273 -0.70037 -0.5126 0.1763 -1.1189 1.912 0.93033 -1.59 2.6076 -2.876 2.9404 1.7702 -0.19268 -1.1666 -4.1327 -1.0958 1.9523 2.5045 -1.9408 0.033531 1.7372 -0.55632 -0.37704 -1.9546 2.5685 -0.24625 -0.59033 -1.3733 -2.3295 0.43418 -0.56715 0.18333 -0.038737 1.501 1.0574 -1.6931 1.8805 2.6903 0.88333 -2.2857 0.40989 -0.52882 0.39496 3.2828 1.5245 -1.542 -1.3498 -2.032 0.40139 -3.0323 -0.39948 1.8505 -0.94724 -2.8111 -1.8039 1.8142 -1.1005 -0.40969 -3.1893 1.8305 2.1957 -0.46672 2.5037 -2.5394 0.17708 1.052 -2.8501 -3.2751 2.0847 -1.1958 1.4742 2.425 -1.3827 -0.66944 -1.3946 0.74234 -0.01062 -0.34205 0.74673 -2.1727 -2.1268 -3.5415 1.3423 0.54562 0.017072 -1.0238 0.48799 
clove 1.6747 -1.2798 -0.94035 0.34113 -0.55231 0.37891 -1.3423 0.16561 2.1207 -1.4155 -1.9076 0.2674 1.2894 -0.831 0.43556 -1.2894 1.9337 -1.2134 2.2344 2.7273 -2.0527 -0.70655 -0.62646 0.19539 1.9689 -0.50314 -1.8456 0.68623 -2.5823 1.7278 1.2608 -3.2695 -0.99833 0.59335 -0.0049651 1.0851 0.50377 -1.4876 0.50319 0.25062 0.31681 -0.55149 1.8192 -1.1948 1.3708 -0.077534 -1.9008 -0.86429 -0.84051 -1.1928 -0.25414 1.2697 -0.038331 -0.9493 -0.60803 -1.4905 -0.6905 -1.5686 1.5252 1.1561 -0.19707 -0.11219 -1.2733 -0.65653 2.9201 -2.1243 -2.2195 0.94439 3.1199 -0.6237 0.1732 -0.28744 -1.596 0.17245 1.4933 1.2418 -0.1868 -0.78411 0.25224 3.106 2.6127 1.3994 0.1142 -1.1234 -0.69018 -1.4226 -0.19242 -0.24472 0.59718 0.8788 -1.0871 -0.76541 -2.2868 2.5155 0.87416 2.3621 1.5179 -0.37274 0.23804 2.3167 
bakery 1.756 -0.43328 0.16665 -3.1084 1.4465 0.86131 2.2642 -2.3635 -0.80245 0.1763 0.054841 1.6062 2.5091 2.1114 1.4391 -1.6243 -0.28546 -2.0522 -2.9498 -1.0416 -0.052936 0.92975 -2.586 2.8015 -1.2962 2.2054 0.78516 -0.87673 0.96629 1.6389 0.060002 -1.3148 2.2457 0.58744 -0.62836 -0.48588 -0.32013 0.46154 0.2538 -0.087807 0.47461 0.092508 -1.5585 1.5833 2.1493 0.5721 2.2881 -0.60599 -0.096204 1.2803 -0.92468 3.0898 0.31783 2.2164 0.032836 -0.27092 -3.4732 1.8656 0.88859 0.90663 -0.6213 0.34808 -1.7397 -1.4771 0.35553 -0.50926 -0.35674 -0.67157 0.70092 -0.76431 -1.0871 1.4606 -0.76519 0.35384 1.6472 0.71777 0.29825 -1.3379 0.47215 4.0791 2.6246 1.6162 -3.108 0.86401 -0.51604 -0.77999 -0.42865 -1.8288 1.3813 1.0033 -2.0077 0.0096775 -0.35306 -0.80207 0.2658 1.38 -1.8603 0.95329 -0.5263 1.646 
detergent -0.41148 -1.5855 -0.68081 1.9522 0.036051 -0.1146 -1.5819 -1.2193 -0.20975 0.32076 1.1463 -1.8687 -1.1338 -0.80484 1.2681 0.66677 0.95288 -0.54752 0.56065 0.45799 0.72444 1.7169 1.1688 1.2515 -0.64118 1.7059 1.2972 -0.32177 2.4526 0.48986 1.1292 -0.604 -1.0533 -2.0444 0.11575 2.4649 0.35781 -0.34255 0.047507 -1.5372 -0.25511 1.9038 -0.51041 0.87957 -2.0454 -0.7975 0.99115 -1.3223 0.047571 0.13432 1.4128 -0.61394 -1.4711 0.050193 -1.7679 1.4937 -1.1224 -0.35959 -0.50105 1.0695 -0.76976 1.3344 -1.4587 -1.2072 0.37865 0.049858 -0.30272 -0.061098 2.2284 -0.0665 -0.30999 0.61348 0.82159 -1.9168 0.36123 -0.67135 -1.0288 0.20663 0.053765 1.4997 1.9602 0.025233 -0.74237 -0.74214 0.22984 1.8141 -1.7451 -0.56628 0.059523 -1.0767 -0.47698 0.95498 -0.82656 2.7455 -0.42607 1.5001 1.0494 0.80506 0.32458 -1.0739 
mothball -0.20824 -1.7811 0.48151 -0.43363 0.15082 0.84615 0.45703 -1.0336 0.049157 -0.19318 1.0157 -0.064678 -0.14865 1.2275 -1.7349 -0.19144 -0.36299 0.72899 0.84027 0.45171 -0.70572 -1.3653 1.8518 -1.8082 1.3369 -0.79685 -1.4304 -0.90988 -0.80972 0.6014 1.7745 -1.4992 -1.4418 -1.8107 -0.014239 0.50904 1.5173 0.8831 0.53398 0.017171 -0.30538 -0.6222 0.20981 0.66104 1.6505 -0.64924 -0.71477 -1.3601 -0.58948 -1.8824 -0.64677 -0.90137 -1.2528 -0.80901 -0.49477 -0.37363 -0.49837 0.51583 1.1087 0.62763 0.010679 1.0279 -0.3283 -1.3303 0.5523 -0.80696 -1.2673 -0.091286 -0.69085 -1.4847 0.87438 0.47763 -0.46113 -0.5929 0.041602 -0.59877 1.6255 -0.1588 0.34044 1.051 -0.77113 -0.18936 -1.7484 0.2625 -0.052171 -0.64033 -0.87075 -0.31578 1.7889 -0.94943 -0.86911 -0.63781 -0.79437 0.50859 0.85974 0.85088 -0.30724 3.2192 1.1088 2.5859 
oak 3.8355 -3.0669 3.6477 0.21813 -2.433 0.79317 2.021 0.93253 -2.9047 -0.43662 -3.1558 0.36039 0.85663 1.9502 -0.47562 -1.0241 -0.080432 1.5529 3.2086 1.4572 -0.93326 2.4757 -1.3298 4.7667 2.6154 2.4634 -3.7114 -0.33114 -0.12049 1.1856 -1.8822 0.19326 1.2978 -0.51768 0.75477 -4.7967 -1.5112 -3.5135 -0.2544 -3.4948 -0.92788 -1.1542 -1.7209 -0.091156 0.17712 2.842 1.8024 -1.5348 1.5893 -2.1348 -0.3531 0.26269 -2.1684 -0.39332 -1.8532 -0.011251 0.12234 0.385 1.2318 -2.07 -1.209 -4.1585 -0.010917 2.8646 6.7241 -1.4017 -3.2237 -1.8266 6.0902 -1.7932 -0.78958 0.58899 0.35207 0.2615 0.65407 0.53602 -3.3908 -3.3483 1.0578 -1.19 -1.9956 -0.35283 -6.9148 -2.1319 -0.84144 -3.2738 1.1856 0.86259 -1.4733 0.2863 0.06205 2.0302 -1.7137 -0.62746 -0.85857 2.9925 -1.1879 -0.10935 0.84739 2.0461 
tar -0.62328 1.9535 1.2397 1.4246 -4.9589 -1.5699 0.86739 2.6208 -3.9477 -0.29661 -0.058862 0.35372 0.12896 -1.3748 0.52892 0.30074 4.5068 0.19612 0.91426 -1.0108 1.3786 0.65167 0.69902 1.1998 2.995 0.69506 -4.7138 0.60875 -1.3065 1.7167 2.6918 -1.7764 2.0335 2.7144 3.673 0.78104 1.3933 2.6056 -0.61921 -0.11606 0.84178 -2.4079 0.30544 -3.8085 0.033008 1.2193 1.0336 -0.45391 1.0761 -4.3951 -2.2332 3.3062 -0.1874 -0.90583 -0.49426 -2.6003 0.28473 0.25057 0.38781 -2.1998 0.44087 -0.091119 -1.0883 -2.1563 2.9468 0.41149 1.5699 -0.41493 4.6084 -3.31 -1.696 4.5537 -0.56386 3.2413 2.7599 -0.59951 -4.6582 -2.3085 -1.1929 1.0798 1.2418 -3.5416 -0.075012 1.8337 -0.35557 0.79653 -3.7338 0.20621 -2.3729 0.68245 -3.4677 -0.30469 -1.8666 0.88638 -1.0574 1.2447 0.60598 1.8556 -3.679 1.7064 
violet 0.87739 -0.040518 -1.3424 1.3852 1.1073 0.98495 1.6304 0.18818 0.61214 -0.21755 0.68749 -1.0761 1.1867 -0.62332 0.51619 0.52244 0.15697 0.79327 1.5191 0.60126 0.24913 -0.61601 -0.46957 -0.70038 0.73166 -0.17358 -1.5697 0.47832 1.1072 1.94 1.1967 -2.0182 -0.030551 0.13576 -0.39737 1.6651 0.021591 0.12811 -0.072787 0.25974 0.27145 1.5189 -0.70279 -0.44505 1.3287 0.82824 -1.2367 0.21025 0.31928 -0.33121 -0.25463 -1.0829 -1.2661 0.78785 -0.48704 -0.37031 2.179 -0.6807 -0.97761 -0.36695 0.70178 -2.6018 -0.045416 -2.2545 1.3279 -0.0024014 -2.4056 3.8533 3.2239 -0.79041 1.9184 -0.93315 0.84947 0.51516 0.45915 -0.84191 -0.30206 1.2524 -1.1361 2.6639 -1.8857 0.28122 0.4101 1.4295 -1.1675 -0.69967 -0.094239 0.33399 0.74701 0.3957 1.8674 0.76812 -0.92156 -1.3257 2.4734 1.6361 -0.30959 0.06861 0.083499 0.59444 
coconut 0.46454 1.3608 -0.098077 1.3676 0.48323 1.9565 0.31126 0.28666 -0.7726 -0.90493 -1.1047 -1.5172 -0.21128 0.47912 -0.14212 0.32687 -0.68834 -0.10831 1.7204 2.297 0.36816 1.3262 -0.43998 0.13036 1.1462 2.0972 -0.70682 -0.54373 0.34971 0.88366 2.3491 -1.2077 0.082224 -0.51465 -1.4748 -1.0035 0.8065 1.4879 1.3002 1.4129 0.66327 1.3815 0.92679 0.13488 1.5133 -0.094172 0.10026 -0.78756 -1.28 1.1 -1.635 0.034676 -0.067682 -0.29167 2.342 -3.3915 -1.1543 -0.127 1.3085 0.97274 0.6828 -1.079 -0.19094 -2.3609 0.21867 -1.7187 -0.10724 0.91645 4.3312 -2.2542 -1.4475 -0.51347 -0.053237 -0.7342 1.3661 1.0735 0.040514 -0.79832 -1.0704 1.8539 0.71105 -0.97094 -0.68486 0.32539 0.82866 0.91282 0.24931 2.8691 -0.64228 -1.2224 -0.20166 -1.8518 -0.43036 0.13317 -1.1113 0.62892 -0.35688 -0.0076157 0.038131 -1.0935 
grape 3.6796 -0.032467 -2.0679 1.9762 -1.9802 -0.33826 0.31948 -1.0328 -0.057361 -1.0482 -0.31163 -0.33152 0.086222 -0.90814 -1.7024 0.78446 -1.0048 0.41228 0.22558 -0.47025 -1.1681 -2.4448 -0.88658 0.82833 0.90579 1.4587 -0.70591 -0.77542 -0.5969 1.287 -1.4514 -2.0826 1.7117 0.7611 1.472 1.2297 1.4041 -2.2005 -1.7788 0.094903 1.6412 -0.81312 0.060005 -3.9182 3.8565 -0.58597 -1.5167 -2.0753 -1.5268 1.7481 0.9137 1.1022 -1.92 -0.94259 1.3565 -0.75785 -0.44299 -1.5313 0.18336 0.8699 1.0198 0.93477 0.024848 -0.81829 1.2716 0.082787 -0.69568 -2.1404 2.9468 -0.056655 -1.4783 1.6997 -0.41541 0.31611 -0.27503 -0.46548 -3.0807 -1.9089 1.4218 -0.034531 -0.041543 -0.53121 -2.5684 1.2933 0.15287 0.76991 -0.91716 -1.5955 0.6111 1.9033 -0.4489 0.83181 -3.295 -0.97305 0.64381 1.3059 -0.83548 -1.8493 -0.16107 1.7163 
berry 1.4207 -0.20089 0.13646 -0.80858 -2.7236 2.7653 1.963 -1.7505 -0.24398 1.2017 0.85155 0.32069 0.99961 -2.7792 -0.41675 0.62551 -0.84618 0.64297 -1.1385 0.57534 -0.7718 0.36559 -0.070343 3.2314 2.9751 -0.072164 -0.67177 1.1418 -0.49283 0.65756 0.9649 -1.6583 2.0601 1.3394 0.24316 1.5531 -0.19797 -2.4032 -1.5209 -0.63443 -1.9861 -0.93066 0.14062 -2.0074 -0.42238 2.198 -1.1955 -2.0932 0.38529 -0.28517 3.5616 1.1634 -0.32917 -0.91554 3.9207 1.0418 0.41222 -0.69844 1.6399 1.4256 0.99303 1.7034 -0.44675 -1.9071 1.5058 -1.8774 -1.0432 0.96611 3.13 -0.99321 -2.3694 -0.16038 -0.70348 -0.55564 1.8019 -1.0519 -1.6208 -0.35306 2.1285 0.6962 -1.4395 0.081937 -1.4823 2.0211 -2.6133 0.077253 -0.26936 2.0353 -1.4001 0.95255 -0.086776 1.2696 -2.2838 -1.7112 0.59038 2.3652 2.036 -0.2442 1.1784 1.6967 
glue -2.255 -3.078 -0.44272 2.0526 2.6637 -1.4152 2.6306 -0.37336 -1.9472 -1.9618 3.378 -0.94732 -1.6728 0.82346 -1.3414 -0.70364 0.074856 0.68414 2.2553 -0.25041 1.9473 1.8816 -1.1828 -2.2919 -0.7254 -1.1809 0.34026 1.7256 -0.18846 -1.3995 2.0868 -0.12132 -0.14952 -1.367 -0.32242 0.52826 0.59344 1.5254 2.1952 -0.63747 0.77793 -1.6651 0.29119 -0.7863 -0.76512 -0.19906 -2.1395 -0.44472 2.9052 -1.7625 0.86862 -1.3932 -0.47045 2.3008 -1.089 -0.72833 1.1624 1.9581 0.91645 -0.18581 -0.99059 1.8692 -1.1879 1.973 1.0853 -1.8909 -2.1006 -2.6968 1.8743 -3.3048 -1.3282 2.1122 0.88079 -1.6939 0.24282 -2.1659 -0.92092 -2.2067 -0.46061 0.30598 -1.6318 -0.9511 0.84789 -0.47518 -1.6349 2.3811 1.0397 -1.5465 0.66684 1.2831 -1.9656 0.54219 -0.20787 -3.9758 -0.19097 0.1922 1.9116 0.30548 -0.056315 1.846 
banana -0.2074 -0.95931 1.0028 -1.1332 -0.94119 0.86582 1.2394 1.0292 -0.58746 -0.35074 0.66371 -0.13918 0.58615 -0.47594 0.24011 0.24566 0.99752 0.67988 -0.49391 -0.71303 1.322 -0.21228 0.41985 0.64173 -1.3015 -1.2456 -2.0323 -0.42203 -0.098866 0.63146 0.48492 -0.14913 0.06414 1.8371 0.38193 0.83943 0.21535 0.28416 1.5541 0.97355 0.86774 0.51412 3.0007 -0.07952 0.72161 0.16417 0.65221 -1.7214 0.17541 0.88088 2.1207 -0.021199 -0.65834 2.8568 2.9389 1.4087 -1.1971 0.45301 0.41832 -1.0263 -1.7123 0.73119 -1.4411 0.36292 0.98228 -2.6214 -0.69239 -2.5346 3.6079 0.68659 -0.040431 0.09716 -0.22428 -0.41727 0.64725 1.5886 -2.0024 -1.5211 1.1905 2.088 1.7438 1.3075 -1.3126 -0.1589 -0.77223 1.437 -0.5928 0.9805 -1.0706 0.58996 -0.0076232 -0.099482 -1.6061 -1.3849 -0.41329 1.1032 0.68447 -0.7967 -0.59107 3.1753 
eucalyptus 0.15477 1.7021 -0.76544 0.32743 -0.014551 -0.65945 0.2178 -0.76539 -1.9066 0.14884 -0.23412 -1.1934 0.43096 -0.069672 -2.357 -0.44113 0.5985 0.85793 3.0013 0.93973 -1.2867 0.4856 -1.2206 0.65893 1.8466 -0.40415 -1.4807 -2.2526 0.22745 0.75368 1.1787 -0.94984 0.6436 0.71488 1.3001 -0.53612 -1.6838 -0.14951 1.251 1.3003 0.49113 -0.25511 -0.30619 0.026649 -0.20425 0.061983 0.77264 0.078627 -1.4988 0.58871 -0.19562 0.63902 -0.68465 0.67356 0.1273 -0.44865 0.73383 0.086275 0.37953 -1.9749 0.93001 -0.99272 1.1772 -1.0933 0.67992 -0.62675 -1.7915 0.42517 1.4844 -0.52013 0.10445 0.063781 0.1952 -1.7281 0.41364 -1.0005 -1.121 -2.5623 -0.79087 0.59984 -0.4098 -0.13574 -0.80405 1.0992 -0.075519 -1.0499 -1.3722 -0.15948 0.59638 0.41768 -1.6814 1.001 -0.87412 -0.16969 0.60028 2.3891 0.51825 0.49653 -0.4149 0.54784 
mushroom 0.62022 -0.53189 -0.35191 -0.96348 0.49955 -0.82666 -1.0613 -0.12623 -0.17885 -0.3533 -1.5499 -1.0326 1.922 -0.93669 -0.8343 -0.16097 0.16412 -0.29497 -0.51754 -0.56196 -0.75143 -0.23211 -0.78529 -0.28275 1.0918 0.65545 -0.52538 0.13201 -1.0034 0.896 0.34823 -1.5263 -0.067042 0.44326 -1.1241 0.86298 -0.42304 -1.614 -2.2257 0.91785 -0.14337 0.021295 0.57109 -1.0146 -0.39939 0.19168 0.6026 -2.4014 0.21681 -0.62648 1.8506 0.90128 -1.6129 1.2457 0.72463 -0.31251 1.073 -1.7708 -0.10601 0.89629 -1.4746 0.97857 -0.016957 -0.65502 1.2037 -0.85823 -1.8132 -1.2612 0.47807 -0.14926 2.7954 -0.23599 -0.61267 -1.0867 0.73499 -0.16086 0.21446 -0.010038 1.3986 -0.4508 -0.83201 0.5304 -1.8706 -0.021893 0.23589 1.4749 -0.35595 -0.21023 -0.8097 -0.081207 -0.928 1.1567 -0.59335 0.11689 0.28526 1.2118 -0.359 -0.4381 0.51406 1.0391 
rum -1.7147 0.1519 0.092602 0.19145 -2.1319 3.0166 2.1329 -0.55014 -2.4138 2.6691 0.55226 -2.3607 -1.9717 -0.046521 -3.8367 -0.047685 -0.021525 -1.784 -0.97708 2.5326 1.3652 1.6689 -2.0582 0.19618 2.5176 -0.37548 -1.4374 1.174 3.0738 2.7912 0.6342 -2.2684 1.1475 0.55456 -3.2689 -3.113 -1.4514 1.552 0.68367 4.2089 2.496 -1.3483 -0.20178 1.9821 0.15126 0.14118 -1.1607 -2.243 -0.24751 2.257 -0.31528 -0.95527 1.4091 -1.8141 -0.9492 -1.7992 1.618 -1.2072 3.1737 -3.5827 0.62169 1.9614 -1.7032 -0.70724 4.4911 2.7679 1.5504 -3.888 2.6062 2.541 -0.61518 1.4458 4.1071 0.40926 -1.1699 -1.8233 -3.0326 -1.3538 -2.0267 5.1138 -2.0827 -1.1212 0.454 1.3499 0.24984 0.94521 -1.013 -2.3737 0.37578 -2.7459 0.58463 -1.1689 -1.2359 -0.73862 0.27585 4.824 -1.1649 0.47796 0.0022044 1.1011 
almond 0.76573 0.3887 0.39383 2.1483 -0.29631 -0.050914 1.4554 -0.14013 0.22396 -1.8456 -0.5161 0.14348 0.76158 0.14973 0.52568 0.056356 0.90811 -1.4352 2.3872 -0.24012 -1.5889 -0.36423 0.11531 3.1247 1.6267 1.2668 -0.60364 -0.30451 -0.15998 2.8266 0.47986 -1.9425 0.2132 -1.9452 1.3144 0.42949 0.58168 0.59136 -1.137 -0.69837 0.43808 1.144 0.33671 -0.94559 1.4102 -0.23245 -0.44422 -1.0103 -1.5018 -0.58565 -2.4194 1.4361 -0.26067 -0.31842 -0.76606 -0.77184 0.49384 -2.2966 0.47254 -0.92951 0.39347 -0.24778 -0.71423 -0.013084 0.71269 -1.473 -0.80445 0.47571 2.1546 -0.23075 -0.91652 0.50648 0.12837 0.17905 1.5175 1.2992 -0.89914 -0.099624 0.2534 2.0947 -1.4552 0.1139 -3.526 -0.53531 1.2823 1.5495 1.3534 1.2157 0.57418 1.8774 2.7125 -0.51333 0.12928 -0.17739 -0.39271 -0.31587 -0.25146 -0.22409 -0.080883 1.6023 
pear 1.5637 -0.58811 -1.9507 -1.1627 -1.2623 1.4031 1.1742 -1.0205 -0.27276 -0.61185 0.34262 1.7424 1.7038 -1.599 -0.82425 1.9483 -0.9136 0.90269 -0.22388 -0.33986 0.20339 1.4932 -2.3411 2.6466 1.8196 0.60971 -2.702 -0.78276 -0.32551 3.5818 -1.4745 -2.7606 3.4281 1.273 0.52815 3.1695 0.00055077 -1.2692 -2.2405 -0.48134 0.30138 1.0721 0.99841 -2.6405 2.8842 0.46714 0.64377 -1.086 0.27995 0.8476 0.22767 0.3707 -4.1231 0.067869 2.2215 -1.8502 0.72543 -0.85207 -2.5918 0.38882 0.85264 0.25602 1.0486 -2.4155 0.95633 -3.1086 -0.34854 0.41254 4.0395 -1.829 0.34294 1.4031 -0.6191 0.63627 1.3514 -0.029514 -0.50886 -0.27332 0.093687 0.31014 -0.70119 0.21363 -1.3188 0.9114 1.1742 0.24844 -0.50414 0.77978 2.3245 1.3029 0.10226 0.58561 -2.8853 0.31218 -0.98703 0.34624 -1.7516 -0.49766 0.18539 0.68204 
ham 0.44291 0.2228 2.2103 -1.4605 -5.2053 2.0776 -0.49762 -0.18225 1.1401 2.2836 -1.8603 -0.88324 -1.4634 1.9714 -0.80937 -1.4664 0.93734 -0.015196 -2.4363 0.12751 1.1175 -1.2342 -0.89828 0.56902 0.45516 -1.5718 0.40218 3.1733 -1.3026 -0.10438 -0.97725 -2.5426 0.54143 2.5992 0.20126 0.29989 -0.79073 -0.96077 0.67948 1.0008 1.1062 1.233 -0.80813 0.26175 1.423 -1.5066 0.16571 1.1596 -2.9959 1.0945 2.0677 1.869 -0.14034 -0.57615 -0.31549 -0.90843 -2.3186 -1.4013 0.55297 -0.51025 -3.1585 1.1179 -1.7983 -1.4752 0.18321 0.53083 0.92396 -1.9156 0.62291 0.35117 5.9952 0.86166 0.93533 1.369 4.0602 -4.024 1.0256 0.43622 0.51421 4.0438 0.39664 -0.93427 -0.74229 0.097434 -1.9093 4.8093 0.11463 2.1437 -0.61207 1.5 -1.1294 -0.96682 -0.34769 -2.5177 -0.59491 -0.10916 -1.8502 0.057886 -1.2145 1.434 
turpentine 0.17353 -1.7775 0.37694 1.8395 0.55006 0.4982 -0.29069 -2.8328 -1.2952 -0.48574 0.23729 0.62768 0.66675 -0.094723 -0.53753 1.4335 0.046638 0.83822 2.8261 -0.41535 0.65051 0.58067 0.55818 -0.75283 0.46141 0.031161 -0.46323 0.15594 1.2698 0.058017 0.8248 0.047784 -0.19481 -0.51338 -0.42216 1.1878 -0.13955 0.39539 1.3206 -0.33346 -0.19715 0.86048 -0.75717 0.96 -1.0082 -0.26031 0.51775 -2.9911 -1.185 -0.73824 -0.83587 -0.38323 0.34503 1.4104 -0.32136 1.379 0.098586 0.41874 0.092247 0.59759 0.0080768 -0.24999 -1.1468 -0.50749 0.47175 -0.11946 -0.46742 -2.1567 0.98519 -0.24583 -0.96632 0.23594 1.056 0.34149 0.4653 -0.25602 -0.22407 -0.93931 -0.37716 0.55784 0.11556 2.1432 0.019869 1.0928 -0.077762 0.72949 0.40927 0.11098 -0.62547 -0.17471 -0.53509 0.22654 0.00071498 -1.5691 0.067802 0.21628 0.82288 1.8467 -0.027499 -0.94146 
camphor 0.97397 0.80453 0.5299 1.1518 -0.26715 -0.050555 0.16922 -0.033795 -1.1314 -1.6072 0.68392 -0.59398 0.43579 -0.059212 0.10068 0.50747 -1.0701 0.61616 0.80136 1.7256 -1.2612 -0.96799 -0.043504 -0.60427 1.251 -1.0401 -1.7466 -0.32462 0.078756 -0.32073 1.1482 -1.7822 -0.18831 -0.83373 0.50112 0.23267 0.56448 1.2955 -0.61749 -0.14885 -0.14402 -1.4112 -0.0028249 0.84431 -0.33562 0.18636 0.91345 -2.1323 -0.54128 0.77015 0.66102 0.62799 -0.56152 0.50223 -0.8393 0.61315 1.4861 -0.99393 0.58763 1.0929 0.19357 -0.26377 -0.67689 -1.2827 0.49093 -1.0804 -1.188 0.37187 0.505 -1.693 1.2749 1.0937 -0.374 -0.53083 0.95479 -0.34241 -1.6558 -0.67813 -0.030892 1.1818 -1.3921 -1.3702 -0.1883 0.81367 -2.3512 0.87398 0.0040859 -0.47826 -0.68672 0.77375 -1.5426 -0.67649 -1.2788 1.4936 0.098961 -0.092559 0.30773 3.5161 -0.24399 1.5447 
pineapple 1.4706 1.6377 -0.28263 0.27977 -1.4449 0.063376 0.81492 0.86312 -0.046821 -1.0719 1.3589 -0.73115 1.5532 -0.42099 -0.92261 -0.41641 0.87165 -0.85945 1.0887 -1.1967 -1.8881 0.49491 -0.85477 1.3579 1.5133 -0.67705 -2.0619 1.2591 -0.28998 2.1353 -0.44323 -1.5683 0.69787 0.76132 1.2508 0.5049 -0.25156 -0.15022 -0.64324 0.60113 0.3718 0.92876 0.54621 -0.0088545 1.6605 -0.3094 -0.57872 -2.2359 -1.6596 0.42902 0.0033279 -0.07437 -0.47252 -1.1726 0.49648 0.39107 0.51485 -0.38264 0.86767 0.48053 -0.89787 -1.1207 -0.28152 -1.7404 0.89907 -0.31755 -1.3817 0.19711 2.5591 -1.4958 -0.6368 0.75207 1.9039 -1.9757 1.0264 -0.8563 -0.51043 -1.9454 0.08281 0.82535 1.1526 -0.087468 -0.53746 0.24953 -0.37222 1.0643 0.94191 0.87982 -0.36782 1.3871 -0.95145 0.43341 -1.5905 0.73876 -0.2405 0.43854 0.50625 -1.3547 0.76152 1.0464 
kerosene 0.20711 0.10117 0.20971 1.3515 0.58584 -0.48357 -0.83838 -0.90952 -1.1234 -0.42995 1.4878 -0.52811 -0.95073 0.30922 0.36533 -1.3281 0.12623 -0.31874 0.17061 0.78241 -0.80773 1.159 0.25135 0.2024 1.1599 -0.081872 -0.96586 -0.64393 0.88379 -0.098477 0.92483 0.37011 -1.2715 -1.3269 -1.5234 -2.2437 -0.41609 0.86236 2.0591 -0.14546 -0.21709 0.0011816 -0.065495 -1.604 0.30468 -0.21658 0.32339 -0.41573 0.90968 -2.203 -0.6708 0.84068 0.093047 -1.0349 -1.8913 0.017477 2.6006 1.1889 1.4053 -1.021 -0.50109 0.77272 -1.8072 -1.2393 0.9455 -1.5568 -0.039371 -0.95598 0.27086 -0.99405 0.42741 0.17764 -1.097 -0.52677 -1.3191 1.0968 -0.5942 -1.3356 -0.65918 -0.24013 0.70989 -0.10791 1.0119 1.8487 1.2847 0.042464 0.68904 0.44789 0.17921 -0.1411 -1.1959 -0.52804 -0.39863 -0.29846 -0.58512 0.71884 1.2556 1.7409 -0.26797 0.55853 
rope -0.32748 -0.94892 -0.1357 0.45945 -1.9688 -0.35931 -1.0877 1.4808 1.2513 -0.59675 -2.0504 -2.4356 -0.2138 -0.37347 1.5546 -1.9193 -0.61727 0.55555 1.6271 -0.27068 0.30635 0.57561 -1.49 -0.29737 -2.1739 -2.4165 -0.48001 -1.1764 -2.141 0.98618 -1.4215 -0.79612 -1.124 -0.24369 0.3707 -0.39411 -0.8359 2.27 0.28488 -0.83574 1.0727 -1.6693 3.1667 -0.3887 0.77191 -0.51299 0.83634 0.7318 -0.46827 -1.9237 0.98468 0.26306 -1.3496 -0.50251 0.16816 -0.39049 0.40877 0.46482 0.077975 -0.57242 -0.7704 -2.036 -3.0105 -0.81509 1.6661 -2.8005 0.57473 0.22299 1.7991 -2.0094 1.6935 -0.4255 0.92791 -0.080801 0.13848 2.6629 -1.955 0.72534 -3.045 -2.5626 -0.27341 -0.46903 0.1633 -0.86385 0.87775 -1.6569 -2.0938 0.70721 -0.88658 1.3498 -2.0167 0.38931 -0.87757 1.1955 -1.1355 -1.0547 -1.6776 2.8059 -0.61778 1.8427 
licorice 0.88309 1.4872 0.73935 0.37792 -1.1058 1.6206 0.75535 -1.7339 -0.20751 -0.093344 -2.3362 -1.8744 1.1829 -1.1654 -0.96256 -0.91426 -1.0978 0.20623 -0.13034 -0.91579 -0.60591 0.86634 -0.48158 1.2002 1.0426 0.51671 -1.9329 1.483 -0.07848 1.2236 0.43643 -1.6613 0.69445 -0.25021 -1.2369 0.3086 -0.37995 -0.5371 0.73018 -0.37597 0.28341 0.38921 -0.38326 -0.34321 0.30078 -0.32732 -0.53263 -2.4887 0.11158 1.2741 1.3734 -0.21724 0.32707 -1.3917 0.69841 0.96858 1.294 -0.83862 1.3607 0.50454 0.21994 0.29199 0.097857 -1.4073 -0.92757 0.25039 -0.99506 1.1985 2.0571 -2.2914 -0.61288 1.1989 -2.4992 -0.38305 -0.20203 0.16539 -0.35153 -0.89308 0.10753 2.7108 -0.98668 0.17598 -0.63781 0.26005 -0.62746 0.99483 -1.0545 0.28757 0.4919 -0.68626 -1.5771 0.16867 0.37835 -1.2822 -0.78602 0.27824 -0.10548 0.16014 -0.12092 1.1986 
grapefruit 1.7043 1.0023 -1.4778 2 -2.067 0.21372 1.4396 -0.50087 -1.1678 -0.86202 0.047199 -0.86658 0.80739 -0.36316 -1.3026 0.57527 0.25646 0.80941 0.15582 -0.071538 -2.2406 -0.56188 -1.1804 1.776 -0.15145 0.81175 -0.061592 -0.12939 0.37295 1.061 -1.1652 -1.2996 -0.22299 -0.13479 0.32194 0.24066 0.15841 -1.6717 -0.97924 1.4059 -0.17529 0.1224 1.3151 -1.4817 2.2959 -0.88069 0.14897 -1.8782 -0.45218 2.9763 0.86105 0.23622 -0.7016 -1.8757 2.1211 0.36535 -0.058137 -1.0322 1.4432 0.18277 0.60079 -0.76158 0.93219 -0.8581 -0.42365 -1.0401 -2.181 -1.757 2.4626 0.79412 -1.7554 1.3366 0.30836 -0.49135 0.30423 -0.2346 -1.814 -2.0963 0.98463 1.065 0.20045 -1.1846 -0.89026 0.092773 -0.50788 0.12058 -0.72833 -0.291 0.00080758 1.8087 -1.6144 1.4635 -1.2816 -0.06451 -0.058119 2.4578 0.82643 -0.95746 -0.79294 1.3388 
caramel 0.38513 1.0817 -0.22045 0.38048 -0.11856 2.9305 0.62266 -1.3574 1.2443 -2.3741 -0.77062 -2.1637 0.51652 -1.1311 -1.6028 -0.59064 1.9831 -0.22105 -0.77581 -0.5111 -0.025763 0.54765 -0.60985 1.836 0.85852 0.85341 -1.0705 0.52907 -0.025507 1.1374 -1.4961 -2.2235 0.8731 1.9101 0.86902 -2.0045 1.1695 -0.8567 -0.35785 -1.216 0.58522 0.5369 0.26492 -1.445 1.1442 0.64437 -1.6868 -0.61894 -1.0012 -0.43372 0.72233 1.6186 -1.0376 -1.5752 0.88932 -1.6558 0.24733 -1.545 -0.71998 0.18497 -0.95663 1.4212 -1.9889 0.35449 -1.7877 -0.57897 1.3424 0.4871 3.9288 -2.3557 0.54919 -0.30022 1.3384 -0.028072 -0.36921 0.49735 -1.691 -0.77916 1.3063 2.1964 -1.4763 -1.0138 -1.6853 0.4723 -2.7514 0.32472 1.4535 -0.66187 0.72197 -0.60864 -0.8645 -0.30692 -0.10978 -1.5222 -0.17537 -0.61585 0.54259 -0.87017 -2.8172 2.3429 
raspberry 0.70326 0.51546 0.50482 0.76383 -2.3513 3.093 1.1619 -1.0621 0.4466 0.48287 1.5414 -1.1371 -0.24112 0.2339 -1.9331 1.006 -0.56019 1.0763 0.32981 -0.4984 0.50923 0.11335 0.051234 2.0222 1.1397 -0.088593 -1.331 1.2557 0.53568 0.88198 0.33083 -1.0444 1.0243 0.66754 -0.45043 1.1374 0.13117 -0.25537 -1.7848 -0.82678 -1.122 -1.0358 -0.53727 -2.5555 0.042723 0.61417 -1.1035 -0.17612 0.20407 0.71473 1.1988 0.87231 -0.32581 -1.6197 0.96667 0.69332 0.6706 -0.62864 0.28557 0.80185 -0.4269 -1.2121 -0.39555 0.0089999 0.98689 -0.41219 -0.8538 1.2146 3.421 -0.71846 -1.7717 1.2749 -0.097313 0.68056 0.75178 -0.87076 -1.265 -0.99108 2.0208 0.68789 -1.1655 0.25538 -1.6065 0.94266 -1.7166 -0.042026 0.35252 2.5204 0.58345 0.37412 -0.22938 -0.73618 -3.0217 -0.85813 -0.20118 2.1044 0.80745 -1.1752 1.5044 0.4294 
solvent 0.64176 -0.26851 0.07001 1.706 0.5815 1.7156 -0.61811 -2.4214 -0.20566 -1.4137 -0.054735 -0.90428 -0.87018 0.92063 -0.60858 -0.10974 2.3299 0.5721 1.3522 0.91996 1.0645 2.0158 -0.32451 -0.66366 -0.1482 0.21846 0.013831 -0.70806 0.94195 -1.9841 0.88422 2.2194 -0.5474 0.26449 -0.45902 2.4114 1.0509 -0.4403 0.98673 -0.8725 0.12407 0.37436 0.077774 -0.63028 -1.4464 -0.64035 1.0489 -2.078 -0.40176 -0.34151 0.33983 1.7946 0.60729 -0.27712 -0.62445 0.71746 -0.24432 1.5876 0.73063 -0.65732 -1.6546 -0.5288 -0.022274 -1.1996 0.15695 -1.6488 1.4492 -1.1635 1.6653 -1.1896 -0.10362 1.3646 0.90692 -0.44714 0.11832 1.51 -2.3323 0.67299 0.14056 1.1319 2.2553 -0.58631 0.19725 0.03444 1.6908 0.74128 -1.4648 -1.0161 -0.35064 1.7704 0.27465 0.79059 0.22836 1.718 -0.78944 -0.28609 1.8262 1.9037 -0.13404 -0.66931 
carrot 0.98618 0.82896 1.2871 -0.95991 -2.3662 0.36984 0.78076 0.95616 0.77894 -0.9637 -2.2404 -0.98035 0.67339 0.41118 0.063604 -1.7269 1.179 -0.3088 0.57626 -1.5496 -1.2351 -0.45521 -0.81814 0.38265 0.081862 -1.2758 -1.6473 0.36881 -2.7915 1.0583 -1.3706 -1.277 0.22108 0.7048 -1.1851 1.5628 0.30244 0.65283 1.8554 0.28274 0.89348 -0.33737 0.19359 -2.0589 -0.44137 -0.31838 -0.4513 -0.62617 -1.0428 -0.48554 1.208 0.22262 0.43492 -2.427 2.1005 -1.8256 0.5258 -3.2439 -0.73259 2.2411 -1.588 1.4086 -1.5089 0.6129 -0.44421 0.54818 -0.6601 -0.4328 2.2695 -1.5638 1.7758 0.19032 0.86935 -1.8775 -0.71596 -1.1805 -0.52946 0.70805 -0.49747 1.1128 -1.1415 1.0587 -1.4015 -0.16017 -0.64071 -1.3526 -0.099547 1.4419 0.95003 -0.35114 -0.597 -0.26995 0.52941 1.3333 -0.65033 0.66647 1.5577 0.83911 0.76617 -0.057122 
mustard 0.0040666 0.24014 0.58672 0.21172 -1.1959 2.0987 -0.23176 -0.29666 -1.1314 -0.47827 -0.89471 -0.15238 2.3245 -0.61665 -0.92179 0.17885 0.028854 -0.41301 -0.74523 -0.55158 -0.61119 -0.63064 -1.1433 0.28674 0.45016 -1.547 -0.91604 0.88977 -0.99112 0.86066 -0.79468 -1.7628 2.1649 0.088344 0.24678 1.2434 -1.0476 -1.3535 1.8238 0.27651 0.35175 0.93918 0.40604 -1.2725 -1.7666 -0.18017 1.3169 -1.499 -0.99235 -1.0099 0.42841 0.44183 -0.44468 1.6147 -0.094499 -0.15437 1.0492 -1.1772 0.92984 -1.5357 -1.5117 1.2389 0.79766 -1.5427 -0.81413 -0.18002 0.072333 -1.0502 0.84373 -0.56809 2.1356 0.30959 -0.60373 0.67744 0.6414 0.47536 -1.6078 -1.7634 0.045491 -0.14049 -0.2412 1.1759 -0.50486 0.76903 -0.15951 1.2765 -0.12767 1.2889 -0.66789 -1.5937 -0.49856 -1.7296 -0.37014 0.029908 0.91816 0.72948 -0.49873 0.92245 -0.68786 0.18205 
anise 0.40467 -0.10417 0.85323 0.73055 -0.30007 1.859 -0.44354 -0.19534 0.38113 -1.7181 -0.5672 0.33831 1.7137 -1.8989 -1.7469 -0.046566 1.0439 -0.24347 -0.097589 -0.24996 -0.35208 0.72673 -1.6887 1.6558 2.4705 -2.709 -1.5118 -0.67868 -2.0251 1.8357 1.1585 -0.63291 -1.0979 -0.83866 -0.91675 1.3638 0.091306 0.04262 0.77736 1.779 0.80278 -0.57359 0.057892 -0.17215 -0.40723 -0.49621 -2.4917 -0.39373 -0.6088 0.69901 0.19985 -0.54425 0.15982 -0.50918 -1.2437 0.12804 0.72297 -0.62001 0.24163 -0.31605 -0.96166 -0.025875 -0.51378 -0.38903 -0.045621 -0.40156 -2.3878 -0.19087 2.1258 -0.96071 -1.3851 0.15371 1.5939 -0.42691 1.6988 0.97937 -1.5279 0.13131 1.1745 2.0723 -0.87196 -0.42742 -1.4379 1.3779 -1.722 0.83734 0.66005 0.66964 -0.22181 0.080575 -0.58822 1.5844 -1.9573 0.57586 0.23938 1.2727 0.30596 -2.5806 -0.23646 2.9907 
creosote 1.0384 -1.8212 2.2104 0.47313 -2.3866 -0.36159 0.73782 -0.61299 -0.77896 -1.2425 0.38077 -1.3223 -0.040865 -0.40436 0.55797 -1.1847 0.52549 0.8085 0.30755 0.63257 0.38988 0.9794 1.4094 0.99897 1.1091 1.044 -2.1382 -0.41756 -0.12747 2.7384 -0.17462 -0.70033 0.18666 -1.1557 0.25863 0.93952 -0.68527 0.97761 0.88187 -1.5881 -0.62955 -0.3964 -1.5135 -0.16564 -0.90838 0.62406 -0.46858 -0.71788 0.75582 -0.30604 -0.68916 0.74717 -1.0663 -0.1152 -0.15519 -0.99669 1.1306 -1.4785 1.182 0.11129 1.1825 -2.3515 -0.85363 0.52181 1.2591 1.2434 1.7665 -0.87605 1.0142 -2.2327 -1.0959 0.033954 0.9528 -0.15638 -0.49402 0.16891 -0.71752 -0.58711 0.052196 -0.38797 0.71677 -1.3321 -1.0518 0.14416 1.0561 0.4671 -0.45947 -0.14464 -0.67336 1.0104 -2.4138 -1.1377 -2.4653 0.5323 1.1204 2.4483 0.95186 0.18101 -0.15491 -0.74063 
cucumber -0.60447 0.46643 0.55309 1.2 -0.54946 0.46808 -0.50519 -0.069119 0.89943 1.2385 -1.8413 -0.5652 1.0451 0.32963 0.39079 -0.90905 -0.24153 -1.1536 0.13981 -0.814 -0.97096 -0.94169 -1.0821 1.0178 0.34534 -0.58133 -0.23765 0.098562 0.093835 0.70774 -0.49009 0.24773 -0.39847 0.45268 -0.84161 0.57145 -1.5151 -1.7977 0.75984 0.085569 0.31352 0.63543 -0.54499 -0.82005 -1.104 0.54982 -0.52946 -1.9031 -0.49848 -0.04049 0.61424 1.2675 0.57884 -0.64574 1.0888 0.87702 1.3748 -0.79957 0.48628 0.93714 -1.7052 0.46144 0.15055 -2.3967 -0.44353 -1.1206 -0.52126 0.73863 2.7586 -1.4699 0.44808 1.3362 -1.0592 0.46138 -0.14426 0.33111 0.74453 -2.199 -0.8648 1.944 0.42428 -0.21734 0.078889 -0.14243 -0.52546 -1.6662 0.35489 -1.1202 1.0969 -0.53054 -1.1427 0.14925 0.037413 1.5589 1.6134 1.3657 0.71534 -0.62413 1.8373 0.19808 
syrup 0.3991 0.51636 0.57867 0.7774 -2.5243 0.68999 1.3673 1.4542 0.2127 -0.5844 2.3249 -0.089332 -0.017216 0.89774 0.25717 -1.2693 0.70549 0.60874 -0.027823 -1.8712 -0.63049 -1.1137 -1.7058 0.50642 1.2766 -0.46406 -2.2202 -0.91847 1.0312 -0.38326 -0.21706 -0.14994 0.16031 1.7017 2.0178 -0.17832 -0.95696 0.72471 0.10923 0.30888 2.2025 -1.2108 0.38483 -0.079092 -0.25157 1.7087 -0.89477 0.14659 -0.20673 -0.72871 1.176 0.071544 -0.043226 0.11116 -0.33283 0.83506 1.349 -1.9616 1.7127 -1.1692 -1.6979 0.13396 -2.3018 -4.0453 0.11254 0.09683 2.0076 0.39 3.2122 -1.4876 0.68689 1.4975 -1.0874 -0.45556 -0.79201 0.1964 -0.1175 -0.221 0.45431 2.6113 -1.653 1.5826 0.80318 2.7618 -1.0974 4.08 0.54616 1.7059 -0.094 0.25793 1.0245 -1.5633 -1.5091 -1.4514 0.96263 0.98612 0.72306 0.10004 -2.6784 2.8849 
peanut -0.82697 -0.53944 -0.79064 -1.2628 -1.7413 1.2195 -1.6773 0.10646 -0.74978 1.0779 -0.86597 1.2084 -0.06947 -0.076584 -0.29144 0.48321 -0.61073 0.85409 -0.21676 1.0715 0.80885 -0.33138 0.43571 -0.42592 1.583 0.23336 -0.50894 -0.71539 -1.3277 -0.62458 0.55092 -2.3884 0.76672 1.0838 0.11167 2.6636 0.47039 -0.55135 -0.49548 -0.76686 0.12284 -0.31466 0.5803 -1.7268 1.358 -0.59334 -0.44872 -0.099087 -1.6061 -0.46985 0.53242 1.508 -0.25464 1.4565 1.1806 0.28721 -1.1265 -1.1166 2.7742 1.9913 -1.2591 1.9193 0.02547 0.10501 -0.13371 -1.2786 1.5198 0.40223 0.88975 -2.1114 0.5405 -0.7469 0.21079 -0.49995 0.73565 -0.38796 -1.5625 -2.2671 -1.7895 2.4985 -0.051384 1.2907 -1.3368 1.8979 -2.0614 3.2868 1.2177 0.90755 -0.58246 1.1758 0.019955 -1.5126 0.55802 -0.32726 1.2934 -0.67862 -0.10046 1.4693 -1.3731 0.58329 
cardboard -1.2555 0.60102 0.22127 0.079381 -0.28378 -0.9602 0.57943 -0.99098 -0.8571 -1.0299 -0.22695 0.25495 0.35901 0.90811 -0.71789 -0.64129 -0.49661 1.588 2.871 -1.3755 0.23236 -0.47042 -0.011084 -1.3435 0.33894 1.7977 -2.2997 0.63371 -0.99047 -0.57659 -1.5213 -0.73816 0.34789 1.0365 -0.9215 1.798 1.0681 1.6936 -0.18268 -0.14124 0.86453 -0.89088 0.79237 -1.1522 -0.48858 0.42806 0.010002 0.66923 -2.1675 -2.2357 0.34724 0.26348 -1.039 -1.0495 0.052708 -0.30154 1.3444 -0.77045 -0.65433 -1.4125 -0.40043 0.28418 -1.649 0.63807 0.057123 -1.8338 -0.23363 -0.68523 1.5109 -3.5207 0.25627 0.92891 0.39627 -0.3709 -0.27515 0.50519 -0.47878 -2.9509 0.033082 0.17353 0.35273 0.56297 -0.38078 -0.68864 -1.7036 1.0024 -1.2372 -0.35417 -0.72747 -0.252 -0.1895 -0.42245 -0.45691 0.38253 -0.30903 0.48084 1.1179 2.6482 1.0045 1.1477 
celery 2.407 0.0017956 0.71873 1.5155 -1.8842 0.7575 -0.47936 -0.72049 -0.069069 0.066521 -0.47576 -0.23296 -0.47893 -0.3746 -2.6619 0.054619 0.5836 -0.63845 1.3462 -0.22063 -0.8906 0.38672 -1.0446 1.506 0.032691 -1.0625 -0.18111 -0.030454 -0.76815 1.1544 -0.83769 -0.71772 -0.50095 2.2949 0.29331 2.6183 -1.617 -0.70818 1.323 -1.0883 -0.56479 1.0586 -0.010455 -1.6491 0.18826 -1.5506 -1.1879 -1.1513 -1.1973 0.8784 0.46435 2.1816 -2.871 -0.34935 1.4087 0.80435 -0.60568 -1.9359 1.3919 1.5799 -2.4359 0.15736 -1.62 -0.72791 0.2573 -0.55068 -1.8293 1.8185 1.2643 -1.3697 -0.82248 -0.59905 0.61627 -0.57572 0.33684 -0.023722 -0.3897 -1.767 0.98901 1.3945 0.18176 1.2008 0.84769 1.3438 0.43184 0.94988 -1.0431 1.197 0.75568 -1.2028 -1.3757 1.5279 0.28488 -1.2571 0.014318 1.1945 -0.16194 -0.82854 0.73827 0.82038 
walnut -0.44954 -1.4119 0.60829 -0.047692 0.65981 0.91946 1.2227 -1.2983 -0.34135 -1.8046 -1.4388 0.75613 1.5656 -0.50332 0.50722 -1.3802 1.151 -0.18581 2.4385 2.0223 0.19511 -0.53543 -1.7198 1.1645 -0.89122 0.25974 0.71637 0.37966 -0.5526 1.2526 -0.006972 -1.8701 0.29406 1.6251 -0.89368 -0.55921 1.7634 -0.081641 1.4339 1.2703 0.40258 -0.96792 0.26989 -0.36284 1.3578 -1.7208 -0.9513 -1.374 -0.81081 0.90361 -0.11591 0.43255 -0.14365 0.20649 -0.23344 -1.8784 -0.34378 1.1226 0.42002 1.1712 0.20045 -0.56641 -0.48457 1.7375 0.65241 -1.6309 -2.4083 -2.0045 2.1532 -3.7589 -0.14717 -1.116 2.9407 -0.82797 -0.26667 0.32787 -1.3321 -0.50439 -0.40511 0.1981 -2.3796 1.1853 -1.8851 0.69164 -0.76413 0.16501 0.41339 2.3272 0.26999 0.2162 0.61917 0.061682 -1.3923 -2.7219 -1.259 1.9381 1.464 1.0975 -0.3638 0.4241 
blackberry -0.63772 0.23575 0.60438 0.2997 -2.5594 0.53404 0.38521 -1.3772 0.54947 1.0143 0.057416 -0.95752 0.26978 -0.74571 -0.0029833 0.92289 -1.9721 1.2095 -0.87527 -0.52156 -0.054959 1.3821 -2.1609 2.7777 2.4747 -0.010762 -1.7822 1.1564 0.4032 1.1229 0.41564 -2.2637 0.51377 1.0655 -0.18097 -0.20772 0.16765 -1.7265 -1.3924 -0.74968 -1.4965 0.010102 0.12361 -0.93977 -0.21367 1.798 -1.5955 -0.7478 0.72297 -0.13158 1.9306 0.84802 0.099755 -1.2319 1.4304 0.1613 1.3633 -0.24812 -0.32839 -0.23545 0.5444 0.56929 0.18062 -1.0004 1.2414 -1.2189 -1.4531 0.35388 3.3209 -1.343 -1.5456 0.41391 0.17173 0.095939 0.16784 -0.39436 -1.4329 -0.38483 -0.49077 1.4752 -1.4238 -0.47394 -0.22206 0.97118 -2.4342 -0.26506 0.25063 2.1572 -0.2305 1.5631 -1.3317 -0.39513 -1.0626 -0.92147 -1.2107 1.0359 0.38087 0.3065 1.0116 0.95572 
varnish 0.38625 0.91013 -0.21135 0.63745 0.31611 -1.5919 0.25999 -1.4309 -2.1007 -0.090208 1.9193 1.1295 -0.32911 -0.024227 -0.18053 -0.85762 0.84928 -1.6533 1.3526 0.060865 1.0136 1.785 0.5007 0.33003 -1.0631 0.20822 -2.3215 1.1684 0.58012 0.30158 1.0343 0.18216 0.29279 0.018218 0.34906 1.0683 0.28946 0.39324 1.2694 0.66976 0.96634 0.22764 -0.38124 -0.82469 1.451 -0.91532 -0.31843 -1.6269 -0.5018 -1.267 -0.33733 1.9499 0.12618 0.48099 -0.73546 1.1876 0.47152 -1.2727 1.017 2.0959 -0.032361 1.1814 -1.2185 0.82999 -0.69112 -1.7159 -0.85368 -1.154 2.2179 -1.0219 -0.075 1.188 -0.0047501 -2.1929 -0.89914 -0.19682 -2.0528 -1.446 0.58279 1.1665 -1.2515 0.051221 -0.703 1.4828 1.0274 0.37794 -0.3811 0.6519 0.53691 0.36633 -0.15008 -0.6954 -1.0589 -0.84641 0.89108 -0.02876 1.9342 1.6994 0.071795 0.81193 
cork 0.41682 -0.86376 2.7162 -0.63336 -0.94141 0.45358 -0.32942 -0.40025 -0.7089 -0.6304 -0.96045 -2.393 -2.2621 2.6641 -1.798 0.4159 0.66941 0.57213 1.2666 -0.060448 -0.19995 0.59186 -1.5385 -0.55412 0.14028 0.70141 -0.48493 -0.6198 -1.132 -0.29136 0.43881 -0.48505 0.88766 0.83814 -0.71293 1.4196 -0.0063008 0.35198 -0.45266 -0.76612 1.2276 1.5598 0.37598 0.26995 -0.11976 -0.47558 1.9597 0.37194 0.77504 -1.9188 -0.55029 -0.032279 -0.97555 -2.2403 3.5787 -0.38636 -1.2421 -1.6827 0.70969 1.5408 -0.90681 -0.10315 -2.056 0.39296 1.0197 -0.31799 1.4644 -0.73924 3.0712 -3.0818 0.36089 1.7876 -0.3217 1.2875 0.86638 2.0067 -0.90729 -1.271 0.59239 -0.33386 -0.72514 -0.68503 -0.37349 1.1639 -0.43571 -0.9352 0.62266 0.3594 -0.096346 -0.75306 -0.49248 -2.8335 0.74492 -1.5265 -3.6176 2.1156 1.8087 -0.40159 1.7901 1.0152 
birch 0.62494 -0.10554 1.5371 -0.11867 -1.1551 0.47414 2.1393 -0.5517 -0.39734 -0.73772 -1.6766 -2.4652 0.26808 1.4603 -0.096513 1.4905 -0.60171 1.0193 0.74958 1.181 -1.3014 3.1316 -1.4542 1.3472 -0.47118 -0.78934 -2.8175 0.59024 -1.467 1.7991 -0.20059 0.039333 1.5843 -0.095077 -0.1946 0.22316 1.419 1.4078 0.27335 -0.58971 -0.4918 -3.0706 -0.43703 0.49627 2.0463 -0.12496 1.0157 -1.1476 1.1046 -0.068809 0.43175 0.12813 -1.3143 0.37241 0.62875 -0.14023 -0.06086 0.68268 -2.3022 0.24746 0.74364 -0.67276 1.2973 -0.45768 1.7208 -1.4262 -1.2872 0.63236 1.6861 -1.2105 1.6084 -1.085 -0.98624 1.1371 -0.87301 1.998 -1.5182 -1.1767 -0.35809 -2.7503 -0.66279 1.199 -3.2329 0.24241 -1.436 -2.0864 -1.4423 -1.3512 -0.94248 0.62222 -2.3452 1.3688 -2.1736 -1.4289 0.25291 1.887 0.58805 1.0382 0.86296 0.092044 
raisin 1.6102 -0.21081 0.63668 -1.035 -0.85976 0.29402 0.71514 -0.20147 0.28562 -0.2829 -2.8566 -1.1608 0.34199 0.66354 0.25647 -1.7423 0.94901 -0.040331 -0.35762 -0.76856 -0.95237 0.030683 -0.44529 0.35563 -1.1953 0.35129 -1.759 0.40638 0.62663 0.30639 1.6575 -2.5152 -0.65689 0.22544 -1.1328 -0.12334 1.2008 1.6073 -0.26513 0.36919 1.0539 1.8118 0.08269 -1.2599 0.207 -0.47966 0.95824 -1.3322 -0.0093037 0.75725 0.85254 0.84904 -0.84767 -0.13374 0.14769 -0.61302 -0.89477 -0.65436 1.6904 0.0097642 0.1993 0.71892 -2.1562 -0.37737 1.149 0.093785 -0.33421 -0.76629 1.0893 -0.24471 -1.6959 2.0984 -0.4998 0.87095 1.6821 -0.88949 -1.9892 -0.81109 1.4486 0.27336 -1.3117 -0.070885 0.2871 -0.43611 0.88429 1.6292 0.28127 0.71354 0.10891 0.14734 -1.5772 0.39648 1.3754 -0.26362 0.090302 -0.094582 -1.1709 -1.4263 -0.47232 1.2949 
geranium 1.8113 -0.71764 -0.41474 1.1564 -0.08043 1.0789 1.5095 -0.17616 -0.60003 -0.27435 1.5558 -1.5579 -0.57894 -1.1948 -0.1948 -0.8963 0.71566 -0.92473 1.265 0.12351 0.18662 -0.73556 -0.9508 1.8467 -0.11559 0.21571 -0.34975 -0.26786 0.1846 -0.55688 2.2892 -0.90401 -0.32127 -0.60471 -0.90695 0.53046 -0.41232 0.48917 0.13258 -1.6889 -1.3157 1.3439 -0.23308 0.060362 -1.07 -1.4783 -1.737 -2.4572 -1.2395 1.3593 -0.4445 0.014631 1.0184 0.36551 0.67781 0.71273 1.9319 -1.7432 -0.69485 -0.11478 0.66261 -1.6696 -0.34511 -0.57744 0.53158 -0.8861 -1.2515 -0.83901 1.1187 -0.96474 0.70179 0.27674 0.39142 -0.2741 0.46526 0.54293 -1.2044 -0.40628 0.14626 0.22816 -0.56406 1.8268 -0.51821 -0.24766 1.6068 -1.7235 -0.38426 -0.52706 0.29208 -2.4175 1.4108 2.1666 -1.8764 1.1023 1.086 2.072 0.83438 0.25852 -1.372 1.9155 
