96 100 
smoke 1.6504 -0.10403 2.3487 0.49386 -0.85733 0.23194 -0.16911 0.19214 0.34413 -0.3793 -0.64462 -1.2448 -0.7087 1.8475 1.4336 -0.60346 0.83954 0.059146 -0.28352 -2.1979 0.98223 -0.35718 1.0599 -0.21723 0.76747 -0.58912 -1.0586 0.17347 0.1707 -0.88156 0.46288 -2.0165 0.98387 0.078143 1.4565 1.5053 -1.2854 0.46649 2.1089 -1.6766 0.15203 -0.50019 0.69282 -0.22582 -0.67151 -0.10562 -2.14 -0.78483 0.44393 0.78162 -0.31885 0.12254 -0.96979 0.53716 1.6809 0.115 0.99578 0.21002 -0.26422 -2.1887 -2.3096 1.4642 -0.72989 -0.50757 1.0113 -0.27252 -0.7776 0.44191 0.84455 0.30997 -0.45081 -0.71662 -0.96112 1.4431 0.36346 -1.1406 -0.36701 -0.76791 -0.25806 2.3225 0.57398 0.61817 0.86598 0.30403 -0.73286 0.72392 1.5152 0.69307 -0.23508 -0.24873 -0.79869 0.34117 -0.40702 -0.22425 -0.43947 0.16509 0.68381 1.7451 -0.38435 0.34132 
perfume -0.17969 -0.60134 0.22215 0.38324 0.19344 0.058345 -0.33942 -1.33 -0.16369 0.65706 0.23591 -0.70149 -0.23649 -0.25972 0.43101 0.73384 -0.42652 0.036995 -1.006 -0.64376 0.43555 -1.0528 0.050468 -1.0449 0.089864 0.36662 -1.0972 0.97923 -0.2736 1.198 -0.15679 -1.9069 0.26106 0.93362 -0.78999 0.56694 -1.8984 1.3984 0.14706 -1.201 -1.5433 0.63863 -0.093967 -0.35729 0.15059 0.43718 -1.5266 -0.59747 -0.83651 -0.52935 -1.337 0.74727 -0.15732 0.58589 1.0194 0.39966 0.05858 0.74827 -0.64541 0.35997 0.67658 -0.36035 -0.59071 -1 -0.40309 -0.24862 -0.30792 0.40141 1.4629 -0.64319 -0.66398 0.17701 0.22858 -0.33297 -0.71922 1.1116 0.53956 1.4302 -0.7128 -0.12714 1.1986 -0.25614 0.19469 -0.25131 -0.74872 0.97318 0.55167 0.40593 0.65295 -0.13718 1.5735 -0.56894 -0.67124 0.28329 -0.66513 -0.0093687 -0.60045 -1.4582 0.075636 0.38139 
blood 1.5936 -1.0779 0.37856 -0.94586 -1.7215 -0.39757 -0.49153 0.94351 0.066746 1.3048 -0.24724 0.46679 -1.8912 0.31717 1.5544 -0.20624 -0.49216 0.1324 1.0106 -1.1688 -0.38736 0.53596 0.68466 -0.19377 1.071 -0.098201 -1.0977 0.39166 -0.097957 0.23078 0.60197 0.82725 1.2503 -0.15576 1.6587 0.44502 -0.74189 -0.54451 -0.25671 -0.18033 -0.66469 0.88109 0.35929 0.52636 -1.5022 -0.29769 -2.4066 0.35258 -1.3539 0.20213 -0.51149 -0.51654 1.0197 -0.34665 -1.2982 -1.3806 -0.24293 0.57049 0.24857 1.3934 0.55479 -1.3848 -0.53722 1.371 0.75641 1.2537 -0.7445 1.1499 -0.55567 -0.34657 0.35499 -0.039915 -0.16615 0.11593 0.63877 -2.1012 0.75387 -0.48126 -0.54988 0.50025 -2.0953 -0.57599 0.19279 -0.059075 0.046531 1.3151 0.31423 0.79845 1.1444 -1.2309 0.26072 0.54277 1.8404 -0.20263 0.35478 -0.87273 0.61356 -0.15806 -0.86773 0.26781 
coffee -0.81817 0.43266 -1.3697 2.0993 0.86531 -0.66251 0.3956 -0.054849 1.1165 -0.53881 -0.61468 -1.1616 -0.40136 1.0318 1.7351 0.18664 1.6836 0.38295 0.070722 -1.4965 1.0037 -0.025767 0.75663 0.53044 1.4568 0.71297 -1.3395 0.14157 0.037051 -0.37413 1.1924 -0.26511 0.12705 1.7561 0.63246 -0.094432 -1.4565 -0.56667 0.80783 -1.4817 0.86501 0.95817 0.81615 0.10075 -0.40564 0.87814 0.78186 -0.21879 0.6457 0.14773 0.93367 -0.19361 0.96136 -0.50318 1.3906 1.2526 1.7144 -1.063 1.4405 -0.64476 -1.8738 0.18561 -0.78489 -1.2816 2.109 -1.4627 -1.8244 -1.1637 0.97744 -1.5265 0.13423 0.20162 0.1774 0.57633 0.8257 -0.7673 -1.2778 -1.0235 0.7614 -0.29536 1.6568 1.0524 1.1749 1.1624 -1.6492 -1.5684 -0.47444 1.7766 -0.040553 -0.859 0.89024 0.088842 -0.55019 0.60184 0.14737 -0.58408 0.88151 -0.34722 0.16916 -0.51789 
rose -0.10195 1.1882 0.56699 0.29253 1.1481 1.0771 0.7005 -0.090065 1.0146 -0.15891 -0.61155 -1.177 -1.0665 -1.034 0.55343 -0.89682 -2.01 -0.036257 -1.5631 -0.089693 0.56629 -0.97328 -0.91309 -0.90312 1.6902 0.44009 -3.4828 0.92851 0.22701 0.60089 0.5978 0.10249 -0.56159 0.75121 -2.6622 -1.7862 0.00036172 -0.29749 0.18221 -1.1658 -2.757 0.38702 0.19596 -0.15057 0.37294 0.30616 -0.83939 -0.66365 -0.54771 -0.33875 -0.34535 -0.10718 -0.62449 0.49307 -0.12388 -0.28781 1.6689 -0.81534 -1.9262 1.2183 0.44151 -0.04316 1.6932 -1.2571 -0.70079 -0.93803 0.58219 1.8246 2.7823 -3.957 0.93854 -0.3978 -0.36499 0.94004 1.7175 1.2375 -8.1496e-06 0.52656 0.28193 -0.12064 1.8371 2.3786 -1.1222 0.91094 0.60721 1.4948 -0.048633 1.2636 1.8418 0.31541 1.593 1.221 -0.27436 1.4599 2.3229 -1.5939 -1.0147 -1.1934 1.7087 0.036328 
fish 0.52735 -0.028218 -1.9134 2.5872 -0.74713 1.084 -3.705 0.43624 -0.79135 1.1481 -0.02118 1.3456 0.94249 0.15071 -0.12257 1.5915 -0.85548 1.4006 1.3774 0.30801 -1.5328 0.36864 0.30664 0.067597 0.84092 1.9536 0.7172 0.56966 1.1257 -4.0411 -0.46235 -0.2058 -0.17313 0.12967 1.8297 -1.1457 -1.3219 0.15731 -0.46703 1.0109 0.45047 0.97931 1.5588 1.4666 -1.4058 -3.1974 -2.8494 -0.53591 -0.94927 -0.74058 1.1879 -0.3351 -0.12867 -1.2056 0.23474 0.72241 -0.0087491 -0.74942 0.24496 -0.31338 0.060216 0.86025 0.5566 0.95253 0.44123 1.2522 -1.8764 -1.1128 0.63135 0.10672 -0.32523 -0.54228 0.33003 -1.2424 1.2202 -1.3793 -0.84136 -1.5615 -0.04726 2.3666 1.0445 -0.27228 -0.47305 0.27168 0.98573 0.88684 1.2185 1.4475 -0.99821 0.37784 -0.39525 0.66855 1.6396 -1.3948 0.16324 1.9209 -0.12306 -0.12604 0.16556 0.38384 
animal -0.12951 -1.3304 -0.55429 0.74757 -1.1633 -2.5715 1.2944 1.7913 -1.0256 1.4919 0.28461 0.8841 -0.81535 -1.7162 0.71879 0.75733 -0.98922 1.189 0.074575 -0.26722 -1.0613 -1.0068 -0.567 0.67375 0.93516 0.077913 -0.40891 -1.1257 -0.42614 0.24871 0.52386 -0.062312 0.17892 -0.91449 1.2318 -0.19376 -0.5801 0.99445 -0.97433 0.67572 0.011263 -1.1167 -0.27893 -0.28723 -0.78308 -1.7213 -1.6065 -0.24617 -1.2275 0.36527 0.66843 0.53428 -0.20562 0.82452 -0.99996 -0.68469 0.9809 0.62797 0.98559 -0.84105 0.69259 -1.3344 -0.97358 0.1951 1.1861 0.8182 -0.14537 -0.4016 0.10588 0.27484 -0.25263 -1.3577 -0.018629 -0.049273 0.56334 -0.25152 -0.43045 -0.66194 0.16782 0.045804 -1.8189 -0.21114 -0.30971 -0.0037921 0.70668 2.4854 0.77403 -1.04 0.66724 -0.64867 0.56503 1.5663 1.1268 0.66324 0.84032 -1.8048 0.64696 0.13504 0.52407 0.2919 
soap -0.5966 -1.7664 -0.76553 3.0811 2.0761 1.8517 -1.1446 -1.3688 -1.8367 -0.055644 -0.5666 -0.21237 -0.70444 2.0412 1.3705 0.85041 0.30305 0.14705 -0.77742 -0.90891 0.032368 0.58278 -0.21549 -0.93392 -1.2917 2.3769 -0.91424 0.049373 0.082246 2.3056 0.35087 -0.59005 -0.43153 0.17313 0.61633 -1.2736 -2.8882 1.6378 0.24124 0.019363 -1.0731 1.0769 1.4857 -0.086234 0.26963 -0.7947 -0.82571 -1.7465 -0.4145 -0.37414 -0.53914 -0.69637 0.55881 -1.351 0.70897 1.8159 -1.5083 0.26479 -0.46984 0.66369 -0.52204 1.6315 0.29965 -2.2458 2.9719 -0.70681 -2.2781 0.14844 2.1642 -2.0546 -0.22026 0.39877 -0.34227 -2.0433 -1.767 1.1838 2.0165 2.3126 -1.3613 -3.0451 0.24719 -0.8458 -0.64461 -1.2617 -0.92212 0.99386 0.99033 0.67003 0.90073 -0.87813 -0.014194 0.08442 -0.65282 1.7153 0.77142 -0.63814 0.95458 -2.5232 0.2956 -1.7111 
grass 0.14323 0.83504 0.15873 1.0383 -1.4628 -0.26665 1.6406 -0.51012 0.33952 0.91211 -0.95929 -0.96445 0.25733 -0.085336 0.29149 0.75976 -1.807 0.98828 -0.32955 0.23357 -1.0527 0.69941 -0.7937 -1.3017 0.43063 1.5406 -2.3836 0.69339 1.518 1.8489 1.2589 0.24213 0.8647 -0.82193 0.54651 -1.301 -1.3641 0.7172 -1.7996 -0.059689 -1.0387 1.8687 0.68304 -1.2268 1.3234 -3.3086 -2.3724 -1.0422 0.22198 -0.042459 1.2909 0.97098 -0.082163 -1.8203 -0.90586 -0.094512 -1.8054 -0.57433 1.5053 0.36617 -0.10349 0.31914 0.18699 -0.53384 1.8477 1.4191 0.18498 -0.31828 1.854 -2.6058 0.63751 0.12787 -0.5847 0.84288 -0.0018154 -1.5297 -0.96945 -1.7676 -0.82439 1.2858 -1.2277 2.4382 -2.4348 1.9101 1.6211 0.55175 -1.7911 -0.60824 -0.41386 -0.061219 -0.24406 0.5825 -0.85153 0.41137 1.2095 -1.2259 -0.79454 -0.1837 -0.88355 -0.6799 
beer -0.27717 1.2425 -0.626 3.9676 -0.57397 0.32352 -1.2542 -0.82515 -0.6764 0.45622 0.34781 -0.87384 -0.77578 2.9035 0.59732 -0.41148 0.69224 0.29487 1.1829 -0.22267 1.0843 -1.0391 1.7937 -1.0312 -0.26051 -0.76907 0.10508 1.0172 -1.0616 0.61891 0.59118 -0.98997 1.1393 0.88153 -0.23876 -1.4179 -0.77322 1.1007 -0.59808 -1.0764 0.66551 0.46281 1.3416 -0.089479 0.63894 1.3721 -0.38796 -0.78468 -1.4817 -0.50703 1.0382 0.82497 0.57495 0.21668 1.0409 0.77779 2.8051 0.34193 0.79378 -1.4311 -2.5894 1.4463 -1.7072 -0.51996 1.8677 0.49937 -1.7742 -0.20581 1.6745 -0.90261 -1.385 0.90188 0.88192 -0.17464 -0.15698 -2.0264 -0.18559 -0.95799 0.77977 2.1897 -0.10963 0.1696 1.3687 -0.44369 -0.059977 0.31431 1.219 0.74832 -1.0496 -0.66478 0.70581 0.79602 -2.5528 -0.98654 0.10506 1.5452 1.334 -0.289 0.66711 1.316 
urine 0.81473 -1.6631 -1.2115 2.1797 -0.02187 -1.5215 -1.2936 -0.60396 -1.8125 0.79449 0.4561 -0.31097 -1.3826 1.2194 0.43277 0.54515 0.69982 0.11365 1.2426 -0.50992 -1.1568 0.93674 -0.4164 -1.6659 0.58419 0.19973 0.6625 -0.60681 -0.64628 0.54036 1.2148 0.40381 0.3772 -2.0044 1.3145 -0.82796 -1.051 2.5385 -0.40775 -1.3513 -0.16096 0.048181 1.2576 0.31621 0.073818 -1.9623 -2.4893 -1.1637 -1.0354 -0.45675 -0.61594 -0.19324 0.079803 1.2214 -0.85972 0.60154 0.75421 0.61772 0.50558 0.5202 0.60486 1.4377 -1.1127 0.8055 0.63553 1.4357 -1.9511 -1.6337 -0.71426 0.8007 -0.99157 -0.54411 0.87724 0.012861 -0.54303 -1.0403 0.50928 -1.2749 0.30152 0.33424 -0.77601 -0.88622 1.2864 -1.0309 -0.29389 1.6004 0.59628 0.73535 0.81584 -0.87079 1.0084 -0.09277 -1.7926 0.75983 -0.64734 -0.053661 1.0012 2.5796 1.0738 0.11408 
pine 0.27855 -1.1017 0.46922 1.7097 -1.1604 0.77812 1.2767 -2.4939 -2.7913 0.13351 -0.71715 -1.7753 0.52073 1.4873 -1.3892 0.58736 -1.4444 -0.19438 0.6999 -0.096933 -1.2677 2.8982 -2.6214 0.87962 1.4191 0.60903 -1.6341 0.27157 1.0263 1.4369 2.0257 -0.28096 -0.083798 -0.064628 -0.93952 -1.4748 -1.0325 2.7472 -0.52457 -1.5522 -0.79264 0.32849 0.10881 -0.85638 -0.82455 -3.1473 -2.5058 -1.6516 0.83076 0.69008 0.14251 -3.1138 -1.5845 -0.6134 -1.0427 0.34604 -1.113 -0.52453 0.46303 0.34626 -0.51007 0.89998 -1.4087 -0.67074 0.95334 -0.54012 -1.7321 -2.658 2.9414 -2.4657 -0.70994 -0.1902 0.2326 0.44759 -1.2928 0.3087 -2.4526 -2.0284 -1.275 1.7634 1.0431 1.1043 -0.37772 -0.030382 -0.2937 -0.016252 -0.023284 0.88276 2.6108 0.064053 0.53584 -0.039401 -2.6021 0.66043 -0.2261 -0.14456 -0.3246 0.89803 1.3662 0.57072 
wine -1.5107 1.039 -0.72019 3.5634 -1.6263 -0.94121 0.033123 -2.32 -0.98297 1.7813 0.41571 -1.3484 -0.23174 0.46315 -2.4977 0.21402 -0.63079 0.91652 0.043359 -0.89115 -0.26522 0.15701 -1.9139 0.68291 0.95902 -0.30606 0.92535 0.32139 0.87958 -1.1799 0.64398 -1.9301 0.11937 1.4796 -1.3999 -1.1731 -1.1357 0.78747 -2.7277 -0.90906 -0.075744 0.26463 -0.1767 -0.96623 -0.15234 -1.8574 -1.0201 1.0547 -0.66914 0.84568 -0.39596 -0.97823 -0.88202 -1.4663 0.9397 1.3278 1.9819 -0.057964 0.02781 -0.70744 -0.56494 -0.40481 -2.1361 -0.17268 0.29481 0.4826 -1.2982 -1.2808 3.5012 -0.71153 -3.2868 0.22849 0.987 0.59048 -0.61042 -0.25015 -2.182 -0.7573 -0.85802 1.0014 1.5602 1.481 1.618 -1.3429 -0.93251 -2.5161 1.6145 0.47883 -0.035083 -0.65661 1.5026 0.58417 -0.88844 0.24495 -1.3074 -0.77051 -0.12939 -2.0621 -0.39629 -0.47995 
bread -2.3049 -0.26035 -1.5348 1.9814 0.28029 -0.63539 -1.8724 0.65906 1.2207 -0.73218 -0.70759 0.21225 -0.17689 0.34213 -0.021259 -1.7399 1.2767 0.65264 -2.0131 -1.0058 -0.642 -0.20132 -1.4084 1.0403 0.88721 0.98506 -0.0090539 1.4963 -0.7142 -1.1023 -0.62459 -1.0508 0.43188 1.6405 -0.28322 0.22934 -1.6726 -0.87833 0.57207 0.59684 0.20451 2.0854 -0.87397 0.31707 -1.1919 -2.3214 0.69111 0.2871 -2.5784 -0.013351 1.1467 0.42483 -0.99035 -2.5714 1.6417 -0.29938 -2.3355 -0.91951 1.2901 1.2492 -2.5675 0.69092 -1.9547 -1.358 0.48733 -2.6419 0.27442 0.14774 3.1521 -1.1507 -0.40821 0.67412 0.29552 1.0558 1.7512 -1.8625 0.096345 -2.5896 -0.49198 1.5237 2.6069 -1.2748 -0.62212 -0.11799 -0.98839 0.32515 0.71062 0.20613 0.46827 -0.073983 0.85441 -0.94007 0.58461 -0.033159 0.28276 1.8665 -1.2085 -1.3488 -0.89062 1.0215 
cologne -0.30041 -1.1158 0.13459 1.1691 -0.0089681 0.68675 -0.57224 -0.49552 -0.44153 0.80518 -0.74026 -0.1485 -0.52846 2.0025 0.97631 0.36403 -0.49409 0.30963 -0.1268 -0.28144 0.50654 0.17484 -0.22656 -0.98814 -0.027083 0.335 -1.4212 0.062751 -0.39298 1.1564 1.2271 -1.4651 -0.062983 0.30531 -0.53436 -0.35757 -1.6608 0.58747 -0.050653 -0.27216 -0.63286 -0.27183 0.44089 0.13149 0.78331 -0.036145 -1.0767 -1.0051 -0.57997 -0.43836 -1.6626 0.34939 -0.090278 0.75523 0.80261 0.27099 1.2985 0.69327 -0.059612 -0.34793 -0.23309 0.3119 -1.2341 0.10623 0.26044 -0.46589 0.01913 1.5357 1.3713 -0.95829 -0.54958 -0.20965 0.19373 -1.018 -0.88204 1.2557 1.5198 2.2381 -0.77788 -0.097022 -0.03622 -0.021163 1.1383 -0.69875 -1.2837 0.07376 0.78174 1.2204 0.49249 -1.257 1.027 -1.4971 -1.2443 0.4891 -0.9054 0.1878 0.33406 -1.5947 0.28695 0.22908 
lavender -0.31277 1.2006 0.050031 1.1584 0.4144 1.2146 0.48461 0.050898 -0.19578 -0.25515 -0.50127 -0.4873 0.010312 0.26551 -0.81043 0.046943 0.42822 0.74956 -1.4052 0.40001 0.17597 -0.85317 -0.025221 -0.0080094 0.061357 0.49008 -1.3202 0.59566 -0.65814 1.6084 0.2433 -0.23558 -0.16254 0.63653 -0.27738 -0.33016 -1.0338 0.81621 0.32557 -1.2389 -0.81207 1.185 -0.63264 -0.87672 -0.15882 -1.7392 -0.33927 -1.5129 -0.78048 0.08033 0.16459 0.50759 -0.19117 -0.5178 0.44453 -0.36231 0.34929 0.44819 -0.63674 0.1965 -0.63403 -0.34792 0.59431 -1.8225 0.36142 -1.2541 -1.4936 -0.82043 2.7276 -1.1199 -0.47455 0.19887 0.49486 -0.14086 -0.073437 1.4831 -0.077589 0.98748 -0.77526 -0.2524 0.104 -0.087349 -1.3477 -0.37139 0.053002 0.84752 -0.98309 -0.21142 1.2554 -0.84417 1.3486 -0.37842 -0.64548 0.8855 0.90696 -0.37758 -0.48963 -0.7675 0.35305 0.49479 
garlic -0.31763 1.069 -1.1148 2.8938 -0.24631 1.016 -0.90186 0.48835 0.73531 -0.23257 0.73438 -0.68552 0.69395 0.0085622 -0.44729 0.50429 1.4703 -1.1699 -1.7533 -1.0665 -0.48919 -0.72439 -0.43513 0.083667 0.30734 0.59743 0.086684 -0.076343 -0.41248 -0.43976 -0.21781 -0.5812 0.34793 0.25076 -0.2241 -0.03453 -0.83853 0.41307 1.1301 -1.5352 0.36246 0.69218 0.72005 -0.46438 -0.69923 -2.026 -1.7688 0.14423 -0.80667 0.029388 0.61753 0.72937 -0.41826 -0.61338 0.55598 -0.013977 1.0567 -0.41702 -0.28118 1.2241 -0.95951 0.46465 0.1594 0.44012 0.63044 -0.40095 -1.699 -0.3693 0.63158 -2.186 -0.13447 -0.25262 0.87938 -0.062253 0.50516 -1.2468 0.50038 0.44688 1.4627 -0.23572 0.17901 0.59667 0.34478 -1.161 0.52846 0.53076 -0.072612 0.69408 -1.3859 -0.79034 1.1434 -0.55543 1.0782 0.65513 -0.26358 0.50957 0.13373 -0.49665 0.33974 0.53302 
leather -1.0699 0.048288 0.80479 0.96607 -1.2244 0.26709 0.013519 0.31453 -0.24288 1.0667 0.59673 -0.091614 -1.3863 1.1567 0.21072 0.27756 0.084756 0.29971 -1.3376 -0.47725 0.025762 0.47246 -0.73088 -0.89564 1.2295 0.41626 -1.4634 0.37244 -0.92832 1.815 0.93409 -0.68735 -1.5927 -0.7418 -1.1373 -0.67964 -2.4154 1.6251 -0.074507 0.19617 -0.87288 -0.35595 -0.3423 -1.3947 0.34678 -1.4826 -0.96765 0.0013375 -0.65437 -0.26604 1.3278 1.0564 -0.48399 -0.48427 1.0131 0.66805 -0.20451 0.05772 1.1336 -0.076235 -1.9623 1.6732 -1.8086 -2.2679 1.5951 0.7679 0.21383 -0.89952 0.63136 -0.10451 -1.1201 -0.82385 0.65034 -0.2484 -0.88644 0.22679 -0.06895 0.30133 -1.6961 -1.3301 -1.7099 -0.55427 -0.043076 1.0507 0.49942 -0.035307 -0.092034 -0.42862 1.0251 -0.12836 -0.50436 0.16851 -1.3452 -0.32013 1.4932 0.17966 0.082379 0.16668 -0.47519 0.059945 
paint 0.82365 1.2328 0.12176 2.5142 0.20621 1.1082 0.17369 -1.8775 0.9044 0.20142 -0.47887 0.18605 -1.1198 0.766 -1.4254 -1.3926 0.363 0.60804 0.47221 -1.2154 0.014474 1.376 -1.7271 -1.4261 -1.2818 0.38829 -1.5389 0.21529 0.52144 -0.32249 0.38334 -0.18745 -0.57344 -0.0031644 -0.52219 2.3053 -0.16722 0.63517 -0.96345 -1.0922 -1.4206 0.16146 1.0524 -1.8026 -0.15714 -1.5841 -1.5945 -1.5971 0.65657 0.49603 1.0913 -0.8695 -0.66455 1.53 1.7323 1.4246 -1.264 0.17478 0.40976 -0.252 -1.4837 2.3712 -0.63557 -0.48425 1.6191 0.44607 0.84012 -0.85009 0.01295 0.17889 -0.5012 -0.15019 0.55551 0.087222 -0.47147 1.222 -1.5716 0.28521 -2.1143 -0.68373 -1.5736 -0.58398 -0.86178 1.6357 -0.58693 0.46497 0.087293 -0.69864 1.2581 0.51496 -0.9315 -1.057 -0.48246 -0.41995 0.32005 -0.48278 1.8222 0.1578 -0.090873 0.39722 
apple -1.5953 1.313 -0.31784 2.0949 -0.57061 0.87063 0.75416 -0.27659 -0.75032 -0.38337 0.23484 1.1803 0.53233 -0.14208 -0.16206 -0.289 -1.3391 0.2675 -0.13389 -1.0583 -0.95335 0.08452 -0.39612 1.3814 -0.90256 1.1305 -1.2032 -0.80916 -1.4579 -0.28899 -0.15523 0.10686 0.29829 1.0796 -0.21844 -1.6093 -0.075206 0.68187 0.33152 -0.61525 0.65265 1.178 0.21946 -1.7618 -0.09452 -2.5942 -1.2256 -0.6774 -0.57867 -0.82453 1.6314 -0.44888 -0.67742 -0.55717 -0.02044 -0.09217 0.75104 -0.17577 0.48155 0.92561 0.59315 -1.5955 -0.69496 0.087387 0.66332 -0.55526 -0.73625 -1.3136 4.3433 -1.8103 0.37855 1.3822 0.93784 -0.23645 0.30577 0.62945 -1.191 -0.6857 0.30187 -1.1822 0.51671 1.0962 -0.23288 0.0083047 0.36384 0.30099 -0.7005 0.00054884 -0.23473 0.52186 0.12536 0.094515 0.87017 0.092672 -0.63001 -0.8765 -1.1324 -0.70784 0.28479 0.40742 
onion -1.1482 0.60914 -2.1735 2.9873 0.41243 0.85715 -1.4809 0.47045 0.99978 0.87495 0.83601 0.084904 1.1241 0.30331 -0.51035 -0.046071 1.0305 -0.79931 -0.63242 -0.87829 -0.10834 -1.8619 0.55377 0.14009 -0.2272 0.62053 -0.64135 1.1802 -0.26869 -1.0993 -0.46965 -0.88826 -1.2862 0.44757 0.86623 -0.357 0.47858 0.86673 1.7667 -0.80341 0.91092 0.72249 1.5317 -0.37473 -0.40734 -2.552 -0.97991 -0.045628 0.21464 -1.0987 1.6692 0.67302 -0.37867 -0.91157 -0.64103 0.57951 1.1484 -0.20022 0.31328 0.66778 -1.0556 0.52663 -1.3872 0.24825 0.71367 0.1381 -1.3175 0.33392 0.41696 -2.5553 -0.18132 0.81002 0.39522 0.27845 -0.020408 -1.3615 0.45106 -0.37625 0.65779 0.60812 0.99539 1.4957 -0.39825 0.66864 0.56941 1.3629 0.29426 1.3718 -1.1598 -0.83007 -0.35849 -0.55484 0.093111 1.0968 -0.20436 0.25509 -1.0173 -0.28425 -0.37998 1.3113 
cheese -1.8814 0.78865 -1.9221 4.1159 -1.3034 -0.091985 -1.9484 -0.94853 -0.4989 1.2301 -1.8517 1.1235 -0.87019 0.76995 -0.65483 -1.1179 -0.034213 0.79628 -1.2846 -0.18083 0.65656 0.49707 -1.5741 -0.24281 -0.41045 -1.2834 0.79572 -1.9624 0.14674 -2.286 0.70668 -0.87433 0.33681 1.7295 -0.86799 -0.7089 -1.4568 0.3676 -0.71102 -1.0456 1.0124 0.35061 -0.21303 -0.46036 -0.71948 -2.2728 0.56586 0.63072 -1.2461 -0.12045 0.92269 -0.84766 1.0277 -1.8463 0.62646 0.41429 0.96134 0.17376 -0.11794 -0.66666 -1.1323 0.6215 0.25718 0.20441 1.3333 -0.9404 -0.60345 -0.31851 1.4944 -0.78685 -0.37125 0.89529 0.23007 -0.31976 1.1976 0.4313 0.69646 -0.90902 1.2765 0.88861 1.3468 1.0387 -0.30565 -1.2579 0.49945 -1.5708 0.27368 0.49447 -0.79323 0.99636 -0.37396 0.66729 0.40999 -1.2247 -0.043342 -0.18737 0.054103 -0.18975 -0.69422 1.1954 
incense -0.37549 -0.33709 0.36615 1.019 0.31352 0.035015 0.61305 -0.19697 0.48702 -0.2217 -1.1647 -1.739 0.23807 -0.50661 -0.59478 0.72326 1.5946 -0.93729 -0.97834 -0.84537 0.039208 0.15667 -0.07211 -0.072758 0.61098 -0.28977 -2.4207 -0.12538 -0.38849 0.22092 0.82942 -0.43731 -0.19011 1.4971 -0.15614 0.65758 -1.135 1.8959 1.1937 -2.8208 0.088876 -1.2727 -0.14428 0.50508 -0.63063 -0.60341 -1.085 -0.22163 -0.0846 -0.36184 -1.1961 0.48784 -0.10817 0.87869 -0.13464 -0.064225 0.76531 -1.3131 -0.016693 0.13417 -1.0868 0.12283 -0.15385 -0.92531 0.8157 -1.1097 -0.0030717 0.13003 1.3409 -1.2391 -0.04905 -0.53971 -0.69992 0.85914 1.2978 0.068071 -0.83438 -0.043472 -0.30452 0.39368 0.83502 0.16015 0.13987 0.38732 -0.95017 1.6363 0.49335 -0.49713 0.35 -0.56658 -0.6367 0.14774 -0.65569 0.28764 -0.25498 -1.0833 0.026329 0.24701 0.18263 1.0948 
cinnamon -1.6378 0.66626 -0.84871 1.648 0.24725 1.3197 -0.18067 0.55132 0.38294 -0.46106 -0.19733 -0.52018 1.1411 0.52825 0.16349 0.3906 0.97834 -0.41599 -1.3799 -1.1794 0.16684 -0.43991 -0.24886 0.68224 0.6392 -0.23465 -0.22131 0.49875 -0.82318 0.34284 0.083114 -0.64192 -0.92294 1.6939 -0.57814 -0.4671 -0.71658 0.85799 0.61161 -1.1977 0.046471 0.16902 -0.23379 -0.70695 -0.4677 -1.5637 -1.5761 -0.43918 -0.60858 0.30714 -0.040689 -0.5395 -0.93453 -0.82588 -0.37692 -0.11064 0.459 -0.81838 0.25764 0.010653 -0.69309 0.28304 -0.17705 -0.47806 -0.10632 -0.76095 -1.2271 -0.4267 2.0698 -2.0594 -0.19539 0.8578 -0.031113 0.66961 0.08179 0.46725 -0.24035 0.031748 0.67906 0.34453 0.35563 0.69357 -0.32048 -0.30859 -0.23588 0.2617 0.4298 0.76624 0.63194 -0.29822 0.53755 -1.4871 -0.41171 0.86413 -0.074172 0.082806 -0.81115 -0.87798 -0.043674 0.86769 
lemon -0.66532 0.78025 -0.83505 3.095 0.40932 1.2278 -0.45944 -0.57635 0.48274 -0.54416 0.051647 -0.85394 1.141 -0.051139 -1.1151 0.76709 0.088283 -0.72514 -0.50772 0.17695 0.046386 -0.50315 -0.69222 0.15054 -0.5629 0.66466 -0.5993 0.5407 -1.1227 0.60989 0.71981 -1.0551 -0.8936 0.72721 -0.86835 -1.1715 -0.50644 1.4534 0.59594 -0.40223 -0.64965 1.6466 0.71314 -1.1029 -0.54176 -3.5796 -2.2427 -1.037 -0.90624 1.4814 1.4274 -0.32519 -0.33825 -1.3066 -0.022966 1.084 0.63415 -0.23539 -0.79253 -0.095348 -1.2051 0.79764 0.011619 -1.291 0.24149 -0.41355 -1.3155 -0.71384 2.9209 -2.0984 -0.60795 0.4319 1.3966 -0.25977 -0.70411 1.0402 0.86476 0.40179 0.15489 -1.2184 -0.24945 1.023 -0.9469 -0.25858 0.37336 1.0118 -0.49698 0.54105 0.87356 -0.50537 0.29357 -0.77657 -0.60595 1.0563 0.17355 0.043242 -0.14763 -1.5542 0.31633 0.46738 
tobacco -0.40261 -0.51617 0.65938 1.2647 -0.74122 0.75732 -0.23687 -0.095632 -0.10272 0.75401 -0.12186 -0.66804 -1.0688 1.4286 1.0575 0.16185 0.28941 -0.38242 -0.8688 -0.84851 0.92719 0.34166 0.11684 -1.0391 0.88066 0.11015 -1.3349 0.052178 -0.48701 -0.40501 0.97102 -1.1139 -0.078045 0.23505 -0.63205 0.42545 -1.7376 1.1329 -0.050169 -1.389 -1.1153 -0.055357 0.56431 -0.12616 -0.73223 -0.731 -0.69165 -0.62643 -1.1482 1.023 -0.17791 0.68908 -0.46778 -0.42179 0.96763 0.66382 0.90401 0.73924 0.3537 -1.1128 -1.1484 1.3133 -0.27118 -0.33018 1.0113 -0.26665 -0.90683 0.97865 1.2808 0.0885 -1.2016 -0.98855 0.1797 0.20875 -0.52929 -0.46671 0.26431 0.022675 -0.62964 -0.52432 -0.35028 0.38534 0.85624 -0.61544 -0.26382 0.31346 -0.09648 -0.28529 -0.47354 -0.15807 -0.41633 -0.115 -1.7636 0.31285 0.076131 0.22939 0.56759 -0.24279 0.33715 1.4182 
orange 0.052442 1.0267 1.0561 2.2676 -0.47287 1.3294 0.52281 -1.6849 -0.65422 -0.75123 -0.002992 -1.7965 0.36054 0.097862 -1.2072 0.34855 -1.0451 0.54613 -0.76774 -0.26284 -0.91632 0.88264 -0.4386 1.3158 -1.0047 -0.28938 -1.0626 -0.82822 -0.53629 0.60212 0.60116 -0.57021 -0.20452 0.70467 0.51997 0.87624 -1.7211 0.73976 0.15677 -0.57911 0.16066 1.3159 -0.14202 -1.9532 -0.33194 -1.9703 -2.089 -1.154 -0.74021 0.43388 1.2194 -0.048375 -2.0798 -0.73618 -0.50056 0.029005 1.5491 -0.075309 -0.66957 0.64173 -1.1268 -0.20171 0.2835 -0.9531 0.747 -1.246 0.973 0.2473 2.18 -1.9953 -0.12638 1.1681 0.50937 -0.061858 -0.95562 1.2488 0.16752 0.33236 -0.18393 -0.22811 0.41578 0.3042 -0.77516 0.16719 0.79174 0.17562 -0.31867 0.91588 0.30395 0.30735 0.067179 0.56445 -0.030359 -0.43194 -0.033876 0.29474 0.066424 0.11404 0.57148 -0.26141 
egg -1.1673 -0.33303 -2.7583 5.1253 0.61699 1.9785 -3.329 0.50974 -0.13151 -1.2808 0.55946 1.4066 -0.73876 -0.35693 1.0249 -0.36728 0.55862 0.48467 -0.62447 -0.17968 -0.88167 -0.018237 -0.43617 0.22925 -1.522 0.41553 1.8753 -1.7003 0.61651 -2.7294 -0.9585 0.19202 1.2951 -0.80178 1.1604 0.35074 1.119 0.075832 0.73817 0.46786 1.0909 0.40573 0.57735 -0.14071 -0.45813 -3.7927 -1.7354 -0.68248 -0.10836 -0.65136 2.5962 -0.20443 0.015746 -0.91269 -1.6755 -0.91575 1.3344 -0.85884 0.95029 -0.55995 0.42961 -0.69545 -0.52448 1.3677 -0.97643 1.0117 -0.091856 -1.4582 1.193 -1.9908 1.2966 1.0718 1.084 0.57683 0.85046 -0.58147 -0.6269 -2.568 1.5119 1.1735 0.1826 0.088429 0.014232 -0.9513 0.90825 1.0897 -0.72487 0.21694 -1.9638 -1.2791 0.18945 0.69384 0.40143 -0.736 0.37593 0.84803 -0.30106 2.738 -0.054618 0.17683 
vanilla -1.26 0.15113 -0.4889 1.4905 0.79427 1.3038 0.33445 -0.39017 0.33904 -0.70649 -0.76293 -1.0266 0.37582 0.45082 0.51978 0.71359 0.62085 -0.37084 -0.82299 -0.36945 -0.096566 -0.3912 0.25943 1.1312 -0.26604 -0.092838 -0.091663 0.1112 -1.0612 0.17689 0.51883 -0.35028 -0.70934 1.1435 -0.72099 -0.92093 -1.4262 1.2101 0.46058 -1.3855 -0.31356 0.25672 -0.69742 -0.8638 -0.56825 -1.3223 -1.7152 -0.1605 0.11704 0.12308 0.19149 -0.65656 -0.18431 -0.33755 0.57591 0.1148 0.60268 -0.59548 -0.042249 -0.23996 -0.077489 -1.0999 0.020138 -0.91731 -0.51549 -1.3114 -0.63299 -0.25158 2.5277 -1.6714 0.06272 -0.21203 0.17692 -0.072179 -0.17588 1.6998 -0.075825 0.70917 -0.13637 -0.39417 0.47472 0.41864 -0.12296 -0.69486 -1.4366 0.46057 0.23642 0.19046 0.57294 -0.20505 0.34519 -0.85401 -0.71923 1.0665 0.29953 -0.19095 -0.48883 -0.75439 -0.038564 0.54373 
gasoline 0.38586 -0.71058 0.23411 0.70615 -0.70528 -0.025487 -0.52721 -0.50392 -0.39109 -0.32431 0.38079 -0.78933 -0.2754 1.1692 0.36484 0.31563 0.69651 -0.65058 0.042525 -1.028 -0.65777 0.39813 0.18949 -0.0092898 0.28745 0.28029 -0.30903 0.4738 0.5749 0.17351 0.098467 -0.20551 -0.02214 -0.56068 0.2795 0.71382 -1.0744 1.4476 0.26943 -1.2717 -0.47891 -0.25533 1.1337 -0.49091 0.42753 -0.89888 -1.2213 -0.20566 -0.30631 0.3043 -0.097706 -0.81682 -0.32295 0.10003 0.77612 -0.0012588 0.094739 0.26404 0.074035 -0.2361 -0.41754 0.98883 -1.4672 0.21433 1.1925 -0.24 -1.4822 -0.69266 -0.37589 -0.66382 -1.0119 -1.2617 0.1941 0.46461 0.4385 -0.7 -0.908 -0.87905 -0.76466 1.4448 0.20923 -0.11403 0.48289 0.2074 -0.43562 0.85752 0.17399 0.45467 1.0493 -0.25891 0.62054 -0.84944 -0.49683 0.46166 -0.82413 0.0066071 0.13036 0.55831 -0.24942 -0.42002 
tea -1.1313 0.91515 -1.0505 3.0014 0.60607 0.43323 0.27997 -0.73157 -0.16748 -0.91152 -0.35218 0.028264 0.13545 0.08642 -0.9437 -0.63384 -0.085839 0.54453 -0.82735 -1.3552 1.3176 -1.364 -1.1369 1.092 0.69369 0.2866 0.088675 -0.4604 -1.3895 0.66824 0.64322 -0.914 -0.65 2.3041 0.15056 -0.45295 -1.049 0.46015 0.74932 -1.9637 -0.13281 1.2576 0.14523 0.57652 -0.72462 -1.4904 0.14149 -0.065887 -0.092458 0.20516 -0.16139 -0.073256 0.99543 -1.1409 -0.84046 -0.072115 0.59006 -0.48532 -0.13984 0.75575 -2.3643 -0.45662 0.48763 -1.5097 1.0996 -1.5888 -0.92094 -1.1639 3.2861 -2.3682 -0.59451 0.77411 0.31408 -0.7255 -0.34429 0.03133 -0.53406 0.47436 0.42741 -1.6991 0.69637 1.072 -0.23278 -0.45886 -0.73843 -0.79453 -0.82207 0.14932 0.054184 -1.2102 0.45013 -0.9425 0.82722 0.15217 -0.16357 0.78511 -0.091679 -0.94437 -0.59321 0.67259 
honey -1.4688 0.63259 -0.69809 0.85377 -0.97909 0.77822 0.60318 -0.20092 -0.39475 -0.046306 -0.67212 -0.31407 0.45473 0.11603 0.78649 0.58077 -1.0616 0.055775 0.33074 0.65548 0.42822 -0.39168 -0.44774 -0.49394 -0.031584 -0.24518 -0.45951 0.29476 -0.1885 0.42754 0.81619 -0.64814 -0.5208 0.064891 -0.86239 -1.0405 -0.68972 1.5059 0.3151 -0.60121 -0.60901 0.82576 -0.44093 -0.76144 0.53672 -1.3431 -0.57646 -0.24758 -0.85795 0.18612 0.4163 0.13118 -0.35409 -0.44027 -0.43737 -0.068113 0.7285 0.19079 -0.20625 -0.3564 0.17564 -0.46507 -0.62134 -0.37755 -0.35401 0.44543 -0.55671 -0.8844 1.8429 -2.7294 0.69986 0.74172 -0.28834 0.028638 -0.67762 -0.039914 -0.10363 -0.57667 0.17576 0.24692 0.72424 0.908 -1.4309 0.48089 -0.37204 0.0067414 -0.015214 0.25726 -0.18921 -0.47015 0.11464 0.61456 0.67246 0.31388 0.29104 -0.56212 -0.90861 -2.2256 0.39192 -0.22142 
chocolate -1.1489 0.63146 -0.88985 1.3602 -0.30908 -0.43917 -0.80701 -1.0699 0.2175 0.091463 -0.47853 0.14965 0.021679 0.21102 0.6087 -0.33819 0.75948 0.67972 0.3265 -0.3739 0.15052 0.63169 0.0099871 0.11115 0.29949 -0.035541 0.74618 -0.10368 0.25912 0.36135 0.31577 0.45524 -0.51714 1.5479 -0.10761 -0.042131 -0.48225 1.0396 0.88273 -0.51955 0.55612 1.4481 0.53069 0.30983 -0.070398 -0.83549 -1.1506 -0.049654 -0.4156 0.5114 1.0106 0.19264 -0.74591 -0.91179 0.50149 0.079634 1.207 0.26513 -0.20111 -0.22677 -0.6984 -0.44902 -0.35086 0.094606 -0.18266 -1.0261 -0.23869 0.19957 1.8256 -1.3119 -0.014123 0.78121 0.38602 -0.2382 0.66845 -0.21849 0.19461 -0.53665 -0.014424 0.25223 0.56736 0.50905 -0.34162 -0.52887 -0.621 -0.34045 -0.18758 0.63217 -0.35576 0.24113 0.66836 -0.42994 -0.092786 -0.18614 -0.57226 0.31 -0.61343 -0.90397 -0.39272 0.14284 
manure -0.83008 -0.18407 -0.69824 0.64678 -1.0299 -0.66085 0.29626 -0.065682 -0.12024 1.0105 1.2181 -0.25779 -1.3417 -0.19021 0.53175 0.037097 -1.3633 0.3908 0.19525 -0.42821 -0.2598 0.29615 0.40513 0.050111 0.68888 0.52009 -0.15749 -0.58175 0.55568 -0.27912 -0.019561 0.18928 -0.20047 -0.55201 0.96315 -0.15654 -1.5012 0.89637 -1.1632 -0.3331 -0.79093 0.22488 0.38757 -1.1672 -1.2092 -2.8043 -1.7922 -1.2152 -0.59586 0.1197 1.336 -0.13571 0.52004 0.0011719 0.78783 0.79657 -0.53987 0.99423 1.5863 0.097539 0.63601 0.078904 -0.58692 -0.66834 -0.049957 -0.16841 -2.3673 -0.81484 -0.3339 0.90604 0.35446 -0.694 -0.5557 0.4064 -0.73952 -1.1456 -0.70301 -1.4078 0.81611 1.7203 0.51285 0.45551 -0.55075 0.39518 -0.24665 1.4368 -0.47482 -0.18046 -0.70131 -0.93508 -0.05324 0.34767 0.046155 0.5707 0.51449 -0.95104 -0.22895 1.81 -0.19211 0.13939 
mint -1.5003 1.3716 -0.23653 1.9082 0.61476 -0.027376 0.69124 0.076446 0.44066 0.70135 0.7865 -0.90743 -0.14903 1.3361 -0.9667 -0.2395 0.80419 -0.27977 0.20465 0.46734 0.028407 0.14322 -1.3462 -0.048651 0.75475 1.0245 -0.80673 1.8349 -0.067907 0.88379 1.537 -0.82628 -0.57163 1.0299 -0.33199 -1.3001 -0.39627 1.9509 -0.11611 -1.3359 -1.9162 1.3556 0.70043 -1.2354 -0.68539 -1.5511 -3.0971 -1.8692 -0.23071 1.38 0.48369 0.12759 -2.1357 -0.14185 -0.1403 1.9007 0.23091 0.25046 -0.55553 -0.23828 -0.63046 0.31739 0.46856 -0.1486 0.56112 -0.51073 -1.8272 -0.22338 3.0625 -2.5778 -0.75501 -0.032932 0.5272 -0.15654 -0.54386 0.52622 -0.63136 0.34899 -0.19736 -1.9599 -0.30359 -0.023713 -0.88194 -0.45346 -1.0541 0.95823 -1.1686 -0.62193 0.54546 0.27248 -0.70092 -1.3378 -0.52228 0.95901 0.26486 0.80433 0.064907 -1.737 0.339 0.18748 
hay -1.3202 -0.0081356 0.14745 0.55967 -1.706 0.49819 0.3099 1.3823 -0.49553 0.98582 -0.62734 -0.81724 -0.11313 1.5658 0.57014 -1.4066 -0.30859 1.3873 -0.72346 -0.66764 0.52481 0.24867 -0.91303 -0.69051 0.38162 0.87071 -2.5741 0.32263 0.85294 1.5592 1.3435 0.097922 0.086254 -1.0094 -0.085363 -1.4298 -3.2988 2.6753 -0.68429 -1.155 -0.91739 0.62828 0.36385 -1.0355 0.24167 -3.1985 -0.87574 -0.49928 -1.0099 1.0959 1.9252 -0.94327 -0.55857 -0.64787 -0.33425 -0.54429 -0.99283 -0.026188 1.3244 0.42458 -0.6337 1.639 -1.809 -1.0481 1.0555 0.74766 -0.84787 -1.619 2.7939 -2.6475 0.83165 1.4368 -0.94268 -0.41328 -0.77593 -1.8321 -1.2737 -2.0004 -0.10662 3.099 -0.036429 0.98516 -1.3468 0.042334 0.52596 -0.4318 -1.1505 -0.84286 -1.2821 0.50882 -1.2423 0.40119 -0.48188 0.79739 2.1217 -0.59178 -0.35246 1.7621 0.56253 -0.61669 
citrus -0.44215 0.23929 0.03681 1.7293 0.27002 1.1351 0.66578 -0.99858 -0.3311 -0.11458 -0.25958 -0.99324 1.0149 -0.28992 -0.89166 1.0357 -0.20665 -0.37901 -0.77498 0.038523 -0.72115 0.070533 -0.77911 0.36609 -0.27749 -0.13406 -0.10493 -0.5043 -0.59606 1.0549 1.0287 -0.44797 -0.10643 1.0086 -0.5388 -1.6169 -1.3396 0.99863 0.059128 -1.1683 -0.31751 0.85232 -0.42487 -0.55011 -0.99445 -1.7126 -1.6594 -0.90676 -0.84141 1.0068 0.0017762 -0.48049 -0.78987 -1.6134 0.23841 0.18565 0.80983 0.52469 -0.88021 0.16603 0.14503 -0.9461 1.3393 -0.24575 -0.39217 -0.92484 -0.61156 -0.38671 2.6124 -1.5359 -0.60315 0.08943 1.421 -0.52639 -1.044 1.8414 -0.38546 0.59495 0.44771 0.52045 0.24529 -0.17899 -0.36357 -1.1751 -0.58132 0.79167 0.54926 -0.39677 0.57489 -1.1328 0.51571 -0.81838 -0.52211 0.60563 -0.29821 -0.43941 0.0032805 -0.89345 0.51548 1.0589 
ammonia 0.35117 -0.37823 -0.41884 1.3617 0.8154 0.19363 -0.73587 -0.62599 -0.53542 0.0073846 0.43026 -0.63047 -0.65828 0.47722 0.079738 0.47055 0.28736 -0.25721 0.28311 -0.047019 -0.30918 0.5168 0.75959 -0.16219 -0.64816 0.88813 0.51133 0.39128 0.23759 -0.32149 0.44296 0.19074 0.015524 -1.1097 0.48472 0.38036 -0.73201 1.5983 -0.028662 -0.19442 -0.40612 0.47551 1.2004 0.022796 -0.88335 -1.9741 -2.1038 -0.72553 -0.20983 0.8471 0.86102 -0.48338 -0.38112 -0.038421 0.63786 0.59114 0.63422 0.40123 -0.78562 -0.054993 -0.16021 0.13641 -0.055664 0.11798 -0.020773 -0.11676 -0.91335 0.13204 -0.36869 0.35528 0.16986 -0.10664 0.77995 0.20439 -0.092526 0.69358 0.568 0.055243 0.35126 -0.089957 -0.40998 -0.83148 0.030889 -0.73128 -0.39859 1.4345 0.085858 -0.099579 0.48407 -0.69452 0.085185 -0.39229 0.48328 0.39642 0.34369 -0.60515 0.59811 1.1518 0.12862 0.22767 
cedar -0.63951 -0.21403 0.97959 2.0687 0.050664 1.1078 0.45837 -1.1689 -0.27793 -0.20134 -0.31131 -0.62569 -0.497 0.062312 -0.19379 0.54934 -0.10825 0.04363 -0.27724 -0.69796 -0.94775 0.97785 -1.4845 -0.17319 0.27738 0.14338 -1.2944 -0.15328 0.12287 0.76517 1.2528 -1.3103 -0.57146 0.44466 -0.84334 -0.15109 -1.4327 1.3384 -0.16949 -0.41793 -0.47317 0.35202 -0.21195 -1.1133 -1.1471 -1.2959 -1.4501 -1.4733 -0.52355 0.6157 0.71792 -0.46092 -0.75377 -0.19895 -0.43991 0.68965 -0.80672 -0.62371 0.02395 0.55771 -1.0997 0.61958 0.20104 -1.1922 0.85724 -0.45575 0.25996 -0.3641 2.7335 -0.32845 -1.344 -0.22046 -0.17417 0.17714 -0.53531 1.0467 -1.2139 -0.073146 -1.2763 -0.29537 0.13757 0.35405 -0.77461 0.40471 -0.042576 0.26931 -0.1175 -0.3184 0.87595 -0.27983 -0.29808 0.10145 -1.5009 0.33103 0.14312 -0.026471 -0.14606 1.3945 -0.0056179 0.72485 
weed -0.069284 1.07 -0.00214 0.70157 -0.3432 0.15987 -0.99969 0.2276 -0.97038 0.93911 0.99262 -0.94066 -0.78658 0.72191 1.1803 -0.08218 0.047674 -0.086812 0.2166 -0.012705 -0.92999 -1.0832 0.49911 -0.97573 0.17805 -0.37586 -0.70154 0.2767 0.34414 0.14996 0.75715 0.10415 0.28044 -1.4865 0.24537 -0.4082 -0.47929 -0.48602 -0.48315 0.54197 -0.71221 0.39169 0.59505 0.34587 -1.1653 -1.9803 -2.0142 -1.6177 0.54289 -0.24666 1.5764 0.57251 -0.55836 0.62671 -0.47589 0.0098121 0.46849 0.77806 0.21903 -1.2854 0.043832 0.25838 0.029895 -0.037319 0.03407 0.14056 -0.45705 0.17437 0.91561 -1.4721 1.2463 0.16081 -0.89192 0.65704 -0.043045 -1.2931 -0.3694 -1.1404 0.54688 0.92474 0.072236 0.42308 -0.68879 0.29145 1.8643 0.14143 -0.93213 -0.090431 -0.62758 0.47339 -0.81601 1.5401 0.55649 0.19758 1.2483 0.5158 0.080684 1.2161 -0.57519 -0.45445 
rubber 0.10737 -0.90245 0.58355 2.097 -1.2995 0.06856 -1.292 0.33362 -0.63997 -0.46579 0.24596 -1.0039 -0.86244 0.64072 0.78975 0.46129 0.93735 -0.77954 0.34273 0.17322 -0.70186 0.012322 0.5185 0.039116 0.28617 -0.55688 -0.60387 -0.19989 -0.012262 0.51314 0.5485 0.47172 0.20342 -0.67789 1.0836 0.33659 -0.42765 1.9345 0.90638 -0.99894 -0.49527 -1.4088 0.64876 -0.75888 -0.08825 -1.323 -1.5092 -0.46019 -0.19678 0.077647 1.2782 -0.96594 0.10555 -0.16938 0.070394 0.079659 0.62594 -0.58093 -0.0063272 -0.61532 -0.58273 0.61243 -1.1665 -0.24122 1.6362 -0.13169 -0.83634 -0.41533 -0.070072 -0.74802 0.16262 -0.67517 0.85504 0.54016 0.28713 -0.13726 -1.3 -0.43164 -1.6626 -0.72426 -1.3955 -1.5909 -0.53213 1.0097 -0.62634 1.0068 -0.14607 -0.51458 0.79518 -0.3603 -0.86011 0.17294 -0.38971 0.15213 0.54191 -0.039268 0.079907 1.6813 -0.12721 -0.0035189 
vegetable -1.1555 0.53353 -0.60235 1.8284 -0.58544 0.18191 -0.32601 -0.53914 0.51423 -0.46002 1.1985 -0.14346 0.071194 -1.2189 -0.49276 0.33491 0.81291 0.25888 -0.86824 -1.7636 -0.66414 -0.73158 -0.084674 0.24198 0.016369 0.50778 -0.89656 -0.68794 -0.54307 -0.75656 -1.3702 -0.90724 0.32384 0.37995 -0.64675 0.21587 -0.24094 0.48022 -0.039113 -0.54818 0.7788 0.26841 1.0122 -0.47405 -1.1902 -2.671 -2.3549 -0.81251 0.16675 -0.71088 1.7165 -0.13822 1.0181 -0.51659 0.99105 0.20258 0.0036754 -0.90052 1.0895 1.0539 0.17621 -0.47687 -0.48207 -0.5959 0.3556 0.69865 0.10361 -1.2645 1.6825 -0.57914 0.37549 1.2292 0.49847 -0.54172 0.40037 -0.98518 -0.47175 -0.57224 0.6697 -0.16556 -0.35868 0.58754 -0.024054 -0.67386 0.84988 0.32471 0.36732 0.32362 -1.025 -0.46506 0.44511 0.052994 0.59452 0.084368 -0.086961 -0.30015 -0.76067 0.58828 0.52259 0.39697 
vinegar 0.10475 0.2268 0.023868 2.04 -0.45584 0.51112 -1.2171 -0.29045 0.041322 -0.28 0.54596 -0.15498 -0.31415 0.6701 0.069652 0.24729 0.55971 -0.030733 -0.14498 -0.89269 -0.95323 0.091133 -0.47612 -0.25265 0.24126 0.11973 0.49376 -0.47092 0.09074 -0.18567 0.4469 -0.53831 -0.060461 -0.035655 0.36362 -0.16745 -1.1788 0.82297 0.019198 -1.3523 0.33843 0.70345 0.36989 -0.47702 0.00012966 -2.2998 -1.8055 -0.38205 -0.40598 0.34687 0.63305 -0.091023 -0.35945 -0.32879 0.048075 0.51083 1.0111 -0.039841 0.022977 0.20071 -0.64928 0.6795 0.76025 -0.77275 0.16041 -0.28795 -0.3128 -0.10603 1.4657 -1.5075 -1.0772 0.41946 0.19013 -0.082935 0.18534 0.28694 -0.042193 -0.45208 0.18454 -0.09198 -0.034066 -0.057078 0.5241 -0.40349 0.43697 -0.093566 0.15925 0.0042524 -0.53574 -0.33924 0.54819 0.19551 -0.23347 0.33543 -0.19237 -0.12115 0.22723 -0.17087 -0.16172 -0.2766 
popcorn -1.0293 1.2644 -1.7815 1.8431 -0.12863 0.8897 -0.6616 0.33062 0.16595 -0.43597 0.29691 -0.35246 -0.025694 1.8557 0.48836 -0.63581 0.46914 0.36984 -0.32005 -1.145 0.69204 -0.12194 0.23096 0.31351 -0.29924 -0.20654 0.042274 -0.069244 -0.30078 -0.41884 0.32536 -0.20894 0.34253 1.4903 0.11338 0.28298 -0.6882 1.1069 0.46069 -1.3106 0.34736 0.13517 0.010211 0.06263 0.22628 -0.55018 -0.70274 0.18981 -0.061784 -0.15309 0.67189 -0.52918 0.19854 -0.42847 -0.36148 -0.2198 0.32862 -0.82128 0.59284 0.19977 -0.68537 -0.046497 -0.86129 -0.38312 0.04053 -0.73338 -0.89911 -0.79731 0.80043 -1.7264 0.52797 0.81697 0.066661 0.33819 0.1856 -0.75074 -0.57946 -0.61915 -0.37425 0.45927 0.32813 0.23856 -0.10311 0.1434 0.088684 -0.27863 0.10262 0.01211 -0.1968 -0.67511 -0.32078 -0.61825 -0.18354 -0.32141 -0.24872 0.3655 -0.7845 0.40879 -0.79587 0.15819 
potato -0.83156 0.23654 -1.6568 3.4209 0.028566 1.3869 -1.0657 -0.62497 0.62602 -0.92427 0.0054746 0.58969 0.058035 0.26285 0.26526 -0.88559 1.041 -0.30496 -0.96209 -1.2005 0.47733 -0.22984 -0.48743 0.23721 -0.0013055 -0.023095 0.86713 -0.042818 -0.39125 -1.06 -0.00055474 -0.13507 -0.29435 1.5741 -0.42064 0.47307 0.085929 0.37342 1.3564 -0.48251 1.3867 0.45205 0.56922 -0.24036 -0.57071 -1.5774 -0.75545 -0.35746 0.11466 -0.086556 1.558 0.21661 0.047379 -1.199 0.30455 -0.19092 0.34398 -0.42985 0.68555 0.38969 -1.3858 -0.65642 -0.39565 -0.8491 0.55968 -0.63762 -0.51896 -0.84022 1.1266 -1.7182 1.101 1.0212 0.75739 -0.45294 0.62287 -0.95801 -0.5989 -1.0445 0.99998 0.60325 0.48344 0.83856 -0.47506 0.28347 0.27886 -0.32857 -0.21564 0.26761 -0.46534 -0.58733 0.014775 -0.25143 0.48487 -0.46531 0.1723 0.48297 -0.16226 0.8118 -0.080607 0.9376 
strawberry -0.61557 0.29002 -0.039799 1.2718 -0.8879 1.2085 -0.10051 -0.26247 -0.71384 0.40309 -0.57095 -0.66472 0.26293 0.43777 0.18842 0.37452 -0.55568 0.6902 -1.0018 -0.64434 0.34112 0.015956 -1.0344 0.4513 0.49685 -0.42748 -0.3751 0.23637 -0.20896 0.54235 0.61067 0.062347 -0.25636 0.38279 -0.22179 -1.175 -0.9758 0.756 -0.14237 -0.22524 -0.12647 0.21783 -0.61315 -0.52848 -0.68169 -1.1752 -0.64582 -0.88127 -0.79685 0.13828 0.76824 -0.99161 -0.44758 -0.20812 0.14768 -0.39779 0.73178 0.15386 -0.27365 0.20627 0.3641 0.068925 0.15762 -0.51324 0.20415 -0.36092 -0.21041 -0.28236 1.993 -1.6448 -0.38447 0.85595 0.3055 0.33999 -0.23713 0.72294 -0.28807 -0.099791 0.005281 -0.32972 -0.29286 0.55545 -0.072102 -0.48056 -0.36384 0.11952 0.12664 0.52896 -0.028458 -0.16549 0.030007 0.53905 -0.13501 -0.087904 -0.024025 0.64345 -0.5543 -0.57814 0.11139 0.84906 
peppermint -0.96153 0.38443 -0.39287 1.6011 0.08956 0.02525 -0.31783 -0.042743 0.8596 -0.071055 0.24343 -0.24344 0.15959 0.38882 -0.513 0.08096 0.42707 -0.24324 -0.43858 0.2952 -0.12633 0.025999 -0.1814 0.13409 0.2146 0.65866 -0.053801 0.9655 -0.032993 0.29397 0.41517 -0.11196 -0.41251 0.57124 0.39066 -0.4443 -0.50132 0.68294 -0.075904 -0.51617 -0.95743 0.71827 0.22486 -0.71752 -0.668 -1.4608 -2.141 -0.36169 -0.092584 0.84065 0.59377 -0.091517 -0.96212 -0.61547 0.49334 1.0327 0.87536 -0.15684 -0.79039 -0.21969 -0.51811 0.24192 0.40976 -0.3336 0.044007 -0.28742 -0.84505 0.242 1.5795 -0.69836 -0.21097 -0.42426 0.76588 0.39293 0.051655 1.0054 -0.093864 0.42082 -0.62721 -1.0273 0.092545 -0.19841 -0.27451 -0.54558 -0.78043 0.77864 -0.11385 0.18727 0.0175 0.17739 -0.098406 -1.1055 -0.48603 0.98627 0.44748 -0.23234 -0.14269 -0.71322 0.064771 0.53217 
mouse 0.78393 -0.92738 -1.1832 0.9448 -0.22466 -1.0369 -0.94135 0.8407 -0.19443 0.44003 0.11233 0.4282 -1.4965 -0.45893 -0.1369 0.050606 1.1327 0.59763 -0.1008 -0.13925 -0.69371 -0.24617 -1.253 -0.78136 0.61059 0.17549 -1.0511 -0.5336 -0.10809 0.013632 0.59557 -0.26079 0.29789 -0.85173 -0.013456 0.58938 0.33561 0.99333 0.12836 -0.35747 -0.35752 -0.79021 -0.58264 -0.43185 -0.17811 -0.89942 0.16756 -0.8223 -1.2998 0.12771 1.1499 0.1388 1.1335 0.86517 0.53669 0.31316 -1.262 -0.82103 0.47673 0.69296 0.1045 0.40291 -0.029098 -0.23125 0.56845 0.62989 0.069403 0.82267 0.11115 -0.085544 -0.96713 0.32985 -0.24192 0.5211 1.4934 -0.087122 1.0602 -0.90828 0.69956 0.15394 -1.4256 -0.39694 -0.38749 1.6641 -0.70583 1.9069 -0.030352 -0.7831 0.054098 -0.93401 0.46696 -0.15395 0.39646 -0.012023 0.37433 -0.057867 0.50487 0.8337 0.23269 0.71225 
disinfectant 0.3259 -0.36121 -0.51771 1.435 0.81779 -0.6501 -0.20871 -0.37753 -0.59247 0.61032 0.32353 -0.38908 -0.72488 0.3454 -0.12711 -0.044883 1.1637 0.078775 0.30432 -0.98929 -0.70721 0.42438 0.21092 -0.6237 -0.62285 0.55998 -0.43124 -0.29154 -0.17286 0.16676 0.39338 -0.072759 0.19109 -0.21547 0.31456 0.10417 -0.78352 1.5646 -0.329 -0.84332 0.2991 0.45962 0.63817 -0.2703 -0.76364 -1.3394 -1.7252 -0.73239 -0.13131 -0.18646 0.2991 0.27111 -0.4553 0.66436 0.25318 0.47766 -0.26149 0.34584 -0.16037 0.4996 -0.042738 0.13276 0.10835 0.076528 0.64846 -0.098778 -0.31379 0.13339 -0.45107 0.32465 0.32088 0.096412 0.67522 -0.50816 -0.28934 0.58056 0.07659 0.29917 0.23238 0.016304 -0.66972 -0.38059 0.08179 -0.63406 -0.71003 1.5348 0.5827 -0.26333 0.34533 -0.60512 -0.35309 -0.50132 0.001745 0.30605 -0.17976 -0.32885 0.86811 0.91252 -0.36044 -0.085139 
peach -0.60578 1.1216 -0.67134 1.9341 -1.1069 0.6115 0.27078 -1.245 -0.22416 0.18462 -0.72298 -0.074292 0.36104 -0.45822 0.38535 -0.16115 -0.48187 0.39551 -0.63265 -1.2575 -0.29717 0.39818 -1.6918 1.0257 0.36287 0.46358 -0.75995 -0.69789 -0.4796 -0.013788 0.81785 0.29357 -0.30071 1.2549 -0.10858 -0.19998 -0.096442 0.15019 1.0809 -0.63379 0.41741 1.1135 0.45679 -0.72275 -0.079457 -1.2059 -1.3932 0.33788 -0.41104 -0.32174 0.41449 0.071366 -1.1807 -1.0919 -1.3496 -0.044741 0.022449 -0.07232 -0.03203 1.2989 0.51716 0.19824 -0.66704 -1.5622 0.45982 -0.087119 0.14196 -0.45069 3.0651 -1.165 0.49842 0.4422 -0.51151 -0.60475 -0.026301 0.72999 -1.1273 -0.18376 -0.31382 -0.63762 0.81543 1.1642 -0.29522 -0.5439 -0.54591 -0.079994 0.57349 1.215 -0.53934 0.81038 0.89754 0.36557 0.76236 0.32989 0.60294 -0.55657 -1.6467 -0.90968 -0.39875 1.4358 
cherry -1.0835 0.26012 0.13284 2.0502 -1.077 1.5659 -0.26136 -1.0641 -0.34036 0.6928 -1.6233 -0.21457 0.49113 0.29153 -0.88183 0.46896 -0.90426 0.31473 -1.5362 -0.92208 0.77947 0.44621 -1.9802 0.49961 0.11985 -1.0284 -0.4369 -0.46491 -0.79639 -0.58941 1.0227 -0.55208 -0.58977 1.1192 -1.5371 -0.77066 -1.0973 1.1662 -0.073661 -0.74881 -0.3912 0.99566 -0.30175 -0.76136 -0.92364 -2.0147 -0.50249 -0.36608 -1.0554 0.71101 0.66365 -0.78832 -0.48573 -1.9956 0.49828 -0.35678 1.5028 0.9443 -0.41028 -0.3843 -0.16078 -0.73974 0.097141 -0.10429 0.77533 -0.55502 0.19857 -0.34855 2.9196 -1.5782 -0.90035 1.245 -0.20449 -0.14722 0.55875 0.43472 -0.27952 -0.13349 -0.066555 0.10968 -0.073437 1.0365 -0.31657 -1.2332 -0.011928 -0.86068 -0.32276 0.89909 -0.53866 0.25393 -0.5007 0.23599 -0.31135 -1.1247 -0.03338 0.54526 -0.20232 -0.36326 -0.21422 1.194 
bark 0.64057 -0.32769 0.14481 1.0545 -1.4829 0.30756 1.7153 1.1116 -0.97833 0.27395 -0.82546 -0.090408 -0.71568 0.45766 0.73092 0.0017961 -0.16169 0.092312 0.6059 -0.094061 0.010939 0.88591 -2.6867 0.45987 -0.44134 -0.9772 0.040795 -1.0446 -0.046084 0.27252 1.2335 -1.075 0.6094 0.15176 -0.15951 0.56338 -0.1004 1.5685 -0.52384 0.98598 -0.2786 -0.42399 0.067324 -1.0341 0.5596 -1.4418 -1.1116 -0.83371 -1.0755 0.88204 1.859 -0.044471 0.20455 -0.011859 -1.5016 -1.2772 0.29484 0.49761 -0.19425 -0.67211 -0.92161 0.94649 -1.3787 -0.48065 1.2711 1.11 -0.32374 -0.91137 0.53379 -1.2166 -0.1045 0.26969 -0.33777 0.96952 0.23073 -0.9989 -0.50086 -0.81094 0.11813 0.85866 -1.0133 1.2533 -1.1215 2.163 0.26966 0.65843 0.13259 0.23777 0.15351 -0.63405 -0.5357 0.26561 -0.17143 -1.7074 0.29843 0.015898 -0.23432 1.148 -0.27747 0.91878 
clove 0.20967 0.32639 0.68681 1.7696 0.50564 0.37744 -1.1562 0.11507 0.43484 0.59365 -0.60282 -0.47361 0.70642 -0.12564 -0.05438 -0.08194 1.4893 -1.1323 -1.7846 -0.67457 -0.76247 -0.47386 -0.2594 -0.5128 0.84001 0.25666 -1.7495 -0.57004 -0.52874 0.38806 0.73298 -0.80779 0.25966 0.54967 0.18305 -0.80731 -1.756 0.80922 0.93113 -0.86014 0.52675 -0.32639 -0.067828 -1.4249 -0.46832 -1.2602 -1.3977 -0.97245 0.29664 0.25486 1.3406 -0.50359 0.015673 -0.74446 0.33369 0.18392 -0.56623 -0.29328 -0.55455 1.1769 -0.35855 -0.19037 -0.50209 0.30614 0.8112 -0.64435 -1.4801 -0.30447 3.5647 -1.6765 -0.091999 0.60197 -0.38825 -0.56807 -0.13782 0.43405 -0.46199 -0.1277 -1.2787 -0.66904 0.59927 0.38788 -0.95504 -0.29282 -0.80467 0.82093 -0.47435 0.54961 0.34824 -0.069657 -0.10577 -1.2561 -0.42759 0.7646 0.86323 0.58972 0.14188 -0.87263 -0.79847 0.55465 
bakery -1.6959 0.36041 -1.6907 2.2987 1.048 0.32448 0.28227 -0.73154 -0.3993 -0.52508 0.13272 0.83849 1.1253 0.042135 0.044823 -0.73334 -0.061914 -0.010373 -0.10603 -1.1684 1.4392 0.088026 -1.2235 1.1515 0.80871 0.6169 0.076711 -0.083363 -0.42635 0.67251 -0.5802 -0.19202 -0.25577 2.0289 -0.05859 0.42215 -1.2071 0.28456 0.22563 -0.1139 0.60374 0.47081 0.061207 0.35579 -0.21355 -0.9404 0.018165 0.219 -0.86757 0.825 -0.24585 0.15488 -0.091515 -1.3132 1.0355 0.41874 -1.0178 0.51373 0.82597 0.66982 -0.9076 -0.25133 -0.324 -1.1045 1.2189 -1.8856 -1.0416 -0.67083 1.0798 -1.722 0.51981 0.91506 -0.69049 -0.74722 1.2736 -0.050951 -0.72259 -0.28707 0.47352 2.1383 1.7863 0.73605 -0.36098 0.80912 -1.6593 -0.41597 1.0633 -0.26041 0.28767 0.14099 1.1138 0.42359 -0.39996 0.59648 0.083272 2.0432 -1.47 1.4221 0.2081 0.64105 
detergent -0.19875 -1.1888 -0.42846 1.9831 0.18307 0.38637 -0.80499 -0.36562 -0.10808 0.52125 0.58053 -0.21959 -0.77773 -0.88977 -0.12367 0.54168 0.79501 -0.34746 0.53678 -0.19892 -0.054899 0.7228 -0.19143 0.041424 -0.26866 1.644 0.39556 -0.21523 -0.17669 1.1924 0.32367 -0.17422 0.24658 0.024002 0.97479 -0.17956 -1.3184 1.1759 0.051562 -0.79501 -0.57863 1.4353 0.37716 -0.19851 0.15692 -1.211 -1.5211 -0.75113 -0.70983 0.055859 0.78655 -0.058236 0.25242 -0.22174 0.97717 1.6939 -0.40218 0.64557 -0.47988 0.032773 0.50564 0.47963 0.89893 -0.29191 -0.34257 -0.32537 -0.89739 0.032186 0.98456 -0.45387 -0.51074 0.141 0.91466 -1.0033 -0.41536 0.62856 0.56287 0.31365 -0.29207 -0.76444 -0.69385 -1.5828 -0.24291 -0.47038 -0.62352 1.3144 -0.47474 -0.71534 0.21935 -0.67448 0.58788 -0.91745 -0.15493 1.1722 -0.39464 -0.46644 0.16423 -0.50547 -0.064553 -0.49826 
mothball -0.44539 0.30749 -0.34535 1.0855 0.60383 0.22011 -1.1338 -0.13004 -0.67695 0.24388 0.32661 -0.39461 -0.53519 0.57035 0.43471 -0.013279 0.48072 0.44101 -0.92325 -1.1374 0.18729 -0.81436 -0.30378 -0.82381 0.28165 0.15551 -1.354 0.1771 -0.49625 1.2585 0.92883 -0.52093 -0.11806 -0.16374 0.3227 0.16778 -0.35206 0.31533 0.53091 -0.56837 -0.057568 -0.47146 -0.59182 0.052292 0.10332 -0.98867 -0.82693 -0.80924 -1.1734 0.55758 0.16407 0.22887 0.15199 0.78298 -0.065405 0.13827 -0.6247 0.14782 0.16547 0.38069 -0.43983 1.3872 -1.3105 -0.65263 0.25641 0.17551 -0.032381 0.34922 1.2492 -0.95794 -0.27945 0.79089 -0.27224 -0.22018 -0.42 0.49058 0.1888 -0.58838 -0.66387 -0.062328 -1.498 -0.53944 -0.15912 -0.22567 -0.60429 0.79963 -0.56085 -0.36241 0.58144 0.30352 -0.43847 0.060549 -0.55544 0.53305 0.4328 -0.00073017 0.21057 0.15575 0.02349 0.37392 
oak 0.22619 0.11507 0.97791 0.72868 -1.2347 1.3624 0.93239 -0.8117 -0.70097 -0.015668 -0.24405 -0.38813 0.51351 -0.15756 0.10552 -0.43848 -0.3406 0.15732 0.68447 -0.083161 -0.68323 0.61728 -1.5087 0.23551 0.81719 -0.21332 -1.4052 0.12347 1.0302 1.1528 0.7839 -0.52523 0.58198 0.060415 -0.37025 -0.71101 -0.97433 1.441 0.1795 -0.42813 -0.047133 0.67308 -0.090724 -0.95815 -0.56212 -1.9452 -1.8555 -1.3479 0.41362 0.27528 1.8336 -1.1497 -0.27736 -0.91767 -1.2002 -0.32393 -0.90467 -0.72745 0.22507 0.44332 -1.2692 0.99665 -0.79103 -0.82652 1.2839 0.030967 0.32218 -0.79426 1.4568 -0.46399 0.63811 0.22443 -0.67226 0.019532 -0.64521 -1.0636 -1.4575 -1.7182 -0.65511 0.53027 -0.71616 0.48204 -1.6233 0.3399 0.57997 -0.24638 -0.74404 -0.028765 0.42001 -0.13027 -0.98011 0.9576 -1.5259 -0.21117 0.74244 0.37389 -0.061441 1.5705 -0.18675 0.45009 
tar -0.62078 0.022856 0.70977 3.2528 -2.4654 1.5142 0.62072 -0.33081 -1.4333 0.42022 -0.59188 -0.95231 -0.70493 0.79366 0.52392 0.94875 -0.80901 -0.094936 0.27136 -0.45858 -0.47895 1.6091 -1.4859 0.097815 0.45235 -1.307 0.10057 -0.39353 1.4659 -0.49579 1.0675 -0.92601 0.28811 1.1609 -0.68273 0.6736 -0.40154 1.799 0.30143 -1.3491 -0.17106 -0.49098 0.86095 -0.92195 -1.3045 -2.1622 -2.8828 -0.50732 -0.1723 0.21759 0.093965 -0.43564 -1.5504 -0.64541 -0.97951 -0.56953 0.92387 0.0034565 -0.38691 0.085841 -1.1295 0.30576 -0.61862 -0.58107 1.0187 -1.1 0.044137 0.30591 2.6161 -0.62499 -0.89868 1.0343 -1.3018 0.70593 0.27776 -0.88485 -1.8365 0.028887 -2.3989 1.3468 0.85033 -0.90106 -1.0528 1.5658 0.55188 -1.3863 1.0645 0.34193 -0.15412 0.066722 -1.3239 0.72304 -0.93593 -0.37037 0.11223 1.5804 -0.39957 0.84422 -1.405 1.2697 
violet 0.53045 1.0494 0.053638 0.051763 -0.067473 1.1092 0.65872 -0.4832 0.90511 0.23458 -0.10607 -1.1851 0.75083 -0.17393 -0.87292 -0.089883 -0.01201 0.65351 0.21477 0.1243 -0.037594 -0.12053 -1.1671 -0.41634 0.049386 -0.44445 -0.99809 0.48036 -0.40751 0.94013 1.0683 -0.98094 -0.22137 1.0032 -0.53907 -0.061662 -0.95205 0.60525 0.15308 -0.99686 -0.24475 0.42913 -0.4884 -0.14425 0.030056 -0.4676 -1.1647 0.1241 -0.2379 -0.1802 0.28083 0.5614 -0.25807 -0.28065 -0.5624 0.16443 0.4838 0.28935 -0.31254 0.2706 0.46566 -1.1404 0.14857 -0.23385 -0.22248 -0.23416 0.53726 0.042147 2.0562 -0.90089 -0.17255 -0.083336 0.22108 0.014876 -0.30256 0.95174 -0.43431 0.29556 -0.85447 0.16653 -0.23678 0.32899 -0.23982 0.2859 -0.014072 0.30628 0.0062529 0.10561 0.11686 0.42838 -0.0076114 0.49854 0.50002 -0.14954 0.74771 -0.33853 0.68006 -1.4177 -0.085387 0.57059 
coconut -0.70371 0.28794 -0.54469 1.8873 -0.14712 1.5701 -0.33727 -0.37388 -0.2934 0.28815 -0.5644 -0.57243 0.19117 0.89195 0.36333 -0.17792 0.35554 0.22477 -0.46249 -0.22344 0.39233 0.33691 -0.59987 0.31762 0.38255 0.37306 -0.25027 0.21414 0.82734 0.015292 0.673 -0.35755 -0.37442 1.3296 -0.59606 -0.1122 -1.0621 0.53254 0.39383 -0.43437 -0.33581 1.155 0.50233 -0.69283 -0.18572 -0.96076 -1.2916 -0.77935 0.12005 -0.089703 0.25254 -0.54371 -0.052863 -0.7599 0.76777 -0.21688 0.12278 -0.29688 -0.090743 -0.03338 -0.415 -0.12939 -0.55199 -0.59016 0.86132 -1.0702 -1.0957 0.07502 2.1026 -1.2086 0.040003 0.48122 0.53554 -0.43533 -0.41202 1.0243 0.04404 0.3958 -0.68585 -0.89559 0.35217 -0.37547 -0.38571 -0.57731 -0.10981 -0.71814 0.17287 0.63021 0.53631 -0.53987 0.38847 -0.98411 0.40746 0.24481 -0.17657 -0.50195 -0.19526 -1.0956 -0.25456 0.032696 
grape -0.2994 -0.26979 -0.12829 2.4934 -0.28132 0.50505 0.0087053 -0.53705 -0.12267 0.02232 -0.22826 -0.39459 0.30638 -0.49647 -0.53547 0.26809 -0.96292 0.4037 -0.54883 -0.25574 -0.045594 0.33594 -1.8957 0.64165 -0.10462 -0.50177 -0.71738 -0.41443 -0.37762 0.55209 0.34821 -0.30392 0.35172 0.41251 -0.34338 -0.26467 -0.55706 0.38241 -0.83896 -0.34093 -0.33125 1.1759 0.11358 -1.1042 0.034931 -2.3574 -1.3281 -0.48887 -0.41191 0.24682 0.41819 0.053199 -0.93089 -0.95771 -0.57028 -0.038772 -0.035076 -0.61767 0.555 0.62923 -0.47421 -0.78741 0.17775 -0.62936 0.537 -0.034492 1.1315 -0.27438 3.0482 -1.4091 -0.63785 1.1401 0.29258 -0.60726 -1.0086 0.66482 -0.21586 0.13791 -0.91781 -1.82 -0.5316 0.88119 -1.9576 -0.48137 0.25465 -0.55773 0.1099 -0.40939 -0.018586 -0.42398 0.051303 0.33754 -0.62629 0.38422 0.64514 -0.21275 -0.86665 -1.0985 -0.11808 0.67984 
berry -0.93224 0.5605 0.15545 1.7094 -0.7723 2.1432 -0.21603 -0.77372 0.31211 0.36141 -0.98246 -0.56033 1.098 0.25484 -0.80318 0.76624 -1.1047 0.35103 -1.9199 -0.40786 0.83114 -0.07325 -1.9119 1.3136 0.70479 -1.0166 -0.91308 -0.0682 -0.75072 -0.28037 0.4233 -0.38586 -0.3558 1.2317 -1.2849 -1.5045 -1.7669 0.4051 -0.76782 -0.35781 -0.48396 1.1687 -0.78989 -1.2683 -1.3047 -2.15 -0.99318 -0.49559 -0.752 0.60608 0.80742 -1.3574 -0.53717 -1.8303 0.41236 -0.1422 1.6032 0.017998 0.053916 -0.17786 0.62949 -1.7842 1.0376 -0.71138 -0.38674 -0.95637 0.64711 -0.49955 3.8269 -2.9139 -1.0403 1.1729 0.061782 -0.19902 0.10617 1.0286 -0.50772 0.31564 0.30387 -0.61657 -0.34417 1.6213 -0.39692 -1.0433 -0.062447 -0.43607 0.15229 0.64653 -0.96911 -0.23114 0.20628 0.98847 -1.0942 -0.50948 0.52368 0.97025 -0.95421 -0.76152 0.54989 1.5343 
glue 0.63119 -0.4432 0.3288 1.5173 -0.0080127 0.8823 0.357 -1.1036 -0.28327 0.34068 -0.63055 -0.69409 -0.6209 0.73373 -0.42238 0.024242 -0.41093 0.65297 0.28146 -0.76742 0.26618 1.1021 -1.0861 0.12684 -0.43619 -0.57145 -0.18574 0.41224 -0.69514 -0.035841 0.8331 -0.79392 -0.14866 0.077778 -0.23383 1.3647 -0.58564 -0.38827 -0.18926 -0.55805 -0.062297 0.27528 0.73119 -0.69176 -0.26841 -0.62561 -0.69039 -0.70422 0.60127 -0.067764 0.86142 -1.2 -0.4181 0.38997 1.0634 0.24671 0.066378 0.14636 0.83831 -0.0037835 -0.97041 0.27653 -1.1299 -0.28858 -0.14219 -0.10511 1.945 0.13876 0.88661 -0.25638 -1.0578 0.45215 0.63641 0.15334 0.68283 1.2679 -0.6972 0.47093 -1.9622 -0.76633 -0.45325 -0.578 -0.13702 1.102 -0.22237 -0.44086 0.44986 0.17515 0.91629 -0.30676 -0.63354 0.27065 -0.20978 -0.9291 0.53837 0.095186 0.5593 0.33778 -0.54734 0.93321 
banana -1.2938 0.28558 -0.56073 2.6062 0.072926 0.848 -0.61125 -0.31353 -0.44267 0.08057 -0.044758 -0.46927 0.3845 0.23553 0.16322 0.17635 -0.39906 0.12125 -0.45557 -0.64216 0.28908 -0.4697 0.093723 -0.35162 -1.0587 -0.12147 0.51779 -0.69511 -0.2463 -0.66567 0.11014 -0.11308 -0.5178 0.48905 -0.073975 -0.49411 -0.99508 1.1158 0.47784 -0.72329 0.15826 -0.00083349 0.36453 -0.18787 -0.2262 -2.1033 -1.2915 -0.37108 -0.37435 0.6731 0.9755 -0.2857 -0.37861 -0.15692 0.23788 0.052242 0.54912 0.16085 0.14445 -0.22671 -0.20758 -0.085867 -0.28737 -0.35871 -0.20275 -0.4228 -0.30378 -0.10511 0.55536 -0.96654 0.393 0.24854 -0.038234 -0.17956 -0.12626 0.73386 -0.14759 -0.20357 0.50775 0.0023587 0.44841 0.22037 -0.31345 -0.26314 -0.74131 -0.045206 -0.29456 0.30368 -0.39485 0.013422 0.55509 -0.26659 -0.33493 0.15379 0.11197 0.73876 -0.4338 0.5054 -0.010909 0.60612 
eucalyptus -0.23198 0.3966 0.42085 0.68914 -0.083039 0.76963 0.50889 -0.64729 -0.77542 0.35521 -0.3382 -0.61121 0.052164 0.40379 -0.22749 0.11456 -0.19412 0.27813 -0.27526 -0.24939 -0.61554 0.35514 -0.96825 -0.074676 -0.1673 0.10022 -0.72836 0.0094529 0.43195 0.5361 0.57097 -0.26131 0.17513 0.39136 -0.28176 -0.42805 -0.67522 1.0602 0.17733 -0.40313 -0.42354 0.53867 0.2243 -0.3108 -0.36259 -1.3182 -1.1384 -0.70791 -0.33855 0.68686 0.5512 -0.16531 -0.55502 -0.63345 -0.21512 0.019046 -0.019328 0.25611 -0.20743 -0.093298 -0.19525 0.01031 -0.11836 -0.56256 0.68102 -0.10349 -0.285 -0.13275 1.544 -0.95977 -0.15912 -0.12685 0.20778 0.054337 -0.40827 0.53499 -0.6134 -0.1909 -0.53346 0.21863 -0.12268 0.25078 -0.644 0.29981 0.12797 0.64976 -0.34428 0.021924 0.83289 -0.015447 -0.043425 -0.12053 -0.49061 0.16641 0.52486 -0.06737 0.023857 -0.26962 -0.011942 0.73403 
mushroom -0.29277 0.033276 -0.73354 1.1645 1.0685 -0.030616 0.23497 -0.12168 -0.29542 -0.80222 0.41776 -0.25271 -0.18935 0.48393 -0.23521 -0.36127 1 -0.10765 -0.7427 -0.075009 -0.0070484 -0.3479 -0.84282 -0.6321 -0.0014088 -0.17923 -0.66655 -0.55235 -0.46586 -0.0053666 0.56891 0.041112 -0.44941 0.012851 0.47625 0.093573 -0.92679 0.81783 -0.19288 -0.76151 0.20803 0.18041 0.51977 0.26766 -0.10672 -1.268 -0.50637 -0.074186 -0.38117 -0.30561 0.64579 1.073 -0.1785 0.60625 0.14648 0.42308 -0.44692 -0.64483 -0.25387 1.1064 -1.0731 -0.42204 0.25464 -0.90216 0.66026 -0.35858 0.58433 -0.55271 1.3206 -1.2649 0.28325 0.4081 -0.016863 -0.32327 -0.23125 0.54547 0.21165 -0.24359 0.8308 0.25733 -0.22218 0.29902 -0.53282 -0.057814 -0.3183 1.254 -0.17802 0.15928 -0.20011 -0.39097 -0.27664 0.58155 0.10703 -0.10953 0.58861 -0.19994 0.33813 0.38174 0.43668 0.68456 
rum -0.20183 0.088828 -1.2425 2.2184 -0.8655 1.5365 0.49712 -0.016802 -0.88867 0.65674 -0.55183 -1.5724 -0.066142 0.89956 -0.35783 0.030894 -0.93132 0.42713 0.20802 0.14772 0.49726 0.72788 -0.34133 -0.87046 -0.69738 -0.89399 0.35802 0.56857 0.57097 0.52603 0.68717 0.33039 0.54782 0.38828 0.00026742 0.2722 -0.98378 2.2389 -0.075945 -1.0845 -0.43332 -0.8122 0.89267 0.30998 -0.35199 -1.3308 -1.6868 0.38635 -1.0156 0.71291 -0.079961 -0.55127 -0.35925 -0.90573 -1.2282 -0.86712 0.23361 0.2839 0.28692 -0.21859 -0.25512 -0.44051 -1.5095 0.0083779 2.194 -0.093478 -0.17094 -0.60343 0.83921 -0.55183 -0.36144 0.21857 0.045948 0.21076 -0.052852 -0.99499 -0.6856 0.06075 -1.4996 0.23088 -0.84666 -0.49523 -0.2034 0.96706 0.42685 0.15719 0.17088 -0.56885 0.90429 -0.42721 -0.87095 -0.51273 -0.38243 -1.069 0.80887 0.91301 0.31672 -0.66073 -0.20484 0.89631 
almond -0.33869 -0.3058 0.10336 1.401 -0.11969 0.77287 -0.75486 -0.23514 -0.078274 -0.72282 -0.12121 -0.33396 1.0219 -0.092198 -0.22516 0.20035 0.19938 -0.21089 0.015773 -0.091369 -0.42776 1.0504 0.21815 0.92177 0.37813 0.37716 -0.24221 -0.24326 0.45644 -0.16056 0.57403 -0.48902 0.56463 0.23484 0.015213 -0.64379 -0.30928 1.2562 0.28569 0.046024 -0.2021 0.12817 0.28148 -0.25589 -0.62545 -1.2887 -1.7163 -0.57637 -0.37939 0.45557 0.41373 -0.44329 -0.90381 -0.68988 -0.76073 -0.067393 0.12887 -0.80563 -0.095574 -0.22044 -0.18241 -0.17088 -0.70064 0.29967 -0.48397 -0.13357 -0.12937 -0.12574 1.5066 -0.92549 -0.32972 0.6693 -0.5055 0.44659 0.2244 0.052086 -0.036856 -0.12036 -0.32084 0.52346 0.32 0.5591 -0.70314 -0.25828 0.19062 0.52213 0.062738 0.65884 -0.41678 0.23206 -0.16732 -0.35464 -0.45654 -0.0035842 -0.31341 -0.28691 -0.30783 -0.96085 -0.30177 0.55788 
pear -0.1509 0.89982 0.4658 0.89741 -1.4941 1.1365 -0.46906 -0.52248 -0.27486 0.7911 -0.52037 0.41024 -0.063 0.57199 0.11656 0.57378 -0.9914 1.633 -0.39753 -1.0181 -0.43355 0.32492 -2.2514 1.1695 0.26729 -0.34783 -1.2362 -0.54749 0.71913 -0.69501 0.018921 -1.051 0.49495 1.3058 -0.40536 0.4936 -0.69579 0.91841 -0.058651 -1.1256 -0.012631 0.13504 -0.57844 -0.87339 -0.13207 -1.9777 -2.0246 -0.34478 -0.17643 0.61767 0.46533 0.10714 -1.4529 0.33473 -1.5417 0.032169 1.3665 0.52012 -0.92182 0.4355 -0.064431 -0.10542 0.63861 -0.88772 0.011875 -0.84572 1.7058 0.33353 3.8084 -1.4482 -0.8126 0.94614 -1.277 0.55344 0.47819 -0.1318 -0.18065 -0.19952 -0.5826 -0.17557 0.31027 0.31689 -0.21421 0.30951 0.94816 -0.82416 0.52004 0.45224 0.15976 0.2499 1.2755 0.58621 -1.375 0.41052 -0.46254 0.12184 -1.5576 -0.54859 -0.93826 0.47883 
ham -1.2263 0.60002 -1.5822 1.6008 -0.40822 1.0786 -1.4003 0.18409 0.28739 -0.87548 -1.2133 0.11649 -0.13822 1.8981 0.9012 -0.88255 0.98724 -0.44443 -0.90801 -0.12515 1.2926 -0.84468 -0.50346 0.56501 1.0314 0.15219 0.19538 0.74044 0.35777 -0.485 -0.2189 0.15744 0.27923 0.9648 0.17338 -0.16685 -1.5208 1.2796 1.9547 -0.66759 0.44143 0.1654 0.84647 0.15246 0.57537 -1.3211 0.44767 0.75139 -0.43387 -0.69118 0.33477 0.43021 0.71256 -0.28089 0.72316 -0.35228 0.7124 0.24456 -0.12343 0.17369 -1.2966 -0.043193 -1.6702 -0.073703 0.14912 -0.65108 -0.32916 -0.74554 0.39023 -1.5805 1.4316 0.81949 0.28871 -0.13225 0.72752 -1.2678 0.068412 -0.10751 -0.020594 0.65648 0.38315 -0.37723 0.43121 -0.62476 -0.73125 -1.3244 -0.2941 0.71022 -0.32689 -0.12233 0.20067 -0.0048567 0.34877 -0.38968 -0.27155 1.277 -0.63766 1.5704 -0.29718 -0.3582 
turpentine 0.066628 -0.57513 -0.016007 0.96582 -0.18777 0.14658 -0.13503 -0.92657 -0.6565 0.21348 0.16028 -0.18369 -0.12406 -0.26615 -0.6241 0.2005 0.31976 0.27562 -0.048201 -0.6765 0.17756 0.66843 -0.7703 -0.25018 -0.021459 0.176 -0.28078 -0.33522 -0.26208 0.37658 0.41624 -0.33425 -0.28357 -0.2501 -0.016658 0.40034 -0.92824 0.87791 0.28601 -0.62433 -0.45779 0.28509 0.56044 -0.44178 0.37171 -1.0588 -0.96217 -0.77987 -0.40841 -0.05125 0.3773 -0.70387 0.0096293 0.079747 0.73259 0.39835 0.067138 0.58561 0.20239 0.096988 -0.12434 0.77583 -0.85302 -0.31851 0.31763 -0.3027 0.16447 -1.1301 0.56198 -0.42272 -0.57158 -0.046691 0.31093 -0.15164 -0.23514 0.097266 -0.26403 -0.41437 -0.79616 0.22568 -0.20174 -0.25703 -0.032463 -0.20249 -0.4683 0.84177 -0.18845 0.32594 0.76237 -0.31607 0.29163 -0.26695 -0.22919 -0.44633 -0.029539 -1.0141 0.21792 -0.041356 -0.23188 -0.25298 
camphor -0.3544 0.047027 0.30997 0.58072 0.029639 0.64209 -0.73646 -0.14886 0.22798 0.1084 -0.00061369 -0.43094 -0.56565 0.51274 0.18304 -0.067979 -0.1603 0.3539 -0.17284 -0.35176 0.065239 -0.0027323 -0.33658 0.049643 0.13817 -0.32004 -0.83311 -0.02147 -0.16546 0.87494 0.45454 -0.19746 0.089797 -0.3902 -0.18144 -0.49432 -0.75572 0.8192 -0.06756 -0.53267 -0.44886 -0.25972 -0.16428 -0.013683 -0.35012 -1.0685 -0.6238 -0.66315 -0.55346 0.15506 -0.061773 0.30168 -0.4047 0.3552 -0.061783 0.16149 0.44231 0.80759 -0.4976 -0.51919 -0.28079 0.21461 -0.088795 -0.51215 0.37209 0.013137 -0.89415 0.056886 0.97426 -0.29638 0.15102 -0.12154 -0.14833 -0.29426 -0.06577 0.45141 -0.59361 -0.10082 -0.096859 0.66014 -0.77106 -0.065586 0.037422 -0.27774 -0.4784 0.83566 0.33852 -0.023406 0.18734 -0.38848 -0.62687 -0.13437 -0.73236 0.19591 0.20406 -0.10179 0.47758 0.46228 -0.18695 0.33737 
pineapple -0.64682 0.48426 -0.049334 1.6685 -0.47359 0.87614 0.5095 -0.57478 -1.0201 -0.13108 -0.090473 -0.33314 0.36736 0.47423 -0.28194 0.062878 -0.77155 0.2278 -0.239 -0.74735 -0.6237 0.67876 -0.85919 0.6327 0.10446 0.43635 -0.88832 -0.35744 0.031279 -0.027431 0.63156 -0.34052 0.10473 0.80165 -0.27381 -1.2317 -0.6288 1.2958 0.21111 -0.98815 0.2243 0.81243 0.020628 -0.68951 -0.64481 -2.3517 -1.5113 -1.0012 0.024609 0.089935 0.95706 -0.96693 -0.74737 -0.71706 -0.4241 -0.11884 -0.048592 -0.30955 0.21223 0.4832 0.21531 -0.92 -0.29762 -0.28595 0.59626 -0.52372 -0.56588 -0.95324 2.6887 -1.4897 -0.00044034 0.90686 0.44975 -0.16741 -0.35165 0.25743 -1.0351 -0.72938 -0.16213 -0.13465 0.56211 0.76505 -0.33349 0.11976 0.2755 0.15866 -0.10149 0.29239 0.15993 0.17206 -0.0040164 0.14927 -0.49442 0.062102 -0.07159 -0.068654 -0.45715 0.1707 0.58996 0.80197 
kerosene 0.073866 -0.3525 -0.04965 1.2007 0.04617 0.13353 0.30547 -0.33242 -0.28468 -0.11871 0.00067597 -0.88914 -0.49461 0.2685 -0.051369 -0.11904 0.57538 -0.33677 0.015348 -0.54751 -0.18569 0.44028 -0.2486 -0.59787 0.25719 -0.087583 -0.52135 0.24182 0.24324 -0.13731 0.4926 -0.5074 0.078688 -0.15437 -0.13962 0.31531 -0.21738 0.6303 0.37275 -0.3569 -0.3823 -0.017791 0.10187 -0.50023 -0.17591 -0.58218 -1.5535 -0.72189 -0.17787 0.22798 0.53268 -0.41889 -0.16304 0.40367 0.2335 0.31929 0.089802 0.23272 0.18712 -0.31793 -0.52015 0.30351 -0.78058 -0.096794 0.59005 0.031176 -0.082324 0.049115 0.18077 -0.42406 -0.38304 -0.063609 0.27166 0.20658 0.51598 0.40514 -0.4133 -0.39843 -0.36345 0.64419 0.074289 0.18132 0.27938 0.2842 -0.15701 0.80437 0.22227 0.3004 0.85441 -0.367 0.26926 -0.11783 -0.72156 -0.1475 0.053983 -0.13842 0.36618 0.40816 -0.082684 -0.03751 
rope 0.69277 -0.4732 0.37618 0.15765 -0.1048 0.85029 0.43514 0.14296 -0.0043763 0.0062596 -0.65219 -0.33232 -0.49805 -0.26157 0.80738 0.45602 -1.2812 -0.081947 0.18287 0.066328 0.11627 -0.18199 -0.81002 -0.5881 -0.47882 -0.24792 -1.6431 -0.044061 -0.5163 0.24406 0.63289 -0.47399 0.1291 -0.55499 0.35758 0.23506 -0.21769 -0.13449 0.21336 -0.24915 -0.87392 -0.016208 0.64328 -0.0057746 -0.25741 -1.4146 -0.63304 -0.46894 0.0070625 -0.53562 0.21635 -0.28426 -0.21879 0.043631 0.35819 -0.66228 0.29822 0.12019 -0.024168 0.11785 0.19676 -0.11 -0.46733 0.29276 0.47305 0.054803 0.32267 0.20693 0.83479 -0.58245 0.60712 0.026982 0.25962 0.47592 0.55523 -0.73631 -1.4651 -0.19028 -1.2737 -0.54339 0.0073213 0.31095 -1.1929 1.7036 0.088132 -0.61324 -0.72053 -0.038686 0.36369 -0.40101 0.1682 0.82927 0.34546 -0.28805 0.6413 0.069884 -0.081821 1.3847 0.21746 0.34158 
licorice -0.019526 0.33254 -0.37679 1.6206 -0.17162 1.3924 0.11375 -0.98323 0.11417 -0.10183 -0.46994 -0.70612 0.27561 0.19742 -0.28619 -0.1324 0.29796 0.19635 -0.79105 -0.64933 -0.029306 0.042385 -0.97214 0.84331 -0.86568 -0.47186 0.064944 -0.093282 -0.099431 0.18874 0.37158 -0.17547 -0.37446 1.2463 -0.72314 -0.3109 -1.1984 0.26617 0.20215 -0.9074 0.35355 0.66688 0.037525 -0.29214 -0.47214 -1.2984 -1.3509 0.12906 -0.34176 0.14968 0.446 -0.069273 0.28772 -1.2191 0.57117 0.044345 0.61478 0.3559 -0.29055 0.22391 -0.32772 -0.44291 -0.11693 -0.16742 0.42575 -0.46289 -0.11437 -0.23336 1.7865 -1.4585 0.0077095 0.62735 0.17124 0.19681 0.044776 0.39869 -0.41485 -0.28036 0.10461 -0.059734 -0.18382 0.39993 0.048283 -0.32128 -0.032079 -0.31475 -0.13645 0.3574 0.01869 -0.15214 -0.30678 -0.27667 -0.081867 -0.18494 0.26427 -0.26851 0.26735 -0.056784 -0.052656 0.70967 
grapefruit -0.88038 0.36296 -0.39897 2.2546 -0.15175 1.0352 -0.21254 -0.71117 -0.062612 0.18865 -0.049378 0.12209 0.61751 -0.35882 -0.38428 0.42745 -0.70354 0.28166 -0.64392 -0.31508 -0.55015 0.057956 -1.2063 0.98586 -0.019861 -0.26798 -0.32246 -0.40166 -0.29477 0.18331 0.44122 -0.077922 0.21068 0.57842 -0.72729 -0.86941 -0.73014 0.22529 -0.54478 -0.18231 -0.092369 0.84612 -0.10732 -0.72479 -0.35843 -2.1434 -1.6048 -0.30609 -0.29764 0.5982 0.60671 -0.28949 -0.64207 -1.6695 0.037104 -0.045071 0.65707 -0.19935 0.069884 0.25519 -0.0062477 -0.89292 0.51835 -0.47194 -0.033505 -0.37506 0.63186 -0.38828 2.859 -1.1738 -0.22864 0.67356 0.40753 -0.55008 -0.80851 1.1036 -0.51414 0.054746 -0.44538 -1.0572 -0.075234 0.68935 -0.92264 -0.83814 0.3305 -0.4498 -0.26171 0.070071 0.013683 -0.37989 0.24631 0.15782 -0.29542 0.27849 0.4597 -0.42225 -0.65386 -0.2385 -0.12527 0.75036 
caramel -0.83804 0.59438 -0.3375 1.9314 -0.8757 0.96709 -0.1575 -1.0821 0.060948 -0.26642 -0.77017 -0.94535 0.024004 0.96864 -0.28631 -0.2362 0.27461 -0.46956 -0.44648 -0.22571 0.41412 0.089827 -0.43789 0.37203 0.16442 -1.0856 0.47637 -0.10587 0.13208 0.26825 0.01966 -0.23077 -0.65094 1.1757 -0.9843 -0.088011 -0.55416 0.72657 0.37306 -0.56964 0.46224 0.53828 0.1986 -0.45799 -0.82693 -1.6692 -1.0192 -0.0026699 -0.41312 -0.28871 0.76058 -0.32792 -0.11218 -0.93091 -0.2842 -0.09644 0.51976 0.10372 0.058603 0.23322 -0.63653 -1.2599 -0.46598 -0.30761 -0.43062 -0.81678 -0.24737 -0.40014 1.3698 -0.852 0.38533 0.60838 0.236 0.023504 0.5156 0.5579 -0.9304 -0.1898 -0.594 -0.17387 0.38488 -0.12116 -0.33949 0.18736 -0.4424 -0.62558 0.68908 0.019892 -0.065757 -0.69512 -0.27 -0.20383 -0.35656 -0.2393 0.081616 0.73501 -0.15703 0.16175 -0.40023 0.39897 
raspberry -0.42354 0.33427 0.1744 1.3736 -0.74388 1.2905 0.24677 -0.60676 -0.054026 0.52014 -0.81193 -0.59995 0.65436 0.31296 -0.60766 0.32138 -0.85198 0.2198 -1.0238 -0.45646 0.27758 0.35755 -1.2432 0.86141 0.41782 -0.55193 -0.38492 0.16954 0.043983 -0.1789 0.44093 -0.23041 -0.36309 0.8358 -0.7744 -0.80874 -1.2092 0.82826 -0.25118 -0.24824 -0.16443 0.68694 -0.44652 -0.85113 -0.87155 -1.7367 -1.4 -0.21645 -0.53324 0.7049 0.70674 -0.88116 -0.6158 -1.1558 0.14953 -0.24397 1.083 0.34421 -0.2569 0.05746 0.28222 -1.4284 0.36308 -0.27118 0.0071357 -0.49841 0.53932 -0.14197 2.1182 -1.3855 -0.30261 0.92277 0.11442 0.20198 -0.031566 0.63682 -0.52259 -0.030107 -0.21763 -0.40162 -0.65541 0.79315 -0.2225 -0.58389 0.092444 -0.56141 0.26278 0.0035872 -0.33215 -0.38212 -0.337 0.23922 -0.70074 -0.26784 0.45938 0.21463 -0.40057 -0.36831 0.3287 1.0991 
solvent 0.11789 -0.75147 -0.86368 1.5856 0.2046 0.40682 -0.011482 -0.54136 0.040659 0.31791 0.27459 -0.33184 -0.26347 -0.8916 -0.97208 0.34729 0.85293 -0.40749 0.21525 -0.52271 0.26987 0.77733 -0.15114 0.20218 -0.40603 0.73624 0.22302 -0.043444 -0.22136 0.33467 0.1797 0.017321 -0.085648 0.48968 0.67289 1.4398 -0.4458 0.756 0.11829 -0.57783 -0.54306 0.44577 0.69246 -0.21427 0.11759 -0.65272 -0.98665 -0.67676 -0.045191 0.26298 0.78791 0.29982 0.45462 -0.91417 1.3045 1.5383 -0.025864 0.55189 0.15294 0.42471 -0.10636 0.20066 0.13831 -0.62561 0.71551 -0.71786 -0.038167 0.0028457 -0.18395 0.67011 -0.46012 -0.29648 0.41039 -0.56452 0.17728 0.17609 -0.1315 0.060851 -0.25671 -0.77026 -0.7287 -1.1684 -0.5225 0.075833 -0.14905 0.6969 -0.61336 -0.9056 0.16421 0.0038169 0.24253 -0.39652 -0.00016418 0.3151 0.047991 -0.58726 0.48638 0.78223 0.05227 -0.43671 
carrot -0.23873 0.45104 -0.31079 1.0099 -0.97106 0.78333 -0.58249 0.38462 -0.20706 0.11254 -0.23155 -0.28645 -0.625 0.63552 0.42142 -0.15456 0.61647 0.21603 0.0034264 -0.98738 -0.53435 -0.6334 -0.63013 -0.47743 0.35488 -0.80969 0.041795 0.15799 0.38948 0.010675 -0.37041 -0.60918 0.46971 -0.15347 0.7871 -0.70547 -0.090148 0.80711 0.215 -0.42955 0.35085 0.73438 0.39039 0.15967 -0.73272 -2.1765 -1.1671 -0.33155 -0.68043 -0.13891 0.95022 -0.15256 0.39522 -0.43347 -0.48627 -0.96514 0.22676 -0.002344 0.15103 0.092931 -0.1977 -0.39801 -1.0114 0.42353 0.20719 0.19322 -1.1226 -0.51942 0.94785 -0.29681 0.28666 0.88828 0.24237 0.1553 0.29734 -0.56844 -0.75485 -0.80796 -0.26398 -0.5723 -0.070515 0.12264 -0.79553 0.69355 -0.21594 0.8767 0.11068 0.21713 -0.56744 -0.68514 -0.344 0.20799 0.039293 -0.21327 -0.013169 1.0963 0.19654 1.7188 0.27609 0.94928 
mustard -0.66633 0.47744 -0.30749 1.9396 -0.22036 0.58286 0.11343 0.24736 -0.66935 -0.21376 0.090168 0.22764 -0.23133 0.74414 0.39331 -0.1296 -0.25329 0.37733 -0.3981 -0.31873 -0.37602 -0.71562 -0.87849 0.054438 -0.24438 0.24853 -0.64976 -0.3911 0.69404 -1.4896 0.52777 -0.42244 -0.4149 -0.47819 -0.042379 0.12951 -1.0113 0.52927 0.28736 -0.4688 -0.34304 -0.09623 -0.073658 -0.30407 0.017179 -1.6182 -0.79581 -0.19578 -0.20321 0.092397 0.14231 0.39095 -0.4463 0.21949 0.28855 -0.095791 0.39709 0.26656 -0.086303 0.40756 -0.51569 -0.10789 -0.42353 -0.23687 0.10376 -0.27129 0.66755 -0.12846 0.83557 -1.0413 0.53876 0.24068 -0.45756 0.099644 -0.055072 -0.21396 -0.77181 -0.55122 0.60093 -0.15608 0.0012659 -0.041569 -0.11528 -0.16135 0.148 -0.10783 -0.53762 -0.17945 -0.4855 -0.63956 -0.81189 0.19544 0.22507 -0.68847 -0.14967 0.072474 0.21927 0.17308 0.24054 0.55479 
anise -0.15938 0.063249 -0.38816 0.61973 -0.10239 -0.29029 -0.047096 -0.1968 0.44572 0.18458 -0.41993 -0.86368 0.089515 -0.5767 -0.33323 -0.018098 0.32245 0.27398 -0.49928 -0.01754 -0.17879 0.10154 -0.43329 0.87788 0.46739 -0.33168 -0.22095 -0.37294 -0.29689 -0.6872 0.24939 -0.58629 -0.064456 0.48584 -0.15164 -0.40353 -0.74844 0.92242 0.073524 -0.78943 0.21967 -0.16301 -0.45334 -0.2882 -0.65454 -1.8503 -1.598 -0.2479 -0.66721 0.50274 0.62148 0.20381 -0.17676 0.16751 0.11371 -0.0048835 0.87805 -0.51203 0.13006 -0.05242 -0.31517 -0.9594 0.046464 0.018771 -0.33748 -0.63405 -0.18154 0.051293 0.6394 -0.91955 -0.64692 -0.22892 0.56373 0.31473 0.82336 0.38073 0.57843 0.32473 0.45643 -0.56267 0.45596 0.091123 -0.24781 0.49011 0.0046095 1.2024 0.34709 -0.045226 -0.28242 -0.061978 0.67589 0.38553 0.0074048 0.44508 0.25751 -1.1949 0.14628 -0.85811 0.39214 1.5086 
creosote 0.26121 -0.30529 0.36435 0.31743 -0.71237 0.0029937 0.13157 -0.3349 -0.44025 0.13237 0.016612 -0.52757 0.049038 -0.17541 0.076959 0.069955 0.14891 0.38524 0.23543 -0.14885 -0.30983 0.76764 -0.37922 0.18147 0.25607 -0.11485 -0.35727 0.036867 0.48913 0.82385 0.65135 -0.36072 0.16634 -0.1182 -0.099385 0.13959 -0.3029 0.85964 0.18057 -0.10356 0.16234 0.42043 0.28231 -0.15531 -0.55877 -1.1005 -1.6214 -0.79867 -0.29143 0.12061 0.61063 -0.39058 -0.55199 -0.51218 0.1463 -0.037753 0.1479 -0.043374 0.24484 -0.020179 0.16758 -0.68179 -0.51112 0.21165 0.43559 -0.24334 0.37264 0.032916 0.79637 -0.16419 -0.20068 -0.064302 -0.22735 0.16651 0.084331 -0.58338 -0.46136 -0.5277 -0.63476 0.60199 -0.12501 0.13375 -0.72581 0.36237 0.12146 0.44254 0.041331 -0.014723 0.20709 -0.24003 -0.43025 0.0055796 -0.85314 -0.030836 0.29775 0.30093 -0.025928 0.6586 0.08187 0.56447 
cucumber -0.33112 0.13962 -0.056831 2.2775 -0.34252 0.79553 -0.46246 -0.26883 0.36159 0.11796 -0.29762 -0.11592 0.50476 -0.078725 -0.54299 0.098854 0.18317 -0.28614 -0.33917 0.25738 -0.52539 -0.27817 -0.39306 0.84872 0.53695 -0.2904 -0.41277 0.25629 -0.73431 -0.079764 0.081071 0.088898 -0.15126 0.56662 0.26412 -0.12769 -0.33596 0.14675 0.031942 -0.14644 -0.16971 0.27718 0.14848 -0.34859 -0.20969 -0.63639 -0.59702 0.25211 -0.14984 0.48056 0.98508 -0.060883 0.073404 -0.61171 0.68718 0.62503 0.70858 -0.75573 -0.28863 0.19033 -0.57971 -0.7453 0.030514 -0.50987 0.68327 -0.74924 -0.45173 -0.12486 1.6265 -1.0319 0.02405 0.31812 0.25961 0.21951 -0.1183 0.498 -0.48069 -0.32019 -0.58025 -0.72357 -0.21023 -0.34248 -0.3945 -0.16402 -0.34609 -0.25371 0.056739 -0.41294 0.21273 -0.24276 0.3146 0.41509 -0.30189 0.30838 0.78045 0.37063 -0.32629 -0.055333 0.60137 0.039201 
syrup -0.40978 0.21754 -0.42287 1.7377 -0.19653 0.60326 -0.3855 -0.30186 0.18487 0.14021 -0.23856 -0.74368 0.0029618 0.89612 0.19954 -0.2375 0.54666 -0.13297 0.052614 -0.38791 0.1302 0.14166 0.21953 -0.40693 -0.01562 -0.37325 0.52249 0.31645 0.25455 -0.73396 0.80312 0.15307 -0.13524 0.74511 -0.18418 0.21383 -0.90505 1.0412 0.60449 -0.93297 0.71419 0.36117 0.32351 0.038923 -0.57247 -1.2703 -1.1407 -0.047641 -0.063438 0.046785 1.084 -0.29519 -0.041207 -0.52902 0.44456 0.21543 0.53134 -0.14555 -0.056103 -0.010654 -0.37569 -0.8711 -0.27157 -0.16861 0.24004 -0.60796 -0.71243 -0.45637 0.53644 -1.0536 0.68207 0.6595 0.2512 0.41964 -0.23356 -0.27085 -0.21121 -0.54986 0.14948 0.43244 0.40999 0.41301 0.15318 0.11508 -0.27578 0.15092 0.17667 0.74066 0.23023 -0.17091 0.010504 -0.29931 0.15704 0.043664 -0.19381 0.25625 0.13518 0.050596 -0.11015 0.69866 
peanut -0.98365 0.91888 -0.91184 1.3399 -0.20787 0.61104 -1.1617 -0.78107 0.24331 0.17576 -0.32128 0.1673 0.011312 0.96752 0.51913 -0.39985 0.13122 0.2902 -1.1283 -0.56433 0.86824 -0.49899 -0.24443 0.30003 0.27978 0.22136 -0.026017 -0.41751 0.2329 -0.87049 -0.37715 -0.34872 -0.28205 0.95253 -0.15169 0.044019 -1.4144 0.17936 0.58125 -0.84497 0.2938 0.2126 0.44803 -0.20216 -0.35011 -1.3713 -0.84673 0.17148 -0.39812 -0.0117 0.56235 -0.35325 0.0073906 -0.51017 0.83674 0.16635 0.56922 0.1232 -0.10465 0.30185 -0.58519 0.092888 -0.10501 -0.40609 0.013205 -0.66835 -0.68907 -0.42202 1.5294 -1.7487 0.3774 0.47269 0.21571 -0.094846 0.2635 -0.13502 -0.0077591 -0.54878 0.37165 0.19901 0.9146 0.35415 0.02215 -0.70422 -0.19895 -0.030826 0.19813 0.25692 -0.37519 -0.048627 0.32094 -0.030232 0.66429 0.28536 -0.31251 0.13607 -0.80272 -0.38804 -0.35668 0.13792 
cardboard -0.61898 0.19113 -0.10116 1.4516 -0.029779 0.86278 -0.089136 -0.22739 -0.82639 0.3606 -0.42053 0.08318 -0.57741 0.42977 -0.042178 -0.0089302 0.26211 0.15848 -0.22954 -0.3206 -0.35503 -0.34912 -0.89856 -0.14779 -0.63005 -0.12203 -0.15697 0.070036 -0.45024 0.29667 0.20327 -0.66208 -0.012622 0.011389 -0.49062 0.45757 -0.69916 0.79498 -0.1303 -0.78006 -0.28979 -0.10703 0.62635 -0.2016 -0.28506 -1.176 -0.55904 -0.47053 -0.60871 -0.30619 0.73215 -0.27607 0.17821 -0.28067 0.61741 0.30003 0.3153 0.21617 0.11292 0.11447 -1.0501 0.19945 -1.1462 -0.10228 0.47153 -0.089959 -0.083179 0.15306 0.62622 -0.8785 -0.055872 0.27004 -0.17786 -0.008327 0.36599 0.13971 -1.1872 -0.46907 -0.64497 -0.052727 -0.038596 -0.27154 -0.43972 0.39793 -0.44564 -0.20021 -0.39578 -0.33418 0.05802 -0.4695 -0.47019 -0.33337 -0.66522 -0.34818 -0.11584 1.156 0.07942 1.543 0.0012569 0.42693 
celery -0.095157 0.29989 -0.44081 1.4929 0.51009 0.91134 -0.24212 -0.50375 -0.2946 0.28864 -0.026042 -0.28683 0.57471 -0.50927 -0.58449 -0.22038 0.27719 -0.236 -0.8171 -0.80052 0.037641 0.022323 -1.1203 0.10099 0.084155 -0.25224 -0.37174 -0.33853 -0.40891 0.61527 0.25541 -0.03648 -0.31296 0.88732 -0.25489 0.51601 -0.34813 0.85906 0.39292 -0.50414 0.3532 0.4422 0.16806 0.2259 -0.39822 -1.0296 -0.14518 -0.07366 -0.71153 -0.05683 0.3893 0.042966 -0.10939 -0.89431 -0.13031 0.14029 0.31526 0.14156 0.16117 0.57221 -0.60438 -0.13851 -0.57038 -0.076405 0.6319 -0.31416 0.16264 -0.56552 1.0605 -1.3637 -0.63105 0.27823 0.048335 -0.38267 0.81451 -0.18074 -0.64184 0.054611 -0.088569 -0.10826 -0.17474 0.19729 0.074941 0.34157 0.099195 0.12273 0.071259 -0.14765 0.11824 -0.8197 0.34353 0.21302 -0.29473 -0.34124 -0.11206 0.03277 -0.5095 0.29354 0.22666 0.78222 
walnut -0.18899 0.20553 -0.043994 1.0036 -0.043429 1.1825 0.27856 -0.7966 -0.80463 -0.35118 -0.80342 -0.068532 0.31186 0.49271 0.46438 -0.55481 0.5361 -0.3273 -0.41778 -0.41285 0.14794 0.12472 -0.5619 0.42731 0.12873 -0.16351 -0.56174 -0.13416 0.1657 0.35679 0.33688 -0.19502 -0.23838 0.39994 -0.22555 -0.045235 -0.44956 0.23392 0.74772 -0.48628 0.058153 -0.037146 0.44345 -0.70674 0.23777 -0.90565 -1.085 -0.55349 -0.26484 0.0054464 0.78973 -0.21686 -0.4739 -0.14329 0.39103 -0.2869 0.1276 -0.15851 0.11709 0.72377 -0.39939 0.1274 -0.35082 -0.39636 1.1044 -0.19768 0.11274 -0.34808 1.3718 -0.98199 0.33621 0.55005 0.12113 -0.12401 0.23715 0.0050471 -0.33917 -0.10229 -1.0499 -0.99509 -0.45344 0.10399 -0.73471 0.35057 -0.00056948 -0.30292 -0.052934 -0.084245 0.43824 -0.33894 -0.15765 0.060641 -0.40749 -0.51772 0.075193 0.617 -0.1008 0.70517 -0.52526 0.21875 
blackberry -0.49131 0.1126 0.71082 1.2237 -0.98988 1.5495 0.089712 -1.0416 0.26354 0.68999 -1.0736 -0.81447 0.37192 0.21658 -0.094109 0.10348 -0.83426 0.36442 -1.4609 -0.81225 0.47785 0.73232 -1.3836 0.88375 1.1025 -0.92782 -0.95162 -0.16977 -0.20173 -0.22597 1.0288 -0.74571 0.052118 0.78281 -0.57022 -0.71458 -1.1633 0.20101 -0.080115 -0.64073 0.11192 0.25973 -0.039069 -0.6123 -1.2157 -1.4196 -1.3712 -0.42588 -0.36328 0.692 0.84882 -1.0055 -0.54383 -1.2457 0.13544 -0.34529 1.2987 0.22073 -0.24316 -0.56098 -0.089034 -1.4741 0.56254 -0.30978 -0.37849 -0.82858 0.46512 -0.21345 2.2664 -1.5083 -0.32407 1.0598 0.31262 0.21324 -0.13691 0.71884 -0.39926 0.34554 -0.60252 -0.3708 -0.052276 0.67737 0.067962 -0.51584 -0.083577 -0.60381 0.3178 0.72763 -0.47854 0.066646 -0.50743 0.62295 -0.19299 -0.5595 0.55563 0.46818 -0.08838 0.31178 -0.069857 1.1384 
varnish 0.26701 -0.28202 0.075926 1.6817 0.17338 0.71527 -0.72976 -0.92357 -0.53695 0.34081 -0.091214 0.036565 0.16483 -0.60812 -0.59745 -0.11289 0.53473 0.086887 0.24654 -0.49483 -0.14081 0.52835 -0.34983 0.20745 -0.13918 -0.014119 -0.38618 -0.2536 -0.25121 -0.45457 0.46327 -0.41001 -0.3001 0.59699 -0.014356 0.10811 -0.77668 0.86421 0.1551 -0.5993 0.25853 0.50223 0.42201 -0.12991 -0.73902 -1.6941 -1.2532 -0.52695 -0.26453 0.16231 0.50769 -0.093463 -0.18406 -0.12004 0.35297 0.77403 0.047776 -0.4225 0.24638 0.14219 -0.82584 0.69707 -0.45387 -0.44597 0.39971 -0.092189 0.32943 -0.56358 0.68119 0.19202 -0.33397 0.27908 0.29592 -0.54693 -0.19853 0.23968 -0.49506 -0.34182 -0.41457 0.21194 0.005006 0.021406 -0.15132 0.24008 -0.16806 0.52536 0.41186 0.18647 0.19925 -0.22249 -0.15843 0.11089 -0.72207 -0.3547 -0.05641 0.13883 0.45659 0.38513 -0.060652 0.47475 
cork -0.48456 0.057295 -1.0111 1.8145 -0.38595 1.118 -0.61743 0.46496 -0.030009 0.30411 -0.52414 0.045548 0.14049 -0.044806 0.066954 0.11165 -0.067939 0.82707 0.86812 -0.080729 0.76077 0.43974 -1.0019 0.22029 0.33859 -0.3115 0.41123 -0.39982 0.35719 -0.28274 0.791 -0.25158 -0.44553 1.8152 -0.49543 0.54877 -0.21614 0.43971 0.44566 -0.35771 -0.24355 1.309 0.85202 -0.5185 0.16861 -1.3726 -1.4098 -0.48375 0.33953 -0.24803 1.5579 -0.78341 1.2569 -1.1646 1.5364 0.31226 0.82741 0.071508 0.7576 -0.13277 -0.97686 0.52436 -1.8605 -0.068466 0.69845 0.10914 0.27557 -0.55586 0.2609 -0.46106 0.48874 0.14629 0.43126 0.035895 0.30395 -0.47234 -0.93214 -0.5591 -0.11373 0.17605 -0.57451 -0.087036 -0.79225 0.54118 -0.030206 -1.4345 0.038109 0.94696 0.28017 -0.77351 -0.36635 -0.51506 -0.3279 -0.86508 0.3634 0.63178 -0.38583 2.0672 0.11718 0.70416 
birch 0.43871 0.11297 -0.038618 0.35437 -0.57309 0.47833 1.2384 0.19761 -0.17939 0.44603 -0.61685 -0.29079 0.21978 -0.85135 0.20055 0.63486 -0.50158 0.3728 -0.35552 -0.41666 -0.71582 0.37241 -1.452 0.41365 0.11646 0.49623 -1.6655 0.45258 -0.41437 0.71414 0.81872 0.087544 -0.070734 -0.37215 -0.038764 0.15021 0.7781 0.54045 0.31875 -0.1696 -0.46084 -0.16669 -0.13796 -0.47324 0.45773 -1.4169 -0.95948 0.1404 -0.040053 0.44631 0.30495 0.038953 -0.70058 -0.21922 -0.98277 -0.62545 0.078601 0.24277 -0.074564 0.49641 0.2045 0.094939 -0.3048 -0.35388 0.84099 0.36418 0.28286 -0.14584 1.7716 -0.20623 0.071872 -0.094736 -0.88213 0.37193 0.29407 0.057769 -1.5147 -1.0026 -0.94352 0.20518 -0.64343 0.40594 -1.3236 0.84203 -0.11309 0.65414 -0.34727 -0.053868 -0.15917 0.19943 -0.25477 -0.14826 -0.70238 -0.8643 0.59359 0.72803 -0.57318 1.3495 0.23435 1.0326 
raisin 0.099426 0.58131 -0.74423 0.5261 -0.17615 0.60862 -0.7864 -0.10552 -0.28417 -0.022098 -0.44202 -0.13879 0.36532 0.12953 0.30225 0.031138 -0.65258 0.5925 -0.74009 -0.62933 0.34693 -0.36294 -0.52595 0.44499 -0.0076052 -0.057788 -0.083623 0.38011 0.70974 0.58568 -0.071351 -0.36104 0.20131 0.14515 0.24869 -0.15263 -0.60604 0.21739 0.40062 0.2461 -0.2543 1.0477 0.61731 -0.26093 0.077735 -1.0231 -0.43908 0.35409 0.2619 -0.10133 0.33974 0.061974 -0.065898 -0.65507 -0.30226 -0.66157 -0.044101 -0.052825 0.36226 0.57281 0.062815 -0.15933 -0.19634 -0.10521 0.36022 -0.24113 0.042055 0.037388 0.34343 -0.35743 -0.046624 0.34617 -0.016887 0.94571 0.67169 0.0029138 -0.40974 -0.39301 -0.53667 0.17941 0.29962 0.12534 -0.61222 0.29949 0.049677 -0.4398 0.063237 0.036081 -0.75011 -0.18697 -0.26747 -0.20729 -0.28021 -0.051138 0.27632 0.68429 -0.2919 0.2525 -0.088402 0.52397 
geranium -0.21502 0.16129 -0.39799 1.6588 0.0099366 0.67343 0.33114 -0.5877 -0.27328 -0.023987 -0.093142 -0.56554 0.48126 -0.45272 -0.52101 0.26357 -0.25091 0.066656 -0.29386 0.13634 0.094215 -0.084708 0.0098533 0.22492 -0.26942 -0.21931 -0.092545 0.034981 -0.25619 0.46644 0.34976 -0.21958 -0.12196 0.47984 -0.19348 -0.12464 -0.53742 0.69357 0.10104 -0.50895 -0.61055 0.3106 0.067713 -0.17905 -0.39591 -0.77162 -0.72517 -0.30708 0.036323 0.51135 0.095341 0.065474 -0.054993 -0.47997 -0.059543 0.082975 0.54729 -0.024781 -0.25348 -0.25639 -0.020123 -1.0976 0.14072 0.062692 -0.14485 -0.20112 0.34899 -0.18949 0.52502 -0.54625 0.00024801 -0.43944 0.31197 -0.19882 -0.28536 0.45331 -0.122 0.59055 -0.15376 -0.62319 -0.18079 0.11888 -0.20645 -0.2347 0.13677 0.31165 -0.014858 -0.089022 0.43468 -0.57439 0.61834 -0.12379 -0.50106 0.12865 0.43565 0.25398 0.025864 -0.16235 0.13437 0.12491 
