96 100 
smoke -0.37715 0.27532 -0.49455 2.8163 1.2527 1.2951 -2.3517 -0.44248 -0.046332 -0.1279 0.87658 -0.025684 0.097941 -1.3436 0.041849 0.37565 0.12938 0.018973 0.92097 -0.16853 -0.36359 0.16928 1.3054 -0.50094 -0.96389 0.010127 0.77772 -0.1375 0.40718 -1.2448 0.026157 -0.35082 0.068146 -0.14417 1.0289 -0.0024806 0.061491 0.95517 0.32632 -0.42729 -0.20394 -0.52688 0.82391 0.23501 -0.1252 -0.58893 -0.82365 -0.33461 -0.31652 0.37943 -0.062636 0.3565 -0.1058 0.95226 0.87105 0.89478 1.1752 0.89922 -0.79996 -1.3499 0.32028 -0.48134 -0.2676 0.41758 -0.15838 0.37212 0.6217 -0.44956 0.038014 -0.66506 -0.11689 0.053492 -0.30207 -0.20375 -0.11127 -0.77532 -0.69536 -0.47386 0.52453 1.4646 0.90499 0.43673 0.12918 0.86842 -0.50088 0.91309 0.12845 0.51739 0.27617 -0.0025869 0.59491 -0.87317 0.69619 -0.13755 -0.96656 -1.0914 0.79831 -0.34041 0.057309 0.5691 
perfume -0.4039 0.13114 0.15134 1.0021 0.24095 0.38645 -0.57997 -0.44119 -0.99114 0.65746 -0.11571 -0.32515 -0.91502 1.5053 1.0477 -0.29785 0.24659 -0.1281 -0.65218 -0.36378 0.17839 -0.64511 -0.34375 -0.87531 0.036351 0.25559 -0.77255 -0.12555 0.25 -0.58704 0.24265 -0.78037 -0.099 0.76872 -0.38441 -0.69126 0.31934 0.60464 -0.12729 0.15106 -0.62365 0.36922 0.18339 -0.18709 -0.12931 -0.36271 -0.35309 -1.2381 -0.78962 -0.15551 -0.5389 0.60806 -0.21162 -0.14008 0.46385 0.68526 0.5679 1.0904 -0.92647 -0.26965 0.7179 -0.74908 0.23496 -0.24784 -0.57512 -0.32043 0.39872 0.83187 1.2662 -0.21209 -0.3905 -0.065352 -0.48049 -0.85165 -0.72245 0.1184 0.17345 0.14298 0.095285 0.35292 0.53584 0.019655 -0.3351 -0.7289 0.029781 0.26364 0.13511 -0.25308 -0.2099 0.40198 -0.40327 0.64941 -1.0867 0.47171 -0.43399 0.8276 0.13804 -2.1401 -0.19182 0.61825 
blood 0.42255 -0.60222 -0.51052 1.1158 0.36285 0.41363 -0.80312 0.14174 -0.82214 0.22552 -0.3901 -0.3121 -0.79394 -0.72805 0.13345 0.39415 0.10168 -0.069535 0.78233 0.0052669 -0.38656 0.59653 0.49719 -0.3105 0.20143 -0.29546 -0.24404 -0.12215 -0.95048 1.3196 0.66428 -0.060976 0.43594 -0.91173 0.62864 0.72129 0.31123 -0.065193 -0.12188 0.37857 -0.081612 -0.34393 0.098006 0.20612 -0.24751 0.1709 -0.21856 -0.40862 -0.13114 0.068239 0.15159 -0.357 -0.1078 0.56399 0.25876 -0.29716 0.43366 0.28716 -0.29408 -0.12189 1.1447 -0.96869 -0.27601 0.61899 0.00113 0.60589 1.1831 0.76808 0.3569 0.13028 -0.43992 0.26233 -0.1317 0.7634 0.43417 -0.24151 -0.60644 -0.45208 0.0081241 0.9033 -0.56988 -0.2543 0.15321 1.0413 0.10366 0.38241 0.4222 -0.14998 0.24694 -0.56548 0.46471 0.44921 0.47694 -0.13786 0.12919 -0.97052 0.17845 0.54024 -0.040885 0.25459 
coffee -0.85253 0.060527 -0.51489 1.2366 0.24901 0.23991 -0.41552 -0.066634 0.23354 -0.4605 0.34318 0.092755 0.29627 -0.69413 0.28263 -0.0013415 0.76037 -0.10398 0.88293 -0.30436 -0.31891 -1.5981 0.69484 0.15363 -0.40961 0.88252 0.95803 0.70722 0.31437 -1.0391 -0.095627 -0.18646 -0.31591 1.1532 0.11634 -1.4496 -1.2837 0.6249 0.78884 -1.3501 0.19193 0.63796 0.36372 0.038251 0.27657 0.2409 0.32095 -0.42264 -0.32222 0.0085921 0.31807 0.54826 0.37824 -0.4003 0.84399 0.40212 0.75549 0.68417 -0.60125 -0.26935 -0.089572 -0.14416 0.9977 -0.1614 0.46889 -0.51089 0.85366 -0.28925 0.25453 1.4432 0.69325 -0.90428 -1.0128 -0.74477 0.84629 -1.7829 -1.1025 -0.69786 -0.071117 0.53729 0.84594 0.27084 0.050459 0.27263 -1.1772 -0.3396 -0.40866 0.69027 0.12104 0.095239 0.38627 -0.38833 1.3229 0.4008 0.13154 -0.4779 0.30904 -1.4416 -0.069304 0.3265 
rose -0.29496 0.014461 -0.0065842 2.157 0.47328 1.86 -0.59449 -0.93658 -0.77212 -0.10553 -0.47832 -0.46594 -0.13102 0.26112 0.31473 -0.24022 -0.4602 0.040096 -0.0544 0.010819 0.06198 -1.2761 -0.69552 -0.043126 1.1469 0.23165 -2.3199 0.20415 -0.044439 -0.050806 0.46148 -0.69699 0.048738 1.2389 -0.14274 -1.7722 0.047727 -0.13948 0.15204 -0.35437 -0.5794 0.39415 -0.52641 -0.042593 0.45891 1.2035 1.2047 -1.5657 -0.067957 -0.62285 -1.1698 0.45107 -0.32685 -0.085269 -0.53018 -0.42549 0.60015 -0.024527 -0.80865 0.40292 0.5059 -1.1655 0.65008 -0.14785 0.096335 -1.2743 -0.16912 0.67453 0.98755 0.25149 0.95649 -0.1789 -0.94454 0.061372 -0.37213 -0.17554 -0.21603 -0.05677 -0.41462 0.67575 -0.99972 0.36863 -0.11504 -0.7266 0.2989 -0.43474 -0.15308 0.32106 0.41921 -0.029934 0.44524 0.5283 -0.40707 0.31211 0.47174 0.64098 -0.10269 -2.8275 -0.14275 0.53194 
fish -0.16595 -0.20943 0.13575 0.40867 -0.66048 0.07175 -0.15207 0.31071 0.0071452 -0.3408 0.63679 0.31182 0.58151 -0.75451 0.096319 0.42028 -0.13256 -0.21232 0.89105 0.1084 -0.86459 0.48243 0.90654 0.35669 0.11636 0.26111 0.8332 -0.018705 0.9247 -1.4726 -0.33549 0.23074 0.01804 -0.1077 0.70663 0.3094 0.017572 -0.25303 0.18302 0.67755 0.64685 -0.069935 0.35724 0.071446 -0.16239 -0.30541 -0.44024 0.046622 0.33748 -0.0069216 0.65856 -0.82198 0.14583 -1.0533 1.0763 0.51944 0.74717 0.28146 -0.64701 -0.54762 0.84363 -1.4966 0.68499 0.5689 -0.85687 0.44377 1.7034 -0.37589 -0.91951 0.72812 1.0805 -0.72473 -0.52369 0.056814 0.42282 -1.1741 -1.6377 -1.607 0.056842 1.7064 0.31262 -0.13291 -0.33392 0.3569 -0.14721 0.1572 0.12957 0.19278 0.019974 -0.1014 0.6526 -0.55069 2.0592 0.67743 0.28373 -1.7738 0.0056585 -0.73696 -0.26172 0.047855 
animal 0.48792 -0.80841 -0.16888 0.15241 0.043077 -0.31764 0.08865 0.47272 -1.6293 0.31905 -0.14421 -0.11046 -1.0624 -0.04248 0.745 0.061968 0.47849 0.024654 0.18421 -0.77794 -0.58756 0.5136 0.033582 -0.20964 0.50234 0.070029 -0.69919 -0.25947 -0.90957 1.3161 0.46936 -0.30786 0.49858 -1.0025 0.8652 1.1397 0.36856 0.19025 -0.34739 0.63532 -0.14042 -0.50227 0.22483 0.056497 0.1647 0.37988 0.051981 -0.65518 -0.34877 0.49681 0.48745 -0.15647 0.043244 0.87209 -0.079097 -0.00074589 0.55787 0.15955 0.063502 -0.36873 0.73877 -0.70486 -0.4158 0.34235 0.3281 0.65875 0.41272 -0.0040186 1.1791 -0.9729 -0.8541 0.56113 0.14467 0.60805 0.303 -0.10013 -0.67911 -0.66077 0.075848 0.67119 -0.021636 0.17572 -0.59302 1.7906 0.12412 1.2629 0.27468 -0.49217 0.24847 -0.6416 0.59413 0.29079 0.62018 -0.001058 0.067081 -1.3031 0.26211 -0.56702 -0.09041 -0.014819 
soap -0.13206 -0.67464 0.78933 2.2036 -0.57599 0.51611 -0.60835 -0.60674 -2.3421 0.80919 -0.357 -0.44986 -1.081 1.2199 1.0114 -0.33652 0.088267 -0.27741 0.175 0.60347 -0.71959 -0.68616 -0.34912 -1.3852 -0.32581 0.64883 0.35928 -0.075945 1.9373 -1.0533 0.84713 -0.7427 0.045956 0.68205 -0.70766 -1.1146 -0.97781 0.99047 -0.14753 0.064285 -0.43335 1.1567 0.65158 -0.89401 -0.26944 -1.1732 -0.96987 -2.446 -0.82395 -0.25004 0.22366 0.51736 -0.11654 -1.2267 0.60999 0.88098 0.67262 1.703 -2.1094 -0.36773 1.1173 -1.2603 1.2884 -0.59278 -0.16866 -0.12732 1.8503 0.94172 0.70368 1.7552 0.45206 -1.0246 -0.41276 -1.4439 -0.79598 -0.35647 -0.49703 -1.02 -0.45011 0.59715 -0.58873 -0.68646 -0.83916 -1.7233 0.42966 -0.39034 -0.37053 -0.4967 0.16019 0.31138 -1.3997 0.5793 -1.0865 0.93564 0.38634 1.3858 0.18671 -1.5098 -0.56915 0.95437 
grass -0.46053 0.29306 -0.96557 4.1797 0.88263 2.4884 -1.4371 -1.2648 -1.5829 0.017213 -1.2397 -0.83788 0.034657 -0.31087 -0.32372 -0.05084 -0.5399 0.55113 0.87779 0.28094 -0.27885 0.36395 -0.8351 0.19113 -1.411 -0.32152 0.54065 -0.30538 1.4416 -1.0002 0.5425 -0.17061 0.25806 -0.07813 -0.49016 -0.11792 0.70097 -0.4276 -0.37766 0.77888 0.042898 0.20602 -0.26012 -0.22169 0.30704 0.6326 0.8748 -0.9825 0.20104 -0.49291 -0.21757 0.070524 -0.19518 -0.11133 -0.63319 -0.48928 0.13023 -0.093817 -0.069709 -0.015117 0.087499 -0.5436 -0.20122 -0.41946 0.8413 -0.33537 0.44229 0.14921 0.48098 0.87318 0.67406 -0.19853 -0.96105 0.56303 -0.11511 -0.54357 -0.98214 -0.93184 -0.60855 1.1508 -0.8581 0.55411 -0.78375 0.62812 0.44752 -0.5791 -0.032612 -0.26709 0.26806 -0.43841 0.50779 0.28038 0.8019 -0.1821 0.80914 -1.3698 0.26489 -1.6979 -0.10569 0.36794 
beer -0.59544 0.31933 -0.46282 2.4486 0.34676 0.61597 -0.94872 -0.1732 -0.48264 -0.1173 0.79315 0.13173 0.12137 -0.010788 0.031996 -0.38145 -0.0167 0.17669 0.63307 -0.19051 -0.199 -0.91025 0.57796 -0.44654 -1.2024 0.51438 0.98041 0.3205 1.1738 -2.3229 -0.7048 0.22724 0.14 0.51251 0.45436 -0.73009 -0.9485 0.78773 -0.015474 -0.91781 0.22314 0.58845 0.73584 0.37206 -0.083477 -0.7968 -1.4638 -0.026269 -0.47482 0.31376 1.0805 -0.40771 0.19276 -0.19237 1.0847 0.89656 1.6221 1.3627 -0.70538 -1.0149 0.7921 -1.3802 0.72583 1.2355 -0.039716 0.41705 0.78964 -0.47095 0.043308 0.39562 0.38006 -0.50201 -0.41164 -0.40704 0.19221 -1.1574 -0.90416 -0.53024 0.22375 0.81029 0.555 0.45514 -0.19091 0.22667 0.064684 0.07931 0.23508 0.19952 -0.02199 0.043973 -0.099366 -0.34596 -0.46996 -0.30892 -0.22293 0.60978 0.28077 -0.21364 -0.028537 0.6913 
urine 0.17147 -0.56228 -0.20801 0.82182 0.33341 0.053315 -0.71952 0.024876 -1.0935 -0.1827 0.87094 -0.29337 -1.1296 0.21149 0.97364 -0.0029246 1.0944 -0.60973 0.32859 -0.81236 -0.48525 0.49525 0.33256 -0.56381 -0.63792 0.098885 0.84264 -0.2939 1.322 -1.9394 -0.1826 0.62424 0.17417 -1.2745 0.73685 0.77015 0.72585 0.25107 0.14117 0.19352 0.070945 -0.16861 0.65636 0.18403 -0.23047 -0.73442 -1.1899 -0.6761 -0.34171 -0.23475 0.66409 -0.3381 -0.059342 0.39222 0.92945 0.82697 1.2533 1.511 -0.84026 -0.80807 1.5503 -1.2866 0.057838 1.1553 -0.34436 0.89974 0.99593 -0.2541 0.14171 -0.081279 -0.40046 0.049237 0.15162 0.11899 0.067625 -0.5305 -1.2228 -1.024 0.50271 1.5674 0.34883 -0.077273 -0.37886 1.2155 -0.010796 0.61853 -0.17157 -0.32767 -0.083922 -0.18269 0.26019 -0.025522 0.59646 0.43775 -0.48025 -1.0459 0.46464 -0.019268 -0.042566 0.10761 
pine -0.24888 -0.2305 -0.54034 4.0951 0.21044 2.6896 -1.3845 -1.2225 -1.8916 0.23347 -0.82007 -1.4665 -0.33794 0.30954 0.0030179 -0.123 0.34797 -0.17752 0.66693 -0.040604 -0.48473 0.75415 -0.87309 -0.31681 -1.0365 -0.63589 0.71885 -0.20412 3.035 -3.3199 0.7149 0.30708 -0.028504 0.21844 -0.4995 -0.27935 0.63561 0.36158 0.16057 0.28456 0.022576 0.10637 -0.18089 -0.47795 0.045908 -0.42761 0.12765 -1.315 -0.37105 -0.83914 -0.23993 -0.21359 -0.66971 -0.094851 -0.43577 -0.36044 0.56725 0.68216 -1.2133 -0.26703 0.37515 -1.3501 -0.86757 -0.11665 0.86122 -0.46241 0.62719 -0.4818 1.2622 0.24456 0.64027 0.13302 -0.74618 0.0073529 -0.46333 -0.68794 -1.5596 -1.2104 -1.0263 1.3679 -0.88356 0.073932 -0.52749 0.32414 0.24732 -0.79174 -0.096855 -0.037805 1.0137 -0.54109 -0.10824 -0.31405 1.2043 -0.017454 0.48952 -1.654 0.79974 -2.9654 -0.73664 1.1171 
wine -0.20513 0.1255 0.45257 1.1737 -0.72373 0.7719 0.40612 -0.44484 -1.0669 0.33209 -0.4606 -0.8804 -0.031183 0.97411 -0.18162 -0.31644 0.3404 -0.033703 -0.07108 -0.35289 -0.59854 0.094624 -0.72097 -0.0026292 -0.22902 -0.019771 0.17414 0.45318 1.6133 -2.0752 0.42621 -0.3153 -0.092245 0.87888 -0.31323 -0.63516 -0.43907 0.37576 -0.24264 -0.039911 0.084388 0.44158 -0.1531 -0.49782 0.099587 -0.75352 -0.48781 -0.42764 -0.66184 -0.096443 0.2553 -0.014909 -0.46896 -0.62402 0.44305 0.31774 0.72806 0.38108 -0.67442 -0.37047 -0.34097 -0.96173 -0.16926 -0.22987 0.52689 -0.22982 0.83847 -0.31608 1.7463 0.14037 0.076474 -0.1381 -0.55925 -0.23738 -0.20771 -0.60939 -1.0879 -0.64782 -1.0453 0.37214 0.2147 0.39493 -0.4289 0.217 -0.053918 -0.3923 0.42222 -0.064518 0.4351 -0.26568 -0.081681 -0.26217 0.27687 0.13498 0.31392 -0.84441 0.65154 -3.8323 -0.64854 0.84186 
bread -1.0613 0.28964 -0.40738 2.3523 -0.19608 0.99959 -1.2723 -0.15682 1.0114 -0.22936 -0.16337 0.01089 0.75223 0.13747 -0.52108 -0.6216 0.020337 -0.35022 0.088626 0.33484 -0.21142 -0.77826 0.43839 0.056203 -0.46325 0.34565 0.97904 0.92674 0.61708 -1.188 -0.26173 -0.016637 -0.27774 1.2793 -0.81795 -0.8498 -0.31205 -0.20706 0.57145 -0.10026 0.44206 0.48987 0.10206 -0.14275 0.72038 0.94386 1.5845 -0.18269 -0.96588 -0.33106 0.20103 1.0761 -0.33511 -1.1792 0.34514 0.15095 0.070837 0.6256 -0.70983 -0.16902 -0.72183 -0.50638 0.75291 -0.212 -0.66891 -0.097409 3.246 0.55518 0.071114 2.3511 1.0418 -1.2593 -1.1877 -0.54273 1.0695 -2.0845 -0.89338 -1.2964 -0.44885 0.84838 0.23498 -0.24581 -0.50889 -0.79953 -0.48839 -0.37962 0.36796 0.0939 0.23021 -0.25604 0.18169 -0.71786 1.1511 0.32633 0.63788 -0.44401 -0.36443 -1.2495 -0.43648 0.5248 
cologne -0.076293 -0.2771 0.47128 1.0346 -0.14053 0.31883 -0.28935 -0.20635 -1.1884 0.67205 -0.63938 -0.30754 -1.1235 1.3084 0.78543 -0.16211 0.17493 -0.001555 -0.33133 -0.1541 -0.27924 -0.25306 -0.35999 -0.48038 0.1148 -0.038636 -0.60476 -0.0047021 0.23164 -0.21177 0.49349 -0.5095 -0.077194 0.38725 -0.23598 -0.6071 -0.45988 0.78303 -0.39181 0.0074068 -0.59424 0.12907 0.21447 -0.21327 -0.38151 -1.1766 -1.2181 -0.80729 -0.51094 0.16531 -0.17832 0.051718 -0.29495 0.17868 0.66674 0.56557 1.0358 0.86094 -1.0864 -0.56931 0.37461 -0.73672 -0.017409 0.012999 -0.30756 -0.20115 1.1676 0.79625 1.1057 -0.12629 -0.26841 -0.14764 -0.52417 -0.58984 -0.53884 -0.15461 -0.10753 0.13622 -0.41139 0.51636 -0.12781 -0.15039 0.13237 -0.53991 -0.086765 -0.20338 0.33748 -0.0064131 -0.0038211 0.17259 -0.85868 0.59751 -1.4824 0.16267 -0.1558 1.1676 0.41439 -1.2535 -0.25309 0.93952 
lavender -0.1467 -0.092841 0.12261 1.9587 -0.1952 0.93937 -0.28055 -0.65116 -1.4588 0.33663 -0.76663 -0.3869 -0.45505 1.3016 0.25821 -0.61497 0.33005 0.23241 -0.1178 -0.061952 -0.20804 -0.60691 -0.42352 -0.11352 0.013229 0.23142 -0.4606 0.27214 1.3421 -1.3475 0.34436 -0.34976 -0.13516 0.91603 -0.44395 -0.58696 0.042413 0.21013 0.037733 0.21016 -0.30719 0.78958 -0.18158 -0.38958 0.12306 -0.042058 0.44301 -1.4889 -0.43833 0.27245 0.089996 0.30804 -0.46199 -0.33548 -0.00844 0.043956 0.58813 0.1383 -0.66535 0.02732 0.11354 -0.87359 0.38781 -0.48929 -0.20999 -0.57996 0.83118 0.44403 1.1856 0.68686 0.20185 -0.24414 -0.18169 -0.32583 -0.26842 -0.162 -0.22735 -0.2482 -0.27932 0.37768 -0.51691 -0.029082 -0.37695 -0.79727 0.2365 -0.29581 0.007517 -0.0065103 0.16635 -0.11923 -0.169 0.076945 -0.28896 0.48325 0.29069 -0.20585 0.11682 -2.2067 -0.26819 0.8949 
garlic -0.11338 0.1246 0.27031 0.52412 -0.73942 0.10536 0.29883 -0.040741 0.20595 -0.19263 0.40758 0.16262 0.49998 0.58193 0.08238 -0.29802 0.73863 -0.55975 -0.014808 -0.1997 -0.35387 -0.34823 0.24198 -0.10744 -0.17762 0.33882 0.94464 0.35522 1.0214 -1.6555 -0.16133 0.067114 -0.04542 1.0562 -0.19008 -0.43565 0.0091175 0.30421 0.51663 -0.016396 0.3647 0.59078 0.17448 -0.48549 0.03973 -0.14977 -0.16158 -0.76801 -0.30704 0.2701 0.91996 0.32559 -0.42484 -1.2325 0.89958 0.42426 1.2544 1.0031 -1.3308 -0.32841 0.60834 -1.7846 0.90215 0.16528 -0.69409 -0.099231 1.7518 0.078361 -0.29044 1.1707 0.80353 -0.768 -0.33708 -0.33461 0.11483 -1.081 -0.65947 -0.70765 0.089029 0.75034 0.27678 0.23991 -0.10103 -0.57808 0.0090493 0.19475 0.11331 0.25242 0.10328 -0.3462 0.52186 -0.97749 0.75971 0.74842 -0.022644 -0.72715 0.13658 -2.1003 -0.31623 0.61671 
leather -0.27185 -0.48192 0.1305 3.0226 0.12834 0.90715 -0.89063 -0.15384 -1.8063 0.38212 -0.34911 -0.0077092 -0.94867 0.85911 0.43207 -0.51649 0.13632 -0.02139 0.71245 0.22224 -0.66287 -0.48197 -0.33077 -0.24637 -0.98352 0.56268 0.38316 0.46076 0.63669 -1.0821 0.042883 -0.044267 -0.40444 -0.35712 -0.28015 -0.26169 -0.54353 0.65032 -0.42795 0.10699 -0.80468 0.71737 0.46663 -0.62737 0.30875 -0.051729 -0.25755 -0.88428 -0.73404 0.13441 0.23222 0.57011 -0.30511 0.48886 0.54576 0.83584 0.53787 0.54878 -0.58942 -0.499 0.19273 -0.32969 0.48202 0.14447 0.37195 0.22727 0.85729 0.15529 1.24 0.3761 -0.024364 -0.38607 0.072112 -0.36402 -0.21722 -0.54597 -0.72796 -0.94257 -0.031741 1.0001 -0.049376 0.16962 -0.73293 0.3975 0.22487 0.1647 -0.16526 -0.24806 0.40432 -0.21027 -0.4922 0.0073816 -1.2244 -0.10675 0.20468 0.78412 0.18609 -0.3227 0.051244 0.64128 
paint 0.20623 -0.20712 -0.16991 2.1122 0.41324 0.76388 -0.059922 -0.67038 -1.6545 0.1163 -0.76307 -0.50202 -1.1583 1.1572 0.17128 -0.27683 0.22893 0.14708 0.41161 0.0076188 -0.90382 0.64253 -0.45698 -0.4136 -1.1115 -0.51852 0.57444 0.099257 1.0879 -1.5544 0.50588 0.25153 -0.47848 -0.47944 -0.35757 1.2245 0.21404 0.16556 -0.43795 0.37982 -0.23785 -0.19932 0.35414 -0.52729 -0.20486 -1.372 -1.1754 -0.33446 -0.19327 -0.12403 0.19867 0.032625 0.096637 0.87404 0.76885 0.67031 0.57657 1.0811 -0.79603 -0.83276 -0.2041 -0.46357 -0.2712 -0.11565 0.67353 0.27809 1.1571 0.058945 0.8313 -0.46114 -0.2925 -0.081211 0.20834 -0.2617 -0.21393 0.23622 -0.92748 -0.46485 -0.44553 0.88065 0.20111 -0.24297 -0.39492 1.116 -0.61402 0.63026 -0.064743 0.034729 0.81308 -0.24584 -0.58093 -0.22802 -0.34297 -0.76793 0.073485 0.2832 1.0908 -0.42765 -0.28543 0.43853 
apple -0.014735 0.048797 0.3587 1.2159 -0.91184 0.79165 0.80973 -0.47061 -1.3242 0.22911 -0.61932 -0.30708 0.30655 0.59846 -0.17641 -0.58659 0.30744 0.085866 0.14827 -0.21014 -0.60652 -0.35837 -0.79873 -0.018378 0.24275 0.30256 -0.53914 0.3234 1.0135 -1.134 0.43827 -0.57536 0.30362 1.5417 -0.59894 -0.48451 0.1595 0.2126 0.31599 0.38143 0.26251 0.71288 -0.31198 -0.7398 0.61914 0.41772 0.77008 -1.5594 -0.46584 -0.27624 0.39676 0.40774 -0.39363 -1.0077 -0.27467 -0.083544 0.78134 0.39488 -0.89159 0.023886 -0.044368 -1.2128 0.3464 -0.57286 0.47753 -0.61702 0.87229 -0.02717 1.162 0.76253 0.52247 -0.30679 -0.79982 -0.48078 0.11187 -0.82234 -0.72924 -0.90381 -0.36498 0.56948 -0.16162 0.42446 -0.794 -0.41743 0.12723 0.10997 -0.03282 0.026802 0.42006 -0.21713 0.29624 -0.47876 0.67313 0.094474 0.40381 -0.62187 0.12262 -2.8285 -0.61585 0.70037 
onion -0.40044 0.17115 -0.18973 0.9356 -0.16135 0.10837 -0.44175 0.1212 0.30729 -0.20156 0.13009 0.10821 0.72506 0.017512 -0.36036 -0.20964 0.24552 -0.13341 0.61396 -0.15002 -0.31605 -0.73518 0.50058 0.23091 -0.67224 0.22263 0.97614 0.59459 0.88921 -1.7512 -0.19693 0.124 -0.26745 1.0562 -0.030719 -0.10819 0.19126 0.23915 0.39671 -0.14348 0.39571 0.22968 0.38374 0.23526 -0.14385 -0.23465 -0.52166 -0.16547 -0.091909 0.41391 0.40146 0.22045 -0.061218 -0.89916 1.2318 0.60416 1.0948 1.1216 -0.8621 -0.57439 0.49849 -1.3477 0.63746 0.52601 -0.6039 -0.16513 1.5519 0.28484 -0.96193 1.3366 0.95527 -0.97377 -0.76776 -0.22781 0.44886 -1.3055 -0.73084 -0.37406 -0.25586 0.7314 0.44898 -0.016327 0.077351 0.10384 -0.35857 0.081284 0.24236 0.38623 0.081033 -0.31585 0.38643 -0.67247 0.90772 0.44448 0.15391 -0.57788 0.19079 -1.6411 -0.29473 0.66367 
cheese 0.036119 0.027776 0.67661 -0.22528 -1.5559 0.16465 0.8937 -0.32599 -0.098102 0.25356 -0.47652 -0.19518 0.49133 0.0012943 -0.3506 -0.49439 0.036373 0.095858 0.15434 0.0056921 -0.30827 -0.40519 -0.48591 0.15112 -0.44258 -0.48746 0.71074 -0.055849 0.88173 -1.2256 0.15526 -0.18688 -0.053185 1.7464 -0.49466 -1.013 -0.78497 0.57561 0.7072 -0.26805 0.71852 0.49764 0.027256 -0.53528 -0.050228 -0.92403 -0.45322 -0.69423 -0.6097 0.049156 1.103 -0.35871 0.017735 -1.6134 0.42009 0.16463 1.147 0.89773 -1.0007 -0.44908 -0.0059641 -1.6371 0.1084 0.068009 0.039865 -0.079147 2.3608 -0.66932 -0.52329 1.4847 1.3987 -0.76317 -1.3074 -0.37115 0.29324 -1.3904 -0.95162 -1.2435 -0.58001 1.1981 0.3401 0.79155 -0.96563 0.080148 -0.19953 0.17678 0.16386 0.58782 0.43523 -0.066018 -0.074384 -0.50257 0.38704 -0.27374 0.36287 0.068356 -0.041608 -1.9524 -0.86166 0.85611 
incense -0.013993 -0.23581 -0.04038 1.3759 0.23011 0.3756 -0.90392 -0.24867 -0.50116 0.14328 -0.18862 -0.21006 -0.41673 0.4382 0.051227 -0.19041 0.81173 -0.10902 0.20875 -0.55725 -0.34339 -0.075698 -0.022976 -0.37393 -0.29077 -0.087083 0.41414 0.22371 0.177 -0.71177 0.36431 -0.0089511 0.081614 0.59784 -0.053599 0.25408 0.52631 0.53459 0.048079 0.045473 -0.19204 -0.53859 0.022465 0.16023 -0.31028 0.31416 0.00034065 -0.79586 -0.57957 0.53484 -0.3832 0.68153 -0.29963 0.1531 0.32714 0.26873 0.7668 0.68498 -0.71984 -0.35204 0.33912 -0.97374 -0.12564 0.10954 0.14686 -0.26355 0.71069 0.36701 1.2715 -0.50692 -0.39828 0.31256 -0.45437 0.089435 -0.18424 -0.58935 -0.34354 -0.0014769 0.0042465 0.87579 0.50653 0.45573 -0.0267 0.66481 -0.050615 0.78234 0.077903 0.075698 0.49654 -0.44639 0.47517 -0.43596 0.20084 0.15842 -0.46713 -0.82523 0.51373 -1.93 -0.068398 0.73602 
cinnamon -0.39636 0.14891 0.16278 1.0301 -0.50424 0.70667 -0.11336 -0.27669 -0.0797 0.1777 -0.30666 -0.2922 0.37318 0.52459 -0.11227 -0.44704 0.51773 -0.13821 -0.010626 -0.26558 -0.11636 -0.32406 -0.14542 -0.032825 -0.16819 -0.033702 0.3539 0.19516 0.9833 -1.6022 0.18752 -0.0022201 -0.35135 1.546 -0.57443 -1.0992 -0.11515 0.68138 0.434 -0.11446 0.10782 0.59447 -0.17655 -0.32637 -0.11674 -0.3221 -0.046948 -0.9195 -0.6159 0.17861 0.11847 0.18607 -0.67341 -0.95406 0.18775 -0.01373 0.86182 0.88022 -1.112 -0.37497 0.4859 -1.6236 0.42468 0.084788 -0.46788 -0.51589 1.4407 0.05568 0.4227 0.82399 0.83009 -0.3574 -0.90966 -0.3847 -0.17087 -0.96991 -0.55475 -0.57373 -0.20662 0.75189 0.21 0.47841 -0.10741 -0.58439 0.047372 -0.36484 0.081915 0.25769 0.18097 -0.17317 -0.039983 -0.59061 0.44337 0.38088 0.10394 -0.39981 0.26146 -3.0508 -0.49805 1.0309 
lemon -0.0019621 -0.34217 0.63513 1.2688 -0.81882 0.3781 0.31749 -0.38715 -1.0699 0.102 -0.62836 -0.28995 -0.26196 1.3725 0.20619 -0.53875 0.77992 -0.45396 -0.19032 -0.12439 -0.60265 -0.29941 -0.46621 0.1085 -0.076536 0.0079781 0.32858 0.28436 1.842 -2.2988 0.39953 -0.043835 -0.36275 1.1675 -0.91427 -0.59641 0.20372 0.28618 0.079838 0.541 -0.023302 0.82476 -0.1328 -0.82098 -0.16169 -0.54354 -0.43705 -1.3576 -0.42006 0.29836 0.30796 0.26935 -0.67941 -1.0234 0.40167 0.47261 0.9037 0.57956 -1.3592 -0.31385 0.24623 -1.3849 0.7861 -0.52733 -0.42178 -0.52215 1.8055 0.53129 1.1009 1.0705 0.68424 -0.53501 -0.25487 -0.61509 -0.43169 -0.3719 -0.56223 -0.68367 -0.47387 0.58844 -0.23439 -0.063233 -0.29827 -0.93757 0.099032 -0.26271 0.19618 0.053102 0.36053 -0.23823 -0.1583 -0.47572 0.062653 0.78309 0.36793 -0.46836 0.3983 -3.7814 -0.61206 1.1534 
tobacco -0.12247 -0.05188 -0.055531 1.403 0.14539 0.48483 -0.94628 -0.15434 -0.7891 0.3029 -0.021694 -0.029493 -0.51971 0.41886 0.47269 -0.07548 0.30237 -0.18501 0.30257 -0.080004 -0.24728 0.04562 0.36317 -0.76787 -0.5866 0.085288 0.76513 0.058137 0.58066 -0.7186 0.41425 -0.19109 0.018332 0.23059 -0.089882 -0.28305 -0.28936 0.78638 0.024021 -0.30436 -0.15844 0.30166 0.55091 -0.15789 -0.28263 -0.54931 -0.42772 -0.86985 -0.45766 0.13237 0.15864 0.4228 -0.32018 -0.27054 0.39982 0.36874 0.74261 1.1883 -0.93068 -0.62063 0.72985 -0.95672 0.2906 0.25249 -0.30837 0.36828 1.2459 0.50068 0.81736 0.091628 -0.18296 0.0031618 -0.34332 -0.26673 -0.20474 -0.83471 -0.67692 -0.64893 -0.024093 0.99815 0.25068 0.098897 -0.089251 0.1036 -0.012922 0.28024 0.01368 0.094554 0.040649 0.016201 -0.14476 -0.13742 -0.15135 0.22773 -0.26682 0.10224 0.48823 -0.79726 -0.026834 0.73856 
orange 0.081749 -0.15038 0.44474 1.8875 -0.38309 1.1373 0.35729 -0.79869 -1.631 0.073899 -0.7619 -0.71552 -0.32368 1.109 0.11656 -0.50082 0.25843 0.11006 -0.24269 -0.19805 -0.54608 0.10492 -0.8507 0.18067 -0.50026 -0.35805 -0.091682 -0.094186 1.575 -1.761 0.3641 -0.16421 0.015134 0.82889 -0.44222 -0.028282 0.42596 -0.074522 -0.060042 0.70316 0.044344 0.61279 0.029879 -0.78211 0.28835 -0.31743 -0.028779 -1.2239 -0.29971 0.039542 0.4057 0.14039 -0.41439 -0.53573 -0.25547 0.41599 0.68151 -0.0033284 -0.64951 -0.077879 -0.42869 -0.79271 0.064989 -0.78337 0.34903 -0.57545 0.83015 0.0097034 1.2343 0.026624 0.3379 -0.096584 -0.33908 -0.53696 -0.41292 0.18542 -0.69479 -0.59311 -0.52374 0.73592 0.089919 0.13685 -0.79239 -0.074777 0.055429 0.13218 0.22565 0.18366 0.51536 -0.20253 0.052006 -0.15453 0.060572 0.13649 0.37919 -0.7416 0.36288 -3.0333 -0.49177 0.82152 
egg 0.069104 -0.10371 0.27745 -0.084844 -0.96073 0.31348 0.63091 -0.12038 0.084063 -0.44575 0.52872 0.048574 0.55192 -0.20933 0.078843 -0.23571 0.30087 -0.19942 0.039342 -0.29939 -0.33979 0.29911 -0.25119 0.35048 -0.50946 -0.071835 1.1234 -0.14013 1.4624 -1.5771 -0.31836 0.35281 0.40223 0.44787 0.27851 0.14045 0.41184 -0.090502 0.63394 0.40926 0.77361 0.29217 0.28902 -0.3888 -0.072924 -0.86503 -0.92562 -0.19352 0.32263 0.0080733 1.5327 -0.71389 -0.035211 -1.4134 0.62119 0.31909 1.1481 0.63035 -0.7208 -0.53958 0.73435 -2.0089 0.49925 0.54084 -0.5554 0.14839 1.2618 -0.85086 -1.6666 1.34 1.5269 -0.75975 -0.37049 0.086449 0.22037 -0.93436 -1.0538 -1.3328 0.070639 1.2818 0.48192 0.33464 -0.66181 0.10636 0.22398 0.19536 -0.015873 0.2753 0.12472 -0.34166 0.64961 -0.74688 1.4125 0.3549 0.37197 -1.2845 -0.15772 -0.70273 -0.359 0.058531 
vanilla -0.14934 -0.17386 0.32023 0.84067 -0.65334 0.60624 0.22631 -0.33768 -0.57889 0.30587 -0.53913 -0.46477 -0.2442 0.95734 0.30851 -0.42418 0.89499 -0.26824 -0.61166 -0.56105 -0.18845 -0.064995 -0.58938 -0.015068 0.25214 -0.15054 0.08275 0.087595 0.993 -1.2587 0.42033 -0.013361 -0.2785 1.169 -0.64937 -0.85529 0.091516 0.47835 0.25523 0.32956 0.026758 0.53232 -0.29139 -0.6301 -0.21856 -0.5005 -0.17342 -1.106 -0.56506 0.037749 0.18565 0.058817 -0.63023 -0.82388 0.16786 0.026505 0.70249 0.62072 -1.009 -0.25495 0.4063 -1.5924 0.24851 -0.25462 -0.3991 -0.48755 1.2634 0.0926 0.79495 0.51473 0.61445 -0.21435 -0.48664 -0.42111 -0.38853 -0.24826 -0.39623 -0.5018 -0.2576 0.38066 -0.098267 0.23015 -0.088264 -0.77603 0.20407 -0.42959 0.13358 -0.042938 0.17503 -0.1362 -0.25628 -0.1926 0.035654 0.45678 0.23523 -0.34763 0.3406 -3.2033 -0.58197 0.97833 
gasoline -0.19081 -0.025911 -0.3068 1.2895 0.55554 0.59307 -0.89463 -0.32395 -0.36801 -0.13579 0.43102 -0.31908 -0.39467 0.037806 0.33407 -0.05311 0.64282 -0.28815 0.042854 -0.63105 -0.21766 0.19398 0.22248 -0.22661 -0.59095 0.17939 0.49908 -0.076591 0.59436 -1.1823 -0.090666 0.25445 -0.045688 -0.29916 0.35893 0.28875 0.15159 0.21406 0.050229 -0.073174 0.017436 -0.26559 0.37095 0.15411 -0.18902 -0.67639 -0.80908 -0.16015 -0.26174 0.026022 0.32033 0.033244 0.040145 0.37763 0.85789 0.49074 0.66751 0.83673 -0.55539 -0.53665 0.59855 -0.84864 -0.0038658 0.54179 -0.1987 0.26264 0.70567 -0.25178 -0.095519 0.019364 0.038641 -0.24312 0.083132 0.044123 0.038079 -0.31419 -0.53598 -0.24946 0.15833 0.51206 0.27441 0.018487 0.048901 0.57688 -0.10862 0.31979 -0.016753 -0.15226 0.094996 -0.21625 0.22911 -0.21 0.54286 0.12168 -0.32042 -0.76557 0.38578 -0.53654 -0.13455 0.051622 
tea -0.1436 -0.1038 0.32203 1.0069 -0.53873 0.4498 0.16867 -0.21707 -0.55515 -0.032461 -0.50082 -0.036181 0.027792 0.98275 0.038049 -0.3677 -0.16586 0.029027 0.32987 0.33236 -0.20016 -0.47547 -0.15689 0.11937 -0.26745 -0.10685 0.13468 0.13522 0.80746 -0.8361 0.18536 -0.24281 -0.10107 0.96378 -0.33426 -0.56417 -0.12186 0.13524 0.26648 0.04018 -0.12083 0.52823 -0.19089 -0.38182 0.077438 -0.082115 -0.052224 -0.52895 -0.21369 -0.012748 -0.068561 0.12551 -0.3244 -0.63684 -0.0059157 -0.0059426 0.3242 0.014832 -0.61338 0.10693 -0.16121 -0.54105 0.37103 -0.27516 -0.12696 -0.39358 1.1123 0.30993 0.14506 1.1253 0.53424 -0.57991 -0.76163 -0.30293 0.022248 -0.63751 -0.38464 -0.38314 -0.44079 0.50775 -0.12125 0.17925 -0.40146 -0.55474 -0.13874 -0.34555 0.17731 0.20674 0.32291 -0.3302 -0.04712 -0.25591 0.17775 0.2749 0.39056 -0.32928 -0.035473 -1.8506 -0.32346 0.54129 
honey -0.55383 0.19196 -0.086468 1.4176 -0.037576 0.82163 -0.45386 -0.45152 -0.23623 0.26753 -0.41655 -0.32045 0.31817 -0.13575 -0.13596 -0.040182 -0.19207 0.1753 -0.17902 -0.011889 0.30899 -0.55071 -0.63877 0.0003158 0.034704 -0.04842 -0.62323 -0.11934 0.36622 -0.38685 0.25452 -0.31019 -0.14558 0.81879 -0.40168 -1.1679 -0.4119 0.4591 0.33272 -0.27932 -0.087041 0.33045 -0.2264 -0.013692 0.075985 -0.093912 0.23095 -0.65884 -0.30553 -0.0052934 -0.036583 -0.1865 -0.15445 -0.64819 -0.076008 -0.13367 0.56517 0.60914 -0.64382 -0.27075 0.57841 -1.2151 0.37311 0.21124 -0.27685 -0.34146 0.61803 0.087256 0.33454 0.36347 0.64971 -0.29361 -0.7321 -0.18688 -0.27692 -0.25553 -0.16755 -0.27014 -0.33093 0.31523 -0.36894 0.22995 -0.44067 -0.4859 0.16497 -0.54382 -0.086147 -0.057813 0.086878 -0.090268 0.05121 0.22467 0.30733 0.13463 0.26871 -0.20927 -0.082507 -1.5592 -0.16132 0.23862 
chocolate -0.26807 0.14734 -0.0066002 0.65058 -0.40837 0.079498 0.22017 -0.2638 -0.17122 0.13807 -0.28447 -0.086349 0.18153 0.43911 -0.21938 -0.43909 0.22069 0.11595 0.26064 -0.0072572 -0.03225 -0.24734 0.16995 0.12819 -0.25066 -0.0865 0.48207 0.07803 0.5953 -0.82617 0.107 0.023613 -0.14725 1.0156 -0.27959 -0.59134 -0.058241 0.27873 0.37792 -0.11366 0.26256 0.62339 0.0037596 -0.1417 0.2133 -0.15454 -0.22337 -0.38098 -0.21679 0.27021 0.55225 0.058282 -0.38974 -0.74876 0.341 0.18421 0.76189 0.26494 -0.40695 -0.18675 -0.10753 -0.66982 0.29452 -0.2471 -0.33842 -0.33553 1.4317 0.41136 0.21021 1.1256 0.41595 -0.39457 -0.7963 -0.29651 0.28675 -0.70232 -0.35634 -0.48586 -0.22703 0.75709 0.22174 0.045203 -0.20149 -0.22794 -0.22159 -0.2238 0.39045 0.071995 0.045461 -0.073338 0.43419 -0.38291 0.26978 0.25609 0.14735 -0.72554 0.091373 -2.2058 -0.30538 0.48903 
manure 0.085287 -0.32662 -0.12581 0.46345 0.14134 0.34037 -0.18292 -0.22567 -0.78836 0.057121 0.10064 -0.66641 -0.64613 -0.34663 0.41674 0.21041 0.49693 -0.15633 -0.12139 -0.61983 -0.19846 0.231 -0.077758 -0.299 -0.31792 -0.054604 0.073951 -0.40344 0.45245 -0.53767 0.14123 -0.28092 0.070968 -0.48362 0.34303 0.42982 0.33508 0.04119 -0.15265 0.34591 -0.020145 -0.21029 0.17637 -0.046574 -0.13384 -0.27189 -0.071131 -0.78612 -0.35536 -0.25744 0.46595 -0.13868 0.10987 0.47623 0.31453 0.34194 0.40266 0.45614 -0.23268 -0.36702 0.63064 -0.77285 -0.21822 0.15278 -0.22699 0.40016 0.82484 -0.22578 0.15411 0.053932 0.05317 -0.043661 -0.202 0.083233 -0.13694 -0.47996 -0.95824 -0.81685 0.17907 1.126 0.29236 0.28499 -0.61287 0.92122 -0.27602 0.66349 0.21924 -0.091032 0.032699 -0.40231 0.23573 0.21595 0.85528 0.10601 -0.13806 -1.2061 0.49451 -1.1544 -0.27568 0.25551 
mint -0.1187 -0.14863 -0.035655 2.0824 -0.28041 0.51451 -0.42085 -0.19008 -1.1693 0.45134 -0.56358 -0.31544 -0.48612 1.6036 0.195 -0.18127 0.59628 -0.47401 0.18803 0.57708 -0.58504 0.21833 -0.15094 -0.70967 0.48248 -0.27798 0.20792 0.48665 1.8201 -1.9323 0.66213 0.15564 -0.36125 0.48035 -0.86947 -0.2534 0.31163 0.83751 -0.056688 0.43506 -0.39032 0.75512 -0.092479 -0.79673 -0.25766 -0.48958 -0.41092 -1.3181 -0.39982 0.21413 0.12396 0.18681 -0.88848 -0.68187 0.073552 0.48898 0.83458 1.1014 -1.4543 -0.52532 0.55506 -1.2303 0.44604 -0.34821 -0.56616 -0.11181 1.2824 1.069 1.9254 -0.18126 -0.34335 0.15104 -0.021247 -0.65651 -0.71876 -0.032013 -0.73637 -0.78749 -0.35018 0.8045 -0.42941 -0.43437 -0.28815 -0.89563 0.17408 -0.13052 0.0052187 -0.40552 0.57891 -0.22995 0.073464 -0.76245 -0.11701 0.63678 -0.074452 -0.39258 0.63064 -2.3589 -0.34218 0.94352 
hay -0.69711 0.11617 -0.46804 3.46 0.45702 2.0563 -1.6889 -0.82537 -1.2856 0.24034 -0.11764 -0.60797 0.1812 -0.93605 -0.40769 -0.05431 -0.20666 0.51605 0.88686 0.21051 -0.31145 0.063689 -0.4113 -0.14907 -1.0805 -0.01519 0.396 -0.13225 1.4147 -0.76829 0.48636 0.046941 -0.008037 0.13063 -0.25103 -0.71497 0.63422 0.058459 0.076097 0.55662 0.15508 0.31626 0.1988 -0.18842 0.19333 0.065496 0.49407 -0.90948 -0.22043 -0.33182 0.091716 -0.10301 -0.26528 -0.60668 0.30812 0.22215 0.69504 0.86177 -0.66765 -0.46746 0.89651 -1.3374 0.30612 0.10486 0.064815 -0.066382 0.81975 -0.21965 -0.071231 1.0301 0.93835 -0.491 -0.75796 -0.2114 -0.20512 -0.46062 -1.094 -1.13 -0.046246 1.6229 0.21022 0.30396 -0.71001 0.21529 0.49103 -0.67774 -0.27741 -0.19911 0.091877 -0.0085513 0.21018 -0.091323 0.75824 0.082144 0.62654 -1.1827 0.22108 0.042081 0.070454 0.3355 
citrus 0.090953 -0.17406 0.2885 0.78285 -0.53332 0.55258 0.17064 -0.46057 -0.85004 0.22197 -0.54336 -0.62152 -0.35346 1.1077 0.36907 -0.47471 1.0111 -0.31235 -0.83539 -0.73499 -0.013323 0.11443 -0.77023 -0.0045786 0.33948 -0.24222 -0.37721 -0.16809 1.2404 -1.4516 0.43133 -0.075592 -0.15689 0.77473 -0.67095 -0.415 0.44505 0.18828 0.13407 0.40447 0.16017 0.48768 -0.19966 -0.44946 -0.26796 -0.29114 0.029531 -1.1514 -0.37034 -0.002847 0.26543 0.030011 -0.58829 -0.78127 -0.26186 0.06801 0.61092 0.36187 -0.73511 -0.16195 0.21611 -1.1057 0.012164 -0.38039 -0.31095 -0.31155 1.0727 0.10404 1.1508 0.1872 0.27923 0.093652 -0.16046 -0.32847 -0.50827 -0.0084653 -0.44536 -0.41152 -0.28654 0.4294 -0.065566 0.22238 -0.38051 -0.32032 0.15084 -0.06909 0.25735 -0.0099136 0.15029 -0.29777 0.00084373 -0.24095 0.54115 0.46594 0.16866 -1.1951 0.47867 -3.4646 -0.51758 0.96392 
ammonia 0.24729 -0.32399 0.15061 0.11505 -0.014947 -0.1948 -0.033699 -0.20133 -0.58364 -0.0029278 0.06383 -0.30531 -0.67147 0.48328 0.41187 -0.16323 1.0195 -0.46229 -0.46113 -0.7342 -0.2496 0.34206 0.080392 -0.074712 -0.098634 -0.027564 0.40242 -0.10807 0.59027 -0.71886 0.16236 0.30267 -0.057492 -0.27261 0.026444 0.31453 0.44775 0.095648 -0.013774 0.4368 0.15325 -0.068473 0.22794 -0.13936 -0.48118 -0.76791 -0.91252 -0.58585 -0.12302 0.19597 0.50867 -0.08132 -0.28546 -0.039804 0.64423 0.49925 0.75031 0.7041 -0.68447 -0.4787 0.73452 -1.0676 0.23175 0.21608 -0.63584 0.21613 1.3201 0.22684 0.12761 0.17995 0.045737 -0.052437 0.25082 -0.037023 -0.1364 -0.049357 -0.40766 -0.38366 0.26894 0.61017 0.15104 -0.14874 -0.027227 0.22667 -0.06752 0.44637 0.12434 -0.21186 -0.066665 -0.22952 0.10459 -0.11692 0.35431 0.47199 -0.13351 -0.80013 0.39305 -1.385 -0.27874 0.32407 
cedar -0.16527 -0.22056 -0.087205 2.4483 0.11016 1.4569 -0.65053 -0.58089 -1.5083 0.16012 -0.33545 -0.35626 -0.58166 0.9468 0.59788 -0.20635 0.29966 -0.018864 0.21453 -0.19228 -0.51668 0.28408 -0.52387 -0.2879 -0.65551 -0.16237 0.49588 0.0039222 1.5049 -1.6079 0.32073 -0.026036 0.029387 0.021708 -0.23393 0.25142 0.64962 0.090226 -0.0040828 0.69691 -0.11376 0.27834 0.12668 -0.55776 0.09982 -0.22632 -0.077226 -1.0269 -0.34023 -0.31136 0.067909 0.17692 -0.41964 -0.094937 -0.018355 0.17993 0.36971 0.31917 -0.42142 -0.060694 0.13213 -0.70994 -0.16315 -0.29911 0.41545 -0.13769 0.33882 -0.12674 0.88852 -0.071915 0.14103 0.04135 -0.30805 -0.19832 -0.22416 -0.12816 -0.84047 -0.7622 -0.26094 0.80065 0.17104 0.20952 -0.56368 0.27951 0.15341 0.10374 -0.030632 -0.087685 0.48266 -0.2014 0.1822 -0.16994 0.18928 0.10525 0.20658 -0.65212 0.33902 -1.5723 -0.28031 0.47079 
weed -0.18882 -0.006103 -0.18618 1.2585 -0.041717 0.98215 -0.6105 -0.22229 -0.76968 -0.067476 0.18252 -0.068718 0.0075848 -0.31764 0.3968 0.14733 -0.26637 0.25576 0.41303 0.24386 -0.55072 -0.10335 -0.12307 0.20336 0.102 -0.16284 -0.018154 0.047021 0.61493 0.25421 0.047266 -0.02877 0.34571 -0.38045 0.55321 -0.063579 0.012234 -0.072461 0.12635 0.49901 0.15751 0.22768 0.23854 -0.22599 0.053 -0.18603 -0.27473 -0.41364 0.48034 -0.14937 0.64457 -0.57706 0.18018 -0.66259 0.28621 0.22015 0.43934 0.30053 -0.28205 -0.36244 0.53887 -0.99663 0.35925 -0.014465 0.11922 -0.17603 -0.14755 -0.2742 -0.41769 0.22162 0.69641 -0.35953 -0.29035 -0.12609 -0.12298 -0.095358 -0.87128 -1.0228 -0.12665 0.80726 0.17579 0.015163 -0.66848 0.35997 0.2224 -0.28482 -0.16415 -0.053162 0.11745 0.11517 0.37516 0.24128 0.6517 0.39843 0.6346 -0.74268 -0.146 0.56646 0.11166 0.1966 
rubber 0.023618 -0.48462 -0.19326 1.7363 -0.082738 0.74075 -0.67444 -0.045969 -0.98008 -0.063688 -0.12798 -0.19591 -0.51824 0.31015 0.44756 -0.15398 0.17599 0.12722 0.88215 0.083948 -0.66494 0.16662 0.22033 0.084487 -0.45718 -0.24571 0.66104 0.18872 0.94496 -1.6069 -0.010743 0.37784 0.019659 -0.00085272 0.49297 0.38532 -0.022301 0.42868 0.071986 0.042643 -0.066142 -0.18544 0.26368 -0.030686 -0.22566 -0.61305 -0.99389 -0.18344 -0.14138 0.43741 0.67677 -0.38882 -0.0022362 0.019813 0.89675 0.33253 0.96474 0.39053 -0.60996 -0.57998 0.56653 -1.1707 -0.12945 0.63233 0.1957 0.052085 0.86544 -0.21092 0.1371 0.12791 0.35637 -0.3246 -0.032978 0.14775 0.087653 -0.3391 -0.81839 -0.5457 -0.2827 0.78797 -0.34698 -0.20581 0.058128 0.46126 -0.0057311 0.013116 0.17705 0.052495 0.48548 -0.34328 0.16211 -0.30538 0.14951 -0.019219 0.12488 -0.5652 0.24321 -0.14448 -0.19642 0.6112 
vegetable 0.030554 -0.11127 0.18257 1.1109 -0.49935 0.39182 0.48038 -0.33939 -0.66902 -0.40481 0.25536 -0.0057182 0.19611 0.21262 -0.086935 -0.3028 0.45621 -0.20507 0.43186 -0.14874 -0.7369 -0.26711 -0.028529 0.013778 -0.28861 0.34808 0.20093 0.15075 0.81939 -1.3043 -0.19954 -0.41967 0.22886 0.38264 -0.22698 0.71003 1.0588 -0.49149 0.17316 0.73251 0.38704 0.3454 0.054214 -0.49093 0.47267 0.43616 0.17264 -0.92593 -0.014142 -0.24297 0.85031 0.22296 -0.052463 -0.57064 0.59507 0.51323 0.89163 0.31242 -0.55407 -0.13119 -0.015387 -0.85667 0.46521 -0.25041 0.11316 -0.10922 1.0283 -0.29215 0.06624 1.0149 0.58011 -0.5322 -0.47865 -0.29833 0.30995 -0.91153 -0.87555 -0.87728 0.13623 1.0704 0.64886 0.50285 -0.90061 0.44079 -0.23094 0.84692 0.26899 0.27611 0.25881 -0.49434 0.73265 -0.64597 0.89581 0.27106 0.18195 -1.204 0.18113 -1.8532 -0.26793 0.46547 
vinegar -0.082579 -0.24283 0.29392 1.1738 -0.22119 0.63461 -0.17225 -0.31994 -0.66412 0.0029303 0.088158 -0.14438 -0.1469 0.35454 0.18608 -0.1196 0.32015 -0.19427 0.23147 -0.058193 -0.54465 0.079677 0.00083446 -0.10348 -0.12951 0.061475 0.4142 0.096839 0.85467 -0.79009 0.17598 -0.052185 -0.064109 0.23676 -0.0075514 -0.25564 0.10892 0.16979 0.066828 0.36065 0.056193 0.47261 0.16662 -0.56199 0.01127 -0.45241 -0.55273 -0.7796 -0.146 -0.029453 0.59447 -0.12079 -0.41182 -0.55464 0.54949 0.4814 0.79502 0.69427 -0.82265 -0.35739 0.55245 -1.2872 0.56086 0.0071842 -0.17236 -0.18102 0.94968 0.06501 0.40056 0.37517 0.43491 -0.25269 -0.42141 -0.35423 -0.14425 -0.3312 -0.7651 -0.87255 -0.075616 0.91374 0.26756 0.14411 -0.3856 -0.1586 0.13273 -0.066408 0.0097054 -0.1313 0.067905 -0.10626 0.10474 -0.28192 0.073965 0.47673 0.17483 -0.38254 0.2226 -1.7428 -0.31349 0.34377 
popcorn -0.33783 0.27423 -0.37223 1.0553 -0.14558 0.69275 -0.13212 -0.15071 0.23498 -0.07306 -0.054937 -0.23621 0.41447 0.080082 -0.25747 -0.2409 -0.19867 0.094943 0.55648 0.17594 -0.06331 -0.047836 0.013692 0.12824 -0.46236 -0.20935 0.50017 0.26477 0.82619 -1.3646 -0.06127 0.28955 -0.1034 0.76181 -0.14872 -0.36886 -0.071079 0.38345 0.2529 -0.17173 0.15547 0.12985 -0.096173 -0.033853 -0.0027435 -0.28619 -0.33354 0.13691 -0.16621 -0.0077554 0.22141 -0.21036 -0.15426 -0.48607 0.25893 -0.052626 0.72211 0.68542 -0.64819 -0.3825 0.33259 -1.0904 0.16728 0.4709 -0.059375 -0.11508 0.80055 -0.25335 -0.75084 0.93838 0.7484 -0.60126 -0.78211 -0.010568 0.22036 -0.86524 -0.68401 -0.51982 -0.23421 0.91082 0.26948 0.31821 -0.18482 0.22887 -0.098441 -0.27732 0.065879 0.17751 0.36518 -0.285 0.23076 -0.64641 0.86772 -0.22085 0.17922 -0.72257 0.012665 -0.63663 -0.17872 0.34639 
potato -0.14682 0.070501 -0.12217 0.71432 -0.68213 0.33246 0.23498 -0.22952 0.25523 -0.28026 0.075305 0.002365 0.58801 0.22625 -0.14005 -0.26461 0.45878 -0.22107 -0.048447 -0.31219 -0.043923 -0.26425 -0.31837 0.18387 -0.46037 -0.04327 1.0315 0.22894 1.0924 -1.7011 -0.1269 0.18292 -0.016871 0.97326 -0.23635 -0.094345 -0.072988 0.13805 0.64869 -0.19507 0.64132 0.27713 0.10472 -0.19203 0.0997 -0.18462 -0.081007 -0.19336 -0.0082015 0.073428 0.99521 -0.15105 0.068049 -1.188 0.50611 0.085417 0.77787 0.75622 -0.78264 -0.30108 0.27296 -1.4967 0.40497 0.18513 -0.17546 -0.038193 1.2687 -0.4532 -1.1021 1.2419 1.2068 -0.68515 -0.50501 -0.15723 0.2936 -1.0458 -0.77819 -0.81123 -0.21596 0.88593 0.33703 0.35007 -0.4266 0.13494 -0.2884 0.23836 0.10505 0.4748 0.45008 -0.38907 0.49451 -0.91746 1.3404 0.069947 0.14302 -0.9672 0.081486 -1.3293 -0.36726 0.32361 
strawberry -0.06488 0.010642 -0.0035734 1.281 -0.40209 0.80421 -0.076045 -0.22471 -0.72877 0.25364 -0.53518 -0.28556 -0.041176 0.63553 0.15449 -0.20685 -0.0044693 0.20276 0.030018 0.082009 -0.24356 -0.049256 -0.54266 0.018608 0.12339 -0.35735 -0.21214 0.21614 0.96283 -1.0305 0.3048 -0.10602 -0.12776 0.64095 -0.33921 -0.39881 0.058956 0.37598 0.10077 0.17948 -0.087208 0.35411 -0.15607 -0.36322 0.023974 -0.22589 0.12698 -0.54285 -0.2558 0.096723 0.11497 -0.11578 -0.35608 -0.46575 -0.11204 -0.11336 0.62906 0.47083 -0.78835 -0.33005 0.16776 -1.0431 -0.024435 -0.064923 0.14852 -0.20657 0.76557 -0.034269 0.29669 0.45848 0.38402 -0.25453 -0.58245 -0.17474 -0.13221 -0.35973 -0.61803 -0.65037 -0.3783 0.91429 -0.18452 0.16163 -0.25933 -0.19915 -0.01595 -0.18185 0.10379 0.2964 0.35312 -0.075838 -0.17118 -0.15734 0.073688 -0.14045 0.29092 -0.25728 0.25688 -1.4314 -0.20287 0.82072 
peppermint 0.01946 -0.24399 0.31669 0.72452 -0.39474 0.14451 0.20353 -0.21564 -0.78255 0.060946 -0.34894 -0.12852 -0.49279 1.3126 0.41101 -0.3091 0.71398 -0.3477 -0.3726 -0.18377 -0.46156 0.10013 -0.25922 -0.044182 0.32526 0.018252 0.079808 0.23476 1.0143 -1.2101 0.2097 0.018218 -0.24784 0.44277 -0.37301 -0.12466 0.13409 0.19771 -0.084589 0.44598 -0.14131 0.38336 -0.091446 -0.59306 -0.17435 -0.45433 -0.46024 -0.73397 -0.20972 0.19303 0.18631 0.13756 -0.45264 -0.33381 0.37861 0.42618 0.47816 0.35686 -0.84861 -0.26097 0.18669 -0.84314 0.40697 -0.37159 -0.37841 -0.20009 1.0369 0.42544 0.79774 0.32491 0.1399 -0.18743 0.00067932 -0.38745 -0.33814 -0.11599 -0.40811 -0.53381 -0.091128 0.65092 0.045148 -0.11043 -0.15071 -0.47016 -0.086029 0.05271 0.11874 -0.053273 0.20291 -0.061599 -0.064299 -0.36704 -0.04752 0.57352 0.027739 -0.41964 0.43162 -2.5241 -0.37205 0.64262 
mouse -0.043505 -0.52624 -0.43708 1.4666 0.21785 0.20711 -0.76203 -0.08278 -0.78292 -0.0056897 0.214 0.12499 -0.83687 0.3911 0.64348 -0.11647 0.32254 0.099653 0.44101 -0.029946 -0.4068 -0.67115 0.088382 -0.41449 0.014126 0.060905 -0.20903 0.043053 0.078209 -0.2449 -0.14427 -0.1117 0.25607 -0.48277 0.29359 0.85296 0.55816 -0.29402 0.3464 0.27041 0.059461 -0.17398 0.3615 0.016635 0.48129 0.62211 0.56567 -0.80138 -0.5176 -0.10926 0.4106 0.45416 0.34346 0.032097 0.3545 0.38966 0.40476 0.64528 -0.14675 -0.069354 0.56363 -0.5866 0.23317 0.31178 0.070037 0.4392 1.1907 0.2646 -0.05043 0.3638 -0.27052 -0.25756 -0.22344 -0.064856 0.61127 -0.17059 -0.30224 -0.58806 0.20437 0.69164 0.058988 -0.069339 -0.70994 0.95694 -0.22473 0.92796 -0.13934 -0.14724 0.20854 -0.17373 0.43006 0.29791 0.23363 -0.0037379 -0.027895 -0.13231 -0.19321 0.70571 0.016779 -0.03581 
disinfectant 0.17363 -0.40515 0.10617 0.6226 0.12552 -0.07296 -0.26333 -0.060916 -1.1069 0.13589 0.13548 -0.17123 -0.74091 0.3975 0.48903 -0.12952 0.73995 -0.17475 -0.029448 -0.49852 -0.43707 0.18628 0.010243 -0.45182 -0.22807 0.071738 0.20064 -0.14517 0.41771 -0.54829 0.16195 -0.059734 0.17863 -0.46978 0.23617 0.5446 0.4714 0.13996 -0.040888 0.3563 0.037965 0.15634 0.33792 -0.19102 -0.14709 -0.46701 -0.58522 -0.85675 -0.2822 0.063609 0.4759 0.12062 -0.12839 0.17038 0.37338 0.50481 0.54897 0.6512 -0.43278 -0.43655 0.63481 -0.69065 0.14082 0.12134 -0.21097 0.42856 0.92422 0.29618 0.26513 0.11958 -0.29387 0.072066 0.13465 -0.10893 -0.086676 -0.0069571 -0.41594 -0.59464 0.3454 0.89504 0.33905 0.026052 -0.39982 0.5763 -0.061142 0.80301 -0.038629 -0.19117 0.074782 -0.13458 0.24204 -0.074877 0.31018 0.28722 -0.24327 -0.67112 0.45077 -0.91642 -0.20137 0.11452 
peach -0.26829 0.066118 0.040565 1.1851 -0.27013 0.83907 0.34286 -0.31811 -1.2746 -0.13349 -0.47634 0.091644 -0.095799 0.91273 0.5812 -0.47188 -0.30637 -0.03726 0.61658 0.09547 -0.54049 -0.21973 -0.17018 0.058024 -0.25926 0.098749 -0.067496 0.1191 0.63336 -1.0241 0.16777 -0.47291 0.012935 1.0361 -0.091257 -0.35752 0.064547 0.25031 0.24208 0.063262 -0.11631 0.53738 0.050168 -0.45245 0.68701 0.20035 0.23399 -0.90616 -0.31623 0.0029988 0.14307 0.34787 -0.36031 -0.30063 -0.20034 -0.015326 0.35594 0.072228 -0.51387 0.060632 -0.14253 -0.34844 0.28798 -0.44337 0.38725 -0.29226 0.51461 0.12606 1.0414 0.48211 0.31308 -0.22585 -0.87719 -0.17797 0.26749 -0.81863 -0.73787 -0.85479 -0.40965 0.91966 -0.17324 0.2028 -0.36847 -0.13738 -0.19001 0.011514 0.056405 0.1898 0.35343 -0.10214 0.47584 -0.36243 0.58637 0.058544 0.22831 -0.47846 -0.14073 -1.7768 -0.35487 0.18711 
cherry -0.18047 0.13452 0.27902 1.4057 -0.95866 1.0047 0.43624 -0.42791 -0.70649 0.42091 -1.051 -0.3463 0.21747 1.0561 -0.042337 -0.51745 0.018601 0.22284 -0.25469 -0.02572 -0.21696 -0.15631 -0.91398 0.18843 -0.092318 -0.45091 -0.0923 0.21455 1.0686 -1.5718 0.41172 -0.27478 -0.31916 1.5349 -0.90725 -0.63991 -0.061061 0.47813 0.27359 0.26222 0.066476 0.52918 -0.26362 -0.61512 0.047469 -0.43738 0.31062 -0.83132 -0.75207 0.17328 0.29003 0.01416 -0.4596 -0.99595 -0.11915 -0.16414 0.88506 0.56266 -0.98391 -0.34537 -0.18089 -1.444 -0.13704 -0.16883 0.21007 -0.34295 1.5891 -0.41591 0.6749 0.53927 0.81362 -0.31464 -1.0023 -0.37819 -0.10184 -0.741 -0.72367 -0.68161 -0.73548 0.687 -0.13064 0.56093 -0.49081 -0.44772 -0.070351 -0.1753 0.22695 0.57199 0.64118 -0.24325 -0.29199 -0.43333 0.024786 -0.38676 0.43484 -0.10366 0.26647 -2.3698 -0.54957 1.2182 
bark -0.35182 0.17943 -0.76467 2.426 0.12981 1.6181 -0.095142 -0.1453 -0.72337 -0.083322 -0.34662 -0.54318 0.13025 -0.13451 0.036276 -0.15575 -0.53698 0.38287 0.71454 0.18597 -0.32654 0.20024 -0.57332 0.17295 -0.53879 -0.4071 -0.19442 -0.000307 0.76265 -1.4081 0.010056 -0.027701 0.13548 0.11848 0.12166 0.27458 -0.12726 0.34887 0.03757 -0.046137 0.18342 -0.027196 0.0095599 -0.15869 0.76385 -0.10888 0.067876 0.013111 -0.41449 -0.19326 0.65924 -0.26644 0.19542 0.22207 -0.36528 -0.21884 0.79556 0.27972 -0.2808 -0.45887 -0.12341 -0.74744 -0.49816 0.37905 0.91445 0.25726 0.35629 -0.92383 -0.27354 0.35044 0.50572 -0.34001 -0.39622 0.22453 0.38091 -0.21011 -0.78388 -0.57222 -0.67488 0.34376 -0.36384 0.23296 -0.56138 1.0156 0.0028099 -0.0013796 0.12692 0.2222 0.75258 -0.52431 0.21869 -0.44102 0.7863 -1.0355 0.36624 -0.62474 0.048708 0.21667 -0.27023 0.18666 
clove -0.12326 -0.15044 -0.010939 2.4695 0.0068695 1.0165 -0.78726 -0.65041 -0.90389 0.3036 -0.58322 -0.42381 -0.10977 0.74961 0.029396 -0.089476 0.1227 -0.05489 0.45957 0.70335 -0.49371 -0.51953 -0.15944 -0.64756 -0.1489 0.16569 -0.10342 -0.0068982 1.2585 -1.3565 0.30034 -0.33514 -0.036742 0.44294 -0.60304 -0.19207 0.44542 -0.081587 0.22532 0.39024 -0.15139 0.57938 -0.16056 -0.57113 -0.011433 0.027012 0.099933 -1.4803 -0.0783 -0.48237 -0.16636 0.48925 -0.24099 -0.6091 0.20761 0.094516 0.42426 0.64604 -1.0085 0.09985 0.52854 -0.96596 0.45711 -0.30771 -0.38555 -0.47019 1.2743 0.77882 0.034192 1.5363 0.56071 -0.73797 -0.65784 -0.33348 -0.38745 -0.42589 -0.34701 -0.60226 -0.25401 1.0313 -0.18923 0.052359 -0.60009 -0.55396 -0.072656 -0.10896 -0.11939 0.072294 0.18472 -0.11957 0.049402 -0.1172 -0.29985 0.66638 0.19489 0.039513 0.34954 -1.8755 -0.26824 0.63235 
bakery -1.0147 0.37915 -0.41064 0.99481 0.037793 0.34992 -0.31583 -0.44955 0.3015 -0.24103 0.2096 0.23223 0.33248 0.7677 0.45195 -0.66779 -0.020522 0.14408 -0.082379 -0.23754 0.19318 -0.98966 0.021476 0.49762 -0.29055 0.28028 0.66831 0.25686 1.416 -1.9766 -0.70302 0.23995 -0.30002 1.2895 -0.33977 -0.58476 -0.057336 -0.28865 0.3582 -0.020252 0.36712 0.25357 0.031412 0.16083 0.53563 0.58779 0.86064 -0.099617 -0.4358 -0.12088 0.011852 0.23073 0.2485 -1.1242 0.37839 0.1624 0.19545 0.69157 -0.53366 0.078137 -0.10296 -0.52263 0.80677 -0.21809 0.026997 -0.5268 0.79497 -0.30173 -0.37389 1.028 0.95201 -0.84012 -1.3163 -0.78846 0.61793 -1.1432 -0.78089 -0.46215 -0.17284 0.76455 0.76445 0.34021 -0.77207 -0.10644 -0.64225 -0.29477 0.0030498 0.12087 0.36018 0.046237 0.34828 -0.47452 1.725 0.36415 0.32892 -1.0185 -0.45643 -1.5279 -0.31189 0.23161 
detergent 0.25425 -0.63623 0.46405 -0.039257 -0.20901 -0.61602 0.14717 0.072324 -1.2666 0.11342 0.12297 -0.036041 -1.1229 1.1443 0.80115 -0.25679 1.1152 -0.42692 -0.41579 -0.61772 -0.25598 -0.047108 -0.063421 -0.23219 0.35048 0.38756 -0.22479 -0.18848 0.54557 -0.28068 0.19425 -0.12514 0.064467 -0.50415 -0.015518 0.45965 0.56497 -0.027764 -0.063748 0.41937 -0.058009 0.56845 0.25029 -0.23772 -0.18424 -0.38619 -0.6344 -1.0628 -0.13303 0.13264 0.75824 -0.079258 -0.094778 -0.17315 0.38403 0.76912 0.53962 0.46724 -0.53849 -0.21043 0.65001 -0.40897 0.54898 -0.22942 -0.71998 0.2694 0.98592 0.72273 0.71961 0.35805 -0.44294 -0.0069667 0.31495 -0.3523 -0.28664 0.19711 -0.22735 -0.45375 0.41395 0.52818 0.23618 -0.29826 -0.49531 -0.012617 -0.020666 0.53956 0.018325 -0.44312 -0.17848 -0.12376 0.11041 0.09313 0.052633 0.84937 -0.26337 -0.74248 0.29752 -1.6668 -0.1293 0.06465 
mothball -0.30821 -0.088351 -0.13339 1.8486 0.22234 0.85491 -1.0925 -0.28998 -1.0662 0.31289 -0.09608 -0.048251 -0.36505 0.24393 0.22497 -0.23346 -0.2905 0.42187 0.55905 0.26788 -0.21747 -0.58048 -0.12982 -0.39507 -0.43349 0.0045244 -0.10889 0.020078 0.51172 -0.27291 0.1321 -0.1277 0.01619 0.064906 0.01499 -0.2161 0.095872 0.25522 0.17612 -0.0076087 -0.22714 0.2955 0.26941 0.019685 0.14134 -0.16807 -0.22569 -0.6449 -0.38395 0.020725 0.13016 0.02083 -0.050796 -0.19835 0.34102 0.32586 0.46756 0.78029 -0.59686 -0.38253 0.6049 -0.78438 0.2881 0.27475 0.063308 0.020279 0.49128 0.19404 -0.1177 0.58084 0.20662 -0.47042 -0.46821 -0.36446 0.057072 -0.1077 -0.28267 -0.45252 0.020909 0.6783 0.18437 0.014255 -0.65131 0.19107 0.0069279 -0.033631 -0.19342 -0.19552 0.24852 0.06455 0.050489 0.2694 -0.097632 0.036906 0.17551 0.058109 -0.12657 0.50894 0.08373 0.3036 
oak -0.14794 -0.063718 -0.59112 2.8948 0.24544 1.5937 -0.95467 -0.56481 -1.2748 -0.086522 -0.45433 -0.40696 -0.19648 0.31601 0.12138 -0.25474 -0.076789 0.14928 0.75538 0.2067 -0.43948 0.35799 -0.2093 -0.0066002 -1.0683 -0.45355 0.93447 -0.093738 1.3962 -1.3249 0.23428 0.17701 0.25046 -0.085508 -0.082408 0.41127 0.50531 -0.057254 0.068347 0.38838 0.21006 0.18706 0.14072 -0.2922 0.17516 -0.079052 -0.085454 -0.50786 0.034747 -0.24926 0.47447 -0.12326 -0.19937 -0.23618 -0.12039 -0.094391 0.34811 0.044249 -0.23414 -0.061408 -0.040463 -0.49188 -0.35844 -0.10948 0.52704 0.013291 0.58555 -0.19029 0.085331 0.55633 0.42681 -0.20132 -0.30978 0.13921 0.10146 -0.38121 -0.87065 -0.74114 -0.47644 0.78314 -0.33521 -0.029276 -0.47279 0.4699 0.17926 -0.1853 0.17409 0.02977 0.47415 -0.3632 0.1918 -0.18344 0.40033 -0.13954 0.45331 -0.72271 0.13464 -0.14176 -0.18419 0.49951 
tar -0.32638 0.080532 -0.23942 2.6486 -0.53694 1.9309 0.099144 -0.32633 -0.83199 0.0037773 -0.70924 -0.55619 0.078449 1.1113 0.26402 -0.051244 -1.0531 0.24693 1.064 0.9474 -0.7861 0.84477 -0.24414 0.05264 -0.91263 -0.97655 0.86798 -0.062026 1.5035 -1.8978 0.20406 -0.023132 0.05009 0.76045 -0.037301 0.23418 0.17129 0.53624 0.033873 0.77664 -0.040497 0.014669 0.056972 -0.82261 0.37113 -0.53802 -0.64327 -0.021717 -0.15499 0.0069737 0.15498 -0.21554 -0.43483 -0.38489 -0.27504 -0.17389 0.8438 0.038901 -0.52541 -0.19091 -0.33912 -1.1898 -0.58367 -0.0909 0.64075 -0.33586 0.93401 -0.52669 0.62255 -0.27967 0.63077 -0.052951 -1.121 0.1404 -0.06383 -0.53981 -1.0862 -0.91216 -1.215 0.72891 -0.10951 0.16113 -0.44024 0.31202 0.15915 -0.40413 0.50088 0.34414 0.77307 -0.57846 0.26463 -0.62078 0.11036 -0.5481 0.62059 -0.62983 0.16571 -1.8123 -0.49866 0.53749 
violet 0.073522 0.051802 -0.0766 1.0345 0.093357 0.51465 -0.049945 -0.36974 -0.80342 0.20709 -0.72445 -0.38695 -0.30085 0.82019 0.023904 -0.20597 -0.017367 0.23571 -0.1441 -0.0028105 0.068219 -0.15439 -0.62373 -0.12863 -0.0057868 -0.24181 -0.45982 0.0044991 0.27507 -0.37869 0.4179 -0.31642 -0.080314 0.35873 -0.42855 -0.039968 0.15919 -0.19598 -0.21991 0.07642 -0.021289 0.18005 -0.21501 -0.042098 0.054202 0.15981 0.4165 -0.47546 0.064989 -0.14502 -0.08474 0.078179 -0.14218 -0.101 -0.18111 -0.1206 0.21869 0.13443 -0.39431 -0.050564 0.019679 -0.44649 -0.05111 -0.28805 -0.056916 -0.22442 0.42642 0.50692 0.21959 0.45898 0.091704 -0.20138 -0.1843 -0.11259 -0.24392 0.17107 -0.11905 0.015062 -0.27877 0.38516 -0.18534 -0.00054239 -0.15373 0.015442 -0.16452 0.026635 0.17457 0.074441 0.32016 -0.16047 0.21915 0.083325 0.35025 -0.033656 0.19054 -0.58791 0.35656 -1.2409 -0.090859 0.40643 
coconut -0.076918 -0.036645 0.024111 1.0412 -0.41858 0.59299 0.026579 -0.30188 -0.62493 0.03001 -0.44329 -0.30151 -0.10757 0.67598 0.11408 -0.23128 0.52303 -0.27346 0.12221 -0.068915 -0.40392 0.091951 -0.10245 -0.069604 -0.1422 -0.039918 0.48049 0.27864 0.73592 -0.64435 0.47106 -0.23197 -0.095118 0.70983 -0.33044 -0.28483 -0.11464 0.35253 0.20822 0.07731 0.12731 0.49919 0.061828 -0.56255 -0.0080922 -0.44084 -0.27095 -0.73925 -0.2335 0.025986 0.49141 0.18349 -0.41587 -0.6429 0.39944 0.13196 0.53892 0.46301 -0.73503 -0.20664 0.0070003 -0.80885 0.11681 -0.40444 -0.035842 -0.22977 1.1919 0.23086 0.48662 0.76035 0.40005 -0.31039 -0.30673 -0.27466 0.032736 -0.60846 -0.5775 -0.57938 -0.42934 0.35158 -0.19211 -0.092783 -0.0053121 -0.42222 0.0015877 -0.26986 0.18517 0.14963 0.18362 -0.14112 -0.18695 -0.27808 0.040068 0.18717 0.2114 -0.034316 0.3342 -1.7584 -0.40431 0.72804 
grape 0.049152 -0.28513 0.24063 1.9853 -0.53133 1.1012 0.28171 -0.54393 -1.7743 0.10435 -1.1145 -0.28237 -0.46593 1.5039 0.38677 -0.55485 -0.43105 0.3217 0.34718 0.32402 -0.43528 -0.12235 -0.91106 0.14366 -0.76448 -0.34334 0.33581 0.080592 1.3078 -1.0382 0.40768 -0.34458 0.16362 0.6739 -0.53295 0.12401 0.29144 -0.21292 -0.16888 0.53465 -0.17848 0.46918 -0.11422 -0.57762 0.38871 0.10478 0.36158 -0.94589 -0.11177 -0.2115 -0.02099 0.1733 -0.30012 -0.49572 -0.29265 -0.092158 0.35446 -0.087389 -0.50774 0.13166 -0.34815 -0.47441 0.0079344 -0.54288 0.53737 -0.39129 0.76373 0.27615 0.59075 0.85989 0.42706 -0.38561 -0.72896 -0.20262 -0.027917 -0.4969 -0.69059 -0.59216 -0.70968 0.73216 -0.41166 0.092995 -0.82259 -0.207 0.011376 -0.12016 0.23421 0.19595 0.63812 -0.33859 -0.074989 0.13086 -0.052054 0.022731 0.68255 -0.22403 -0.0095099 -1.6751 -0.28245 0.78315 
berry -0.033343 0.20275 0.47675 1.3378 -1.015 1.0967 0.52914 -0.71179 -0.63547 0.32476 -1.2005 -0.35456 0.31657 1.3249 -0.15791 -0.51791 -0.11842 0.30844 -0.53762 0.11008 -0.20875 -0.12492 -1.2163 0.45419 0.2409 -0.6176 -0.36835 0.22909 1.5725 -1.654 0.42015 -0.29913 -0.28373 1.7036 -1.2198 -0.70747 0.35401 0.064993 -0.025271 0.7307 -0.099727 0.55268 -0.63988 -0.81862 -0.21738 -0.18774 0.57312 -0.91729 -0.3028 0.15916 -0.1373 -0.13488 -0.59432 -1.1585 -0.52342 -0.29513 0.64486 0.1174 -0.9547 -0.11259 -0.2974 -1.4865 -0.065195 -0.57833 0.039247 -0.74983 1.3172 -0.25566 0.76199 0.64527 0.86833 -0.41522 -1.1915 -0.35559 -0.47644 -0.7606 -0.78227 -0.81932 -0.67165 1.2935 -0.10824 0.78618 -0.60446 -0.7648 0.062025 -0.22657 0.26005 0.65564 0.61102 -0.1575 -0.28233 -0.27474 -0.092614 -0.075644 0.59054 -0.39501 0.29597 -3.3153 -0.4594 1.4483 
glue 0.11829 -0.11559 -0.25195 1.4581 -0.082921 0.85611 0.42509 -0.38725 -1.1868 -0.12313 -0.83112 -0.41499 -0.53523 1.2674 0.36805 -0.29712 -0.10775 0.23401 0.12827 -0.024123 -0.51927 0.48331 -0.58326 0.2847 -0.29701 -0.54187 0.069562 0.22865 0.40494 -0.57783 0.45051 -0.22272 0.019564 0.12637 -0.12012 0.88006 0.4411 -0.33947 -0.25424 0.545 0.029268 -0.080786 -0.029994 -0.43357 0.21381 -0.23033 -0.13389 -0.11594 0.17682 -0.27211 0.16279 -0.055134 -0.083279 0.15756 0.093417 -0.07565 0.41591 -0.09371 -0.11656 -0.081257 -0.61119 -0.22774 -0.62667 -0.36675 0.6085 -0.1549 0.6136 -0.072958 0.25442 0.16713 0.056821 -0.19404 -0.22434 0.090151 0.18694 0.030721 -0.6533 -0.20615 -0.69554 0.44116 -0.11978 -0.13439 -0.21401 0.57229 -0.24953 0.16552 0.31555 0.29399 0.53564 -0.27864 -0.030579 0.0097258 -0.10275 -0.47166 0.54796 -0.18088 0.35756 -0.6774 -0.28359 0.53991 
banana -0.25577 -0.069199 0.1807 0.012753 -0.33574 0.14703 0.37446 -0.17867 -0.12902 -0.091078 0.024978 -0.21116 -0.060582 0.49725 0.34657 -0.27898 0.29171 -0.12205 -0.34434 -0.44937 -0.0039371 -0.21448 -0.32722 0.20403 -0.20698 -0.039363 0.14464 -0.067104 0.76327 -1.1178 -0.22168 0.23214 -0.17744 0.44862 -0.0058264 -0.35212 -0.11327 0.17793 0.29502 0.039237 0.17788 0.12489 0.066811 -0.13874 0.0046784 -0.61886 -0.60453 -0.19702 -0.20143 -0.044641 0.37521 -0.25997 -0.077493 -0.44202 0.4875 0.21775 0.67246 0.69013 -0.55832 -0.42054 0.49059 -1.1319 0.40601 0.34732 -0.30831 -0.084939 0.87366 -0.28432 -0.46378 0.48964 0.79387 -0.39581 -0.39214 -0.24365 0.046783 -0.29347 -0.51316 -0.45143 -0.082759 0.56231 0.26322 0.17749 -0.35399 0.033988 -0.1892 -0.15508 0.0018976 0.039293 0.076632 -0.16111 0.070772 -0.24689 0.62397 0.15467 0.1627 -0.4822 0.0048688 -1.1506 -0.3358 0.10504 
eucalyptus -0.061617 -0.023228 -0.16293 1.499 0.067973 0.89262 -0.4633 -0.40655 -0.82988 0.1128 -0.4231 -0.37769 -0.23271 0.47927 0.13768 -0.25292 0.29658 0.042507 -0.03245 -0.22401 -0.225 0.21934 -0.35633 -0.038269 -0.094442 -0.19763 -0.063952 -0.036337 0.69969 -0.68046 0.3367 -0.045902 0.052022 0.22662 -0.20131 -0.035453 0.23668 0.15493 0.015199 0.24408 0.078106 0.17076 -0.020871 -0.20319 -0.10222 -0.22441 -0.080028 -0.59407 -0.17359 0.034936 0.14275 0.032409 -0.28047 -0.22679 -0.18026 -0.034265 0.3181 0.20514 -0.38022 -0.19394 0.11174 -0.64821 -0.16771 -0.1484 0.13078 -0.089433 0.50584 -0.025585 0.44141 0.16624 0.17089 -0.0090582 -0.1528 -0.0087509 -0.19109 -0.075533 -0.38946 -0.39424 -0.23378 0.45516 -0.1142 0.12418 -0.21342 0.14978 0.14438 -0.023636 0.058901 0.011771 0.26061 -0.17687 0.053479 -0.1485 0.38986 0.033521 0.15381 -0.72108 0.31609 -1.374 -0.23898 0.50118 
mushroom -0.28072 0.036907 -0.1081 1.6099 0.41856 0.67045 -0.58509 -0.45248 -0.50032 0.21494 0.057973 -0.21282 -0.21206 0.22141 0.12259 -0.28764 0.1933 0.12121 -0.28555 -0.29918 -0.09551 -0.37453 -0.42502 -0.39744 -0.34528 0.0051384 0.02402 -0.1324 0.62909 -0.81829 0.033475 0.034805 -0.063072 0.14864 -0.28414 -0.029903 0.36976 0.018995 -0.10391 0.26108 -0.018881 0.029812 0.23626 -0.11645 0.11844 0.06509 0.3152 -0.70279 -0.36878 -0.012379 0.074453 0.43076 -0.025632 -0.07216 0.095205 0.38385 0.51722 0.80427 -0.65093 -0.26475 0.34178 -0.99129 0.33666 0.065732 -0.075702 -0.047307 0.86491 -0.02985 -0.13658 0.43558 0.37759 -0.35563 -0.36604 -0.46177 -0.3047 -0.09347 -0.33045 -0.49495 0.13391 0.89571 0.49594 0.29868 -0.55881 0.16986 0.04163 0.49575 -0.12023 -0.04267 0.2461 -0.16123 0.072745 -0.085569 0.039282 -0.083672 0.04072 -0.10203 0.12113 -0.14358 -0.029709 0.23664 
rum 0.034919 -0.0012274 -0.65542 1.289 -0.16373 0.72602 0.12332 0.0157 -0.84122 0.10929 -0.80616 -0.46066 -0.42345 0.94891 0.2841 -0.24991 -0.35253 0.34444 0.67181 0.32905 -0.22786 0.54614 -0.3303 0.15121 -0.59657 -0.71808 0.55722 0.12951 0.83928 -1.2848 0.21496 0.3362 0.024883 0.22183 -0.081578 0.48697 -0.048502 0.45086 -0.085709 0.11626 0.0033157 -0.19291 -0.0090144 0.00038448 -0.00025766 -0.37714 -0.44812 0.19402 -0.17999 0.17342 0.27536 -0.29448 -0.042724 -0.072938 -0.039209 -0.28374 0.81778 0.50757 -0.47066 -0.42604 0.29189 -0.92042 -0.55499 0.52229 0.54637 0.16577 0.80708 -0.064929 0.10167 0.24511 -0.075618 -0.14886 -0.50264 0.36875 0.27941 -0.37647 -0.69754 -0.2746 -0.77218 0.55283 -0.39024 -0.054679 -0.080823 0.87079 -0.012718 -0.10861 0.32153 0.13551 0.62924 -0.45286 0.1925 -0.30423 0.47585 -0.66896 0.32086 -0.71874 0.25296 -0.6232 -0.21579 0.56493 
almond -0.065649 -0.035315 0.02685 1.1671 -0.14171 0.42436 -0.34685 -0.043056 -0.52334 -0.060981 -0.21774 -0.11272 0.061622 0.37595 -0.13806 -0.18012 -0.010286 -0.090644 0.33986 0.22455 -0.33362 0.25634 0.017001 -0.035687 0.049133 -0.025907 -0.14987 0.054089 0.57597 -0.59024 0.16937 -0.11983 0.25096 0.3274 -0.20361 0.0404 0.29613 0.28311 -0.0043286 0.22684 -0.032985 0.18365 -0.053911 -0.10144 -0.090114 0.067362 -0.16173 -0.43378 -0.10849 0.18791 -0.20802 0.15461 -0.25126 -0.37189 -0.34617 0.16243 0.29017 -0.080806 -0.25982 -0.13032 0.0010274 -0.24711 0.0038547 -0.0021814 -0.24946 -0.040033 0.57051 0.13345 0.28252 0.39263 0.054459 -0.084316 -0.40951 0.067007 -0.17056 -0.42302 -0.31622 -0.44511 -0.15328 0.75692 -0.010695 0.1314 -0.38571 -0.049434 0.22086 0.12952 0.12118 0.10948 0.16723 -0.19465 0.27742 -0.41776 0.32447 0.22628 -0.023022 -0.81918 0.14055 -1.6108 -0.14613 0.41306 
pear -0.23659 0.22006 0.10087 2.0088 -0.14755 1.5957 -0.048042 -0.31917 -0.99365 0.3073 -0.52467 -0.1261 -0.098098 1.1231 0.4595 -0.11798 -0.93542 0.47594 0.69144 0.70837 -0.67094 0.28081 -0.13381 0.11645 -0.026503 -0.27735 -0.56093 -0.13401 0.77486 -0.56892 0.040299 -0.42645 0.2218 0.60775 0.070896 -0.17352 0.30263 0.41712 -0.25648 0.97119 -0.49627 0.2796 -0.22636 -0.67333 0.40908 -0.041793 -0.20108 -0.52234 -0.15354 0.10102 -0.18416 0.011389 -0.50369 0.013891 -0.56853 0.054037 0.63898 -0.45087 -0.25051 0.18896 -0.027007 -0.69867 -0.098845 -0.1989 0.22578 -0.55299 0.24208 -0.03514 0.99477 -0.33834 0.060392 0.053194 -1.2939 0.0084912 -0.17495 -0.52421 -0.50425 -0.77736 -0.28508 0.92879 0.15547 0.48374 -0.71855 -0.0077075 0.25744 0.039839 0.28198 0.14418 0.30289 -0.14049 0.45955 -0.093682 -0.56118 0.014351 0.21521 -0.42611 -0.19083 -1.7965 -0.15859 0.35963 
ham -0.48736 0.22233 -0.24284 1.4314 -0.25667 0.84021 -0.40793 -0.31305 -0.010632 0.086482 -0.35922 -0.080782 0.14297 0.32992 -0.046661 -0.22573 -0.052461 0.2414 0.29434 0.19901 -0.043632 -0.45783 -0.36276 0.2576 -0.55438 -0.16938 0.7344 0.35877 0.57741 -0.60886 -0.018984 0.20273 -0.23839 0.91331 -0.16519 -0.77546 -0.45524 0.48883 0.3929 -0.15668 -0.030924 0.12619 -0.030555 -0.11553 -0.00019932 -0.65464 -0.46038 0.097532 -0.1315 0.035797 0.37366 -0.24939 -0.07797 -0.57855 0.98488 0.12558 0.94205 0.83458 -0.95483 -0.34534 0.39399 -1.2361 0.25856 0.40068 -0.11217 -0.33757 1.0062 -0.004305 -0.72304 1.1329 0.94527 -0.81077 -0.93524 -0.29231 0.25351 -0.98991 -0.61703 -0.43288 -0.23823 0.99839 0.023587 0.071035 -0.10876 -0.38939 -0.1615 -0.55187 0.02417 0.30141 0.31613 -0.13241 0.031634 -0.28887 0.0058795 -0.0745 0.24159 0.1972 -0.22687 0.72523 -0.10241 0.44017 
turpentine -0.010495 -0.18324 -0.0418 0.91874 0.11278 0.24815 -0.14724 -0.30761 -0.93906 0.030868 -0.18858 -0.22314 -0.54269 0.66089 0.31153 -0.24447 0.48007 -0.0093583 0.0029328 -0.33729 -0.20066 -0.074939 -0.3129 0.017693 -0.16407 0.043242 -0.11691 0.019544 0.37364 -0.45307 0.20364 -0.11353 -0.13647 -0.016171 -0.10295 0.30785 0.32246 0.014747 0.06067 0.19035 -0.11888 0.14713 0.1279 -0.11271 0.086079 -0.17636 -0.23057 -0.50021 -0.22527 -0.036281 0.29506 0.020439 0.0045849 0.10801 0.4087 0.3758 0.49498 0.47438 -0.40848 -0.18564 0.19764 -0.35123 -0.0098464 -0.067837 0.064564 -0.014475 0.7082 0.04698 0.37036 0.26595 -0.14302 -0.22945 -0.18788 -0.2265 0.050226 -0.089996 -0.38218 -0.2797 -0.0027736 0.52994 0.10194 -0.034425 -0.36199 0.37032 -0.18239 0.28094 -0.021922 -0.081487 0.21878 -0.12856 0.11555 0.049136 0.051911 0.0073664 -0.012055 -0.46039 0.20922 -0.84772 -0.11641 0.21054 
camphor -0.24439 -0.028002 -0.1951 1.1241 0.27745 0.50107 -0.44808 -0.23694 -0.46829 0.050055 -0.14347 -0.17533 -0.42667 0.50094 0.34883 -0.16148 0.27092 0.063452 -0.27257 -0.34107 -0.041097 -0.050306 -0.29179 0.037254 -0.18965 -0.16537 0.0052789 -0.065871 0.41932 -0.5861 -0.029914 0.14329 -0.047295 -0.0177 0.014086 -0.10059 -0.080689 0.16862 -0.03872 0.05748 0.0046837 -0.053149 0.06542 0.027589 -0.19592 -0.60561 -0.54128 -0.052696 -0.19446 0.14196 0.33267 -0.26224 -0.0062338 0.060057 0.25356 0.2107 0.44906 0.38322 -0.286 -0.34518 0.32809 -0.68664 0.029542 0.28779 -0.044867 0.09944 0.33746 -0.10465 0.22393 -0.23108 0.094535 0.015003 -0.050306 -0.070852 -0.092873 0.10711 -0.23612 -0.039956 -0.090692 0.23178 0.062977 0.088756 -0.12286 0.21429 -0.062771 0.018174 0.091503 -0.07943 0.15393 -0.17905 0.077256 -0.097589 0.207 -0.037866 -0.040215 -0.43547 0.19088 -0.58967 -0.14153 0.014323 
pineapple -0.055527 0.019743 -0.14268 1.8311 -0.37041 1.2053 -0.10721 -0.47563 -1.1456 0.19755 -0.57115 -0.47873 0.013832 0.58156 0.077711 -0.30176 0.21651 0.048455 0.2391 -0.057752 -0.39628 0.18813 -0.59635 -0.1542 -0.17874 -0.14722 0.13338 0.082752 1.4301 -1.502 0.42512 -0.15036 0.22108 0.69084 -0.39388 -0.14896 0.26791 0.25706 0.17869 0.32266 0.18558 0.39596 -0.14316 -0.49931 0.25683 0.072848 0.42901 -1.0643 -0.25927 -0.27389 0.20964 0.14841 -0.37523 -0.61591 -0.39113 -0.25112 0.50659 0.38342 -0.71407 -0.10219 0.15404 -1.0576 -0.15028 -0.28367 0.42108 -0.26408 0.67276 -0.13646 0.50232 0.6644 0.45737 -0.16011 -0.60349 -0.1295 -0.080825 -0.6781 -0.83466 -0.9432 -0.43616 0.88692 -0.22602 0.26103 -0.54396 0.019276 0.17623 -0.043439 0.004293 0.10019 0.4851 -0.27493 0.18872 -0.40519 0.80092 -0.0081993 0.31417 -0.95061 0.3192 -1.9855 -0.43207 0.73317 
kerosene -0.081657 -0.10659 -0.1977 1.0396 0.28854 0.56015 -0.38762 -0.20459 -0.60146 -0.018634 -0.13226 -0.26454 -0.40477 0.39615 0.31782 -0.079271 0.24546 -0.087023 0.036282 -0.20805 -0.11702 -0.03391 -0.17585 -0.14585 0.033248 -0.0090747 -0.29742 0.043179 0.10451 -0.35712 0.13554 -0.13471 -0.026636 -0.043082 0.045796 0.059759 0.14849 0.050233 0.035048 0.012654 -0.11961 0.049887 0.024976 -0.033099 0.058627 -0.16186 -0.21001 -0.3928 -0.23848 -0.14081 0.046036 0.065373 -0.094247 0.22867 0.19059 0.10741 0.34568 0.36238 -0.24369 -0.17574 0.28812 -0.49044 -0.053811 0.1507 0.099062 0.020949 0.32629 0.098301 0.32628 -0.0097756 -0.086829 -0.018253 -0.16703 0.01902 0.069935 0.0028832 -0.27935 -0.14812 -0.098163 0.30557 -0.056933 0.089791 -0.10191 0.35831 -0.050014 0.18212 0.021109 0.0073929 0.21811 -0.14497 0.2051 0.062366 0.17248 -0.083767 -0.024858 -0.31425 0.26342 -1.0378 -0.14332 0.14333 
rope -0.091002 -0.072395 -0.58266 1.4017 0.24039 0.78028 0.057477 -0.25924 -0.60173 -0.26836 -0.52138 -0.24593 -0.37551 0.8021 0.5462 -0.10864 -0.096461 0.027914 0.056533 -0.025186 -0.079975 -0.050627 -0.46619 0.28481 -0.05929 -0.26671 -0.42599 0.065445 0.29079 -0.76765 0.050773 0.0097548 0.076001 -0.12948 0.033002 0.73034 0.4851 -0.49551 0.038708 0.331 0.036389 -0.34275 -0.10854 -0.00043114 0.37522 0.26293 0.23605 0.0042369 0.21982 -0.3045 0.07467 -0.17021 0.21217 0.20207 0.15214 -0.17663 0.5566 0.1891 -0.31558 -0.11637 0.20505 -0.61748 -0.14909 0.21177 0.24283 -0.030398 0.55037 0.053788 -0.28921 0.33766 0.28742 -0.36233 -0.2008 0.22013 0.33143 -0.075872 -0.5112 -0.10873 -0.41944 0.29658 -0.55829 -0.18282 -0.11893 0.5378 -0.27094 -0.029425 0.17054 0.17053 0.45478 -0.39221 0.44068 0.057369 0.67275 -0.26517 0.38914 -0.64198 -0.0070735 0.075264 -0.013516 0.021749 
licorice -0.13011 0.14004 0.0080527 1.0018 -0.21151 0.51159 0.19156 -0.33364 -0.3985 0.035923 -0.54988 -0.165 0.033272 0.62991 -0.091547 -0.29217 0.32368 0.19742 -0.19093 -0.23344 -0.24937 -0.081109 -0.46236 0.37054 -0.2486 -0.18307 0.18267 0.20854 0.55582 -0.83448 0.11987 0.02752 -0.20875 0.72319 -0.47217 -0.074547 0.11076 -0.017905 0.044529 0.36582 0.13822 0.12813 -0.18073 -0.23924 0.027985 -0.12554 0.056156 -0.15949 -0.23255 0.23607 0.28136 0.037303 -0.09495 -0.41242 0.28474 0.13153 0.55971 0.31822 -0.54359 -0.21111 -0.016215 -0.93993 0.16991 -0.13123 0.10512 -0.19048 1.0153 -0.065872 0.085898 0.61281 0.39191 -0.4599 -0.54395 -0.17527 0.069031 -0.34474 -0.41681 -0.28439 -0.2145 0.48636 0.25321 0.29939 -0.20326 0.09641 -0.18214 -0.052385 0.18192 0.26938 0.32398 -0.15948 0.092561 -0.3039 0.12878 -0.15034 0.21978 -0.48219 0.26811 -1.5277 -0.13638 0.53222 
grapefruit 0.061342 -0.14651 0.42964 1.0559 -0.7374 0.77757 0.53 -0.49218 -1.175 0.10906 -0.70554 -0.30312 -0.21246 1.126 0.30765 -0.54217 0.17995 0.10289 -0.24265 -0.22702 -0.39158 -0.0091672 -0.82934 0.28322 -0.10806 -0.22235 -0.014509 0.018682 1.1703 -0.99548 0.34012 -0.22016 0.093164 0.82 -0.47085 -0.22445 0.24619 -0.099391 0.0039896 0.57208 0.13142 0.47672 -0.19229 -0.64358 0.20043 -0.11566 0.22339 -0.90357 -0.14122 0.012094 0.29052 0.02069 -0.347 -0.73368 -0.18109 0.0017282 0.48521 -0.080208 -0.53528 -0.016798 -0.22734 -0.85782 0.17156 -0.58702 0.15096 -0.41288 0.99274 -0.058909 0.59248 0.66988 0.61687 -0.30125 -0.51401 -0.269 -0.1969 -0.35141 -0.62644 -0.7248 -0.45865 0.69219 -0.12111 0.26009 -0.60985 -0.28213 0.10659 -0.089466 0.20259 0.14078 0.35293 -0.23566 0.023495 -0.11124 0.2961 0.21223 0.51746 -0.70084 0.11225 -2.2528 -0.40617 0.75384 
caramel -0.14343 0.0595 -0.15282 1.0326 -0.32788 0.67868 0.016176 -0.38268 -0.27662 -0.10597 -0.43298 -0.3258 -0.025513 0.97652 0.20556 -0.30422 0.13933 -0.091803 -0.072353 0.017306 0.078219 0.048562 -0.46221 0.11549 -0.48738 -0.46634 0.4978 0.023082 1.0721 -1.4195 0.042249 0.2137 -0.14873 0.61539 -0.32828 -0.1958 -0.020137 0.20524 0.36968 -0.017459 0.19895 0.21677 -0.047043 -0.3232 -0.12012 -0.65125 -0.49359 -0.089215 -0.087807 -0.00094395 0.46884 -0.33717 -0.12338 -0.56181 0.071768 -0.08971 0.35702 0.25089 -0.36481 -0.11671 0.020822 -0.91281 -0.13311 0.052014 -0.094789 -0.15488 0.83402 -0.26283 -0.23515 0.4769 0.63747 -0.25733 -0.30719 -0.0058964 -0.0030067 -0.25236 -0.41048 -0.32459 -0.53412 0.33645 -0.16053 0.096235 -0.28254 -0.023267 -0.059734 -0.281 0.17951 0.16098 0.37727 -0.36291 0.067644 -0.39544 0.43291 -0.086212 0.25263 -0.55457 0.133 -1.4382 -0.35588 0.26649 
raspberry 0.063895 0.061989 0.14226 1.0156 -0.6103 0.82944 0.26788 -0.4698 -0.602 0.21192 -0.89912 -0.38628 0.095853 0.88999 -0.031159 -0.31417 0.0094095 0.15917 -0.2931 -0.029319 -0.095449 0.25888 -0.8318 0.30305 -0.016918 -0.53764 0.0011438 0.091131 1.0643 -0.94365 0.44988 -0.026074 -0.12362 0.86161 -0.60628 -0.33799 0.21994 0.14648 0.021566 0.46525 0.023358 0.21961 -0.36012 -0.50499 -0.19356 -0.31251 0.1015 -0.4404 -0.081487 0.10988 0.036589 -0.21391 -0.46872 -0.67626 -0.27968 -0.29974 0.43346 0.11491 -0.61014 -0.12493 -0.067174 -1.1105 -0.22128 -0.28079 0.10293 -0.40594 0.84454 -0.11065 0.3321 0.41474 0.63464 -0.16304 -0.6655 -0.012628 -0.27797 -0.43417 -0.62644 -0.60367 -0.56277 0.91106 -0.13721 0.3841 -0.3423 -0.19136 0.067548 -0.23307 0.23941 0.33073 0.45277 -0.26379 -0.11922 -0.26606 0.14881 -0.094305 0.46965 -0.54536 0.26697 -2.0945 -0.31397 0.84989 
solvent -0.0051283 -0.17075 -0.016582 0.315 0.072192 -0.36762 0.23971 -0.11236 -1.0318 -0.19649 -0.046548 -0.029827 -0.75339 1.3822 0.69343 -0.43488 0.61797 -0.19717 -0.2888 -0.54168 -0.036426 -0.11095 -0.24954 0.15692 -0.068023 0.19911 -0.17465 -0.032379 0.29574 -0.38603 0.030052 -0.03368 -0.070333 -0.17826 0.0050754 0.76726 0.54979 -0.10974 -0.055533 0.36407 -0.030668 -0.013698 0.20346 -0.001232 0.096314 0.038936 -0.19073 -0.38687 -0.055596 0.14154 0.29947 0.1481 0.23213 0.07155 0.28025 0.6146 0.36548 0.16867 -0.10897 -0.021189 -0.085054 0.066938 0.133 -0.378 -0.15578 0.081757 0.64979 0.2394 0.59468 -0.11957 -0.36488 -0.081172 0.15204 -0.23392 -0.040493 0.092074 -0.2842 -0.1127 0.12081 0.1709 0.34309 -0.072169 -0.50107 0.48305 -0.22453 0.62737 0.038733 -0.26638 0.15529 -0.24875 0.26674 -0.092423 0.28396 0.23699 -0.09992 -0.69749 0.15867 -0.76701 0.056121 -0.049272 
carrot -0.1604 0.0056284 -0.55207 1.5096 0.12414 0.88252 -0.83195 -0.02316 -0.30238 -0.043773 -0.025591 -0.18374 -0.13626 0.19721 0.38619 0.09892 -0.068448 0.036655 0.43772 0.27617 -0.18152 0.093322 0.16861 -0.19574 -0.15497 -0.38247 0.13685 -0.019235 1.0991 -1.6382 -0.19382 0.19676 0.19159 -0.342 0.22986 0.43295 0.41783 0.012687 0.27316 0.24749 0.17382 -0.03092 0.13302 -0.0091218 0.027155 -0.18794 -0.056825 -0.2041 -0.11791 0.0073149 0.53449 -0.35117 0.0959 -0.20451 0.032754 -0.091419 0.55502 0.49664 -0.3885 -0.44129 0.75589 -1.2244 -0.12562 0.61323 -0.33518 0.47343 0.97461 -0.18732 -0.72648 0.57346 0.31891 -0.38149 -0.12004 0.23756 0.23206 -0.30939 -0.69996 -0.71357 -0.13183 0.81744 -0.36126 -0.051692 -0.33443 0.45794 0.0052688 0.041843 0.058729 0.0025526 0.2522 -0.32937 0.49466 -0.27034 1.0573 -0.0018871 0.085556 -1.1697 0.091523 0.16293 -0.041096 0.16762 
mustard -0.23266 0.29309 -0.13995 1.1413 -0.027216 0.71976 0.13427 -0.18805 -0.46177 0.0076074 -0.13401 -0.19071 0.14849 0.47481 0.14096 -0.046565 0.079787 0.051037 -0.17691 -0.30432 -0.25776 0.26373 -0.46556 -0.059703 -0.173 -0.0059881 -0.091617 0.06169 0.3057 -0.17565 0.26633 -0.1031 0.028691 0.074644 0.15784 -0.052483 -0.071861 0.33956 0.022703 0.27834 0.11336 -0.14912 0.021348 -0.24013 0.23827 -0.20493 0.053745 -0.046009 -0.065837 -0.10442 -0.11552 0.18892 -0.10359 0.0030817 0.040618 -0.00035633 0.408 0.41909 -0.37632 -0.24407 0.019999 -0.88659 -0.06098 -0.042981 0.081496 0.079383 0.71478 -0.27918 -0.30674 0.22407 0.55747 -0.24918 -0.43587 0.00087632 -0.16957 -0.46816 -0.69311 -0.71746 -0.12308 0.71481 0.32208 0.25961 -0.28308 0.3521 -0.0024979 0.13731 -0.0048207 0.10862 0.19082 -0.21397 0.024661 -0.2448 0.10548 -0.35059 0.13072 -0.062528 0.31765 -0.16397 0.090398 0.082467 
anise 0.40848 -0.45497 0.18253 0.15271 -0.29902 -0.074237 0.27293 0.016445 -0.68735 -0.0080269 -0.33692 -0.21818 -0.48849 0.42303 0.3194 -0.071569 0.44181 -0.13772 0.0020768 -0.19022 -0.40162 -0.032856 0.008638 -0.017971 0.51986 -0.15365 -0.52886 0.045618 -0.17207 0.10495 0.30872 -0.34579 0.11297 0.089604 0.21361 0.32578 0.048614 0.16564 -0.047649 0.24662 -0.11921 -0.099533 -0.036817 -0.23722 0.025124 0.10413 -0.013082 -0.66467 -0.20079 0.34487 0.27159 0.18628 -0.13817 0.29144 0.0070341 0.17072 0.57119 0.012147 -0.28979 -0.16464 0.18555 -0.59009 -0.13843 0.0030703 -0.09467 0.041355 0.99835 0.22278 0.62304 0.086108 -0.27877 0.021312 -0.14032 0.14675 0.1226 -0.36297 -0.42317 -0.51459 0.0033671 0.79982 6.545e-05 0.1332 -0.38046 0.71316 -0.19353 0.91698 0.19574 0.13819 0.30857 -0.3826 0.55948 -0.15018 0.28648 0.12436 -0.044843 -0.9081 0.33588 -1.5968 -0.23868 0.46559 
creosote 0.039801 -0.041521 -0.32987 1.1122 0.035653 0.50984 -0.10834 -0.27139 -0.6931 -0.061144 -0.48335 -0.1933 -0.35704 0.83915 0.27215 -0.27439 0.19668 0.095717 0.032632 -0.10949 -0.051854 0.22674 -0.24033 0.20974 -0.20559 -0.27502 0.091189 -0.030538 0.52853 -0.63878 0.10682 0.041713 0.050653 0.018875 -0.15823 0.49943 0.4096 -0.13198 0.050402 0.27635 0.070358 0.060424 -0.024584 -0.079099 0.085516 -0.019282 -0.054853 -0.1392 0.0098809 0.063066 0.28864 -0.10749 -0.096698 -0.048925 -0.11284 -0.033884 0.28925 -0.10334 -4.1087e-05 -0.05031 -0.091908 -0.2604 -0.29051 -0.075557 0.088869 -0.011079 0.61979 0.01719 0.0696 0.30608 -0.0048311 -0.090525 -0.24138 0.16445 0.15923 -0.22671 -0.35691 -0.24671 -0.25138 0.47664 -0.11846 0.04163 -0.25333 0.4654 -0.10714 0.18992 0.26593 0.14417 0.33668 -0.29873 0.32972 -0.15048 0.37931 -0.12075 0.1542 -0.87676 0.18444 -1.1187 -0.11305 0.3508 
cucumber -0.23538 -0.1088 -0.010976 1.0868 -0.19436 0.41748 0.022346 -0.17192 -0.50831 -0.15577 -0.41909 0.17888 -0.27757 1.2688 0.40288 -0.46037 0.11282 0.11813 -0.091232 -0.053629 -0.27919 -0.30056 -0.3037 0.67921 0.24444 0.0016597 -0.11895 0.36927 0.55234 -0.89973 -0.23333 0.20008 -0.24563 0.48604 -0.12542 -0.063019 0.024369 -0.14507 -0.12364 0.30788 -0.14851 0.10921 -0.14953 -0.15225 -0.010907 0.025546 -0.15731 0.14161 0.021586 0.31346 0.11275 -0.2316 0.0083287 -0.27219 0.38349 0.24141 0.27502 -0.31131 -0.19194 0.060276 -0.3349 -0.18689 0.21094 -0.13532 0.18128 -0.49148 0.17583 -0.11777 0.41322 0.087929 0.33231 -0.34338 -0.39048 -0.17544 -0.0040605 -0.30189 -0.41533 -0.2295 -0.24389 0.45651 0.1682 0.14559 -0.18963 -0.093406 -0.24565 -0.17199 0.23881 0.21488 0.31913 -0.078386 0.0055975 -0.21351 -0.085113 0.1101 0.27703 -0.2528 -0.040806 -1.2868 -0.067892 0.45552 
syrup -0.081099 -0.057507 -0.075683 0.44303 -0.21024 0.27654 -0.016358 -0.090559 -0.016116 -0.098619 -0.12697 -0.16489 -0.048262 0.39053 0.16424 -0.13643 0.54097 -0.22642 -0.20384 -0.37379 -0.0047425 -0.0032113 -0.21378 0.060311 -0.067564 -0.082243 0.32065 0.12705 0.34594 -0.59657 0.15818 0.098896 -0.062258 0.3613 -0.059072 -0.14836 -0.095074 0.24025 0.35776 -0.16288 0.27121 0.090931 0.00040401 -0.15312 -0.10317 -0.39009 -0.20385 -0.22529 -0.13662 0.034824 0.42933 -0.087025 -0.13679 -0.39373 0.2536 0.014434 0.45355 0.43714 -0.49011 -0.26753 0.24263 -0.8849 0.07748 0.15197 -0.21938 -0.035511 0.78133 -0.14414 -0.25372 0.49791 0.50693 -0.17028 -0.16587 0.012471 0.0081107 -0.45506 -0.37469 -0.40959 -0.14138 0.3899 0.084059 0.15807 0.01491 0.043265 -0.12174 -0.02399 0.025876 0.21158 0.19197 -0.25847 0.11123 -0.35602 0.60514 0.093616 0.014404 -0.50803 0.20081 -1.0096 -0.25024 0.30317 
peanut -0.20727 0.11543 0.083438 0.81966 -0.26946 0.50666 -0.22389 -0.42662 -0.12621 -0.0011916 0.03519 -0.12591 0.24233 0.14176 -0.013991 -0.14098 0.24728 -0.17865 -0.053777 -0.008661 -0.15745 -0.18429 -0.076386 -0.117 0.030342 0.147 0.19231 0.1171 0.57981 -0.45264 0.1566 -0.26242 -0.030967 0.69033 -0.15387 -0.52457 -0.16443 0.21569 0.33174 -0.0073294 0.16755 0.38754 0.050993 -0.40143 0.075952 -0.13868 0.037123 -0.63857 -0.18018 -0.12296 0.37787 0.18187 -0.24218 -0.66603 0.34721 0.19617 0.41111 0.55014 -0.75266 -0.13995 0.28792 -0.90901 0.41785 -0.19662 -0.30387 -0.1865 0.97115 0.033609 -0.068721 0.85591 0.60335 -0.42944 -0.43147 -0.37214 -0.0091149 -0.62086 -0.44114 -0.65948 -0.0122 0.62457 0.22352 0.17147 -0.34985 -0.41708 -0.028684 -0.016958 -0.047368 0.080787 0.1431 -0.05542 0.17367 -0.37919 0.49701 0.33196 0.056559 -0.44589 0.079705 -1.4716 -0.32002 0.36407 
cardboard -0.40301 0.18433 -0.53903 1.3943 0.1787 0.81573 -0.24989 -0.19823 -0.44145 -0.1503 -0.13479 -0.077595 -0.17891 0.9686 0.60369 -0.22721 0.087045 0.067362 -0.065946 -0.20688 0.078163 -0.014484 -0.35998 0.12618 -0.32474 -0.11746 0.1224 0.042285 0.77793 -1.3207 -0.24686 0.19332 -0.072056 0.074502 0.039079 0.22502 0.19723 -0.035982 0.25213 0.10315 0.14598 -0.053793 0.12189 -0.018311 0.21262 -0.29709 -0.10846 0.14877 -0.12765 -0.20246 0.32763 -0.21797 0.11637 -0.15479 0.22597 0.0074776 0.41063 0.38125 -0.14047 -0.1886 0.172 -0.74664 -0.10865 0.30051 0.04581 0.14415 0.42796 -0.37066 -0.42582 0.14853 0.41135 -0.2843 -0.23015 0.02608 0.23351 -0.22637 -0.49981 -0.29737 -0.22812 0.19533 -0.10192 0.045753 -0.21917 0.23203 -0.096067 -0.11922 0.03854 0.045683 0.23394 -0.21388 0.15154 -0.20428 0.40248 -0.26622 0.1217 -0.25456 -0.029456 0.075142 -0.041348 -0.0744 
celery -0.20668 0.18952 -0.12484 0.85094 -0.0031808 0.38629 -0.008346 -0.25791 -0.66131 0.040265 -0.2875 0.042136 -0.16814 1.0116 0.35036 -0.54614 0.024815 0.25379 -0.052866 -0.29121 -0.1446 -0.34347 -0.28853 0.25582 -0.031211 0.037124 -0.20381 0.21908 0.63194 -0.68449 -0.058846 0.019388 -0.08621 0.56744 -0.21683 0.11473 0.28426 -0.17339 -0.043536 0.26066 0.070781 0.10127 -0.0067144 0.10858 0.12375 0.1924 0.26292 -0.17837 -0.22686 0.05628 -0.083305 0.15022 0.04208 -0.3442 0.13821 0.10789 0.32241 0.29051 -0.28384 0.062306 -0.18415 -0.30208 0.14508 -0.12737 0.3136 -0.28523 0.3203 -0.094052 0.2614 0.29381 0.12642 -0.38777 -0.54157 -0.29932 0.22279 -0.41828 -0.47482 -0.094193 -0.17358 0.35822 0.37212 0.1461 -0.38664 0.24569 -0.26768 0.14241 0.13725 0.13472 0.34396 -0.10944 0.10731 -0.1103 0.34851 -0.085264 0.22569 -0.49617 -0.03836 -0.7731 -0.02192 0.4543 
walnut -0.32059 0.053502 -0.56337 1.8956 0.11745 0.86698 -0.31395 -0.46674 -0.46857 -0.18082 -0.27979 -0.14266 -0.020123 0.5643 0.26823 -0.1833 0.1816 -0.07263 0.25054 0.17792 -0.21134 -0.045285 -0.13165 0.018602 -0.34931 -0.071107 0.41874 0.10294 0.80725 -0.83618 0.080041 -0.053014 -0.019453 0.17824 -0.06104 0.14795 0.1069 0.010768 0.38581 0.13716 0.084661 0.29272 0.088473 -0.41388 0.41889 0.016751 -0.050673 -0.38663 -0.092717 -0.13387 0.49951 0.16275 -0.058351 -0.18666 0.16443 -0.033391 0.2798 0.31124 -0.35967 0.021096 0.060234 -0.35853 0.10609 -0.22823 0.2524 -0.045491 0.65863 -0.0046148 -0.21613 0.82254 0.31307 -0.40861 -0.31503 -0.15099 0.30019 -0.34613 -0.32382 -0.47384 -0.23555 0.24955 -0.31948 -0.066594 -0.2836 -0.0024368 -0.079697 -0.1098 -0.077057 0.060164 0.34683 -0.22084 0.32455 -0.32006 0.35563 -0.10105 0.18049 -0.3824 0.035597 -0.48225 -0.16704 0.075767 
blackberry 0.1768 0.03986 0.16483 1.4131 -0.77853 1.1509 0.23714 -0.50839 -0.9061 0.2275 -1.06 -0.56075 0.056582 0.91247 0.077461 -0.34725 -0.075483 0.28726 -0.27767 -0.039919 -0.30394 0.35169 -0.97019 0.26985 0.03574 -0.76609 -0.10691 0.11692 1.1347 -0.96064 0.70305 -0.28516 0.04148 0.95328 -0.50943 -0.13278 0.2996 0.15322 0.036862 0.45562 0.089903 0.23361 -0.17648 -0.59637 -0.15054 -0.32563 0.19105 -0.71101 -0.026059 -0.024847 0.1321 -0.13672 -0.41602 -0.74585 -0.37027 -0.28706 0.59194 0.042836 -0.66654 -0.21704 -0.33811 -1.0904 -0.52961 -0.40954 0.28049 -0.40345 0.93137 -0.22981 0.39567 0.38907 0.65695 -0.16545 -0.68535 -0.055 -0.28408 -0.47094 -0.82271 -0.69453 -0.8128 1.0711 -0.15295 0.26541 -0.43701 -0.065632 0.00039461 -0.054984 0.29339 0.58029 0.63127 -0.2784 -0.11926 -0.23715 0.18412 -0.28659 0.57057 -0.55163 0.40379 -1.7253 -0.41471 1.1471 
varnish 0.01075 -0.17659 0.12345 0.64621 -0.12546 0.27395 0.021462 -0.21854 -0.7939 0.034839 -0.27233 -0.020379 -0.38523 0.65294 0.38264 -0.22467 0.20334 0.072868 0.15973 -0.20866 -0.2918 0.060818 -0.093167 0.15571 -0.27863 -0.078729 0.19022 -0.092592 0.69745 -1.0296 0.032902 -0.014746 -0.13564 0.20663 -0.15724 0.26451 0.32708 -0.06394 0.0077315 0.43967 0.030004 0.090364 0.068586 -0.14719 -0.086525 -0.26837 -0.19061 -0.38425 -0.092938 0.084775 0.1796 -0.12523 -0.018151 -0.17163 0.19417 0.25609 0.38431 0.076246 -0.25044 -0.15244 0.056971 -0.39939 0.028538 -0.12754 -0.088983 -0.013434 0.84207 -0.053012 0.2082 0.24794 0.15217 -0.23132 -0.36553 -0.12629 0.017849 -0.33933 -0.59167 -0.53501 -0.0826 0.80098 0.3044 0.18433 -0.38761 0.37636 -0.27012 0.35366 0.13655 0.16345 0.24801 -0.14053 0.21609 -0.10209 0.44426 0.10698 0.079662 -0.78382 0.1949 -1.4245 -0.19101 0.29664 
cork -0.3508 0.18399 -0.61796 0.86652 -0.11116 0.47482 0.64733 -0.26718 -0.48 -0.44 -0.24069 -0.21834 -0.2669 0.70394 0.4527 -0.37836 0.33223 0.15419 0.22763 -0.51511 -0.10626 -0.20316 -0.17775 0.80059 -0.61155 -0.21939 0.47074 -0.034855 0.91821 -1.6431 -0.37542 0.23254 -0.3223 0.25161 0.017691 0.48069 0.35548 -0.37689 0.19398 0.28283 0.32841 0.011856 0.082126 0.037846 0.36194 -0.26718 -0.35242 0.51176 0.13145 -0.11641 0.8136 -0.55631 0.44358 -0.06051 0.8182 0.36954 0.80551 -0.005509 0.10899 -0.14369 -0.47897 -0.16431 -0.18555 -0.1438 0.20642 0.0042095 1.0266 -0.71713 -0.84868 0.97553 0.77341 -0.89479 -0.61561 -0.059518 0.65403 -0.76836 -1.0388 -0.48288 -0.2808 0.59434 0.28065 0.11429 -0.32111 0.79478 -0.66138 -0.1244 0.45209 0.39989 0.19702 -0.17841 0.17112 -0.13736 0.67773 -0.42541 0.38514 -0.65968 0.076113 -0.58242 -0.11572 0.25025 
birch -0.38458 0.24109 -0.69621 1.8587 0.38176 1.1309 -0.34506 -0.14849 -0.72214 -0.14712 -0.54526 -0.036627 -0.13607 0.89307 0.48056 -0.29868 -0.23127 0.19757 0.30122 -0.011687 -0.26138 0.10994 -0.27513 0.3318 -0.050212 -0.18845 -0.40768 0.15754 0.37475 -0.87806 -0.0045148 0.034202 -0.018782 0.089476 -0.059181 0.47838 0.49618 -0.062853 -0.013887 0.40125 0.022751 -0.19291 -0.098048 -0.02801 0.42675 0.24725 0.3803 0.039278 -0.046039 0.10541 -0.03599 -0.019939 0.023146 0.16534 -0.35667 -0.23324 0.22717 -0.13527 0.086188 -0.083689 -0.22312 -0.20246 -0.27644 0.016224 0.48764 -0.029087 0.022158 -0.26772 0.40424 -0.24621 0.11686 -0.015973 -0.38373 0.25829 0.25282 -0.20095 -0.51643 -0.32178 -0.41355 0.34103 -0.25362 0.096046 -0.10277 0.53025 -0.11202 -0.085605 0.10762 0.12597 0.32066 -0.2641 0.38074 -0.28068 0.52624 -0.45699 0.22568 -0.59316 -0.014134 0.20957 0.055643 -0.023924 
raisin -0.19442 0.11183 -0.3653 1.197 0.11007 0.6195 -0.40259 -0.12222 -0.47573 -0.11013 -0.30375 -0.041236 -0.07147 0.71364 0.23206 -0.25508 -0.4629 0.22348 0.16386 0.28768 -0.12184 0.056623 -0.1653 0.25397 -0.19337 -0.16181 0.0058963 0.13004 0.55535 0.069199 0.091547 0.051055 0.2037 -0.10481 0.1465 0.16371 0.0746 -0.14218 -0.18694 0.23119 -0.09909 0.00093393 0.040955 0.0011853 0.058685 0.04764 -0.16358 0.27296 0.22179 0.17318 0.013433 -0.12681 0.034416 -0.1937 -0.050445 -0.10189 0.025306 0.028438 -0.13726 -0.043843 0.12518 -0.29301 0.18378 0.067505 0.12349 -0.026481 0.20226 0.11498 -0.51096 0.70665 0.25199 -0.42081 -0.32322 0.26936 0.13664 -0.29195 -0.3467 -0.33534 -0.34688 0.5506 -0.13595 -0.1537 -0.30433 0.1134 0.13622 -0.31296 0.078321 -0.06842 0.16339 -0.15114 -0.025886 -0.092917 0.39674 0.0084156 0.42223 -0.49722 -0.11339 0.060657 0.1131 0.021177 
geranium -0.058599 -0.00069111 -0.0072203 0.20712 -0.17079 0.00082541 0.41633 -0.11689 -0.54029 -0.068827 -0.36566 -0.062358 -0.44454 1.2731 0.51309 -0.41015 0.35133 -0.033245 -0.47748 -0.4557 0.028284 -0.072328 -0.45951 0.36176 0.12466 -0.085446 -0.20015 0.042085 0.30199 -0.40808 -0.0055981 0.060118 -0.13234 0.38811 -0.15729 -0.03674 0.0011832 0.021214 -0.051827 0.15424 -0.033327 0.11362 -0.074668 -0.071554 -0.10513 -0.26602 -0.33752 -0.050574 0.010116 0.15429 0.1023 -0.16397 -0.0068195 -0.24244 0.16092 0.14624 0.35049 0.047359 -0.17249 -0.045418 -0.043262 -0.3415 0.10024 -0.073225 -0.12161 -0.16309 0.3599 0.06102 0.18888 0.096624 0.088666 -0.17912 -0.21929 -0.09581 -0.045596 -0.092346 -0.23177 -0.0058361 -0.15656 0.22671 0.18022 0.091124 -0.22485 0.11859 -0.1624 0.065832 0.24447 0.056748 0.118 -0.14788 0.080436 -0.042591 0.11422 0.10876 0.12027 -0.40074 0.08305 -1.4465 -0.11483 0.24466 
