96 100 
smoke 0.47711 -1.1438 0.48082 3.8509 0.69124 1.7083 -0.68573 0.27628 -2.1482 -1.1013 -1.8242 -1.0659 0.032985 0.96825 0.3781 0.041477 0.0121 0.66479 -0.33551 0.13632 -0.26146 -0.074248 0.63694 -0.76021 -0.52701 -0.026193 -0.32356 0.17789 0.68525 -2.0802 0.29037 -1.5887 1.598 -1.0165 0.38491 1.1296 0.98958 -1.3399 1.4596 0.31506 -0.48563 -1.506 -0.47933 0.65584 1.2094 0.6366 0.16258 -0.32762 1.0657 -1.6198 -1.9429 0.78628 -0.071663 1.239 -0.81299 0.36239 0.35306 -0.67664 1.1451 -1.0931 -2.0225 1.8471 -1.4411 0.74943 -0.10166 0.60456 0.037463 -0.88743 -0.16837 -1.7738 -0.43107 0.87478 0.46248 0.84502 -0.23645 -0.72689 -0.3532 0.29418 -0.67477 -0.56723 -0.74438 -0.55771 1.6775 0.43498 0.47809 -0.56301 0.56839 -0.83828 -0.46782 -0.5435 0.078518 -0.94531 0.93828 -0.88433 -0.35982 -0.22968 1.6594 -0.30078 -0.82026 1.2278 
perfume -0.94171 -0.3623 0.3686 1.9498 1.2623 -0.86778 0.14736 -1.5208 0.14685 -0.53376 -0.0031353 -0.94791 -1.3049 1.4542 0.94187 0.85688 0.053209 0.47149 0.072135 -0.21386 0.7689 -0.47706 0.74626 -1.4252 -0.88299 0.28852 -0.762 0.13715 0.14753 0.60297 0.056906 -1.0082 0.0019022 0.38514 0.022151 0.10554 0.29193 0.98275 -0.51126 0.63973 -0.25506 0.39245 -0.50472 0.52766 0.38063 0.67655 0.27962 -0.0577 -0.82661 -0.41654 -1.9475 0.033664 -0.27711 0.91752 -0.21827 0.047425 -0.4426 -0.17193 -0.15662 -0.20524 -0.4711 1.0738 -0.77409 -1.368 0.012127 -0.83322 -0.41204 0.82268 0.67366 0.026595 -1.5026 0.57078 -0.10393 0.22828 -0.39313 0.31336 0.83228 1.1642 -0.057589 1.3812 1.2356 0.61469 -0.33571 0.51289 -0.42296 0.36133 0.62446 -0.43663 -0.30218 -0.17111 -0.54942 0.87324 -1.7666 0.7201 -1.1059 1.2396 -0.21747 1.1633 -0.70139 0.2689 
blood 0.69108 0.33317 -1.0789 0.84876 0.47602 -0.34313 -2.4291 1.126 -0.80103 0.31829 -1.8757 0.78452 0.25932 0.46565 1.4772 -1.2104 -0.54359 -0.93836 -0.80017 0.61482 -0.63737 -0.1558 0.35649 -0.6171 1.0486 -0.01921 -0.15676 0.040253 -0.84794 -1.852 0.090594 0.037467 1.0167 -1.0846 -0.11918 0.17386 0.25929 0.95568 1.0477 0.56514 0.30445 -0.63897 0.017047 0.39082 -2.0939 -0.021904 -1.2962 -0.30662 -0.50388 0.058683 1.15 -2.2186 1.9289 -0.22337 0.55349 -0.94372 -0.62037 -0.84741 -0.51732 1.8904 -0.44177 0.56185 -2.3068 -0.21094 0.66506 0.65094 -1.0826 2.3919 0.10034 -0.74614 -0.074354 1.0764 -0.023794 0.225 -1.5688 0.16012 1.8926 -0.13502 0.47366 0.18981 -0.79957 -1.7897 0.64134 0.092684 1.0916 -0.019355 0.12251 0.57669 -0.5061 -2.1598 -1.7154 -0.49044 0.20886 -0.27059 -0.8604 -0.49069 1.6588 0.92791 -0.279 1.5562 
coffee -1.1627 0.95583 -0.82762 3.0108 1.755 -0.055396 -0.98885 0.24665 0.53193 -1.1138 -0.74602 0.35771 1.1841 -0.063566 1.1572 0.71226 1.2691 1.1079 -0.65792 -1.0924 -0.87423 -0.84288 0.17282 -0.10854 0.15163 0.84678 0.3056 1.297 0.80583 -1.032 0.7208 -0.49805 0.69364 1.7893 -1.1119 0.22242 1.018 -2.976 0.58766 -0.10921 1.7636 1.1892 0.79219 1.3701 0.52314 0.57549 0.90277 -0.45301 0.25893 -1.3786 -1.883 1.0324 1.1822 0.50303 -1.9128 0.98891 0.14004 -1.1303 1.5157 0.32284 -1.2779 -0.37204 -0.17742 -0.37713 1.4822 -0.47093 0.14824 -0.65075 1.1206 0.65292 0.12003 0.51989 -0.84557 0.26539 0.98011 -1.2197 -0.87628 -0.27812 -1.2403 -0.33713 1.4872 1.1232 1.2057 0.48292 -0.83954 -0.50052 -1.5984 0.15993 -1.2827 -0.10801 -2.5986 0.43134 1.0659 0.41566 0.30975 0.16467 1.5747 -0.50565 0.15815 1.0072 
rose 1.3127 0.856 -0.49818 0.8788 2.8186 -1.7733 1.3305 -0.14928 0.34619 -0.96502 0.54482 -1.4522 -3.7747 1.2617 1.2032 -1.6662 -1.4731 2.5984 -1.1118 -0.33058 0.79257 0.47494 -1.1057 -0.89007 -0.39758 0.67219 -1.1999 -0.51755 0.30941 -0.0046933 0.35239 -2.1674 0.037925 -2.4817 -0.24282 -1.0191 3.2614 -0.59647 -0.87179 -0.47503 -2.3567 -1.1458 0.24489 0.28632 -0.081029 3.1446 1.2459 -0.46602 0.29743 1.1128 -0.10878 0.45492 1.9736 1.6327 0.19966 1.4523 0.47579 -1.0695 0.018284 0.71472 0.31461 -0.88691 2.4247 -1.4665 1.923 -1.1 -1.8457 1.5438 0.94346 -0.010147 -0.19317 -2.3578 -1.9632 0.40123 -0.3826 1.3161 0.18677 1.0115 -1.4464 0.86294 0.32225 1.1053 0.91822 1.4853 -0.061784 -1.4258 0.40947 0.25167 -1.591 -0.095626 -1.0415 2.5024 -1.2279 1.4276 -2.5372 0.6918 0.71964 1.0062 0.86597 -0.62493 
fish -0.30765 0.85367 -0.74391 0.50602 -0.15606 -0.33493 -4.3048 0.051653 -1.5904 -0.54444 -0.37386 1.3941 2.7547 2.8029 0.94934 1.0823 1.7529 -0.47281 -1.217 -1.9028 -0.069324 -0.11192 0.41728 -0.11722 0.07544 1.2344 2.6375 -2.7469 -0.93677 -2.0387 -0.54259 1.0839 0.40444 -0.85467 -0.043182 1.1742 0.66641 -0.1728 0.10433 1.9328 0.21857 -1.3653 1.2777 0.64191 0.59136 0.024477 1.0589 -0.68183 -0.81546 -0.12422 1.4136 -0.84799 -0.65918 -0.74027 1.0564 -0.034744 -1.0269 -3.2 0.88911 0.46185 0.65305 -0.76655 -1.4527 -0.25828 -0.18965 0.05927 0.41657 -2.4037 -1.2394 -0.26914 0.92689 0.011531 1.1035 -1.2188 -1.5438 -0.88334 2.0545 3.4048 0.18538 -2.5202 0.86174 -0.077056 0.59594 -2.8217 1.6916 0.22505 1.2019 1.3182 -1.9466 -0.79048 -0.16217 -0.42796 -0.18109 -1.6628 1.5574 0.83612 -0.7245 -0.59179 0.4965 -1.6485 
animal -1.2164 -0.48786 -0.67879 0.038908 0.67405 -1.7161 0.36329 1.5202 -2.0936 1.7651 -0.57902 0.18882 -0.75101 0.59909 0.59444 -0.92322 -0.72256 0.3045 1.0252 -0.42318 -0.42517 -0.63646 0.34536 -0.59018 -0.63724 -0.12618 1.1051 0.050073 1.0863 -2.9375 1.3303 1.1892 -0.27542 0.70978 -0.41429 0.63059 2.3891 0.04418 -0.27076 0.53748 -0.90145 -0.92451 -1.4756 0.24408 -1.9596 -1.6217 -2.4956 -0.02361 -1.6034 1.5742 1.9882 -2.0359 -0.038873 0.84292 -1.0022 -1.1946 -0.31222 -0.54862 0.67841 1.1066 -1.6546 0.58022 -1.9047 0.44463 -0.51987 1.1311 -0.4252 0.14709 -1.0933 -0.70409 0.78406 -1.0946 2.3959 -0.38294 -2.2681 1.5766 0.8911 0.14141 0.32925 -0.56287 -2.2917 2.1143 -1.5199 -0.25997 0.29117 2.6951 0.771 -0.046763 1.0105 1.2608 -0.5951 -0.10076 -1.4601 0.52582 -0.80466 1.1083 1.8034 0.66338 0.33603 0.26618 
soap -0.14307 -0.95634 -1.4692 4.9187 0.66746 0.21609 -0.94791 -2.5403 -1.2072 -1.1773 -3.6551 -0.32432 -0.27651 0.13608 1.1054 -0.54036 0.50562 0.060961 0.14545 0.72349 -0.64703 0.67327 0.61943 -1.6765 -0.79337 3.9747 -0.053661 -4.2242 -2.1293 0.70638 0.23143 -1.1408 -0.26317 -1.5653 -1.0067 -0.96043 0.1001 2.0763 1.5418 -1.2431 -0.28273 -0.062143 0.90485 -0.38924 0.6965 -3.5781 2.8692 -1.8258 -0.54898 -2.4451 -4.3831 -2.2996 1.5808 -1.4143 0.051468 0.30336 -2.2861 -0.39682 0.21164 -0.25897 -1.3387 1.5954 1.5403 -2.5215 1.6683 -1.5394 -3.0505 2.4712 -0.29034 0.59086 -0.95921 -0.48996 -0.1177 -2.5518 1.0251 1.4518 2.0603 1.2971 -1.7774 1.0083 2.6905 0.82137 -1.0607 -3.6986 -1.174 -0.55595 -0.44433 -0.59028 1.2686 -0.32939 -2.9286 3.7406 -0.41683 4.223 -0.83556 5.1633 1.1376 0.75663 0.97372 -0.013014 
grass 0.77333 0.1916 -0.74624 0.82728 -0.50235 1.9018 0.62205 -1.5763 -0.11867 -1.3835 -2.1379 -1.5758 0.17583 0.79107 2.4041 0.086575 0.32633 -0.86418 -3.8166 -1.4008 -0.14733 1.2689 -0.34383 -1.2521 0.85771 3.3362 -2.072 0.15002 1.1708 -1.1333 -0.79204 0.64749 0.57648 -1.6836 0.1667 1.4518 0.16373 -0.98544 -4.3427 2.5656 -0.46642 0.70248 -2.4368 -0.63379 0.8847 -1.9113 0.19406 -1.3523 0.082425 2.5102 0.82669 0.8605 -0.20169 -1.1982 0.76804 0.65669 0.11375 -1.0439 0.50672 2.2835 -3.2567 1.0053 1.6914 -0.43909 4.0916 -0.20834 -3.2992 0.31772 1.5123 -2.1291 -0.0032169 -2.7437 1.8712 0.57302 -1.9368 1.2102 2.0196 -0.77567 -0.32805 -1.1527 -4.3161 2.2289 1.2928 -1.5583 1.7719 -2.4214 -0.53127 -3.3193 -0.74645 -0.92212 -1.0357 -0.83475 -0.068525 0.77965 0.64057 -0.16521 -0.69753 0.93114 -0.933 -2.4511 
beer 0.083494 1.2145 -1.9636 5.2734 0.3501 2.4644 -0.22286 -1.956 -1.0558 0.8226 -0.051366 1.6285 0.56513 0.31557 0.64982 1.5897 -0.55322 -1.0383 -0.81523 -0.9901 2.75 -1.8802 0.53653 -2.7063 -1.3752 -0.17992 1.7451 1.3331 2.4207 -1.3761 1.0815 0.22091 4.535 0.99288 -0.90661 -1.1461 -0.8989 -1.1328 0.12445 -0.038905 1.1948 0.81661 1.7095 2.0703 2.4947 2.1376 0.34625 -0.3129 0.085868 -4.2088 0.20782 0.16524 0.4265 0.88379 -1.9035 1.8591 0.85763 -0.042094 1.4063 -0.33019 -3.1851 1.3523 0.56752 3.1059 0.71356 2.9809 -2.9219 -0.40817 -0.38386 -0.94778 1.4941 2.3901 -0.12506 -0.18768 -0.14491 -2.9848 0.25775 1.1324 -1.0907 -2.7075 1.7759 0.68564 0.45621 -1.2091 4.1335 -1.3971 -2.6678 1.7489 -1.8183 -0.023551 -1.5238 0.88233 0.12008 0.087273 -1.6766 2.3913 0.34153 -1.9758 -0.47556 2.0777 
urine 0.51394 -0.18916 0.037872 3.7263 2.5701 -0.31139 -1.4387 -0.47135 -1.3597 0.3523 1.136 1.3196 -0.0023581 1.6762 1.1562 -1.0574 -1.3432 -1.2636 1.5571 -0.4022 -0.37377 -0.98767 -0.040552 -3.0802 0.76159 -2.0933 1.3821 -1.3226 -0.5399 -0.062745 0.87758 0.20796 0.11017 -0.81345 -0.80595 0.034101 1.2425 2.1118 1.6927 1.7719 0.38716 -0.7042 0.053497 1.1961 -1.2198 0.48353 -1.2034 -2.0146 -0.62056 -2.5434 0.55376 -2.719 -1.4055 1.1147 -1.034 1.0918 -0.83878 -0.85184 0.81655 2.3227 -2.5951 2.6702 -2.9944 0.9912 0.89935 1.0056 -1.0014 -0.12629 -2.2889 1.8054 2.1573 -1.3429 1.3346 -0.26043 -1.6446 -1.1962 0.39539 -1.3684 -1.1355 -0.4502 -1.5042 0.87373 -0.9436 -1.8809 2.1067 -0.41856 -1.5339 2.3778 0.60211 -2.9585 1.1369 -1.8261 -0.62379 -0.40297 -1.3521 1.4005 1.7355 0.28176 0.43566 1.2625 
pine -1.8273 0.54457 -1.9085 3.545 2.6097 1.3389 0.3524 -2.533 -1.9127 -1.5286 -1.5044 -1.0188 -0.069669 3.2079 0.046546 1.9473 -2.6737 -4.0737 -1.338 0.16313 -2.3185 1.8433 -1.1988 0.43011 -0.65931 2.4594 -2.1197 0.48773 1.9998 -1.0172 0.63223 -0.19805 -0.15895 -1.8984 -2.0587 0.073053 2.2279 -1.9988 1.1264 2.736 -0.67378 -1.3886 -1.0265 -1.4106 -0.5426 0.053135 1.5292 -3.3167 1.107 -1.4846 -1.2923 -3.9074 -1.3946 -0.55178 -1.333 2.5476 -1.2093 -1.0447 -1.2913 1.7468 -3.2003 0.099725 -1.0694 0.94054 1.8663 -1.2852 -1.5436 -1.017 4.1286 -2.0238 0.065143 -2.5122 -0.34593 0.77628 -1.5339 3.0898 -2.8501 -0.59776 0.52534 -2.9435 0.2078 0.60055 -2.3487 1.0106 2.3193 -0.52039 -1.4967 3.2908 2.633 0.76091 -1.2096 2.2203 -0.15409 0.79735 -0.46754 0.054014 -2.1472 0.85235 0.1313 -1.9383 
wine -2.5372 5.6776 -0.42913 3.6231 2.0155 1.1833 -1.2008 -2.5889 -1.2562 -0.58127 -1.2977 2.3529 -2.9606 1.02 -0.33515 0.68886 -1.1236 -0.51338 0.82442 -0.48424 -1.3708 -1.589 0.27735 2.1896 -0.86265 -0.61751 0.92347 2.2758 -1.9365 -3.1831 -1.5998 -0.26475 0.24148 3.4778 0.79173 -3.1384 1.132 -2.4244 -3.914 3.6197 -0.7427 0.60183 -2.5801 1.4677 0.51604 0.48971 -0.78619 1.3889 -0.55869 -1.2647 -0.22828 0.37723 -0.54402 -0.79808 0.59243 1.409 -1.1366 -1.189 3.1335 -1.2704 -3.0424 -0.80756 -1.5284 0.92504 -0.32679 2.2243 -1.3391 -4.327 2.3249 -0.7023 -3.5571 2.1328 0.88957 0.44669 -1.1597 0.46576 -2.2787 0.95165 -0.019721 -2.5699 1.2039 1.4352 0.67293 1.2008 -0.90378 -1.0001 -0.76211 2.5179 -0.88807 -1.1991 1.1855 3.5568 -3.8984 0.52153 -2.7809 1.8814 1.106 -0.28238 -0.92027 -1.1265 
bread -2.7924 1.5231 1.3239 3.0391 2.8468 -1.3567 -3.6903 0.60258 -0.31182 -2.5272 0.65309 1.4179 2.257 -0.33737 1.5632 -4.5338 0.58783 -0.87649 -0.11577 -2.7423 0.46079 0.36054 0.19404 0.88126 -0.59202 0.0011535 0.77167 1.1574 -1.4994 -1.1539 -1.966 -2.5165 0.0984 1.898 -5.1873 -0.051635 1.2371 -2.0601 -0.28454 0.74864 0.98895 2.8424 -0.21751 1.353 0.7725 0.35024 1.1822 2.2099 -0.1504 -0.30513 -0.32164 1.58 -1.8245 0.1952 -1.9917 -0.57471 -3.7786 -0.045838 -0.12333 0.31659 -2.7363 0.052565 -1.3224 0.38522 1.0767 -1.7723 -0.39788 -0.18867 1.6752 -1.7549 0.41301 1.0267 2.0834 1.4245 1.0782 1.0547 1.8171 -1.028 -0.99274 -2.7371 1.8926 0.15494 -1.3532 -0.50945 1.0674 0.2755 1.7594 0.1124 0.50561 0.2402 -1.742 -1.1762 0.15637 -0.60643 1.9494 0.99175 -0.53979 1.1089 0.37759 -0.3878 
cologne -0.63053 -0.21517 0.86934 3.5083 0.64576 -1.1639 0.13182 -0.87787 0.43371 -0.84449 -1.2743 -1.4087 0.50119 1.1879 0.24839 1.7754 -0.12038 -0.81335 -1.8085 1.089 1.0814 -1.4409 0.030511 -1.5272 -0.99625 0.079423 -0.99741 -0.47511 -0.73666 0.75553 1.2204 -0.72895 1.4845 0.78131 -1.8376 -1.4266 -1.115 1.0834 -0.026335 0.11357 -0.03771 0.94573 0.69458 0.13983 2.1234 -0.6934 -0.26104 -1.3927 0.073426 -1.098 -1.4168 -0.86509 -0.33639 0.11655 -1.7109 -0.094895 -0.2046 0.26054 0.13785 0.058052 -1.3106 0.86051 -1.4554 -0.43363 -0.17801 0.34504 0.09832 0.91102 0.10994 0.13019 -1.1064 0.82156 -0.38573 -1.6001 -1.2681 0.45727 0.77736 1.6009 -0.45138 2.3435 0.2518 1.3909 0.77227 -0.036761 0.13851 1.7042 0.76362 -0.85359 -0.11339 0.39583 -1.7008 0.86195 -2.5189 -0.18715 -1.4559 1.8803 -0.022546 1.8313 0.51762 -0.21711 
lavender 0.96741 1.254 1.0144 1.6237 3.5827 1.3464 0.60919 -0.41875 0.55985 -0.83389 1.8982 -0.90698 -0.4724 1.8411 0.77608 0.35199 0.21583 0.50233 -0.54633 -0.69567 0.070297 -1.4548 0.27914 0.84953 0.074302 -0.20264 -0.12027 -0.58263 1.5064 0.53117 0.33687 -0.90784 0.13236 -0.37677 -0.31838 -1.1168 0.015045 -0.5769 0.988 0.035938 -1.6716 -0.94312 -0.96276 -0.89568 -0.99565 0.80283 1.6484 -1.9466 -1.3936 -0.35641 -1.0854 2.0561 -0.06732 0.026785 0.085809 -0.89854 0.54636 -0.68655 -0.61084 1.3994 -1.96 0.53178 0.24087 -2.7316 0.16474 -0.64108 -1.3451 -0.90366 0.44677 -0.56116 0.62515 -0.14556 1.5321 -0.032625 0.040605 2.3327 0.65168 0.29086 0.29915 0.3918 0.27026 -0.13608 0.14631 1.5444 -0.99884 -0.2278 0.43555 -0.29623 -0.28058 0.67168 -2.2943 0.94629 -2.4278 1.2528 -0.53309 1.6968 -0.8049 1.4813 -0.48279 -1.1676 
garlic 0.45447 -0.29586 -0.98223 2.6943 -1.2972 0.68318 -2.158 0.44313 2.0789 -1.3703 1.1425 -1.4607 0.29322 2.1679 2.236 0.69687 1.0783 -1.6749 -0.92197 -1.3096 -0.33737 -0.13735 -0.36993 -1.0688 -0.59491 0.16528 0.104 -0.20779 -1.4252 -0.2046 -2.3238 -1.0736 -0.95782 0.90045 -1.245 0.012155 0.31434 -0.77192 1.5865 1.0576 0.07348 0.85317 0.86692 -0.50688 -0.82295 1.4658 1.3591 1.7418 -0.42665 0.18748 -0.74082 2.2577 -1.7113 0.64246 -0.81676 0.66828 2.2272 -0.31923 0.020261 0.11039 -1.813 1.8844 1.2783 -0.5954 -0.21095 0.38602 -0.14852 -0.41331 0.14729 -0.57749 -0.10721 -2.4011 0.7812 0.38357 0.30888 1.7575 0.35359 0.11772 1.8267 -2.0373 -0.30809 0.77115 0.56338 -0.28825 -0.50776 0.94277 1.1848 1.4292 -3.6639 0.032531 0.27427 1.1216 1.2125 0.46428 -0.080825 1.7545 0.76588 -0.12446 -0.21591 0.26685 
leather -2.3242 -0.63516 0.40224 1.6552 0.63196 0.67003 0.98504 -0.68357 -2.4619 0.57561 -0.52763 0.51257 -1.2473 0.69724 1.1891 2.0021 -0.52833 0.36112 -1.2858 -0.18835 0.67985 0.18118 0.088681 -1.2694 1.0171 0.61123 -0.36061 1.7563 0.095496 0.10572 0.97996 -1.1445 -1.9946 -1.4264 -2.2433 0.88639 -1.1139 1.1639 0.94064 0.099054 -0.69724 0.70098 -1.2948 -0.60992 1.2199 -0.70562 -0.66152 0.30001 0.047549 -0.56355 1.1429 1.8923 -0.25243 -0.20747 -0.97487 -0.7967 -0.25205 -1.8591 1.3875 0.022768 -2.7488 2.7295 -0.68266 -0.36779 -0.4519 0.32707 -1.9709 -0.88401 1.8374 -1.7738 0.31892 -0.052315 0.80327 -0.5228 -1.4169 -0.37874 0.60114 -0.039163 -1.2111 0.96511 -1.1449 0.59621 -2.3347 0.79374 0.27243 -0.92769 -0.78898 -0.81353 -0.556 -0.25199 -2.7877 -1.0115 -1.632 -1.0817 -0.87669 1.7077 -1.9357 1.5926 -0.61352 -1.6844 
paint 1.1297 -0.091364 -0.47799 1.9805 0.54795 -0.09283 1.4458 -2.296 1.232 -2.9219 0.33962 -0.10838 -2.6259 0.30343 0.90112 -0.16066 1.0476 0.57476 0.85523 -0.68196 -1.7946 2.0058 -1.9134 -0.15173 -2.1634 2.5807 -1.3344 -0.96974 0.93787 1.8727 -0.95153 0.46008 -2.6511 -0.94813 -0.10036 2.9336 -1.8165 0.81901 1.3053 -2.3914 0.30165 -0.89163 1.3406 -1.9916 2.0168 -0.82237 1.0731 -1.242 -0.086613 -2.0807 0.9743 -2.6781 -1.4267 2.2218 1.3105 0.53047 -0.42764 -2.1364 0.18322 0.66167 -1.6435 2.5586 -1.7409 -2.9539 1.2404 -1.1979 -0.56016 -1.8743 0.56834 -2.9188 -0.18247 3.0447 0.16101 0.97135 -2.1788 -1.9574 -0.26416 -1.5226 -0.12957 -1.5881 0.093967 1.8885 1.2815 1.4759 -0.77325 -1.9612 0.60544 -0.72602 -2.2376 -1.3245 -1.7398 -1.927 -0.56088 0.55523 0.87987 0.50781 -0.88457 0.55495 -3.4735 -1.4673 
apple -0.7357 -0.4577 -1.0438 2.4177 2.1167 1.0989 1.685 0.79335 1.2048 0.5341 0.87754 -0.74517 0.01174 1.318 2.1385 -1.1101 0.62809 1.6665 -0.84166 -2.8066 -0.80145 1.0505 0.37802 1.6513 -0.19585 0.46646 0.033696 1.5292 -1.2728 -2.2321 -1.0122 0.19859 -0.62445 0.80914 -0.75443 -3.0243 2.8084 -2.7544 -2.7703 0.30902 -0.6719 0.64871 0.71133 -0.52677 3.2896 -0.46336 1.9714 0.12183 -0.77612 -0.78883 1.0566 -0.54536 -0.85073 1.2593 -0.21706 0.29308 -1.478 -1.7276 2.0271 3.3822 1.4822 -1.6701 -0.368 -1.3338 -0.86851 -0.33871 -3.2816 -0.11646 1.3956 -2.1884 -0.61149 -0.78237 2.5558 -1.8255 1.7659 2.7036 0.60073 -0.81433 2.1069 -3.2905 -0.44332 0.2537 -1.1701 -1.1927 -1.0655 1.6433 1.1024 -0.52526 -0.57493 1.2826 -1.2966 -0.57182 -2.0923 0.94956 -2.8894 0.77313 -1.9861 0.38825 -2.7839 -0.54702 
onion 0.0073706 -0.98046 -1.2604 2.3701 -1.6352 0.94397 -2.0285 0.8268 2.3199 -0.70917 -1.137 -1.0104 0.59185 3.1747 0.47602 -0.12093 1.9816 0.12842 -0.78087 -2.1854 1.4105 -2.1396 0.78032 -0.013799 -0.77538 0.79116 0.1932 -1.2666 -1.8728 -0.93319 -1.9146 -0.26682 -1.2337 0.42875 0.17428 0.53367 -0.53964 -0.91636 -0.60461 0.95213 -0.71705 1.4038 0.30066 0.11217 0.040209 2.2119 1.9845 0.58613 1.2658 -1.4777 0.18621 2.0178 -0.18377 -1.0545 -0.79525 0.60635 0.66609 0.71572 0.57766 1.0415 -1.3433 0.89137 0.69422 0.035483 -0.72905 1.5026 -0.27271 -1.9671 -0.43236 -0.51389 1.6577 0.40124 2.9795 -0.23526 1.8692 1.8329 1.9973 1.2073 -0.065209 -2.4029 -0.12325 2.0872 1.6419 -1.9213 0.78521 1.8353 0.84182 1.535 -1.0369 -0.52475 -2.2817 0.12341 2.4934 0.091041 -0.87614 0.33379 -0.96705 1.1367 0.91817 -1.3164 
cheese -0.51732 3.0946 -0.74865 3.224 -0.66358 -2.4375 -1.5661 0.54054 -1.115 -0.77972 1.0399 1.639 1.3347 -0.12402 3.3868 -0.29946 2.0807 1.2399 -1.8575 -0.97241 1.7215 0.4646 -3.1918 2.4412 -0.25397 0.05552 1.8842 -0.025584 -0.9476 -0.35832 -0.19451 -0.71107 0.19583 1.4678 0.92377 -0.75884 0.013367 -0.60193 -0.65777 0.51032 2.7802 2.8906 -1.0743 -0.0513 -0.10611 -1.275 1.3235 1.5954 -1.6523 1.2507 -0.18147 0.42155 -0.71583 -0.13877 0.22982 0.98879 -0.61908 -2.4213 1.519 1.2341 -2.8033 -0.47277 1.0209 0.33441 -0.4314 -0.082577 -3.2719 -1.5608 2.1226 -1.343 3.3747 0.78253 1.3732 -2.0485 2.0549 -1.5293 -0.29828 -0.72129 1.9 -1.8091 1.5749 1.6778 0.32807 -0.39085 -0.92375 -1.9286 1.5947 0.99962 0.39199 2.1772 -0.65788 -2.1724 -1.5914 1.1984 -1.3473 0.51317 0.54927 -0.93654 0.90408 -0.89057 
incense -0.42631 -1.6728 -0.30992 3.247 0.92995 0.21972 -0.51044 -0.28764 -2.2469 -0.45797 -1.905 -1.9535 -0.018101 2.4031 1.4211 0.86233 0.60623 -0.058736 1.8437 0.5211 0.41164 0.15955 0.33481 -2.6231 -0.42282 -1.376 -0.98585 -0.12082 0.25145 -0.74139 -0.16467 -1.2979 -0.23828 0.78467 1.2397 2.1205 0.19385 0.89137 0.31773 -0.1834 -0.4463 -2.1563 -0.53846 2.3297 -0.23406 2.1332 0.20082 0.66261 -0.65814 0.27945 -2.0936 0.93212 0.42972 1.4673 -0.885 0.95459 1.2836 -1.8683 -0.16221 0.55381 -2.2308 0.97622 -0.093524 -1.3094 1.6124 -1.2191 -1.5524 -0.011345 2.1729 -0.39138 -0.49699 -0.36455 0.38768 0.43199 0.49861 1.6671 -1.3668 0.12873 0.05699 -0.99731 1.094 0.75144 0.28129 1.3593 -0.52468 0.49101 0.098109 0.11286 -0.2088 -1.0382 -2.3208 1.1218 -1.3675 -0.46816 -0.25247 -0.23286 -0.87968 -1.1073 0.064905 1.4135 
cinnamon -1.6828 1.2685 -0.45076 2.0956 1.9143 0.84922 -0.79496 0.84989 0.30872 -2.227 0.71449 1.2172 1.9309 2.1249 0.39272 -0.067533 0.7153 0.31866 -0.82409 -0.83241 0.43762 -0.4403 0.75217 1.7428 -0.94598 -1.0707 -1.0713 0.22117 -0.51944 -0.33612 -0.94818 -0.82653 0.66822 0.60037 -0.89142 -0.56125 0.61017 -1.9139 1.3012 1.8687 0.36879 -1.398 -1.1807 0.69548 1.3674 0.51779 1.2953 -1.8165 0.12456 -2.0344 -1.1163 -0.55458 -0.13979 -0.44318 -1.2568 -0.24734 0.02095 -1.9987 0.2047 -0.19374 -1.9603 0.35004 -0.027312 -0.92574 0.043446 -0.25689 -0.16141 0.33428 1.4292 0.84606 -0.17831 -0.40196 0.42002 1.4569 1.4104 2.4523 -0.28982 0.25288 0.21609 -0.93639 1.3892 -0.11377 -0.70045 0.49136 -1.481 -0.39634 1.8687 -0.87459 -0.080234 -0.21578 -1.0134 0.36834 -0.13305 0.49078 -0.07485 1.7004 -1.4735 1.7038 -1.007 -0.10364 
lemon -0.2095 2.0865 -1.1395 3.8907 1.6812 2.2812 0.51303 0.51961 1.0624 -1.8751 2.0868 -2.3126 -0.38854 1.8692 0.72637 0.065126 0.57304 -0.066838 -0.51733 -0.017325 0.49407 0.75486 -0.060368 0.37989 -0.72397 -0.19366 0.32875 -2.4297 -0.18889 0.42692 -1.0174 -1.9697 -2.0076 -0.38735 -3.6483 -1.4789 0.74181 -1.1619 1.2499 0.24325 0.044817 0.61802 -1.459 0.61396 0.96328 0.97305 2.9598 -1.7166 -0.74656 0.33212 0.68666 0.96414 -0.57329 1.6937 -0.72508 2.1813 1.0138 -2.4022 1.4698 1.0268 -0.70995 -0.37855 3.0663 -2.076 0.83869 -1.7385 0.016778 -0.69544 0.5444 -0.65595 0.34391 -1.1299 0.58541 -0.77289 0.079913 0.71938 0.91939 -0.17122 1.225 -0.81629 0.79788 -0.016638 -2.2176 -0.67081 1.8443 0.60745 0.90555 0.40639 -0.42965 -0.2904 -2.0123 3.2188 -3.2681 1.3068 -2.0529 2.3366 -0.63027 -0.25922 -0.022595 -0.66845 
tobacco -1.8189 0.074903 0.82163 4.251 0.94877 0.49348 1.0601 0.33646 -1.7762 -0.93923 -1.2594 1.0259 0.23626 1.0789 0.4932 1.2763 0.6982 0.36229 -0.57306 0.29722 0.80244 -0.57533 1.381 -1.6524 0.27564 1.0739 0.8223 0.11467 0.11221 0.47462 1.5766 -1.2 0.82031 -0.19616 -1.2605 1.4184 0.21827 -0.22747 1.3356 0.94224 0.35663 -0.4151 -0.66849 0.062105 -0.65092 0.80819 -0.83983 -0.56272 0.13139 -1.1996 -1.4546 1.1482 -0.37296 -0.2161 -1.4081 -0.23682 0.44324 -2.2356 1.8405 -1.0159 -1.6385 0.36019 -0.096048 -0.10363 0.96437 0.69903 -1.3247 0.62329 0.9439 -1.7571 -0.040892 0.0033573 0.42569 1.2859 -1.1298 -0.76756 -0.14257 -0.59176 0.96768 -0.15974 0.65103 0.4586 -0.32848 -0.37833 0.94492 0.29715 -0.54491 -1.5318 -0.27938 1.7309 -1.9395 -0.026046 -2.2429 -0.85054 -1.6524 0.74456 -0.4417 0.65107 -0.26004 1.4153 
orange 1.3902 0.60733 -0.13374 2.2104 2.0255 -0.16244 0.84537 -1.1947 -0.26776 -1.8964 0.063019 -1.7742 0.39184 0.69777 1.3187 1.5341 -1.0012 1.8985 -0.92604 -0.14574 0.040328 0.64505 -0.44635 1.8801 -0.73523 -1.0249 -2.0431 -2.2584 0.25216 -1.9048 -0.20289 -0.97595 -1.4958 0.10423 0.88063 -3.352 0.1448 -1.7622 1.2224 0.93422 0.57293 -0.083066 1.5903 -1.577 1.1043 1.2257 1.4175 -1.6167 -1.9374 -0.38332 -0.070335 0.93688 -1.3006 -0.2587 0.11819 0.44485 3.2527 -2.3056 1.8427 1.2794 -1.868 0.66094 -1.4647 -0.95135 0.84772 -1.8619 0.70919 -0.3532 1.0849 -2.1742 -0.12389 -0.34244 -0.22978 -0.45247 0.64488 1.8986 0.52494 -2.0421 0.44839 -2.1989 -0.053919 0.47172 0.18183 -0.060505 -0.078841 -0.28986 1.4588 0.99531 -2.1151 1.0059 -0.45335 0.82839 -1.0614 0.89566 0.1858 1.6614 -0.087195 0.61864 -0.29996 -1.0506 
egg -4.2202 1.2162 0.46556 3.6972 -2.3645 -4.4753 -2.8809 4.973 3.5921 -1.1897 -0.60895 2.5321 -1.6294 -0.88504 0.028852 0.94611 2.4262 0.65621 -1.7481 -2.0509 -3.5886 0.31547 -1.1429 4.9689 -2.9205 1.6807 -2.3504 -3.4358 -2.3279 -0.79903 -0.8778 2.391 1.1874 3.135 -0.52236 -1.2706 2.6341 -1.3391 0.29228 7.0763 1.4432 2.1707 3.0271 -0.13327 -1.5443 -0.73088 2.9153 -4.8781 -0.69444 -1.4986 5.0013 0.24017 1.4437 -0.42854 -0.084537 2.5484 1.3799 -2.0035 1.2668 -0.082923 -0.70766 -0.096036 -0.4094 1.1193 -3.9973 -0.2702 -0.95765 -1.2812 -1.9086 -2.7851 6.043 0.62812 4.6157 -1.4995 2.5679 -2.1407 2.0802 2.6337 3.2781 -4.2842 1.8744 1.5499 0.36359 -2.874 2.3439 -3.4562 -1.5419 1.9331 -0.69653 -3.082 -0.62547 -1.4415 -2.2221 -3.4981 1.4666 -3.3025 0.39201 -0.50051 -6.2847 -1.476 
vanilla -1.5616 0.24969 -0.47136 2.3673 2.7457 1.3706 0.46242 -0.18968 0.38959 -1.447 -0.2123 -0.34606 0.46558 1.1716 1.9661 0.014149 1.2781 0.62832 0.2088 -0.61877 0.81644 -0.74285 0.64484 1.9407 0.34603 0.34507 -0.086349 -0.66668 -0.2722 -1.185 0.59531 -0.87086 0.94911 1.3393 -1.5993 -0.59271 0.79043 -1.7563 -0.48778 1.3172 1.9983 -1.6915 -0.87327 -0.33568 0.76182 1.0402 1.9495 -0.56443 0.81267 -0.71188 -1.5745 -0.030183 0.8007 0.36322 0.41274 -0.41511 0.33601 -1.9646 0.87876 -0.099098 -2.018 -0.49357 -1.008 -2.9827 -1.0207 0.048338 0.10385 0.046678 0.94512 0.82164 -0.062477 -1.4673 -0.84761 0.43829 0.94176 1.5409 0.047873 0.91841 -0.60799 1.2603 0.86965 -1.0272 -1.5697 -0.27371 -2.2277 0.68234 -0.88531 -1.7914 0.7407 0.17583 -1.7532 0.7122 -1.9482 0.48657 -0.80427 1.7527 -1.21 1.4625 -0.60754 -0.01292 
gasoline 1.4833 -2.0483 -1.7549 2.1007 0.51102 0.75256 -1.3611 -0.47151 -0.32207 -1.8014 -0.71925 -0.82364 -0.13255 1.2117 1.64 1.2008 -0.2871 -1.3867 0.04048 -1.4006 -1.1175 -0.39369 1.7588 -0.98346 -1.2438 1.368 0.39108 -0.56829 1.0917 -0.19936 0.24886 0.69752 -0.049624 0.13424 0.68842 1.5272 -0.72579 -0.53402 0.23552 -0.18015 0.39246 -0.83341 0.47463 -0.56874 1.6689 -0.73404 -0.12337 0.79334 -0.2279 -1.6251 -0.92741 -0.25311 -1.2156 -0.33579 0.18497 -1.9489 -0.18179 -0.21883 0.4374 -0.65597 -1.1644 0.35727 -2.1863 0.33372 0.78974 -0.042602 0.28622 -0.48295 1.2382 -1.1018 -0.14249 -1.5256 -0.81558 1.7917 -0.87093 -1.3726 -0.20321 -0.46985 -0.17225 -0.96784 -0.57984 0.78353 0.58628 -0.42569 1.2132 0.12306 -0.8225 -0.17621 -0.60158 0.026904 -0.54371 -0.72152 -0.052027 0.49665 -2.2097 -0.26422 1.2916 0.63644 -1.8333 0.50923 
tea -1.9838 4.0334 -2.8831 4.2343 4.481 0.32013 0.57097 -1.2712 0.90525 1.5649 -0.10148 -4.2708 -4.3938 0.81162 0.90405 -3.4637 -1.4945 0.93076 1.0592 -1.0603 -0.86521 -0.97978 1.1023 0.41206 2.3184 -2.0828 -1.2224 1.2053 -2.7786 -0.61467 -0.03634 -1.8681 -2.1426 2.4715 0.013941 -0.69169 1.393 -6.5062 3.3727 1.7444 -3.3923 2.4651 0.49815 1.2405 -1.8366 1.2969 2.4037 0.1353 -1.2812 -2.4009 -1.8616 0.1727 1.0594 -0.24209 -1.2796 1.1406 0.86717 -3.0921 -0.54662 0.97635 -1.4631 -2.4115 2.0446 -3.3058 1.6277 -3.6928 -0.33889 -2.3923 2.5807 -0.57978 3.0381 2.0778 -2.5114 -3.6107 0.76634 -1.2492 -3.8629 1.1513 2.9198 -2.6968 3.5337 3.2211 -1.0158 0.0033586 -1.5756 0.53894 -1.1512 0.8288 -5.4063 -0.884 -3.3902 2.7011 0.20548 1.7494 -0.59651 3.1385 -0.072183 1.7529 -0.8757 1.2845 
honey -1.2201 1.2624 -0.44915 0.90329 3.128 1.0027 0.12323 -0.6016 -0.25774 -0.6755 -0.30932 2.1731 -1.8242 -0.08148 0.91964 0.24542 0.27962 -0.081321 -1.5521 -1.7476 1.4664 -1.7372 0.27504 -0.87128 2.1586 -0.81652 -1.4517 -1.5704 -0.26101 -2.0218 -1.235 -1.1016 -0.23667 0.16467 -0.69519 -2.3324 1.7923 0.63817 -0.31467 0.79292 0.95707 0.24494 -0.77648 1.5549 0.65395 -1.3323 2.8104 -0.97812 0.46502 1.8208 -0.16633 -0.74503 -1.4507 -1.4057 0.96571 1.529 0.25472 -1.9022 -0.42204 0.58345 -0.64829 -0.95631 0.17017 -1.6992 0.43557 0.46796 -2.3722 1.4212 1.6399 0.71447 0.7529 -0.89627 -0.7126 1.7567 1.1917 0.71814 2.2101 0.1968 -0.20721 -0.35961 0.83285 -0.64077 -0.65376 -0.29138 0.19698 0.76094 -0.33474 -1.7937 0.19451 0.43554 -1.287 1.0905 -0.20544 -0.87819 0.16173 1.2517 -0.98335 0.030235 -0.19212 -1.1762 
chocolate -1.4346 1.1624 -0.29278 1.2969 3.1265 -0.19866 -2.4146 -1.4304 -0.63808 -0.95385 1.2357 0.22279 0.70163 -0.081891 1.6089 -1.0761 0.53361 1.3049 -1.0554 -0.44081 -0.99846 1.1716 0.15496 0.51394 0.23169 -0.70541 -0.60847 0.20733 0.16807 -0.87705 -0.21225 1.0888 -0.77319 0.79406 0.07946 -1.5049 0.041803 -0.39829 0.020347 1.2198 1.6915 0.91306 0.36203 0.87341 0.99374 0.91653 0.58193 0.35087 1.2374 -1.0314 -1.1664 0.70478 -0.43446 0.39814 -0.70263 -0.32895 0.49117 -0.525 2.8284 -0.44953 -1.4673 -1.1458 -0.81652 -0.31534 -0.60209 -0.29584 0.89741 0.099271 1.1656 -0.018287 -0.12219 0.36042 0.21446 -0.040927 0.45482 1.3508 -0.049008 0.21082 0.1603 -1.5592 -0.51896 2.0662 -0.24347 0.27928 -1.9101 0.68857 0.36403 -0.49066 -1.5758 0.61857 -0.97892 -0.65068 -0.28606 -0.61003 -1.7045 1.5993 -1.2555 0.057957 -1.5795 -0.90618 
manure -1.238 1.72 -0.49392 0.84799 0.12137 -0.36462 -1.3265 0.40352 -1.5343 0.383 -0.63882 -0.66926 0.45374 2.5272 1.9988 1.0109 1.2619 0.4798 0.10694 -2.151 0.099195 -0.19474 0.59469 -1.2669 0.030481 1.374 2.601 1.8647 1.4656 -1.4781 -0.030514 0.89517 -1.3767 -0.29309 -0.88615 1.8781 2.4442 -1.4599 -0.77712 1.7207 -1.5734 -0.94815 -1.0061 0.093446 -0.9872 -1.0524 0.51587 -0.49458 -2.2673 1.539 0.19706 -0.97386 -1.3375 -1.0728 -0.28032 1.0187 -0.89742 0.33441 2.4293 1.1761 -0.66186 1.789 -0.66033 0.28983 0.84427 0.96428 0.0067238 -0.47524 -1.93 0.10642 1.6326 -0.71821 2.4556 1.9728 -1.7398 -0.39503 -0.54356 -0.24947 0.48877 1.0898 -2.7254 1.0697 -1.3059 -0.82776 -0.53617 -0.10611 -0.093254 -0.11928 0.51973 0.34376 0.53772 -1.0425 -0.97421 2.3049 -0.24521 -0.20881 -0.01341 -1.5919 -1.3129 -0.561 
mint -2.9323 2.0252 -1.9402 3.4312 1.7511 1.9917 0.75024 -0.25483 0.48589 1.0927 1.0638 -2.6416 0.75839 2.7443 -0.67795 -0.58643 1.2322 0.31375 -1.7193 0.42131 0.45452 1.5354 1.7248 -1.2611 -0.013796 1.3382 -1.4528 -0.75308 -0.022112 -0.45416 -0.45798 -4.7197 -0.92862 -0.81767 -1.1162 -1.9132 1.7964 -2.0857 0.60609 -0.62935 -1.5462 -0.98877 1.2214 -0.4819 -1.0172 1.4251 1.3733 -1.692 0.64073 -1.0867 -0.47151 -0.96111 -2.2725 -0.22359 -1.0961 -0.25349 0.55485 -2.0296 0.46329 -0.23202 -0.73468 0.24194 0.96647 -1.4946 0.62091 -0.014821 -0.73194 0.23234 2.0897 0.09945 0.7081 0.82078 2.1048 1.4458 -0.74296 1.7858 0.19699 -0.54346 4.1309 -0.50609 0.055028 0.28936 1.1922 -1.5468 -2.2826 0.89219 -2.4224 -2.2882 -1.2827 -0.40327 -2.5764 0.77415 -1.2091 0.75566 -0.018494 4.6702 -1.9676 2.1485 1.0946 -1.8165 
hay -1.7738 -0.088551 4.9291 1.2621 1.2482 2.1153 -0.69955 -0.029229 -0.28262 -1.2306 -3.2167 -0.11492 0.16454 5.9808 5.304 1.1703 0.59409 3.0862 -3.0192 -3.6574 0.55959 -0.17536 -3.4066 -4.6395 0.43166 3.5966 0.48949 2.9161 2.8116 -1.3547 1.9021 -0.53689 -3.0135 -0.49133 -3.5903 2.5551 1.6893 -5.6861 -3.8106 3.915 -2.2742 0.70101 -4.5487 -1.2468 2.5609 -0.83918 -0.007973 -1.1656 -2.0202 2.3075 -2.1614 1.2913 -0.9296 -4.7229 -1.6056 -0.0079541 0.1938 -1.9436 -3.2659 0.62268 -0.44483 2.7909 0.47933 0.50431 2.4388 0.96323 -7.6543 0.42337 -2.0949 -4.0136 3.0911 -2.4275 0.32567 1.1978 -1.7152 -1.6537 1.5851 -3.1444 -0.16591 1.9799 -6.896 1.3686 -2.3152 -0.30163 2.5283 -3.547 -0.2865 -2.6123 0.82734 0.20944 -3.5837 -1.862 -2.1754 -0.37528 3.6151 1.0626 -1.0363 -0.32921 1.1446 0.69724 
citrus 0.46509 0.69938 -0.68155 3.2315 2.9372 -0.32265 1.7306 -0.59422 -0.020453 -0.35402 2.2331 -1.1694 0.34425 2.7494 0.21358 0.77707 -0.45759 -1.3275 -1.1972 -0.65823 -0.64426 -0.14938 0.20007 1.544 0.10064 -1.14 -0.32104 -1.3276 0.99717 1.2395 1.3879 -0.058182 -0.3006 -0.9773 0.32221 -3.513 1.1205 -2.9703 0.35877 1.4062 0.92491 -0.30965 0.056342 1.9466 0.83773 -0.17043 1.2698 0.1453 0.032382 0.93144 -0.69941 -1.1089 -2.9759 0.27983 0.42872 -1.7316 0.52128 -0.82437 0.65562 1.8543 -1.3765 -0.16044 -0.088623 -1.6784 0.38666 -1.197 1.9645 0.32743 3.7598 0.44554 -1.4074 -1.7995 -0.56503 -1.2469 -0.93034 1.8319 -0.95751 -0.21707 1.6831 -0.90494 3.359 0.020796 -2.1749 1.051 -0.59041 0.89812 -0.018565 -0.57083 -0.73006 -0.022732 -0.93036 2.2205 -1.6561 1.0683 -2.4289 1.6205 1.2685 0.58191 -0.21714 0.34673 
ammonia 0.84617 1.4992 0.41576 3.5127 0.92752 0.73094 -0.28148 0.034899 -0.29076 -0.073164 -0.2668 -0.87465 -0.36042 1.7372 0.7219 0.31914 -1.0691 0.69595 1.2789 0.30512 0.95529 0.35389 0.72004 -1.0742 -0.014646 1.1452 0.17963 -0.7083 -0.32107 -1.317 -1.7587 2.0349 -2.4702 -1.4381 -1.4755 0.039681 1.2702 0.52103 1.3136 0.17302 1.2126 -0.72881 0.67956 0.050353 0.19215 -1.7965 0.67155 -2.4576 -0.38285 -1.1536 -0.19988 -0.81887 0.24519 0.78949 1.6904 1.163 0.51009 -0.90727 0.034596 -0.031597 -0.2476 2.0966 -2.0759 -0.58601 -1.825 0.89722 0.91981 -0.44995 -1.7407 -0.1873 2.1032 0.15135 -0.43449 -0.023906 -0.54104 0.59454 0.34972 0.11634 1.1624 0.53507 0.83915 -1.0475 0.21294 -1.6254 0.33151 0.79956 -0.06433 0.8101 1.0787 -0.5957 -0.19306 1.043 -1.1934 0.8181 -0.16072 0.22701 1.1524 0.38403 -0.99404 1.8105 
cedar -1.6747 0.046071 1.4562 3.4558 0.48533 2.5236 1.7515 -1.1171 0.12795 -2.7304 -0.84658 -0.42201 -2.2893 0.59164 1.9478 1.5136 -1.3072 -1.1875 -0.047871 1.6341 -0.16189 2.4972 -0.37594 0.65698 -1.0579 -0.3187 -0.88802 1.1665 -0.85308 -0.58762 -1.53 -1.9004 0.087457 -3.4532 -0.36717 -0.12072 -0.055122 -1.9962 2.0762 1.3528 -1.7994 -0.69288 -1.5777 -0.48949 -2.4866 0.91748 0.13524 -1.6098 -1.0502 -1.772 0.67356 0.073355 0.37625 -3.0286 -1.3571 1.3235 -2.2016 -1.5131 -0.13016 1.8376 -2.7157 0.4684 -0.0097396 -0.88874 1.533 -1.322 0.45496 -1.5137 1.9782 0.0099579 1.4046 -1.415 0.14697 -0.95361 0.035262 1.6254 -1.6473 0.32788 0.53685 -2.6585 0.62098 1.5752 -3.1026 -1.4814 -0.68559 -0.84454 -0.20899 -0.0076903 -0.2127 -0.30931 -2.4117 0.11026 -2.3671 -0.22966 1.0871 -1.2545 -1.1727 2.6179 0.97571 -1.8783 
weed 1.3343 1.024 0.32062 1.0255 -0.79937 0.36213 0.15493 -0.57968 -0.802 -0.56099 0.70962 -2.717 -0.76273 0.45256 2.9297 0.32682 -1.033 -0.52703 -2.9999 0.93698 -0.31352 -2.394 -0.10236 0.97878 -1.2103 0.10328 -0.87117 -2.581 -2.242 -2.0119 -0.131 0.010774 0.48743 -2.9113 0.2165 0.76729 -0.20902 -2.6143 -0.40977 2.6448 0.88407 -2.3109 1.8002 1.3623 -0.57372 1.9517 -0.39936 -0.83403 1.708 0.17585 0.46562 0.088522 -1.2588 -0.19119 -1.4242 -0.27448 0.2552 0.71152 2.6325 0.66115 -0.66941 -0.26341 -0.16975 -0.0026728 1.6822 1.1007 0.16715 0.015679 -0.7394 -0.24714 2.4268 -0.59574 2.1474 0.80219 -0.14318 1.789 2.1061 -1.7564 -0.24342 0.52536 -3.9929 0.4726 0.59951 -2.3988 2.145 -0.29411 -1.6764 -2.1184 -1.2235 1.0071 0.8468 -1.8423 2.6214 -2.2134 0.82407 1.0333 0.97801 1.5224 1.378 -1.1456 
rubber -1.1001 -0.62961 -0.53828 2.81 -2.6537 -0.22816 -2.0289 -0.11188 0.042784 -1.0539 1.2507 0.3127 -1.5861 1.0102 0.79315 -0.45798 0.12306 -0.91575 -0.2077 0.49008 -1.6634 0.8491 2.5052 -2.0207 1.2509 0.082356 0.86888 -0.52846 2.0845 0.55998 1.4273 -0.5196 -1.5785 0.72591 -0.69316 2.3196 -0.39669 1.0461 1.4248 -0.06505 0.67102 -3.2742 -1.1385 0.87231 1.7302 -1.3389 -0.53128 -0.68994 0.63549 -1.6226 1.3019 -1.0564 -0.60952 -0.46283 -1.5361 -0.94742 0.7074 -0.99743 0.65487 -0.031535 -0.098251 -0.42398 -1.8473 -1.3525 1.7483 -0.46104 -0.14979 -1.8867 2.4015 -2.1612 0.43837 -1.0286 0.82309 -0.049951 -0.42405 1.0607 0.88472 -0.84225 -1.4041 0.042245 -1.0189 -1.7912 0.75989 -0.9889 1.1239 0.42166 -1.5253 0.9922 -1.3021 -0.86677 -1.1283 0.23125 0.54035 -0.3966 -1.3536 0.75402 -0.18765 -0.15386 -1.1322 0.37675 
vegetable -0.11052 0.4061 -0.93103 0.92241 -0.054519 -0.27113 -0.23729 -0.24128 -0.22061 -0.22371 -1.034 0.2391 -0.16099 2.7273 0.41784 -1.1264 0.37807 -0.64188 -0.30415 -2.3093 -0.99821 0.21639 0.43195 0.18743 -0.69386 0.17853 -0.19859 -0.76134 0.12916 -1.6987 -2.3089 0.65804 0.27842 0.75009 -0.26401 0.74567 0.20429 -1.1672 -0.33888 1.3761 -0.55914 1.7131 -0.70914 -1.1573 -0.57815 1.5157 0.29077 -1.3306 0.36482 -0.28235 -0.54445 0.74274 -0.15274 -0.56716 -0.15417 1.0303 -0.67203 -2.0599 0.95242 1.7451 -0.19251 2.1941 -0.085152 -0.88181 -0.15397 0.086213 -0.88673 -0.97868 -0.10176 -0.25925 0.99122 -0.41943 2.4299 -1.1898 0.10122 0.61967 0.82679 -0.53434 0.57077 -1.819 0.10057 0.64356 -0.63733 -1.8598 -0.99063 0.093012 0.98374 0.97693 -2.3803 0.576 -0.28129 -0.62314 -0.060584 -0.6919 -0.65926 0.23796 -0.28661 -2.8358 0.9199 1.7448 
vinegar 0.694 -0.045303 1.5859 3.9464 1.11 0.075701 -1.9804 -0.7371 1.0049 -1.7255 0.76879 0.80395 -0.62299 0.38322 2.4126 0.36497 -0.52022 -0.39007 0.8078 -1.1774 0.42285 -0.044535 1.1592 -0.61888 -0.051705 -1.2776 -0.35147 -2.1088 -0.47327 -1.1067 -0.92309 -0.52785 -0.28158 0.66277 0.86767 0.55838 1.0291 -1.6163 0.46481 2.4005 -0.38776 1.3465 0.29833 0.92085 -1.0019 -1.3944 2.2871 1.0842 -0.46619 -0.99975 0.55177 0.024464 -0.19647 0.45845 0.21099 1.0548 1.5627 0.35848 0.96195 0.21063 -1.1568 1.7406 0.57298 -1.4715 0.25314 -0.47904 -0.69148 -0.63633 0.27323 0.85004 0.45244 0.34972 0.40469 -0.13554 -0.77567 -0.032774 0.81227 0.52285 1.7173 -1.1015 0.40559 -1.5106 0.17943 -0.20609 -0.90517 -1.6719 0.53382 0.83571 -1.38 -1.6853 1.025 0.18326 -0.14822 1.2359 -0.55723 2.0251 -0.14971 0.70302 -0.41574 -1.0651 
popcorn -1.8644 2.3916 -1.3341 1.7529 -0.99722 1.3937 -3.4965 0.60256 0.85519 -1.1743 0.6598 -0.24492 3.4779 3.501 -0.64269 1.5101 0.88148 0.82927 0.84408 -2.1707 -0.52865 -1.1179 1.4629 1.356 1.0061 0.15723 -0.43926 0.55427 1.056 -1.758 0.18227 0.2579 2.5257 2.7075 -1.5042 1.2637 -0.59977 -0.20614 0.17353 -1.8022 1.0774 1.6691 -0.26151 0.91526 1.2373 0.59177 1.78 0.96662 1.5939 -0.98318 -0.38108 0.49607 1.2462 -0.86231 -1.0141 0.12477 0.71916 0.069756 -0.74104 1.209 -0.94874 0.15071 -1.1789 -0.93364 -0.98605 -0.24364 -0.57252 -1.0068 0.0027672 -1.5972 2.3309 -0.24357 -0.16193 0.42562 0.88432 0.75661 -0.44791 -0.33555 -1.4081 0.13539 0.79667 0.076922 -0.47716 0.21123 -0.04792 -1.4578 -0.07766 -1.6682 0.71609 -0.4021 -1.8228 0.32635 -0.50778 -0.28692 -0.53719 1.4138 -1.283 -1.6545 -0.84388 -0.37441 
potato -3.0203 -1.1052 0.061689 2.2676 0.56694 0.50393 -2.3184 -0.73517 0.98459 -0.8714 -0.5546 0.41491 -0.7162 -0.35133 -2.7976 -1.6843 2.2214 0.38062 -1.0006 -1.1636 -1.1613 -0.377 -1.178 0.10323 0.29396 0.43334 -0.9674 0.36945 -0.96197 0.019933 -1.3339 0.38186 -1.2411 1.6808 -0.65937 0.22195 1.7337 -1.6872 0.39363 -0.2078 1.5639 0.95358 0.95226 0.0048931 -0.2649 1.4269 0.70194 -0.72732 0.43439 0.55694 0.88636 1.035 -0.65557 -1.4364 -0.29369 0.20575 0.56152 -0.40327 1.8423 1.0075 -1.3813 0.84515 0.66957 -0.35219 0.76652 -0.68083 -0.52924 -3.4244 0.49151 -1.7027 2.9632 0.18878 2.1021 -2.7653 2.4133 -0.16874 -0.77063 1.4278 0.92908 -2.8259 -0.34825 -0.038479 -1.5515 -1.265 0.49279 1.0251 1.9744 0.90779 0.055856 -1.2288 -0.29966 -1.6101 1.7725 -0.028213 -0.34332 0.32116 -0.77471 -0.26289 -0.80549 -1.6224 
strawberry -1.1988 -0.11434 0.51019 1.4522 -0.23758 -0.21362 -0.54704 -1.2585 -0.55522 -1.4225 1.2013 0.021172 -0.081853 0.38056 1.3043 0.55896 -0.37761 1.4411 -1.6321 -0.59461 -0.033922 -0.95632 -1.0595 0.30483 0.26299 0.58592 0.57033 0.30663 -0.0063037 -0.54008 0.41459 -0.30693 -0.2397 0.25417 -0.56313 -1.9624 1.2917 -1.6423 -1.1993 0.1355 -0.62526 -1.1762 -0.69393 0.088155 1.4696 0.95852 0.6169 0.18222 0.75553 -1.4418 0.7409 -1.2454 -0.61803 0.03671 0.27297 -1.5325 -1.1239 -2.2278 0.29202 0.30632 -0.84064 -0.51631 -0.76464 0.16662 0.50839 -0.54605 0.25152 -0.19646 1.1467 -1.1274 0.14082 -1.1833 0.17977 0.69505 -0.23358 1.6679 0.90741 -0.72679 0.17498 -0.35733 0.097181 1.288 -1.2292 -0.28614 0.27242 0.35151 -1.7584 0.20178 -0.84557 0.073789 -0.38559 0.22673 -0.82292 -0.45793 -1.7468 2.4993 -1.5257 0.27093 -0.75507 -0.010839 
peppermint -2.0592 1.8702 -0.86948 2.3937 1.1196 0.038545 0.050377 -0.1894 -0.41531 -0.22219 -0.088022 -1.293 -0.7208 0.47172 -0.45658 0.15579 -0.070278 0.52729 -1.1929 0.41379 -0.50167 2.264 1.5727 -0.19031 -1.4262 -0.28173 -0.0050909 0.68285 -0.022884 0.69236 0.1982 -1.3906 -0.80243 -1.0002 -0.95062 -0.84045 0.66782 0.38817 0.75571 0.31758 -0.38287 0.19392 -0.66071 -0.98939 -0.78107 1.0509 0.97562 -1.7097 0.34323 0.032368 0.082869 0.49302 -1.3298 -0.062689 0.58541 0.86309 1.3555 -2.3704 -0.33338 -1.4685 -1.2639 -0.2464 0.72891 -1.1458 -0.326 0.30522 0.47287 -0.16909 1.3129 0.28323 1.1962 -0.97038 1.3555 0.37275 -0.36192 1.479 -0.044291 0.46392 1.3346 0.36522 -0.67528 -0.11712 0.49507 -1.1474 -1.1928 0.24458 0.99078 -0.46978 -0.98679 0.72422 -1.4683 0.82707 0.10528 0.6695 0.62282 2.9172 0.34404 1.7469 -0.079519 -0.10984 
mouse -0.053763 -1.2334 0.71983 2.179 -0.37313 -2.3046 -0.69277 1.3685 0.26294 -2.3769 3.2212 0.15059 -1.2069 0.20738 0.10819 -1.59 1.8933 0.68001 0.22092 -0.20908 -0.69972 0.5625 -1.7986 -1.791 -0.71888 0.16065 -0.11825 0.3294 2.0667 -1.1589 1.4025 0.76451 -0.85532 -2.0786 -2.0583 1.4886 2.0664 2.0441 -0.35363 -2.68 0.70908 0.73247 -2.124 -1.2925 -1.6963 -0.56323 -1.1542 -0.70772 -0.65293 0.55861 0.14566 -0.34068 1.9713 -0.56344 -0.87141 -0.84547 -0.95215 0.20105 0.499 0.90504 -0.7319 1.8404 0.25129 0.6179 -1.1345 0.21568 -0.01772 -1.1497 -1.0091 -1.3366 2.2824 1.5646 2.2737 1.1296 -1.2169 -1.2972 0.79517 0.4608 1.3645 0.0069018 -1.1572 0.58417 -1.0969 -1.504 1.6426 2.9906 -1.2982 0.13274 3.1986 -2.4314 -1.3688 -0.21567 -0.81913 -0.42932 0.71754 0.66942 -2.207 1.3545 -1.3612 -0.58356 
disinfectant -0.86175 0.32196 -1.5948 3.3403 0.40579 -0.15388 0.042773 -0.8192 -1.6232 1.3021 0.72866 -1.9436 0.55956 0.41537 0.96707 -0.84725 0.78424 0.092799 1.378 0.86977 -1.464 0.35559 0.090933 -0.57986 -0.064934 0.37312 0.32833 -0.09805 -0.89384 -0.25023 1.1752 0.14603 -1.1696 -1.2978 -0.42818 0.52873 1.3009 1.0623 0.1629 -1.1146 1.6811 0.61133 0.3886 -0.24654 -0.08608 -0.51962 0.31743 -0.80435 0.22703 -0.42642 -0.6665 -1.9601 -0.82859 1.8552 0.23001 -0.044669 -0.75778 -0.39732 -0.49592 1.3774 -1.4106 1.9323 -1.103 -0.73422 -0.35264 -0.83505 0.31106 0.72892 -1.256 0.0097766 0.91285 0.25057 0.29805 -1.4075 -1.3193 0.81987 -0.40047 0.32828 0.039592 0.024371 -0.35336 0.21903 -1.5743 -0.33754 0.34086 0.14632 0.17467 0.56639 -0.0040683 -2.0095 -0.24728 -0.40052 -1.0735 1.2821 0.097024 0.64147 1.4736 -0.8791 -0.27553 0.52383 
peach -0.35062 1.7924 -0.21171 1.8544 2.1683 -0.67271 -0.074831 -1.3241 -0.40919 -0.56742 0.032756 0.81897 0.85157 2.2375 1.0104 -0.41897 -0.275 1.2489 -1.629 -0.96222 -0.84523 0.45147 -0.15222 1.4173 -0.69222 2.4122 -1.2476 -0.80535 -0.66194 0.34664 -0.38175 1.4083 2.1817 1.4087 -0.78942 -4.6305 2.7158 -1.3648 -0.82926 -0.38607 0.85331 1.1202 0.03972 2.7848 -0.46785 1.4853 0.82723 -0.38295 -1.386 1.4685 0.77302 1.0965 -1.5883 0.82036 0.77048 -0.068408 -0.63989 -1.9988 0.45652 2.7016 -0.72227 0.66546 -0.79903 -4.3727 0.45982 -0.8174 -2.254 -0.8394 2.6539 -1.4902 -0.21258 -0.32456 1.0415 -0.17616 2.4334 0.49422 0.57482 -0.74578 -0.035635 -1.6723 0.87675 0.31539 0.2098 -1.111 -0.92023 1.3022 1.7853 -0.81675 -0.17423 1.5004 0.67151 1.9819 -0.22738 0.22615 0.21958 1.637 -1.7576 -0.029428 -1.0697 -0.10024 
cherry -2.2975 1.4545 0.99995 2.0798 0.73859 1.0709 1.6858 -1.0278 -2.6039 -2.3517 -1.1201 0.26812 -0.15251 -0.0098783 0.67373 0.50115 0.64817 0.33641 -2.6143 -0.7616 -0.24419 0.13864 -1.9173 3.1871 0.34801 -0.48958 -0.26993 -0.99916 -0.21241 0.6213 1.224 1.8421 -0.088853 1.1453 -1.2189 -1.8166 1.3483 -2.6913 -0.19078 0.19051 -0.6764 -0.48725 -0.78321 1.0311 0.64232 2.3112 0.79944 -1.5526 -0.53347 -1.354 -0.70281 0.9818 -1.2729 -0.13026 2.0606 -1.9148 2.1157 -2.0812 2.2312 -0.20834 -1.1295 -0.62814 -2.1776 0.58009 0.00092907 -0.43108 -1.3246 -1.2784 3.0727 -2.5362 -0.1668 1.348 -0.99764 1.0213 -0.43371 1.2605 -0.77324 -1.1489 0.53691 -2.5327 1.1602 -0.15856 -0.93854 0.77784 -1.5123 0.91916 -1.7697 0.27772 -1.3145 1.9285 0.17131 0.3178 -3.4295 -0.23585 -1.8941 1.7311 -0.60095 -1.3267 0.30608 0.1716 
bark -0.82317 1.5492 1.8217 1.6419 -1.2227 -0.47436 -1.387 0.69435 -0.15714 -0.0038297 -1.1879 -1.6314 -0.86608 0.80996 -1.7235 -0.28334 -0.81925 -3.7882 -2.8477 -0.039969 -0.1833 2.4509 -4.1179 0.8107 3.9083 0.76196 -1.9602 -3.3262 3.7255 -3.5728 2.022 -0.35445 1.1611 1.0665 0.51835 1.4622 1.1992 -0.60799 0.067305 0.23037 -2.2399 0.031966 -0.879 1.3284 0.44515 -0.89955 0.094951 0.67683 -1.2341 1.5463 1.2155 -0.28287 -0.18103 1.3598 -3.3182 -1.8541 1.6043 -1.9157 1.5196 1.4082 -0.74483 -1.8451 -2.4664 -0.46219 -0.26438 -0.80741 -2.0477 -1.0143 2.7005 -1.5589 -1.1183 -1.9061 -0.61212 0.18798 -0.69589 -1.5873 -1.4373 -2.075 0.13978 -2.7001 -2.8189 2.7765 -3.3058 1.8955 1.9795 0.42425 -2.7793 1.3711 0.16057 -2.2901 0.26687 -1.3121 -0.10364 0.061096 0.4003 1.5051 -1.3057 1.767 -0.084031 -1.9886 
clove -0.75363 -0.3469 -2.0171 3.8581 1.4838 0.68252 -0.52822 -1.8748 1.6962 -3.0423 -2.7463 0.4931 0.24219 0.94335 1.5942 -0.54011 1.4893 -1.9433 -1.3162 0.57512 -1.148 -0.23168 -0.11121 -2.482 0.26481 -1.6601 -1.0744 -0.84636 -0.1738 -1.8493 -0.19671 -2.592 0.38918 0.69632 -1.2036 -0.675 0.25531 -1.6312 -0.36852 0.09136 -0.24183 0.59922 -0.2339 -0.35137 0.083342 1.5105 1.3541 0.10168 0.3659 -0.62873 -0.56806 0.78072 1.4771 -1.3294 -0.76905 0.91385 0.69535 -2.1092 -0.58104 0.29026 -0.90861 1.6307 0.42376 -0.3945 0.76478 1.2559 -0.79814 -1.001 3.1722 -0.36732 0.97706 -2.1664 1.9052 -1.4519 0.80127 3.8595 -0.94633 1.1153 1.1225 -1.5364 1.7083 1.6641 1.9327 -2.8062 -1.5958 1.0935 0.4901 -0.69864 1.001 -0.034387 -1.6035 -0.41601 -1.3331 1.408 -1.0802 1.8963 -0.9351 2.0454 1.5917 0.014435 
bakery -0.23729 0.65008 0.63784 1.7733 1.651 0.43566 -0.33152 -0.79962 -0.10716 0.040158 2.0687 2.5905 1.3423 1.9907 1.48 -0.90458 0.39241 -0.09289 -0.75411 -1.9752 1.3445 0.13466 -0.36995 2.4331 -1.7268 1.1388 1.5058 0.97113 2.0162 -0.13571 1.8346 -0.67342 0.78197 3.7013 -0.99986 -0.92308 3.9551 -0.83352 1.274 -0.097276 2.3306 0.84791 -1.4689 1.29 1.572 -1.4603 1.8978 -0.53249 -0.014158 1.1284 -2.5704 3.7398 -0.49031 1.7607 -0.30945 -1.1721 -3.9066 2.6483 0.34216 1.1011 -0.98229 -0.10328 -1.6146 0.059821 1.5107 -0.41866 1.1472 0.64104 0.18526 -1.0047 0.14519 0.082226 -1.0255 0.24332 1.1038 -0.20467 1.1188 0.902 -0.96686 -4.0081 1.1452 2.8752 -0.68172 1.4249 0.46299 -1.4219 0.81066 -1.6179 1.7667 0.30406 0.33754 0.68802 0.65183 1.4469 1.1995 1.8905 -0.93894 -0.65722 -1.7401 0.13538 
detergent -0.71148 -0.82924 -0.044286 2.2061 -0.012293 -0.58133 -2.4748 -1.2488 0.13319 -0.84558 0.63701 -0.67452 -1.1298 0.26657 2.3253 -1.0638 -0.82124 -0.072284 0.5037 1.0244 -0.21133 1.1149 1.5032 -1.7214 -0.86369 2.6973 2.479 -1.9881 0.38478 -0.13889 -0.62931 -0.48839 -0.74733 -0.51873 0.0054996 0.56288 0.056472 -0.57426 0.90704 -1.2093 0.1414 1.2142 -0.68483 -0.45328 -1.1625 -3.2525 2.6466 -0.78897 0.61304 -1.9991 -0.3229 -0.92271 -1.1315 -0.38956 0.32277 -0.43281 0.18664 -0.37894 -0.37374 0.80229 -2.2519 1.4604 -0.69317 -2.3191 0.23704 -1.4438 0.44427 1.7558 0.44128 1.121 -0.030561 -0.47622 0.34799 -1.0495 -0.62809 -0.51863 -0.013771 0.70735 0.89126 0.75898 0.31466 -1.028 -0.60163 -1.2556 -0.26972 0.53852 0.79626 -0.58436 -0.3092 -0.58306 -0.1917 3.172 -2.031 1.0971 -0.58596 1.5092 -0.013926 -0.14479 0.76814 -0.0036478 
mothball -0.71518 -0.82791 -0.85163 1.1217 -1.0527 0.96657 0.25528 1.1031 -0.96595 -1.7041 1.5759 0.91119 -0.8462 1.7867 0.63631 0.26893 -0.22461 1.1519 -0.96086 -0.57068 -0.98996 -0.92588 0.61669 -2.7091 -0.71462 -0.96859 -1.1852 -0.52404 0.45069 -0.0059507 0.96072 -1.2355 -0.80912 -1.2134 0.22919 0.65444 0.34466 1.2617 0.061664 -0.2576 0.38761 1.9307 -0.84979 -1.012 1.363 0.74284 -0.17175 -1.0682 0.25727 -1.7427 -1.6537 1.0235 1.3565 0.54766 0.21415 0.18055 -0.16966 0.024674 0.52672 -1.1869 -1.8202 1.8872 -0.085473 -0.8971 -0.0045342 -1.0092 -0.41657 -0.8481 0.22556 -1.7722 1.3994 -0.030683 0.53175 0.2582 -1.0761 0.33533 0.073642 0.99009 1.6257 0.86557 -0.38865 0.02174 0.1513 -1.5522 -0.28743 -0.92859 -0.22858 -0.23458 1.6303 -0.51004 -1.5444 0.0044287 -0.33475 -2.0446 -1.0285 1.7434 -1.4101 1.0152 2.1516 0.53592 
oak -1.1893 -0.19006 -0.22591 0.73027 -1.279 4.8755 2.8445 -1.3301 -3.0016 -0.59541 -5.9716 -0.026444 1.1305 3.8202 -3.123 2.1859 0.79159 -0.74649 -2.0998 0.39479 -0.96096 1.7815 -2.4174 4.9046 -0.5939 1.3144 -1.7873 -0.44073 2.5211 -0.1923 2.5952 -1.2782 2.4404 -3.7438 -1.9036 -0.94007 1.8971 -4.0337 -0.43379 -0.16417 -1.1579 -1.3 -0.34579 -0.66025 -0.14756 -0.37323 0.16262 0.76064 0.96882 -2.1684 0.1567 -0.66476 -1.6119 -3.2295 -4.1151 0.82364 -1.5631 -5.9856 0.34312 0.65157 -2.3116 0.51934 -0.39638 1.1009 4.1443 -0.012326 -0.75997 -1.6053 4.0364 0.7288 1.6089 -1.5908 0.71787 0.84556 -2.405 2.3691 -0.24849 -0.68646 -0.87982 -6.3588 -1.164 -0.15652 -4.3186 -1.4506 -0.48801 -1.1658 -0.5885 -3.1878 1.2819 0.93003 -0.32335 1.0861 -0.15985 -1.4676 -1.3659 0.75095 -3.7382 -0.25665 1.8437 -1.6231 
tar -4.5905 1.7926 -1.9567 3.9208 1.0489 2.3748 -1.9491 -1.6496 -4.3676 -2.0406 0.0017465 -2.3324 -0.65488 0.32755 2.5527 2.3897 2.8885 -1.3069 -0.97183 -0.10781 1.3302 1.4455 1.5771 2.5174 -1.2603 -0.87647 -1.3932 -0.33341 -0.35781 -1.0774 2.5935 -0.77551 0.14471 0.33369 -2.5158 -0.58739 1.1022 1.476 1.423 1.4322 -1.432 -2.7767 -0.20194 -0.8908 -2.5296 0.4674 0.3833 1.3391 -1.5835 -1.2601 2.3754 -1.7263 -1.5233 -2.6911 -0.38954 1.085 0.22862 -1.7232 3.6384 -1.2136 -3.2163 0.26534 -2.8893 -2.5224 -2.1942 0.90076 -0.90839 -2.5408 2.195 -5.925 -0.17344 1.9417 0.1066 6.0291 0.73069 3.1841 -1.4608 2.0529 -1.4349 -6.0769 -0.48688 -2.0525 1.7924 -0.55563 0.96603 -3.8176 0.44544 -0.59503 -1.2622 0.051539 -0.38554 -1.2631 -0.21575 3.2211 -1.8711 -1.4926 0.51711 0.62026 -3.2042 1.3578 
violet 0.94049 1.3856 -0.90351 0.29918 2.3611 1.6555 0.95435 -1.5386 1.0346 0.46627 -0.32578 -0.50979 -0.8549 2.0399 1.0786 -0.050233 -1.1898 1.4005 -0.23031 -0.19821 0.055992 -0.61275 0.77289 0.065214 0.08974 0.37519 -2.208 -0.89943 -1.6689 -0.6891 -0.61745 -0.92316 2.379 1.1014 0.4579 -2.5926 0.77299 -0.32398 -0.01658 0.70732 -2.3871 0.26224 -0.19696 -0.75972 0.026443 -0.21276 -0.42458 0.27506 -0.26233 -0.66674 0.19899 0.32841 -0.29921 0.86731 1.6042 1.5711 1.6067 -2.9754 0.64098 -0.26182 -0.87187 0.5243 0.12619 -2.2641 -0.80912 -0.72269 -1.1725 1.8904 1.4924 -1.2571 1.6132 -1.2078 -0.56829 1.3378 -0.91447 0.82827 -0.6402 1.0861 0.14234 -0.16317 -0.28522 0.33988 0.39583 1.9632 -0.86635 -2.2344 0.60046 1.4977 0.75919 0.45039 0.74332 0.97009 -1.6229 -0.56841 0.56141 0.92377 0.51821 2.3906 0.25656 1.5151 
coconut -1.4314 1.8177 -0.0053196 1.0353 0.48 1.9199 -0.75244 -0.74276 0.61366 -0.37636 -1.477 -1.2101 -0.69199 1.2616 -0.19134 1.3831 0.80047 -0.36163 -1.4481 -1.1976 -0.12694 2.4514 2.6677 0.63969 0.87962 0.11424 -0.74328 -0.77941 -0.44183 0.95552 0.40534 -0.28801 0.44016 -0.6413 -0.27672 -2.5064 0.42511 -0.70463 -0.026402 0.50788 -0.45979 1.6412 1.823 0.32412 0.87197 -0.19273 -0.49479 -0.26004 -0.66844 0.013932 -1.4455 -0.63396 1.2037 0.75792 1.4717 -1.4752 -1.8089 -0.94904 0.5177 -0.85504 1.0763 2.097 -0.16576 -1.9117 -1.0043 -0.91207 -0.96349 0.26633 1.2514 -1.1994 -0.2768 -1.985 1.2147 0.45944 2.3734 2.3243 -0.22357 0.62873 -2.3812 -0.27517 2.3954 0.11729 -1.371 -0.17926 -0.75359 -1.0122 0.30641 1.0578 -0.9942 -0.095011 -2.6083 0.61536 -1.0873 -0.71854 -0.82452 2.6207 -0.2048 -0.035725 -1.0178 -0.1347 
grape -0.19703 0.89515 -1.2875 2.2422 1.998 -0.64966 1.2902 -0.77347 0.69596 -1.6699 0.78358 0.46 -1.2836 2.5752 0.056918 1.3778 -1.3092 0.33014 -1.105 -0.52894 -0.26313 -0.8477 -1.5013 3.0049 -0.85237 -1.6006 -0.65212 -1.1523 0.16535 0.41786 0.56192 -1.3023 1.4966 2.4915 1.7411 -1.8701 2.4888 -0.97246 -1.9317 1.7032 1.2158 0.23841 0.82472 -2.2806 -0.45693 -0.015298 0.53881 1.2699 -0.030222 0.67569 0.51762 0.017378 -0.70753 -0.82956 -0.38419 0.56297 0.23142 -1.4083 1.3787 1.1 -0.39115 -0.51217 -0.66591 -1.8174 0.62854 -2.3952 -1.3355 -2.7293 3.7622 0.83562 -1.5863 1.2886 1.1001 -0.10799 -0.25785 1.9899 1.3283 -1.7818 2.1723 -3.062 0.76294 1.6791 0.97593 -2.4603 0.37126 1.3906 -1.8824 -2.422 -0.85957 0.42114 0.059342 0.60783 -2.1496 1.6699 -2.8443 1.4747 -0.85335 -0.23846 -2.0748 -1.6218 
berry -1.6548 1.8448 0.9235 1.1901 1.4117 -1.1579 1.5408 0.21892 -0.44192 0.06356 0.35308 1.435 -0.97347 0.45784 2.8519 0.07851 0.25715 0.58477 -3.8488 -0.057177 -0.15287 -0.9287 -2.2032 2.9392 0.86068 1.2788 -0.36087 -0.48943 1.5381 -1.0734 1.1513 0.37594 1.3323 2.1901 0.60277 -2.9711 1.8142 -2.726 -0.6343 0.18171 -0.87212 -0.9935 0.027438 0.22372 0.15835 3.4824 1.0305 0.2411 1.6609 -1.22 1.7717 0.74927 0.029203 -0.54896 0.47732 -1.1782 -0.86075 -3.7629 2.7743 1.4464 -1.6353 -0.31815 -2.2507 -1.0486 -0.083995 -0.3979 0.88132 0.31261 3.1145 -1.2251 0.37034 -1.5447 -0.60095 0.85075 -0.92091 2.827 -0.45364 -0.42933 2.2806 -1.6237 0.38868 1.2671 -0.91242 -0.54863 0.15738 1.0372 -1.9369 2.0215 -3.3141 0.54716 1.419 -0.49651 -3.1048 -0.64823 -2.5587 2.8103 -1.2992 0.036088 1.8761 -0.0074151 
glue -2.1069 -1.6815 0.91956 2.1367 -0.29147 0.97964 2.2665 -2.3016 0.89224 -2.6621 2.2666 -1.6935 -0.57373 1.37 0.91174 -1.727 -2.1031 0.45682 0.68763 -0.73365 2.0313 1.1881 -1.4176 0.65039 2.1261 0.30962 0.79668 0.057217 -1.615 -0.74339 0.82251 -0.63786 -1.0362 -0.89029 -1.0145 1.1491 -2.2261 0.74567 -0.54916 -2.5792 0.41875 -0.39874 -1.4098 0.74259 1.3429 -1.1903 -2.3856 -0.28258 3.7317 -2.7496 0.62535 -1.0091 -0.099782 -1.304 -1.8089 0.72787 -1.0119 -2.1867 -0.29273 -0.035713 -2.5168 2.9531 -2.3399 -0.15146 0.27566 -1.8607 0.87462 -2.5926 1.3992 -1.6225 -1.341 2.1873 -0.23875 1.0426 0.54448 -0.91356 -0.53502 -1.9438 1.0873 -0.012695 0.17428 -0.96368 -0.39381 0.97099 0.22896 -2.5864 -1.7492 0.055147 1.5434 -0.17755 -1.7705 -0.43863 -1.4917 -2.7766 -1.825 2.9878 1.7809 -0.31571 -2.1887 1.0477 
banana -0.18618 -1.1195 1.0274 1.8804 0.74457 -0.37683 0.50797 -1.3589 -1.2425 -1.1246 0.35348 -0.95298 0.8294 1.5363 1.155 -1.093 -0.19882 0.079088 -2.0457 -2.7551 1.5193 -0.69102 0.20485 1.5093 -0.99832 -1.0441 0.93966 -0.82914 0.40929 0.080187 0.83766 -0.84851 -2.2481 1.112 -1.0735 -0.85795 1.3378 -1.3742 0.67833 2.1506 2.3648 -0.89613 0.64384 2.1853 2.9916 -0.58609 1.9098 0.065296 0.60537 -1.3378 0.33521 0.036074 0.25708 1.5063 -1.6596 0.74305 -0.2335 -1.4401 1.449 -0.074077 -1.0642 -0.041366 -1.1603 0.63487 0.19297 -1.4747 -1.8939 -1.7244 1.5026 0.90949 0.27167 -1.5422 0.28877 0.71353 0.98598 1.2498 0.0082857 -0.9998 1.0827 -1.1718 2.3558 -0.1197 -1.184 -1.9473 0.018338 1.3431 -1.7325 0.25597 -2.0899 -1.3772 1.0438 -1.3417 -0.96255 -0.57575 0.28437 1.9211 0.22255 -0.31472 -0.21387 0.58871 
eucalyptus -0.7062 2.3475 -1.3836 1.0274 2.6958 1.0187 0.79406 -0.8245 -0.89236 -0.2037 0.82647 -1.359 -0.010101 1.9892 -0.44547 0.99177 1.2232 -0.18649 0.077559 -1.4071 -1.4414 0.97198 0.98952 -0.68325 -0.83694 0.74224 -1.1088 -1.7595 0.64194 0.78882 0.13762 -1.8054 -0.88641 -1.165 -0.14572 -1.3162 0.027497 -0.79706 0.2195 2.134 -0.9844 -0.059803 -0.054733 0.90979 -1.6264 0.52285 1.1843 0.22699 -0.28181 0.66619 0.9633 -0.63951 -0.52785 0.83323 -1.7713 -0.97207 0.18507 -1.6844 0.051613 -1.199 -0.72501 -1.2509 -0.82323 -1.6823 2.1881 -0.43801 -0.68988 -0.086475 0.96435 -1.6873 0.39452 -0.12885 -0.063798 -0.871 -1.2792 0.61272 -1.0417 -1.9553 0.16621 -0.8308 -0.61498 0.082016 -0.40832 0.42659 1.1256 -1.3118 -1.1917 0.01761 1.2811 0.63757 -0.52288 -0.49515 -1.7352 0.25095 -0.94662 1.4688 -0.1878 0.089728 -0.80671 -0.53018 
mushroom -1.1435 0.37975 -0.511 1.2325 1.0376 -1.815 -0.40882 1.5093 -0.3524 0.024017 -0.74222 -0.3867 0.12426 1.5643 -0.078604 0.97145 0.40167 0.22131 -0.85421 -0.41776 -0.2456 -0.49925 -1.3689 -0.15588 0.34321 0.13818 -0.25986 0.50078 -0.10845 -1.2339 0.020592 -0.90234 -0.40508 1.2533 0.68324 1.0702 1.1471 -1.4778 -1.3416 0.12426 -1.2997 0.71764 0.27255 -0.20415 -0.86432 1.2992 2.1119 -1.1132 -0.42929 0.22923 1.1885 1.1534 -1.2575 1.6916 0.8927 0.0089444 -0.81851 -2.049 0.72073 1.3491 -0.80551 -0.42448 -0.090945 -0.8937 1.5311 -0.46843 -1.5717 -1.8533 0.91875 0.21467 1.889 0.78887 1.0758 -1.6322 -0.031116 0.81547 -0.062578 0.95577 2.5856 -0.61973 -0.54874 0.59737 -1.0667 -1.2198 1.2306 1.4985 -1.3677 -0.80278 -0.94607 -0.3928 -0.014152 -0.042652 -0.67855 0.67911 0.66069 0.78367 -0.40444 -0.79398 -0.53329 1.3859 
rum -2.8463 4.1497 -2.2693 2.4944 0.89552 2.7678 -1.7409 -2.948 0.044293 -0.73474 -0.51383 0.087881 -2.5348 3.8001 -2.2015 -0.43492 -1.5544 -2.6351 -2.2402 3.3053 0.73047 -1.1405 1.2419 -0.17611 -0.16896 2.1298 1.2832 2.5549 -0.027729 0.61945 0.32255 -2.8255 0.16852 1.3605 -2.4415 -3.9972 -2.3008 -0.37136 2.1501 5.7795 -0.034543 -0.19262 3.0716 0.19023 0.91509 -1.8516 -1.3119 -0.17271 0.66002 -1.4506 -0.016878 -0.35607 -0.13734 -1.7088 -0.31696 -1.2307 2.9246 -2.9075 1.2324 -4.1454 -0.035164 0.36336 -2.7218 1.4019 2.8242 -1.4736 -1.9953 -3.4134 0.79101 1.4233 2.4243 2.3376 0.83058 0.20094 -2.4436 0.64952 3.6843 -1.6622 -0.24783 0.64807 2.0912 2.5517 -0.68021 0.36545 4.4145 -2.1291 -1.277 -0.19174 -0.8759 -4.206 -2.5766 -1.1772 -0.96838 -0.29107 -1.785 2.8847 1.077 1.745 -0.16587 2.1394 
almond 0.066815 2.912 -0.67591 3.8001 0.6663 2.2742 -0.26499 -1.2622 0.66106 -2.504 -1.2942 -0.59339 0.28813 1.2825 0.77215 -0.87545 0.21727 -1.5998 -0.32919 0.43654 -0.21034 2.0152 0.041126 1.7929 -0.43027 -0.79751 -0.71679 -2.0018 0.5705 0.090013 -2.1134 -0.34961 1.1057 0.62814 1.0625 -1.3041 3.4379 -0.33086 -1.7134 -0.52612 -0.38045 1.1536 -0.033556 -0.15575 0.40409 0.17278 0.93155 0.85097 -1.062 0.35063 -0.82473 -1.196 0.47381 -0.91901 -0.072823 -0.026781 -0.15764 -3.2165 0.19702 -1.0664 0.15219 0.82151 0.50496 -0.5834 -0.92217 0.13585 -0.23405 0.2662 0.020883 -0.60689 -0.60339 -0.3816 -0.45148 0.40964 0.96642 0.23079 -1.0149 0.40421 -0.27348 -1.0665 -0.88424 -0.03542 -0.42887 -0.51726 0.064395 1.4077 0.90721 -0.5397 -0.064159 1.7005 -0.85199 1.826 -0.29413 -0.64626 -1.052 -0.57477 -1.4531 0.33744 -1.0913 -1.7261 
pear -1.1681 2.8424 0.66085 1.759 2.0404 0.20631 0.41989 -1.9366 -0.3141 -0.11711 0.32552 1.3384 -0.057985 1.723 0.94138 0.48091 -0.072671 2.903 -1.6717 -0.36 -0.15901 2.0977 -0.17555 2.7242 0.84996 -0.46935 -2.0454 0.03988 0.24062 -0.39467 -1.6331 -0.32701 2.3155 1.2101 0.22526 -1.9712 2.64 -1.9662 -1.8277 1.4213 -1.5089 1.2641 -0.79536 3.1677 -1.6425 -0.40426 -0.56039 0.7589 -0.94993 1.0806 0.054253 -0.4096 -1.0047 1.0771 -0.022188 0.41302 -0.48822 -2.5832 1.5099 2.2465 -0.62175 -0.37472 1.041 -2.4985 0.8612 -1.6389 -0.47357 -2.0444 3.3969 -0.89735 0.67499 0.091569 0.1857 0.90365 0.80274 2.0359 0.97776 -0.3868 -0.072237 -2.2605 0.32148 0.97692 1.3926 -1.653 0.60518 0.018786 1.2055 -0.47529 0.012057 0.062235 3.1078 0.53433 -3.597 0.63535 -2.5776 0.49913 -2.9032 0.85377 -0.47828 -0.58324 
ham -2.2325 1.5026 1.8736 1.7796 -1.2024 1.5882 -3.4164 2.458 -0.26425 -1.0815 -0.80219 1.0979 -0.8986 1.0384 0.69274 -3.649 -1.3358 -1.4619 -0.91961 0.40239 0.88344 -1.7232 0.45555 -0.46927 1.8069 -0.015016 0.28322 1.0465 -2.6197 2.0829 0.88141 -1.8623 0.31334 2.4588 -0.44726 -0.42616 0.92516 -0.032252 2.1211 2.3656 3.3674 -0.30194 0.3111 1.0399 2.0402 2.1581 4.7977 4.0249 -3.4659 -0.66877 0.1319 2.7074 0.40793 -0.3954 2.2086 -1.2169 0.58031 0.56136 0.90671 -0.54579 -3.0447 -2.7128 -0.53823 -0.89589 2.6316 -0.1368 0.17233 -2.0742 1.0912 0.32398 3.9754 1.2957 2.1379 1.1847 3.2097 -2.1418 3.0439 1.466 1.1035 -1.1701 -1.0245 -0.93879 -0.18193 -0.82705 -1.4613 1.6184 3.619 0.074821 -0.86841 1.8153 1.1095 -1.8585 -0.48806 -1.5863 -1.7292 -0.59868 -0.94578 -0.7281 -1.9141 0.2128 
turpentine 0.38318 0.067619 0.24976 2.108 0.09358 0.41491 1.3721 -0.64414 -0.17619 -0.80696 0.15739 0.86048 0.043437 1.8078 1.0111 0.070011 0.17344 0.23877 -0.13029 -1.023 0.52142 0.49807 0.83266 -1.0077 -0.62755 1.1147 0.34263 -1.3821 0.037146 0.070518 -0.75038 0.18996 -1.0563 -1.4265 0.5608 1.3184 -0.17843 -0.23961 0.68343 -0.78632 -0.1096 0.27639 -0.47239 -0.55772 0.26836 0.061133 0.84372 -1.1106 -0.35826 -0.083423 -0.49529 -1.6775 -0.58189 -0.05228 -0.56635 0.68039 -1.1277 -0.40232 0.63256 0.44386 -1.0115 2.6944 -1.9338 -0.74162 0.74038 -0.89064 0.67789 -1.433 0.56238 -0.35953 -1.0746 0.42103 -0.53256 1.7472 -0.66916 -0.060956 0.11669 -0.46103 0.74701 0.024855 -0.3942 1.02 0.23643 1.6403 -0.2221 1.0436 -0.27915 1.0755 -1.322 0.056589 -0.6303 1.0447 -2.0315 -1.1845 0.79776 1.1289 0.21575 -1.4509 -0.67169 0.22274 
camphor -1.7427 1.3188 0.14532 2.6917 0.03445 2.0885 0.67731 0.15444 -1.8969 -0.091664 0.88241 -0.31549 -1.9569 0.6642 0.63837 0.93289 -0.28423 0.23499 -0.21414 1.0172 0.25146 -0.049915 0.24416 0.45515 -0.24983 -1.1015 -0.77077 -1.1374 0.23658 -0.61765 0.58993 -0.98703 1.0949 -2.4379 -0.067279 0.72571 0.033531 -0.15946 0.21634 -0.21349 -0.50155 -0.73016 -0.33331 1.4192 -0.92736 0.9379 2.0075 -1.6211 1.0037 -0.68458 -1.7058 1.1647 -0.61736 -0.55109 -0.3867 0.57357 0.6013 -1.4094 -0.47613 1.095 -1.1915 1.5677 -1.2722 -1.0949 -0.22912 0.89706 -0.2651 -0.97149 0.75263 -1.9114 3.2972 -0.513 0.22483 0.45053 0.28364 0.76631 -1.179 0.053773 -0.76347 0.33508 -1.0894 -1.5621 0.21053 1.0746 -0.052168 0.24803 -0.85176 -0.85283 -0.76962 0.49827 -1.4619 0.57707 -1.2361 -0.035616 -0.45098 0.93084 0.19803 0.48621 -0.35677 -0.22736 
pineapple -0.40947 1.162 -1.3551 2.4003 0.99023 2.6496 -0.05548 -0.38569 0.5678 -1.5469 0.30748 -1.0535 -0.53081 2.0895 1.1172 -0.0012211 -0.7995 -0.6308 -0.28454 -1.4139 0.4943 0.68304 -0.66452 1.0463 0.53776 -0.8545 -0.68475 0.10576 -0.01016 -0.10982 -0.79151 -1.6102 0.36636 -0.10833 0.084134 -2.3865 1.805 -1.3667 -1.0152 1.6723 0.12408 -0.073478 0.61716 0.73682 0.80913 0.60417 1.3193 -1.1044 1.0303 -0.56562 -0.33129 -1.3087 -0.93277 -0.40905 -0.26973 0.037468 -0.62036 -2.0205 -0.034948 1.0188 -0.78828 -0.10378 0.32455 -1.3361 -0.86428 -1.1388 -1.006 -0.606 0.49244 -1.6772 1.0722 -0.37887 1.9999 -2.1872 0.67733 1.7917 0.29124 -0.51804 0.2991 -1.6807 0.63036 0.78448 0.67939 -0.35561 1.233 0.60533 1.1456 0.67993 -1.0818 1.1127 -0.18851 0.35991 -0.90716 -0.22562 -1.2279 -0.30501 -1.1222 0.22234 -0.64391 0.31208 
kerosene -0.32764 -0.94598 0.56255 4.0055 -0.095364 -0.093514 0.28936 -0.59236 0.32531 0.22284 -0.98319 -1.3369 0.17361 0.92245 -1.0069 -0.42657 1.6277 0.11774 -1.2166 -0.5582 -1.0219 1.9914 0.17539 -1.1442 -0.12561 -0.51076 0.33891 0.90938 1.6354 -1.2469 0.89526 -0.79403 -0.55004 -1.3301 -0.3263 0.58914 0.35665 1.1895 0.45151 -0.13457 -1.8238 -0.16985 0.16443 -1.4019 0.53925 -0.83104 -0.31882 -0.6472 1.9576 -1.1657 -0.68749 0.0016432 1.4083 0.47309 -1.3756 -0.056911 -0.023843 -0.12309 1.7061 -0.94786 -0.89425 1.6196 -0.79659 0.58783 0.30741 0.2423 0.0072008 -1.2086 -1.3969 -0.64449 -0.24354 -0.081971 -1.162 -0.59239 0.96054 -1.2629 -0.47438 -0.18927 -0.91448 -1.069 -1.1676 -0.17083 0.87276 0.74773 0.1554 -1.7941 -0.065445 0.89229 0.77796 -0.00042531 -1.5586 0.42469 -0.028258 0.21179 -0.15592 1.2792 0.020236 -0.81508 0.085614 -0.76509 
rope 0.15943 0.10241 0.28213 -0.77503 -0.57889 0.23613 -0.28723 2.4131 -2.0903 -0.051878 -3.0339 -3.8109 0.47101 1.9455 -0.40203 -0.58192 -0.18444 -0.60434 -1.3704 0.41492 0.81681 0.81225 -0.65553 -2.4722 0.17895 -2.5514 -1.0858 -0.44036 -0.89859 -1.6566 0.76868 -1.4562 0.96172 -2.0306 -2.3503 3.0723 -0.083397 1.3335 0.60777 1.2804 0.33859 -0.80768 -0.12792 2.1663 0.39111 -1.582 0.75201 0.20591 -1.7757 -0.18251 2.0491 0.25318 -0.17949 0.74548 0.39821 -1.244 0.55496 0.22401 1.796 0.62436 -1.7857 0.32012 0.32432 -0.34768 0.98691 -0.56791 -1.8571 -0.67688 2.9584 -2.5937 1.4312 -1.9869 -1.0684 -1.0801 0.79702 -0.083653 -0.25192 -0.50549 -2.2104 -0.80111 -1.3771 -2.0448 1.8796 -1.4414 -0.60048 -0.39157 -0.64878 -2.7467 -0.38742 1.0872 -0.51488 0.30755 -0.35318 1.0927 0.42699 -0.4581 -1.3158 2.6091 -1.4395 -0.10906 
licorice -0.75871 2.5037 0.20568 2.8978 0.10456 0.61801 -0.84083 0.30472 0.77941 -0.13859 -1.4657 -0.28348 -1.3628 0.34102 -0.14538 0.29591 0.98741 1.1283 -1.8947 -1.5069 0.69864 0.34936 -0.15471 1.722 0.19297 -0.31499 -1.5668 0.73032 -0.73749 0.69756 -0.90815 0.33847 -0.24624 0.19608 0.22897 -1.388 -0.61605 -2.0204 0.38819 0.14692 2.0213 0.47162 -1.0246 0.34541 0.42688 0.9426 1.4862 -1.5984 0.82058 0.6253 0.49386 0.68127 -1.3714 -0.94015 0.29995 -0.066326 -0.50545 -0.78844 1.6003 0.10767 -1.0342 0.2472 -0.1206 -2.1819 0.04677 0.25789 -0.40668 0.331 0.69499 -1.5225 1.7737 0.081209 -1.4384 -0.31799 -1.0838 1.2873 -0.23938 0.098157 0.54449 -0.050941 0.46825 0.91405 -0.87531 0.15267 -0.14237 0.42004 0.077915 -0.61706 -1.8165 -0.9525 -1.3708 1.0787 -0.98459 -0.28784 -0.82449 1.657 -0.35647 -0.013997 -0.42426 0.17714 
grapefruit -0.10318 1.3101 -0.467 1.4646 0.80505 0.22496 0.75687 -1.1422 0.59734 -0.75533 0.46797 -0.19882 -0.46064 0.7819 0.32238 -0.33155 -0.18301 0.72746 -1.4226 0.33104 -1.3732 -0.3714 -0.69777 3.112 0.13955 -0.29641 0.3344 -0.98326 -1.002 1.5575 1.3094 -0.20651 0.11798 0.086812 -0.18165 -1.5802 1.1193 -2.3936 -0.48586 2.2404 -0.2839 -0.39695 0.63142 0.24485 0.59182 -0.18367 1.651 -1.3573 0.64927 1.0318 0.14191 -0.72704 -2.2382 -0.67812 0.64006 -0.43025 -0.65399 -1.6086 1.6773 0.69007 0.68209 -1.9032 -0.57617 -1.8451 -0.61643 -1.932 -0.15687 -1.612 2.4941 1.5298 -0.9112 -0.38512 0.64417 -0.8928 -0.17233 2.6365 0.023152 -1.3546 0.48282 -1.1205 0.77377 0.15461 -0.30777 -1.8194 -0.5577 -0.55045 -0.74102 -0.55567 -0.44549 0.51981 -1.076 1.4171 -2.2515 1.3685 -1.8428 2.0662 0.24011 0.72629 -2.1939 -0.98815 
caramel -0.90307 3.4028 -0.43836 2.7513 1.778 0.26442 -0.31473 -0.67626 -0.29706 -2.3611 0.27479 -0.32178 0.61963 0.97902 0.58649 -1.593 0.83027 0.42515 -0.34413 1.3337 0.52449 -0.44613 0.33853 1.1662 1.8475 -0.75743 -1.6191 1.3317 -0.25225 -0.84384 -0.77749 0.39814 -0.88927 1.8308 0.25794 -2.214 1.181 -1.9899 -1.1475 0.97624 1.2209 0.64467 1.5679 -0.34554 0.70098 0.67707 -1.7115 0.93952 -0.54592 0.51515 0.65286 1.5581 0.52802 0.091836 -0.9152 -0.42442 0.59078 -2.896 1.9344 2.1536 -0.72435 -0.72022 -1.1938 -0.15731 -1.726 0.44793 -0.72865 -0.57488 2.6925 -1.2801 1.3016 -1.097 -0.85131 -0.17087 1.1585 0.11785 1.4833 0.40574 0.2807 -1.8923 0.29535 -2.4674 -1.0727 1.9865 -1.6269 1.1617 0.88146 -2.5414 -0.57859 -1.2104 -1.2701 0.604 -1.0583 -0.77408 -1.4502 -0.40607 -0.15469 -1.119 -0.61461 -0.26822 
raspberry -0.033009 1.7695 0.48857 1.7468 0.9956 1.0146 0.24524 -1.9778 0.069597 0.43419 -0.26338 -0.48246 -1.3632 -0.02588 -0.24217 -0.58951 -0.32569 0.81008 -1.3483 -0.059384 -0.15491 -0.77038 -0.83905 2.6413 0.82665 0.018977 -0.89375 -0.7725 -1.0393 -0.21056 -0.051202 0.18741 0.93381 0.71675 -0.55017 -2.6441 1.3012 -0.77834 -1.4592 0.19166 0.94626 -0.65886 0.066689 -1.3581 1.0035 1.8355 -0.98872 0.061683 0.093323 -0.35795 0.057082 0.1934 -0.8735 -0.34131 0.46641 -0.51019 -0.62952 -2.7429 1.3706 1.9645 -1.6949 -1.3187 -1.2795 -0.82921 0.84635 -0.38502 0.4268 0.19261 2.2675 -0.63576 -0.37622 -0.86768 -0.10688 0.7387 -0.62388 1.0055 -0.36197 0.10438 1.5315 -1.9372 -0.42016 0.26725 -1.6994 0.36457 -0.64643 0.98766 0.066923 1.2039 -2.1452 -0.7518 0.37134 -0.87626 -3.2358 -1.4411 -2.0803 1.4878 -1.6836 0.83818 0.32402 -0.4141 
solvent -0.42643 -0.007766 -1.2772 2.0127 -1.1154 0.22188 0.58319 -2.9157 0.51393 -0.74662 -0.37723 0.17249 -1.093 0.047152 -0.90283 0.13359 1.7515 0.48247 -0.24296 0.12055 -1.6516 1.6826 1.3275 -1.3711 -0.98567 1.5156 1.7232 -1.5017 -0.26749 -0.044266 0.71855 2.102 -2.778 -0.51568 -0.69667 2.4361 -0.23381 -0.24767 1.3573 -1.5503 0.47107 -0.71213 0.37587 0.029979 -0.2643 -2.2633 0.18674 -0.99794 -0.042861 -0.93516 -0.15693 -1.1314 0.63621 -0.18482 -0.30624 0.75182 -0.57614 -1.1257 1.1946 0.5848 -3.1626 2.0523 -0.83965 -1.4485 0.96753 -1.5482 2.2896 -0.21214 -0.55125 0.81396 0.085249 0.69714 0.9753 0.5022 0.66323 0.60332 -2.143 1.4262 0.056713 -1.3646 1.4503 -1.0386 -0.039485 1.5712 0.63302 0.73001 0.61407 -0.64144 -0.87983 1.6989 0.56974 0.80719 -0.74711 1.6719 -0.61359 0.45607 0.87792 -0.35436 -0.69956 0.079261 
carrot -1.1186 2.0055 0.40475 1.7038 -0.55207 -0.14585 0.41861 0.35288 -0.11973 -2.3629 -0.74711 -0.10034 0.91492 0.79583 0.97649 -3.0655 2.6082 -0.37878 0.34327 -1.554 -0.60185 -0.23407 -0.52892 0.41678 2.1775 -1.3226 -0.46995 -0.071371 -2.4752 0.78973 -1.8573 0.87809 -0.92077 0.018849 -1.2422 -0.89178 1.2719 -1.1908 0.90829 1.2464 -0.069023 -0.01632 -1.1151 -0.41896 0.25344 0.37452 1.4426 0.16874 -0.94239 -1.3161 0.40529 0.022466 -0.36621 -0.34492 0.43242 -1.3575 0.87624 -1.4262 0.28026 2.191 0.056049 -0.26748 1.3137 -0.24575 -0.14271 1.0822 -1.4713 -1.2045 1.386 -2.3363 2.2564 0.08994 2.1058 -2.4389 -0.81933 0.4678 0.96173 0.55296 -0.56215 -2.8021 -0.58371 -0.60742 -0.044785 -2.1647 -0.11577 0.66483 -0.41643 1.2308 -0.40105 -2.1813 -0.55268 -0.50824 0.56078 -0.377 -0.86755 0.52548 -0.054018 1.5024 -0.26499 0.033081 
mustard -1.0675 -0.042072 -0.54431 2.9306 -0.99606 -0.88085 0.16677 0.43955 0.24963 -0.35971 -1.7874 0.46988 0.15904 1.0674 0.41218 -0.41478 -0.095894 0.30223 -1.0006 -1.5172 0.93348 -1.2461 0.037798 0.86218 0.37449 -0.20766 -0.4642 0.85327 -0.17825 0.16647 -1.4413 0.00056165 0.2625 -0.041339 0.87214 0.93889 0.33513 -2.6887 1.0682 1.9275 -0.64073 -0.24677 2.0751 0.1841 -0.58696 -0.1955 0.80037 -0.1608 0.032101 -0.67119 -0.50385 0.35498 -0.72654 1.7875 -0.35347 -0.36065 -0.35999 -2.2778 0.73485 -0.69324 -1.6143 -0.21344 0.079831 -0.6349 0.78919 1.0528 -0.91945 -0.65379 -0.10643 -0.99952 1.8505 0.47333 -0.060911 1.9436 -0.088837 0.41077 0.62054 -0.18554 1.4847 -1.7569 0.45848 0.10991 1.0493 -0.74533 0.98373 1.101 1.057 -0.25717 -1.2766 -1.5579 -0.87353 -1.0053 -1.1355 -0.25641 0.35649 -0.096561 -0.16254 0.2797 -0.31518 -0.6454 
anise -1.6469 0.60102 0.16438 2.6403 1.624 0.6897 -0.86147 0.054481 0.29358 -1.9085 0.22726 -0.30128 -0.23491 1.8197 0.29759 -2.0488 1.6928 0.11119 0.42117 0.16963 -0.12053 0.23881 -0.3749 1.8063 0.76159 -1.7287 -0.58261 -0.68804 -1.0619 -1.5363 -0.57113 -1.5745 -0.94894 -0.077549 -1.4068 -1.9307 1.4524 -0.56302 0.19923 2.0367 0.079583 -0.58607 -0.37568 0.99807 -1.1942 1.419 0.30445 -1.4615 -0.0053361 2.3826 1.7425 -1.0526 -0.26435 0.069482 -0.96117 1.1146 0.36155 -3.4196 1.2459 -0.25903 -2.2836 -0.72889 -0.50997 -0.4042 -2.2033 -0.66922 -1.5075 1.3039 0.22761 -1.1453 -0.028484 -1.666 -0.10797 -0.86098 -1.0004 0.9547 1.0535 1.1614 2.8008 -0.59775 -0.19639 0.20447 -1.491 1.2692 0.37335 1.2787 0.49837 0.54461 0.9585 -0.25174 0.44417 0.7937 -0.90533 -0.32093 -1.3032 1.9915 -0.29959 1.5777 -0.76171 2.082 
creosote 0.51403 -1.0877 0.26879 1.4502 1.4963 1.1145 -0.33175 -1.3571 -0.27737 -1.6289 -0.12877 -2.0727 -0.36691 1.2477 -0.73055 -0.72702 1.5653 -0.70859 -1.561 0.25948 -0.093958 2.1502 1.281 0.84555 -0.38209 0.56925 -0.40538 -1.2141 1.5563 -0.16829 0.82898 -0.47954 -0.20431 -1.8144 -0.43217 -0.17505 1.7431 -0.61745 0.27244 -0.30902 -1.1807 -0.44527 -0.65069 -0.38216 0.060607 -0.067986 -1.3858 -0.05426 0.08971 -0.9577 -0.018151 -0.68804 -2.3284 -1.3219 0.48708 -0.78983 1.022 0.19484 0.39291 -0.92115 -0.72608 0.06849 -2.2086 -1.4502 0.5961 1.2644 1.2271 0.03609 0.55756 -2.6604 1.6366 -1.3075 1.2197 0.85628 -2.0426 1.5847 -0.10957 0.45479 0.13092 -1.4205 -0.85178 0.55734 -0.8341 -0.029882 1.5194 -0.35992 -1.2762 -0.3775 -0.93572 -0.72882 0.2372 -0.9071 -0.48224 0.60025 -0.86916 -0.66356 -0.2304 1.4793 -0.8849 0.17278 
cucumber -0.79603 0.12926 -0.55358 2.4963 0.37383 0.67101 -0.26112 -1.1529 1.9622 1.128 -1.426 -0.39778 -0.41115 0.62988 0.23528 -1.1648 0.91821 -0.67782 -1.1186 -0.36874 -0.81234 -0.27148 -0.68976 0.039366 0.23839 -0.050343 0.58635 0.53018 0.77976 0.74183 -0.38021 0.44598 -1.6152 -0.0939 0.094048 -1.8327 -0.19495 -2.0831 0.25767 -1.2493 0.20398 -0.37798 0.17853 -0.037717 -0.73791 1.9225 -0.23361 -0.0073565 0.11186 -0.34626 -0.57629 0.45599 -0.13056 1.0829 1.0738 0.36679 0.15521 -0.73959 0.20235 1.5556 -0.67035 -1.1318 0.78164 -1.6131 0.043117 0.46018 -0.074037 0.36478 0.57289 -0.54031 1.3259 -0.057243 0.21451 -0.56978 -1.1933 1.0621 0.24529 -1.07 -0.96367 -2.2145 1.5565 -0.59219 0.44784 -1.203 -1.2732 0.71245 -0.36077 -0.0019582 -0.996 -0.61825 -2.1295 0.68315 -0.28282 1.9429 1.4985 1.9 -0.8537 0.95377 1.1912 0.10958 
syrup -0.75346 0.88138 -1.1338 2.4162 1.2342 2.7218 -0.53012 -1.4619 0.20179 -1.0642 0.9256 -1.9623 -0.939 0.62794 1.1365 0.14509 0.014709 1.2958 -1.0438 -2.4404 0.087499 -1.9128 -0.18121 1.4172 2.2249 -1.0346 -0.33122 -1.7464 -0.29448 -2.1238 0.20361 1.0849 0.98689 0.17359 0.72031 -0.68106 -0.81001 -0.63077 1.5738 3.2421 0.53221 0.95548 2.0565 -0.632 1.6616 1.6944 -0.40271 2.268 1.159 -2.6172 -0.13246 0.27983 -0.24882 -1.0664 -0.83225 0.662 0.54195 -1.9117 1.581 -0.33685 -2.1528 -1.1131 -1.655 -0.45026 0.17404 -1.6282 -0.33577 -0.41276 -0.18636 -0.40192 3.548 -0.082467 -1.9536 0.35772 1.2986 1.0527 1.7687 1.9856 -0.71858 -1.5603 -1.8918 0.48611 1.0886 0.069608 -0.70689 0.91051 1.6675 0.12415 -0.33188 0.49338 -0.66307 -1.4405 0.65976 -0.015442 -1.8919 -0.43443 1.5222 -0.69935 -1.5852 3.0245 
peanut -1.8991 2.0323 -1.0996 0.90373 0.0032128 -0.89568 -0.072532 -1.0461 -0.87341 -0.72964 0.62382 2.4794 -0.60893 2.6889 2.3402 0.01615 0.67093 0.84699 -1.5876 -0.81363 1.5197 -0.75196 1.5457 0.78814 -0.22741 -0.19634 2.1729 -0.81127 -0.36438 -0.49234 -0.44905 -1.1653 -0.25962 -0.41734 -0.003128 -0.20034 0.98147 -0.83914 1.4963 -1.2523 -0.0061066 -0.085237 2.3635 0.4297 0.17563 1.3256 0.64732 2.1681 -0.30058 -0.06612 -1.3761 1.1222 0.063105 0.60969 0.6952 0.1226 0.31168 -0.55201 0.79199 0.60234 -1.9897 1.3322 -0.16749 0.31888 -1.5552 0.69897 -0.38365 -1.8757 0.99943 -1.624 2.6348 -1.6263 0.22849 1.1889 1.5257 -0.24179 0.63364 -1.0763 -1.8304 -1.1654 0.63164 1.203 0.47886 -1.1214 0.46921 2.7582 1.137 0.56168 -2.3881 1.4206 -0.97225 -2.0732 -1.009 -0.32918 -2.8169 1.0225 -1.7286 -0.90585 -0.35845 0.37759 
cardboard -1.4245 2.6502 -0.037013 2.1998 -0.046743 -0.68771 2.355 -1.7617 -0.99904 -0.52354 0.8667 -1.1676 -0.64473 1.0699 0.036901 -0.58365 0.40509 0.9317 -0.7698 -1.8121 0.12021 1.1597 -0.56138 -0.80827 -0.64416 -0.37898 -0.043877 0.90834 -0.60722 -0.28496 0.62782 -0.26955 -0.68263 -1.6447 -0.9603 2.4844 0.2065 0.6605 -0.6161 0.44672 1.0409 0.2005 1.0794 -1.5842 1.1945 -0.44765 -0.27615 0.76495 -1.836 -2.6782 -0.5998 -0.85162 -0.28881 -1.3665 -1.7122 -0.26749 -0.40785 -1.8715 -0.61444 -0.28803 -0.93476 0.49536 -0.23645 -0.94218 0.15126 -1.717 -0.68634 -1.8298 0.56714 -2.4736 0.09025 0.19556 -0.12334 -0.14836 0.50974 0.67373 0.42297 -1.0059 0.5113 -2.022 0.051287 -1.165 0.8931 -0.9661 -2.4731 0.20655 -0.73144 -1.966 -0.98801 -0.55324 -1.237 -2.0851 -1.1671 -0.91803 -0.17268 -0.49315 -0.42723 1.0765 -0.38652 0.83782 
celery 0.18312 1.1353 -1.7226 1.6116 -0.20217 1.5603 -1.3889 -1.1491 1.3114 -0.67502 -1.4845 1.2838 -1.531 2.091 -1.2185 -1.7824 -0.024918 -0.0002634 -1.2644 -1.701 -0.30477 0.38802 0.81793 0.79335 1.5938 0.86937 -0.61636 -1.823 -1.706 -0.32517 -0.80936 0.55107 -0.54921 1.7875 0.35646 -0.048486 0.23795 -1.5554 -0.41217 -0.67436 -1.1732 -0.95225 -0.78337 1.2178 -0.36644 1.084 2.1538 0.42803 -0.75739 0.75592 0.73625 1.3584 -2.7119 0.66071 -0.78874 0.48478 0.033488 -0.89607 1.3476 1.2825 -3.2996 -0.23071 -1.2947 -0.18538 0.23947 0.13715 1.2181 0.064695 0.95679 -1.8612 -0.88392 -1.9482 1.0434 -2.1436 0.33163 1.3857 1.521 -0.87678 0.62626 -2.4792 0.064689 -0.46303 0.60182 -0.48625 -1.0303 0.88412 -0.82074 1.847 -1.4116 -0.47962 -0.86113 -0.17018 -1.3263 0.44442 -1.6683 1.6775 -1.9831 -0.15986 0.94909 -1.1813 
walnut -1.1629 1.2875 -0.3714 1.0253 -0.80591 1.3499 2.7171 -2.0402 0.93759 -0.60292 -0.75131 1.7035 1.6431 1.3114 2.1375 -1.1947 0.73991 -0.4569 0.077366 2.3043 1.1001 0.84133 -1.4219 1.4225 1.7718 -0.81632 -0.77997 -0.25714 -0.79637 0.2505 -0.085518 -2.0373 -0.68837 0.072936 -0.68736 -0.45721 0.28614 -1.4358 0.4297 0.36994 -0.61476 -0.55207 1.3642 -1.698 2.4106 -1.2505 -0.63162 -1.4216 0.18958 0.86001 -0.70174 -0.7194 -0.35734 0.67455 -1.4824 -1.7428 -0.64539 -1.3602 0.65146 1.7728 -0.70042 3.3875 -1.1394 -0.96766 -0.063011 0.78055 -0.56311 -0.5304 2.2631 -2.3953 0.62096 -0.78466 1.6213 -0.28107 2.0324 0.80591 0.81348 -0.71895 -0.82436 -2.2158 -0.23241 -0.10607 -2.4525 0.44806 -0.78962 -0.012712 -0.61844 1.2346 0.16893 -0.0016192 0.19897 0.86715 -0.06485 -2.4275 -1.1589 1.6874 -0.38491 0.9612 -0.38571 0.36524 
blackberry -2.5024 1.4357 1.474 1.9127 0.56812 -0.68575 -1.1157 -1.6844 -0.1517 0.27412 -1.1742 -1.0741 -0.11096 0.91033 1.3275 0.36116 -0.50744 0.53005 -1.9213 0.19125 0.5961 0.36883 -1.6132 2.864 1.6713 0.37005 -0.46736 -0.33008 0.10382 0.015303 1.4217 -0.51445 0.46362 0.43554 -0.08337 -2.2073 -0.095311 -2.2378 -1.4969 0.32956 -0.35049 -0.77861 -0.14239 0.62667 -0.11321 3.0632 -0.58607 -0.10771 1.4598 -1.0655 1.0519 0.45332 -1.3953 -1.3758 0.69448 -0.66612 -0.32111 -2.735 1.3046 0.341 -1.0727 0.022316 -0.87711 -0.0035947 0.6783 -0.1039 0.37941 -0.29408 3.4765 -0.95562 0.58276 0.13135 -1.0048 -0.62565 -0.94462 0.44663 -1.7677 0.14929 -0.43561 -0.74367 -0.47941 0.70941 -0.76253 0.89709 -0.11899 -0.37505 -0.051503 1.7793 -1.2415 1.2428 0.82242 -0.9189 -2.1772 0.35338 -0.91956 1.7029 -1.1984 0.58883 0.71747 1.263 
varnish -1.357 2.2816 -1.1479 3.108 0.99652 1.922 1.1845 -1.6491 0.59044 -0.26594 1.4675 -0.54982 -0.94117 0.62575 1.3645 -0.72417 0.21703 -1.2367 0.28529 -1.1434 0.95085 1.1428 1.1805 1.1698 -1.5042 0.12758 -0.91651 0.070098 1.141 0.72828 0.31807 -0.037285 -0.61206 -0.22709 -0.26108 2.0376 0.098491 -0.91253 0.41115 0.32519 0.17336 0.72665 -0.9565 -1.1768 0.27365 0.07018 1.5987 0.70058 -0.1059 -0.61849 0.32404 -1.0446 -0.68029 0.46264 -2.52 1.4144 1.3999 -0.24826 1.1691 0.87169 -0.87384 3.5588 -1.3792 -0.2787 -0.61465 -0.54895 0.94889 -1.7444 0.36733 0.080257 0.35144 1.3198 0.28164 -1.24 0.34753 -0.055245 0.28297 0.10857 0.77617 -1.3164 -0.40361 -1.0566 -0.66384 -0.83291 0.82637 -1.5086 -0.49809 2.6598 -0.17295 -0.96527 -1.6649 0.083052 -0.91741 0.16696 0.11002 0.265 -0.73864 0.51883 -0.9672 0.17706 
cork -0.49611 0.59878 1.7999 0.67916 0.86464 -0.44408 -0.78634 -0.88102 -0.018431 -1.3018 -0.90334 -0.83621 0.4944 1.7728 -2.0204 0.5133 -0.87141 -1.3085 -1.3485 -1.2622 -0.3932 1.818 -0.55142 1.0198 1.0554 -0.035565 0.18915 -0.10482 0.40291 -0.33921 0.70314 1.2664 -1.5092 1.832 -0.47519 1.8849 1.0179 0.30045 -0.32514 1.0632 1.9328 1.6186 -0.87913 0.47056 1.8535 -2.2896 -1.0377 0.4958 -0.99389 -2.7733 1.5318 -0.34378 0.042198 -2.1611 1.0025 -0.7234 0.15707 0.6809 2.719 0.96318 0.29261 -0.29682 -0.54098 -0.70056 0.36094 -0.093101 -0.54567 -2.8487 1.54 -1.8054 0.51464 -0.38689 1.5786 0.84009 0.3614 0.13077 -0.32649 1.3495 0.25977 -4.7932 0.11486 -0.51117 -1.1953 0.32233 -2.7677 0.26311 -1.0063 0.17391 -1.6907 -0.61756 -1.1845 -0.55489 0.049874 0.58875 -2.2563 2.8116 -1.7403 -0.83131 0.96933 -1.0236 
birch -1.1248 0.97989 1.7005 0.46017 0.3084 0.73635 1.2368 0.3084 -0.93495 -0.77626 -1.9213 -3.2831 0.53771 1.8823 0.083417 0.88918 -0.19072 -0.27569 -1.0216 -0.38075 -3.5219 0.52595 -1.0324 1.9159 -0.40237 -0.8706 -2.4178 0.067954 1.597 0.29848 2.0277 -0.58739 -0.62888 -0.87636 -1.6402 0.26223 2.3095 -0.48685 0.13648 0.76774 0.18668 -0.94259 -2.5909 -0.03915 0.32442 -1.7463 -0.28501 -0.96496 -0.11636 0.76729 0.059502 1.0773 -1.8804 1.1342 0.018274 0.24285 -0.73009 -0.099663 0.0029639 2.3369 0.016747 -0.79593 0.36114 -1.8512 1.5574 -1.3061 -1.6569 -0.48867 2.9443 -1.7224 -0.32273 -0.224 -0.1598 2.4557 -1.2758 2.2371 -2.7799 -0.56808 -0.3415 -1.7867 -2.2134 1.6179 -2.0848 -1.5177 -0.31319 -1.0405 -2.0263 -2.5243 0.88299 -0.78136 1.2008 -1.2588 -1.5646 -1.1901 0.54205 1.586 0.062938 1.0158 0.77313 0.21745 
raisin 0.038107 0.036466 0.1859 0.72536 -0.0084185 0.39506 -1.0928 -0.73377 -0.4124 0.20929 -1.2551 0.17913 1.1181 0.38103 -0.051668 -1.4626 1.1054 0.96322 -2.5682 -0.72531 -1.2115 0.46018 0.74145 0.8524 0.066721 0.79905 -1.6471 -0.3391 -1.6314 -0.21091 -1.8496 -1.0495 -0.17775 1.2496 -0.76444 -0.87312 0.0096894 0.30235 -0.86307 -0.036388 1.6632 1.979 0.52608 0.45799 0.61161 -0.26338 3.6214 0.33671 0.60468 0.86567 0.95919 0.29195 -1.6207 -1.7506 -0.46816 -0.62292 -0.91568 -1.3632 2.0943 0.099127 -0.19609 -0.046366 -0.54918 -0.1632 -0.15575 -0.11844 -1.663 -0.87554 1.1689 -0.27034 0.77545 -0.74587 0.37534 1.408 1.8165 -0.57177 -1.4281 -0.20263 0.79762 -1.9545 0.96169 0.11107 0.1472 0.076061 1.9442 -0.76026 0.5952 -0.50466 -0.67094 -1.0411 -2.6784 0.58926 0.31202 0.83238 -1.1765 0.74764 -0.22829 -1.0858 -1.0519 1.3626 
geranium 1.0317 0.045707 -0.36472 1.6788 1.2178 1.778 2.5361 -2.0316 1.4044 0.44162 1.2483 -1.2621 -2.0211 1.6647 -0.42456 -0.22043 -0.43868 -1.4622 -1.3911 0.75873 1.1764 -0.81939 -1.0529 -0.77461 0.3661 0.94535 -1.3576 -1.3558 -0.28188 0.41779 0.45043 -0.32565 -0.77279 1.2745 0.67752 -0.28032 1.3257 -0.35463 -0.28875 1.2958 -1.6597 -0.28507 -1.3111 0.11271 -0.96286 -0.68531 1.4922 -3.2826 0.87565 1.1171 0.0045561 -0.19443 1.1624 -1.3418 -1.663 0.27988 1.9245 -1.9717 0.84544 -0.57882 -1.2372 0.86154 -0.11479 -0.15634 0.16182 0.31335 1.0724 -0.0047449 -0.32774 0.17322 0.78843 -1.7528 -0.3107 1.195 -0.79612 0.4099 0.46786 0.2715 0.96584 -0.90485 0.18574 0.72553 -0.33939 -1.4307 0.73894 0.72672 -0.62406 -0.030497 -0.078782 -0.45777 -0.44296 2.831 -1.3092 0.48621 -0.005776 1.0163 0.34838 0.58637 -0.47077 1.0904 
