96 100 
smoke 0.9798 0.47843 2.2058 0.33536 0.36458 -0.40051 -0.63473 -0.44581 -0.56871 -1.0588 -0.54836 -1.5861 0.87077 -1.8367 0.042383 0.29006 -0.67392 0.77111 0.27726 -1.2409 1.0834 -0.67756 0.50553 -0.97526 0.42809 0.66167 -1.3474 0.57626 0.44486 -0.68139 1.0819 -1.8775 0.65627 -0.39099 1.3737 0.59053 1.5448 -0.087265 1.0847 0.41655 0.37601 -1.7212 0.73133 -0.48349 -0.006796 0.091855 -1.041 -1.5379 -0.28589 1.0843 1.4172 0.16559 -0.21313 0.56034 0.49921 -0.30977 1.1713 1.7985 -1.5133 -2.6181 -0.93246 -0.03557 0.81166 0.2929 0.41784 1.0919 1.4008 -0.621 0.0033251 -0.045459 0.35814 -0.46033 -1.0545 1.0123 -0.11824 -1.5031 -0.43087 -0.79657 -0.66048 2.6572 1.4674 0.32174 -0.15939 0.57213 -0.54459 2.1582 0.94852 0.39827 0.57276 -0.29693 -0.011791 -1.2472 -0.67402 -0.50204 -0.85047 -0.10889 1.1981 0.73098 -0.62503 1.041 
perfume -0.38331 0.18688 0.17417 0.49834 0.79015 -0.19006 -0.62284 -1.7061 -0.59042 -0.51866 -0.0037068 -0.2299 -0.2829 1.5955 1.2665 0.13256 -0.89296 0.52388 -0.27613 0.64171 0.44337 -0.72638 0.2537 -0.11103 -0.31771 0.87682 -0.86545 1.0328 0.66728 -0.74669 -0.53738 -1.3382 -0.23954 -0.093219 -0.74533 0.54473 1.5206 0.26837 -0.23854 0.56228 -0.41495 0.50293 -0.43461 -0.099848 1.0717 1.2526 -0.16939 -0.53268 -0.63971 -0.4482 -1.3011 1.3432 -0.30664 0.055093 0.20922 0.1934 -0.085008 0.91927 -0.16595 0.32454 0.34643 -0.13281 -0.0608 -1.6261 -0.089056 -0.16255 -0.55303 0.56895 1.0462 0.2684 -0.25529 -0.4721 -0.40119 -0.81954 -0.38255 0.081284 -0.15651 -0.20034 0.055824 1.9041 2.1048 0.43033 -1.0415 0.69135 -1.0905 1.5016 0.58649 0.39961 -0.25119 0.58644 0.41064 0.77698 0.2102 0.84466 -0.26083 -1.0648 -1.0228 -1.6725 0.15307 0.11067 
blood 0.8559 -0.17803 -0.53587 0.87934 -0.43766 0.76705 -1.4071 0.76141 0.84737 1.1456 -0.39167 -0.033607 -0.57999 -0.77225 0.76817 -0.31295 0.48491 -0.1438 -0.57665 -1.8015 -0.11682 1.0868 0.45382 0.1061 2.1653 -0.14263 -1.8073 0.75614 0.52797 -1.4375 0.86236 0.53269 1.2547 -0.86817 0.86711 0.61349 0.52873 -0.036769 -0.054296 0.20141 -0.65117 -0.23209 -1.0329 -0.29937 -1.0484 1.217 0.30703 -0.52355 -0.60763 0.45706 -0.15197 -1.7309 0.11581 0.22185 0.87391 -0.95067 0.28592 -0.64394 0.038876 0.83318 0.51664 -1.4031 -0.56601 0.19543 0.46141 0.70066 -0.64001 1.2169 -0.17908 1.0578 0.4176 -0.1976 -0.049711 0.41196 0.12489 -0.12433 1.8957 0.57338 0.44222 -0.95505 1.0653 0.32329 -0.17814 1.8011 -0.75204 2.2525 0.58807 0.12721 0.49609 -1.6922 0.35807 -0.11615 0.80095 -1.3494 -0.6464 -1.4979 1.2343 1.0194 -1.4914 -0.15847 
coffee -1.1114 0.34838 0.22266 -0.46332 1.1859 0.043782 0.095757 0.65878 1.6158 -0.26922 0.1775 -0.43084 1.5515 -0.52344 0.64827 1.2157 1.2378 0.35952 -0.65516 -1.3091 -0.027671 -1.8117 0.74234 1.0006 -0.77438 1.7167 2.976 1.3821 0.57799 -0.13269 1.1698 -1.0001 1.3709 1.6966 -0.07313 0.70167 0.59891 -0.49273 0.47333 0.16921 -0.25603 1.4495 1.5414 -0.17715 -0.22975 -1.4813 -2.1268 0.18609 -0.44456 1.1273 1.1936 0.10708 0.76521 0.21598 -1.1024 0.17959 0.53158 0.92853 -0.11631 -0.82117 -0.13005 -0.62319 1.3497 0.76277 0.2241 -0.9378 0.43992 -0.24274 0.97148 0.41532 0.48912 -0.56637 0.26197 -0.17144 0.19421 -1.4268 -0.99846 -1.2699 0.062873 1.4262 3.1924 1.0761 0.72605 1.0572 -1.6644 0.10633 -1.6514 2.2511 0.97646 0.16689 -0.098983 -0.75506 1.0125 -0.51733 -0.61538 0.52372 1.5112 0.032314 -0.16662 -0.16667 
rose -0.08969 -0.37829 -0.12733 1.0995 3.5745 1.1039 1.8218 -1.8886 -0.11136 -1.4059 -0.41308 -0.67413 -2.3621 0.5221 0.9365 -1.1769 -2.1796 0.82492 -0.037672 1.1346 -1.3744 -1.2226 1.6333 2.2282 -0.47824 1.093 -1.1141 0.50273 -0.20359 -1.8605 1.0267 -0.75484 0.22616 -0.73087 -0.29554 0.76701 1.922 -1.4861 -0.47499 0.1207 -2.1203 1.2992 0.064185 -0.25729 0.83193 0.28432 -1.0769 -2.1417 0.3606 0.61005 -0.0094981 -0.30248 -0.47344 -0.20888 0.42937 0.38379 0.9798 -1.8645 -0.44501 1.1156 -0.21995 -2.5517 2.3703 -1.8643 0.5693 -1.3988 -0.72432 0.90369 1.2444 -0.10201 1.9703 -1.3979 -1.9019 0.52217 0.15915 0.18372 -0.05663 -0.11963 1.5042 1.1895 1.6239 2.1562 0.48777 2.4916 0.89439 -0.8692 -0.24767 -0.58395 1.2242 1.6305 0.2791 1.4215 0.62769 0.57407 0.5304 -0.32511 -0.89208 -1.6198 1.9068 -1.4518 
fish 1.6711 0.048416 -0.26656 -2.6518 -2.0321 -0.98793 -0.59553 1.412 0.69288 1.945 -0.014862 0.34149 1.4108 0.16685 -0.27073 1.5302 -0.80047 0.40829 0.27927 0.018665 -0.086965 1.6928 0.68295 -0.83165 1.7596 0.82771 -0.20521 -0.92079 -0.83434 -0.25315 0.44523 -0.66032 -1.2034 0.62721 1.1498 -0.666 -1.7711 -0.80736 -1.9453 1.3177 0.45324 0.61708 0.84505 1.0734 -1.5746 -1.3466 0.26929 -0.13098 -0.20746 -0.9764 1.289 -2.9315 -0.51593 -0.77051 2.0173 1.444 -0.31221 -1.3751 0.27232 -0.29262 0.42299 0.8689 -0.068059 0.96187 -1.3145 2.4874 0.3337 -0.75544 -1.7692 0.61022 0.6986 0.24769 -1.8114 -1.3143 0.89813 -3.649 -0.24228 -0.79525 -0.070097 -0.78268 2.0561 0.51482 -1.2855 2.1065 0.53893 1.593 1.912 1.6324 0.047106 -0.44594 1.2529 -1.0394 2.6751 -0.092282 0.27292 -0.74515 0.072772 0.44139 0.046832 -0.68201 
animal 0.40733 -1.6943 -0.59425 0.24171 0.30005 -0.64924 0.23892 1.6018 -0.92848 2.3149 0.64612 -0.35409 -1.1754 -0.80511 1.9441 -0.89911 1.1733 0.53682 -1.102 -2.2841 -1.5096 0.0068102 -1.1711 0.018348 0.67637 0.32746 0.10621 -0.71435 0.016368 -0.093898 0.26168 0.21626 0.44454 -1.0333 1.3644 0.89383 0.66231 0.13829 -0.92248 0.89446 -0.93082 -0.98416 -1.4581 -0.17282 0.15079 0.4265 0.40772 0.16159 -0.63706 0.57714 0.90291 -1.5544 -0.22761 1.8211 1.2338 -0.43067 0.18473 -1.4421 1.8354 0.18258 -0.27085 0.97297 -2.0523 -0.17633 -1.0649 0.04428 1.7462 -0.66412 -0.25833 -0.25248 0.36533 -0.18422 -0.0069555 0.26821 0.26591 0.26334 0.43517 -0.21007 -0.14064 -0.95715 0.039003 0.68984 -0.46413 1.2619 -0.17367 0.91557 0.68578 -0.40287 0.11707 -1.0674 1.6151 -0.026874 1.721 -0.032635 0.63348 -1.7327 0.44841 -0.30571 0.023018 0.28224 
soap -1.263 -0.7282 0.0012426 1.7098 1.0989 1.3246 -1.3025 -0.84985 0.46061 -0.069674 -0.05586 -0.1624 -0.54621 0.67731 1.339 0.84475 -1.0229 -0.42951 0.172 2.6208 0.24089 -0.24667 -1.4379 -1.1209 -2.0928 2.1227 2.3491 -0.35754 1.7 0.097772 0.51733 0.52013 -1.2531 -0.06126 -1.8653 0.076997 0.49325 -0.39588 0.19436 2.8787 -1.0205 0.87592 0.37326 -0.6271 0.68667 0.37069 0.1481 -2.3175 -1.0732 -0.97519 -1.8273 -0.58007 0.7905 -0.63312 -0.19934 0.50961 -2.1547 0.91802 -1.1931 0.63693 0.69488 1.1408 1.7274 0.088256 0.30118 -0.20753 0.027254 1.0988 -0.58802 0.8544 1.6125 -0.28703 -0.61149 -3.3192 -2.4237 -0.12547 0.63092 -1.005 -0.36276 2.1098 3.6334 0.78543 -2.4002 -0.14124 -1.5082 0.9871 -0.83593 1.1755 1.1722 -1.1253 -0.65542 -1.4887 2.9424 2.5767 0.48705 -1.3952 0.51358 -1.1757 -0.75482 -1.0343 
grass 0.1483 -0.68108 0.57816 -0.93911 -0.41946 0.18147 0.54266 -0.20653 1.0908 0.77951 -1.2725 -0.6103 -0.24219 -1.5223 -0.91083 1.5232 0.19113 -0.34141 -0.57135 -0.29801 -1.8915 1.0471 -0.4765 0.63899 -2.07 0.97271 0.38385 -0.22849 1.6795 -0.020997 0.3011 -0.62731 0.38722 -2.6033 -0.48371 2.8793 0.27405 -1.0571 -2.4758 2.3542 -1.5821 1.7242 -0.40237 -0.51796 0.85554 -1.8685 -1.9342 -1.0395 0.46233 1.6583 1.208 -0.50278 -0.051201 0.013646 1.3699 0.053467 -0.12352 -0.72854 -0.085864 0.30246 2.1349 -1.6037 1.762 1.307 0.43509 0.43458 0.94375 2.2994 -0.20762 0.037027 1.1518 -0.35287 -0.18668 1.5764 -0.23101 -0.1043 -0.062169 -0.91373 -0.89943 0.447 -1.7821 2.0407 -1.5202 1.7209 0.99505 0.054799 -0.7315 -1.1279 0.73615 -0.85108 2.0083 -0.45361 2.0296 -0.71604 1.4988 -2.5145 0.11059 -1.9814 0.29376 -0.53658 
beer 0.29951 -0.30705 1.0567 0.4423 -1.9426 -2.0452 1.9184 0.16322 0.90586 1.1042 1.5639 0.56687 0.43837 0.82536 -0.013886 0.46882 0.99613 0.46268 -0.98452 -0.75845 0.36018 -2.3928 0.21231 -0.97787 -0.95782 -0.4135 0.66115 2.4168 0.63727 0.78358 0.67357 -0.51547 0.95663 -0.093763 -0.69551 -0.72479 2.6447 -0.53722 -0.89868 0.76241 -0.39503 0.49563 1.3999 -0.11009 0.69345 0.26359 -1.0445 -0.80936 -1.7415 -0.28355 0.29459 0.14438 -0.60201 0.30376 0.29312 0.38634 1.5136 3.1173 -0.4058 -1.7785 -0.26489 -0.16995 0.94609 2.32 0.33542 1.2517 -0.18475 1.4391 -0.43279 1.7466 -0.38422 -1.432 -0.24152 -1.0285 0.38756 -3.5428 -0.54511 -0.83111 -0.65177 1.6042 3.8088 0.073779 -1.0496 0.62891 -0.093054 0.017563 0.11525 1.6892 0.96059 0.38271 0.73083 -1.9157 0.90334 -0.52641 -0.33087 0.32402 0.020388 1.5248 0.37036 0.84947 
urine 1.0052 -1.1505 -0.70751 -1.2596 0.36637 -1.1755 -0.70511 0.99411 -1.0575 0.295 1.4873 -0.38397 0.35198 -1.4346 0.56001 1.3249 1.7903 -0.87738 -1.1953 -0.54284 -0.4475 0.0090039 -1.2449 -1.8042 0.8779 -0.20618 0.16492 0.21779 -0.8127 0.64769 0.98282 0.48156 0.86049 -2.6488 0.64378 -0.12104 1.2881 1.2131 0.082065 -0.5787 -0.42972 0.27781 0.32408 0.43661 1.5556 0.50634 2.2017 -0.51614 -0.69134 -1.147 -0.86659 -0.80893 -0.36951 0.56743 0.34315 0.19597 0.055435 1.0479 -0.53375 0.94027 0.64424 1.6775 -1.1196 1.4373 -1.2371 2.068 0.75198 0.56538 -1.398 1.4235 -0.71315 -0.22421 0.15719 -0.29141 -0.54069 -1.5307 -0.88925 -1.6142 0.55004 1.0256 1.8455 0.042166 -1.5126 1.8106 -0.15214 2.884 -0.26064 1.2393 1.5043 -0.82486 1.2483 -0.73907 0.65767 0.67164 0.53572 -2.538 0.94502 1.3869 0.62813 0.14959 
pine 1.1201 -1.2496 0.13081 -3.1391 0.69064 -0.25779 1.2073 -0.55065 0.27298 0.21691 0.13936 -1.3228 1.2725 -0.64281 0.042127 1.847 -1.418 -1.3099 0.79913 1.8298 -0.51836 0.6352 -1.101 0.99946 -0.56596 0.78201 -0.087549 0.19993 1.1778 -1.8576 0.70212 -0.53838 0.37356 -1.9687 -1.1934 0.74167 2.0424 -0.28917 -1.3327 -0.44765 -1.6238 -0.13908 0.022951 0.028936 0.58666 -1.624 0.45004 -0.73961 0.9638 -0.23588 -0.36221 -2.0756 -0.10239 0.93574 0.0023996 0.16986 -1.634 0.30144 -1.8004 0.054521 1.6786 -0.3861 -0.16137 0.90905 -0.52382 0.90695 2.9632 1.0066 0.1268 1.1875 -0.68284 -1.8596 -1.9269 0.91862 -0.11873 -1.9738 -3.4964 -3.0043 -0.20579 3.494 -0.70423 -0.39054 -0.41458 0.78881 -0.16328 -0.097313 -0.89765 -0.17378 3.6291 -0.037457 1.2105 -0.54242 1.7222 0.78369 0.69776 -4.431 0.18729 -3.104 1.1493 -0.59651 
wine -0.40336 0.85225 -0.76852 -0.85568 -0.58478 -1.5121 1.5706 -0.96688 0.93481 1.4786 0.9395 -0.53934 0.69755 2.406 -0.55659 0.46105 -1.0163 -0.10277 -0.92951 0.43103 -1.4714 -1.6529 0.14878 0.29589 -0.22652 0.23467 1.5169 0.79063 0.60818 -1.7919 0.022953 -2.1012 0.21513 0.435 -1.0212 0.48277 0.54205 -1.4242 -3.3976 0.19715 -0.54809 0.40432 -0.4614 -0.35104 0.54406 -1.3663 -0.70639 2.2536 -0.24911 0.32838 0.074331 -0.80492 -0.6793 0.099912 -0.22888 0.0625 0.40077 -0.18604 -0.69781 -0.25659 -1.4713 2.1797 -1.3516 0.15382 -1.1137 2.0649 1.5873 -0.12715 -0.26113 1.3366 -2.7597 -2.537 -1.447 1.2791 0.1048 -3.1388 -3.1508 -2.0212 -0.70309 2.1987 3.0703 1.8185 -0.31984 -0.02256 -0.58798 -0.56778 0.89798 -0.16154 1.0812 -0.086993 0.31673 -0.11505 -0.28638 0.039908 -0.10815 -1.44 -0.92741 -2.5534 -0.25274 -1.027 
bread -0.16479 0.32865 0.662 0.14975 -0.23662 -0.40347 -1.2896 -0.16223 2.315 -1.2225 2.4902 -0.0099399 1.4681 0.098299 -0.77473 -1.1851 0.015278 -0.57959 0.63941 0.7793 1.0362 0.16222 0.49591 -0.31176 -0.59703 1.135 1.302 1.2161 -0.2418 -1.5468 -1.4791 -1.1998 0.26469 1.1549 -0.83912 0.34172 0.66144 -1.2852 0.80412 0.69593 0.27584 2.1029 1.9695 0.16447 -1.122 -2.367 0.11313 0.25428 -0.53837 0.31849 3.5957 -0.23677 -1.2267 -0.17275 0.56015 -0.16362 -1.105 1.1951 0.36014 -0.83351 -1.4902 -1.1132 -1.3736 -0.21616 1.111 -0.82831 0.12509 -0.90693 -0.70815 1.3359 1.767 1.3085 -1.6679 1.5479 1.9789 -3.6401 0.97368 -2.576 0.25367 1.0858 2.4923 1.4949 -1.3555 -0.55416 -0.78688 -0.52255 1.1456 0.27934 -1.8355 1.4679 -1.2451 0.58436 2.835 0.082528 -0.13493 -2.5725 -0.98264 -1.6132 -0.98517 -0.93714 
cologne -0.78957 -0.26878 0.053296 1.6843 0.61942 0.27964 -1.1663 -0.92663 0.32047 0.41205 -0.12116 0.6137 0.13847 1.8445 0.85722 0.35216 -1.2753 0.0067771 -1.374 1.3004 1.205 -0.74403 -0.60081 -0.53917 -0.83501 0.22116 -0.46291 -0.11371 0.16993 -0.29818 0.35714 -0.88435 0.35712 0.24022 -1.2146 -0.53141 0.96471 -0.6248 -0.35793 1.5435 -0.9791 -0.10205 0.35363 -0.089413 1.7574 1.403 0.97148 -0.63061 -0.41807 -1.1674 -1.9037 0.60369 -0.56621 0.68173 -0.21324 -0.0019206 0.092719 0.68209 -0.39901 -0.56562 0.24301 0.46709 -0.38343 -0.26797 0.16043 -0.36687 -0.18932 0.97879 0.51972 0.87021 -0.28569 -0.59156 -1.4553 -1.0081 -0.29389 -0.60624 0.20778 0.26207 -0.18027 2.7199 1.6188 0.98327 -0.30144 0.91822 -0.61859 1.2837 -0.096153 0.59559 0.61665 0.079189 0.5924 -1.4471 -0.34819 0.39259 -0.18184 -1.2425 0.51026 -0.09123 0.56683 0.027778 
lavender -0.12937 0.21123 -0.055262 0.22676 1.2246 0.85848 0.66076 -0.28574 0.65636 -0.2925 0.94237 -0.3724 -0.40316 1.1223 0.29896 0.11195 -0.27342 0.89511 0.1956 1.8063 -0.37273 -1.0117 0.43572 -0.16979 -2.0251 0.81746 0.57074 0.76725 0.77623 0.67057 0.090338 -0.46432 -0.13267 -0.28888 -0.023109 -0.017352 1.8535 -0.49926 -0.20644 1.0796 -1.0443 0.67675 -1.0108 -0.66412 -0.18764 -1.0215 0.47001 -1.3445 -0.89543 -0.15349 -0.17809 0.65245 0.0012419 0.44987 -0.21196 -0.57625 -0.045233 0.10865 -0.23828 0.12813 -0.1752 -0.32683 1.0886 -1.2964 -0.94713 -0.56874 -0.23265 0.20851 0.37607 0.12528 0.48229 -0.79261 -0.73672 -0.05819 0.12963 -0.38272 -0.013589 -0.5876 0.30056 1.621 0.50884 0.072186 -1.6699 0.29414 0.26825 0.62469 -1.095 -0.04579 0.087345 0.31111 0.23627 -0.16194 1.3192 0.34706 -0.23917 -1.6115 -0.19019 -3.3179 0.33949 -0.34794 
garlic 0.28013 1.187 0.20823 -0.35735 -0.11456 -0.019362 -0.72688 0.52543 2.619 0.33045 1.6933 0.087912 0.66343 0.34727 -0.10388 -0.17799 0.04748 -0.79347 0.32836 0.42556 -1.3002 -1.6103 1.1659 -0.98475 -0.37447 1.4002 0.17865 -0.58083 -1.4854 0.61493 -0.73777 -0.59776 -0.41345 0.4903 0.39887 0.0025323 0.7609 -0.66313 0.42777 0.73529 0.14214 0.86647 0.22145 -0.59631 -0.53056 -0.38649 -0.70721 -0.44514 -0.82695 0.37034 0.27838 0.85638 -0.10067 0.13925 0.037673 0.80832 0.85336 -0.24528 0.15208 0.93885 -0.74573 0.24391 0.70423 0.29299 -0.97032 0.31897 0.83676 -0.24381 -2.0811 0.35872 0.45121 -1.7216 -0.90574 -0.21647 0.31396 -2.1871 -0.086917 -0.030012 1.0707 0.81956 1.5065 1.2444 -0.47549 0.4742 0.32547 1.7815 0.056043 1.0233 -0.8061 -0.84043 1.0043 -0.22687 0.77978 -0.19527 0.21535 -0.12798 0.85159 -1.9253 0.42972 0.26304 
leather -1.2878 -0.69177 0.47107 2.0304 -0.3602 0.43835 0.09918 -0.15601 -0.16213 1.0906 1.0255 0.59927 0.23181 -0.89711 -0.76466 0.1972 0.92905 -0.631 -0.52351 -0.027645 -0.64331 0.34845 -1.1003 0.282 -1.2412 1.6527 0.66066 0.59338 1.2579 -0.40906 0.42698 -0.18383 -2.2262 -1.963 -1.4177 1.6513 1.0512 0.23173 -0.94442 1.8393 -1.7226 0.23802 0.33873 -1.5507 0.86975 1.2677 1.199 -0.48029 -0.302 -0.52514 1.0966 0.76743 -1.3402 0.88337 0.9188 0.97958 0.3576 0.49902 -0.45379 -0.76589 0.32249 -0.63928 0.12449 0.911 -0.31743 0.31135 0.054225 -1.4226 -0.09183 -0.58644 -0.062206 -0.58999 0.43982 -0.31296 -0.22449 -0.82686 -0.76349 -0.8558 -0.7176 2.0686 0.48919 0.36342 -1.486 1.2879 -1.4767 0.089112 -0.63259 0.33771 0.9527 -0.18448 -1.3552 -0.80269 0.61594 -1.1097 0.3915 -2.5077 -0.97527 -1.0814 0.12213 0.36959 
paint 0.95929 0.3024 -0.28061 0.65806 -0.86536 2.0018 0.43343 -1.6581 -1.0658 -0.93131 -0.49101 0.075404 -0.50577 0.12936 -1.6725 -0.17266 0.89534 -0.0088309 0.8682 0.45314 -0.24114 2.0435 -1.1761 -0.98757 -1.3568 -0.44446 1.2552 -0.68953 0.82318 -1.1357 0.48635 0.014733 -0.27268 -0.95855 -0.34454 3.0887 -0.12179 0.14284 -1.1327 -0.2279 0.56032 -0.26531 0.039253 -2.4009 0.0093657 -0.15142 0.57285 -0.8458 0.22612 -2.239 -0.44793 0.17874 0.3755 0.16366 -0.17282 0.69407 0.14346 1.5753 -0.95195 -1.724 -1.1145 0.2985 0.61471 0.38895 0.79932 0.45427 -0.039136 -0.7006 -0.62238 -0.30224 0.4372 -0.06185 1.1822 0.70738 -0.20724 -0.21192 -2.8649 -1.5484 -0.20809 3.3818 -0.72257 -0.22741 -1.2822 2.2435 -1.5014 1.612 0.19489 0.16188 1.3863 -0.42241 -1.032 -1.7921 0.77774 -0.1146 0.069378 -0.30049 1.2186 -1.567 -0.421 -0.91298 
apple -0.73724 0.10716 -0.69926 -0.39858 -0.16744 0.2413 1.7157 0.17126 0.96429 1.6029 0.65615 -0.66314 0.083121 0.10417 0.19798 0.15378 -1.2723 0.53746 0.93346 0.044523 -1.2333 -0.3957 0.92566 0.97853 -1.7232 0.69466 1.1334 -1.1383 -1.5415 -0.4636 -1.0231 0.017909 0.83392 0.41552 -0.94641 0.71104 1.3443 -1.4235 -0.31364 1.0101 0.27837 0.89849 -0.73245 -1.8204 0.42832 -2.6165 -1.933 -0.065576 -0.34779 -0.81844 0.86538 -0.012559 -0.12251 0.17231 0.14942 -0.17927 -1.0314 -1.2827 1.5492 1.1569 0.44293 0.29272 0.085917 -0.37191 -1.8108 -0.045277 0.9869 0.31357 -1.1509 1.479 0.83006 -0.76271 -1.1967 -0.65909 0.74671 -1.9597 -0.40903 -1.4891 1.2818 0.58764 -0.38025 0.23407 -0.89214 0.45834 -0.29046 -0.5328 -0.25178 -0.48647 0.18436 1.3253 0.95849 -0.65239 2.1387 0.18974 -0.24163 -1.3146 0.092255 -2.7874 0.087448 -0.13319 
onion 0.16295 -0.023691 0.13949 -1.6857 0.9812 0.34285 -0.73177 0.67544 1.9899 0.86789 1.3357 0.49933 1.6232 -0.31854 -1.1813 -0.39119 -0.62891 -0.036581 -0.0027608 0.0024798 -0.71145 -2.0326 1.2298 -0.93985 -0.94594 0.59597 -1.3396 0.32983 -1.308 0.071965 -0.59901 -0.43599 -1.1501 0.24221 -0.25145 0.32499 0.3462 -0.41411 0.52962 0.63358 0.38509 1.2418 -0.031199 -0.75778 -0.42085 -0.85299 -1.0757 -0.66213 0.22076 -0.45733 2.2369 -0.01004 0.47734 0.17365 -0.66151 1.8446 1.3589 0.24007 0.68286 0.14504 -0.22341 0.093046 -0.2457 1.0625 -1.0285 -0.13925 0.18829 0.67475 -2.2285 0.93084 0.82484 -0.44908 -1.3005 -0.93488 0.38419 -2.6112 0.69904 -0.022134 0.11595 0.73444 1.2475 1.5116 -1.0752 1.7017 0.035855 1.3688 -0.35216 1.5585 0.027355 -0.28156 0.68198 -0.97014 2.3687 0.70101 -0.12628 0.98015 0.12294 -1.493 0.64182 0.35619 
cheese -0.81961 0.83651 -0.45046 -0.29553 -1.7144 -1.1345 -0.21187 -0.38377 1.266 0.9064 0.39795 0.53571 0.1317 -0.072958 -0.64276 -0.89098 -1.0919 0.30129 -0.8105 0.8228 0.87761 -0.36096 0.33253 -0.046942 -1.944 -1.3546 2.3835 -2.2483 -1.0977 0.04665 0.11333 -0.68458 0.53122 2.3776 0.57157 -0.85999 0.010005 -1.7579 -1.1218 0.91244 0.7066 0.81818 0.032262 -0.60119 -0.64117 -1.1894 0.34609 0.89435 -1.459 -0.34837 1.1352 -1.5012 1.0041 -1.19 0.89657 0.20373 0.53174 0.96569 0.12159 0.17479 -0.61064 0.37167 0.055206 0.90057 -0.37203 0.46684 1.5197 -0.88504 -2.5354 2.3667 1.0034 -1.3087 -1.7201 -0.20998 0.92299 -1.6121 -1.3305 -0.69889 0.43423 1.455 1.9518 2.6612 -0.41829 0.40491 -0.0027685 -1.0835 1.0381 0.18526 0.32285 1.6698 -0.66054 -0.65311 1.1697 -1.2749 -0.36234 -0.57488 -1.1074 -0.8604 -0.99581 -0.28248 
incense -0.68477 0.53234 1.1427 -0.90782 1.2179 0.18442 0.19074 -0.56157 -0.31 -1.3832 -0.32447 -0.70533 0.44779 0.1908 -0.31689 0.15729 0.6431 0.64646 0.072759 -0.65463 0.16483 -0.65051 0.25287 0.67034 -0.4671 0.588 -1.0439 -0.10283 -0.049605 -1.384 -0.17838 -0.34506 0.43139 1.1917 0.21088 2.126 2.3878 0.33497 1.3362 0.12746 -0.073666 -1.1634 0.23362 0.73717 0.22611 0.36207 -0.2323 -1.1518 -0.93194 0.75933 0.075632 0.58633 0.4201 0.60399 -0.58535 0.12192 1.2213 0.1986 -1.0119 0.39342 -0.13811 -0.30553 0.11363 0.30199 -0.30898 -1.3767 0.76184 -0.45741 0.30889 -0.54942 1.1253 -0.48404 -0.94861 -0.15403 0.057901 0.56762 -0.56025 -1.2264 0.56502 2.1393 1.9578 0.9537 -0.21909 0.79964 0.023521 1.2256 -0.2831 -0.75358 0.99325 -0.38873 0.51606 -0.05165 0.51084 -0.44474 -0.35652 -1.0959 0.40063 -2.2025 0.13441 1.2075 
cinnamon -0.64422 0.6373 0.40176 -1.0586 0.66453 0.393 0.015395 0.26303 2.2991 -0.6072 0.99101 -0.36519 1.0624 0.47784 -0.054808 -0.065402 -0.25107 0.01474 0.34115 0.60741 0.24912 -1.0774 0.39093 0.33365 -0.52736 0.25874 -0.41374 0.10747 -0.8448 -0.39145 -0.68586 -0.65046 -0.74266 0.93791 -0.62788 0.40633 1.5471 -0.46711 0.018896 0.82425 -0.45808 0.58341 -0.081864 -0.38114 0.17418 -0.59226 -1.0619 -0.88419 -0.52396 0.23889 -0.10061 0.33604 -0.34518 0.076911 -0.41026 0.34091 0.14745 0.021739 -0.08956 -0.053357 -0.11443 0.093469 0.55377 0.13583 -1.1415 -0.50613 1.5741 0.15351 -0.2532 1.6848 0.32988 -0.72138 -1.8242 0.26891 0.65557 -1.4397 -0.24494 -0.79444 1.1192 2.2031 0.70677 0.90626 -0.92857 0.010078 -0.24856 -0.19296 -0.36425 0.48836 0.2123 0.15935 0.0081936 -0.39715 1.3033 0.71185 -0.02106 -0.75011 -0.03743 -2.1948 0.33712 0.33556 
lemon 0.46878 -0.36582 0.64083 -0.51136 0.26513 0.55743 0.65013 -0.12731 1.9576 0.11944 0.8323 -0.60905 -0.36994 1.1418 -0.23 -0.24972 -0.68681 -1.0005 0.52444 1.9042 -0.45541 -0.96474 0.38067 -0.48183 -2.0246 0.4089 1.0188 -0.45195 -0.73492 -0.15138 0.49029 -0.2956 -1.8769 -0.32021 -1.579 -0.21442 0.90429 -0.52555 -0.19941 1.2647 -0.87511 1.5891 -0.75089 -1.6702 -0.079629 -1.0605 -0.23392 -1.0619 0.092706 0.2713 -0.10921 0.19597 -0.38602 0.18932 -0.92672 1.5113 0.2439 -1.1711 0.096392 -0.21056 -0.9459 1.0549 0.70288 -0.9599 -1.5924 0.24527 0.95149 0.80979 -0.96005 1.3326 0.63974 -0.93222 -0.83371 -0.7735 -0.068583 -1.4535 -0.47541 -1.3021 1.0056 2.0024 0.91279 0.99514 -2.1182 1.045 -0.10021 0.55136 -0.35063 0.85064 0.88135 0.18275 0.23943 -0.72739 2.7044 0.96444 0.0087015 -2.0232 0.090615 -2.6599 0.78614 0.11612 
tobacco -0.47079 -0.061131 1.0716 1.1965 -0.30303 0.40202 -0.25623 -0.45009 0.27186 0.17111 -0.022927 -0.00039935 0.41758 -0.5433 0.071398 0.22717 -0.29888 -0.32192 -0.40371 0.11046 0.79735 -0.4288 0.37559 -0.5455 -0.16477 0.89567 0.30302 0.081032 0.31264 0.080848 0.90937 -0.99931 -0.17109 -0.20196 -1.1264 0.9316 1.373 -0.37996 -0.4392 1.1749 -1.1011 -0.49259 0.12407 -0.59166 -0.29917 1.1596 0.63451 -1.2518 -0.80813 0.37155 -0.12156 0.65783 -0.6715 0.028484 0.17828 0.091515 0.64638 1.1345 0.048237 -0.81887 -0.53813 0.48012 -0.15327 0.26224 -0.1099 1.0356 1.3214 0.74044 0.0019573 0.32171 0.59779 -0.93298 -0.24667 -0.22296 -0.82629 -1.1575 -1.2426 -1.1919 -0.47605 1.7929 1.9548 1.8657 -0.81897 1.1266 -0.45803 0.53842 0.092173 0.056921 0.28818 0.14853 -0.36672 -0.95208 0.0085225 0.086304 -0.44267 -1.4229 0.16438 -0.016366 0.52662 1.4355 
orange 0.50674 0.13121 0.37671 -0.18025 0.47018 0.19052 1.5048 -0.73539 0.26752 0.014372 0.29809 -1.907 0.092499 -0.81527 0.00070212 1.0564 -1.877 0.25427 0.58674 1.7647 -0.74374 0.35842 -0.50026 0.45282 -1.6312 -0.72315 -0.28999 -0.47704 -0.64003 -1.0311 -0.62091 0.9847 -0.44165 0.24297 0.61951 -0.3484 0.41855 -1.212 -0.44081 1.1481 -0.63667 1.225 -0.38619 -2.1183 -0.083863 -0.93451 -1.5049 -0.48929 -1.1387 0.0080484 -0.17525 0.85357 -0.75905 -0.089127 -0.45251 1.0203 1.0012 -0.59499 -0.11764 0.020745 -1.0685 0.75651 0.80316 -0.56635 -0.54306 -0.30732 1.1462 0.88002 -1.7486 -0.23691 -0.25639 -1.2845 -0.62655 -0.94671 0.1543 -0.39292 -1.2159 -1.0284 0.6549 3.0499 -0.053671 -0.67291 -0.18611 0.12409 -0.1245 0.15394 0.12259 0.38899 0.40657 0.35597 0.41552 -0.42798 1.7846 -0.70306 -0.55077 -2.3776 0.11831 -2.8338 -0.049964 -0.1839 
egg 0.74236 -1.4271 -0.15271 -3.0655 -1.6856 0.22457 1.0335 1.7089 2.4501 0.79203 1.0776 0.51263 -0.29995 -2.579 -0.52457 0.128 -0.97307 0.27016 -0.053639 1.3022 -1.2305 0.27918 0.1197 -0.69618 0.48275 -0.097796 0.047811 -1.2504 -3.0644 1.9253 -0.83803 -0.2103 1.0933 0.88197 1.735 -0.46757 -0.77342 0.4792 0.56467 0.16773 0.41664 0.32145 0.10779 -0.90589 0.20173 -2.4509 -0.47611 0.077512 0.48284 -1.3268 1.5766 -1.1058 0.50136 -1.4783 1.4801 0.36988 1.3859 -0.96883 1.2861 0.41094 -0.26326 0.62263 -0.23441 1.0609 -2.3293 1.0332 0.81168 -0.52061 -4.6394 2.6757 2.3799 -1.1485 -0.68543 0.2414 1.4857 -2.0992 0.023956 -1.4095 1.1858 0.42825 1.1933 -0.12806 -0.93594 -0.0038817 0.97203 1.3785 -0.1848 0.69372 -1.1001 -1.2474 0.73515 -0.26405 2.7324 -0.78154 1.331 -0.14829 -0.035865 0.57235 -0.86406 -0.53946 
vanilla -0.75806 -0.085123 0.3045 -0.96619 0.84202 0.14083 0.73376 -0.16364 1.5276 -0.85258 0.5426 -0.49855 -0.08406 0.86511 1.186 0.25255 -0.26458 0.021456 0.11609 0.85638 0.34577 -0.70618 0.86223 1.1504 -0.63728 0.27322 0.91268 -0.017823 -0.95759 -0.095636 -0.26704 -0.54568 -0.81229 0.75895 -0.91726 -0.30456 1.1474 -0.31017 0.078681 0.67808 -0.38793 0.16308 -0.9848 -0.85252 0.511 -0.539 -0.11658 -0.45145 0.057811 -0.037031 -0.23268 0.43919 -0.20074 0.44731 -0.37845 0.13029 0.068763 -0.10105 0.074557 -0.49543 0.092725 -0.37935 0.47681 -0.72284 -1.355 -1.1475 0.48894 -0.038017 0.051456 1.1861 0.83806 -1.2313 -0.95935 -0.41149 0.16413 0.023734 -0.48766 -1.4737 0.97325 2.1883 1.2587 0.99844 -0.85778 -0.3549 -0.89163 0.26172 -0.52884 0.14121 0.35013 0.12262 0.41302 -0.57053 0.78846 1.0939 0.13401 -1.2291 0.073421 -2.6304 0.089094 0.50276 
gasoline 0.51617 -0.11317 -0.24115 -1.0462 0.086445 0.059415 -0.96157 0.049275 0.30555 -0.45538 0.20889 -0.67966 0.70482 0.046468 0.46097 0.3531 0.62914 -0.8273 0.51267 -0.10764 -0.20723 -0.05586 0.59553 -0.32334 0.46986 1.235 -0.69668 0.19376 0.11082 -0.33393 0.086829 -0.49119 -0.26755 -0.80585 0.14467 0.65864 0.93695 0.68277 0.13638 -0.15238 -0.53435 -0.69077 0.86543 -0.30001 0.51678 -0.01914 -0.054006 -0.724 -0.50539 0.31033 0.19647 0.040137 -0.098411 0.84763 0.33208 -0.27771 -0.36467 1.4569 -0.95688 -0.89054 0.78177 0.34034 -0.79202 1.2095 0.031933 0.50824 0.63065 0.34517 -0.51703 -0.39529 -0.56577 -0.70804 -0.36007 0.6411 -0.068695 -1.2989 -0.81458 -0.92962 -0.42195 1.2387 0.8498 -0.019469 -0.028962 0.66965 -0.4431 2.1948 -0.24658 0.24975 0.88555 -0.52363 0.057987 -1.0735 0.46807 0.051085 -0.5466 -0.94396 0.64316 -0.28565 -0.32537 -0.46175 
tea -0.92439 0.95099 -0.44172 0.32463 -0.031117 0.96073 0.49953 0.46292 2.5514 0.37761 1.589 0.12344 1.1896 0.81669 -0.52355 -0.43194 -0.99674 0.22333 -0.37244 0.49487 0.024271 -2.2405 0.68093 0.26366 -1.6028 0.41296 1.7294 0.28968 0.4466 -1.4927 0.53502 -0.55826 0.04074 1.3331 0.16876 0.5279 0.79111 -0.46806 0.70421 0.0805 -1.324 1.747 -0.68518 -0.18387 -0.089062 -2.39 -0.24912 0.85115 -0.50765 0.25876 -1.2761 1.089 0.9285 -0.44666 -0.62056 0.092799 0.082985 0.11575 -1.448 0.40452 -1.0275 0.11005 2.0058 -0.43433 -0.90631 -1.1032 0.53208 -0.59415 0.25584 0.64887 0.24661 -1.0102 -1.1285 -1.6625 0.0028629 -2.059 -1.013 -1.0705 1.1093 1.1277 1.6638 0.93918 -1.1482 -0.081284 -1.3888 0.23436 -1.2171 -0.49535 -0.24985 -0.11421 0.064574 -0.64508 2.252 0.25017 0.42242 -1.853 -0.21417 -2.4464 -0.11734 -0.19861 
honey -0.61913 -0.55362 0.18144 -0.41525 0.38689 -0.096618 0.53847 -0.3537 0.79641 0.33402 -0.23156 -0.14896 -0.49572 0.54519 1.269 0.3437 -1.0012 0.6024 -0.0056479 0.67014 0.34896 -1.429 -0.3009 0.69551 -1.3289 -0.12651 0.89324 0.068555 -0.079537 -1.1753 -0.18937 -0.71868 -0.86725 -0.44698 -1.2039 0.47755 0.74139 -0.1455 -0.49755 0.84746 -0.70332 0.74399 -0.91459 -0.1343 0.39925 -1.2485 -1.6805 -0.10056 -0.1171 0.67077 -0.27275 -0.4243 -0.63371 0.1667 0.73962 -0.44762 0.70776 -0.36458 0.055332 0.25213 0.59773 -0.88205 0.31723 0.33508 -1.3719 0.076888 0.60423 1.2747 -0.53127 1.1929 0.81657 -1.1643 -1.2255 0.46993 -0.0034217 -0.57295 0.47907 -0.23889 -0.41267 0.18241 0.93234 0.32218 -1.2031 0.82687 -0.16962 -1.0229 -0.39829 0.16161 0.32165 -0.38521 0.54545 0.77121 1.7526 -0.34039 0.1713 -0.48119 -0.63225 -1.3347 0.51243 -0.16064 
chocolate -0.66927 0.39579 0.014175 -0.61831 -0.2914 -0.68899 0.11307 -0.50734 1.084 0.33655 0.18933 0.18869 0.37797 0.23725 0.017241 -0.14932 -0.61847 0.59104 0.56061 0.70172 0.86457 -0.69556 0.9942 0.072408 -0.18778 -0.27629 1.1185 -0.017028 0.089864 0.20863 -0.047867 0.38453 -0.37839 1.1681 -0.36141 0.016119 0.29077 0.0046812 0.22254 0.10464 0.37042 1.3421 0.3109 0.0030177 0.36635 -0.7529 -1.2004 0.3509 -0.071622 0.35793 0.44771 -0.080533 -0.78811 -0.49481 0.36388 -0.15687 0.39052 0.18587 0.62647 -0.21201 -0.84915 -0.1078 0.22718 0.11547 -0.70859 0.23549 0.31927 1.0498 -0.76187 1.654 0.43326 -0.29036 -1.1331 -0.36108 0.59041 -1.2278 0.47275 -0.4481 0.64985 0.92765 1.1201 0.71426 -0.53318 0.56667 -0.80529 0.49071 -0.18794 0.047901 0.39067 0.61157 0.74735 -0.90558 0.29701 -0.36821 -0.35384 -1.0533 -0.0057388 -1.3851 -0.27605 -0.076153 
manure -0.10075 -0.16456 0.11466 -2.2785 -0.22727 -0.68057 -0.54583 0.40447 -0.32281 0.33149 0.60923 -0.6939 -0.68159 -1.8106 1.0033 0.448 0.25087 -0.23709 -0.57757 -1.0715 -0.077905 0.048825 0.45925 -0.97003 -0.26048 0.65762 0.21207 0.15982 0.10074 0.67661 0.2258 -0.3697 0.45764 -1.4179 0.68524 -0.10961 -0.43378 0.15838 -1.3227 0.11643 -0.47944 -0.74063 0.11372 -0.2424 -0.82769 -1.0071 -0.329 -0.6763 -0.39618 0.044263 1.4759 -0.76961 0.60409 1.0225 1.909 0.34579 -1.1795 1.1741 1.6517 -0.089364 0.50046 -0.0423 -0.26207 0.19185 -1.7053 1.1818 1.6806 -0.3966 -0.83326 0.53182 -0.018065 -0.7908 0.6874 1.0904 -0.80716 -0.56516 -1.3222 -0.69747 -0.43565 0.76065 0.5747 0.9001 -1.2749 2.4519 -0.55817 1.0909 -0.62611 -0.72113 -0.020436 -0.92991 0.91088 0.2916 0.75185 -0.070442 0.21562 -1.2213 0.0071079 -0.1593 0.18061 -0.89905 
mint -1.0446 0.94635 -0.43956 -0.62079 0.78224 0.92205 0.041793 -0.74396 0.32003 0.3339 0.73383 -0.96976 0.060594 1.3021 -1.0097 0.56428 0.61261 0.35207 1.7021 2.3977 0.25305 -0.43118 -0.042475 0.013002 -0.53446 0.76264 1.4789 0.36029 0.022849 -0.48182 0.9727 -0.60924 -1.0463 -0.80301 -1.5893 1.0018 2.1719 -0.96459 -0.35453 1.5 -1.1851 0.9324 -1.5801 -0.99133 -0.72183 0.3612 -0.1557 -0.67605 -0.12007 -0.54462 -0.43506 0.74495 -1.8205 -0.4218 -0.85162 1.2522 0.26075 -0.42153 -0.31316 -0.60078 -0.62786 0.05418 0.58713 -0.66792 -1.2087 0.30729 0.77427 1.33 -0.068617 1.2428 0.87413 -0.72174 -0.87794 -0.24989 -0.94273 -1.7212 -1.3231 -1.902 1.1796 1.0621 0.13772 0.45593 -2.5103 1.5942 -1.3885 0.78797 -1.4371 -0.48751 1.0604 -0.50033 1.9972 -1.8039 0.97833 1.6292 0.42071 -1.1821 0.4974 -2.661 0.92425 -0.52188 
hay -0.30764 -0.98174 0.7217 -1.4442 -0.72099 0.74439 -0.80237 1.1026 0.7996 0.92336 0.44353 -0.39212 0.75747 -2.1258 -0.018002 0.10514 -0.35345 0.76933 1.199 0.59993 -0.64172 0.57284 0.15087 -0.82587 -1.635 1.0802 0.98993 0.22386 2.168 -0.65714 0.67167 -0.14919 -0.16351 -2.885 -0.386 0.79207 1.7435 -0.15385 -1.3488 2.2756 -1.0908 0.2083 -0.39815 -0.30915 0.3915 -1.2077 -1.3243 -0.79714 -1.0065 1.7836 2.8607 -2.0993 -0.1156 -0.087954 2.4704 0.59634 0.52847 1.7578 -1.0253 -0.45528 3.0591 -2.6855 0.5599 2.1761 -0.81726 1.3258 1.0279 0.05963 -0.61506 1.0443 1.1092 -1.0182 -0.70856 0.63929 -0.2929 -1.0854 -1.2716 -1.7526 -0.37577 2.6541 -0.015504 1.48 -1.3242 1.4768 0.8597 -1.2066 -0.6515 -1.3087 -0.58304 -0.80557 -0.11667 -0.12739 1.1354 -0.81997 1.2071 -2.1266 1.1109 -2.0432 0.93522 -0.2062 
citrus 0.44201 -0.18137 0.33996 -0.77948 0.55113 -0.4777 1.3599 -0.07389 1.146 -0.17453 0.68465 -0.64349 -0.57198 2.1589 1.6557 0.30892 -0.40766 -0.35672 0.064167 0.88388 0.13522 -0.58505 0.2717 -0.028683 -1.346 -0.042076 0.69876 -0.61435 -0.17297 0.18983 0.18553 -0.31605 -0.43652 0.2092 -0.70827 -1.0698 1.2377 -0.72762 -0.49112 0.33322 -0.40945 0.020612 -0.68556 -0.16028 -0.33897 0.16459 0.038072 -0.49641 0.10974 -0.034017 -0.91108 0.40389 -0.81978 -0.094344 -0.3576 0.056516 -0.52182 -0.67308 0.64654 0.82268 -0.26623 0.73391 0.86151 -0.84635 -1.1614 -0.3511 1.4253 0.89603 0.003085 1.3874 0.26988 -1.2802 -1.2284 -0.16195 -0.069929 -0.63078 -0.98368 -1.1129 1.0481 2.1074 0.82106 0.22702 -1.1111 -0.24575 -0.031731 -0.085243 -0.013945 -0.46421 -0.055476 -0.34922 0.66666 -0.36942 1.4168 0.61237 -0.20071 -2.625 0.22796 -3.2398 0.23095 0.42819 
ammonia 0.73057 -0.33214 -0.1076 -0.63442 0.35155 -0.13108 -0.58334 0.018905 0.064724 0.37174 0.35361 -1.3125 -0.71897 0.17909 0.36632 0.30861 0.10666 -0.6067 0.29895 0.70875 0.28244 0.65972 0.52345 -0.6417 0.060432 0.28691 0.49369 -0.20979 -0.63244 0.55668 0.758 0.52836 -0.43739 -1.2115 0.52586 -0.87873 -0.34737 1.0085 0.030158 -0.035716 -0.027051 -0.40409 0.30604 -0.11644 -0.26722 0.036771 0.66079 -1.1984 -0.069806 -0.40383 0.0096907 -0.058107 -0.45062 0.039845 0.13981 0.58071 0.00047902 -0.061676 0.0072285 0.35605 -0.50939 1.0919 -0.84715 -0.37035 -0.88379 0.52822 0.076119 0.42726 -1.7214 0.88157 0.56888 -0.097739 0.56234 0.10911 -0.32901 -0.077877 -0.78435 -1.0778 0.60349 1.4676 1.0442 -0.035632 -0.73113 1.0488 -0.3193 2.1331 0.12596 0.6638 0.65833 -1.225 0.33045 -1.0472 1.0721 0.41796 -0.12466 -0.71736 0.77028 -0.20556 -0.38675 -0.080276 
cedar -0.15389 -0.61282 1.4223 0.19803 -0.1838 0.68646 1.1736 -0.87172 0.47997 -0.47298 0.67696 -0.31296 0.027893 -0.82267 -0.44909 1.1595 -0.39719 0.071489 0.84282 0.033877 -0.99856 0.54097 -0.49373 0.042744 -0.74209 0.48638 0.067644 0.034231 0.84931 -1.1917 0.30996 -0.39238 -0.57737 -0.54566 -0.70278 1.0744 0.34181 -0.68309 0.14317 0.76379 -0.4451 0.46781 0.19322 -0.76777 0.077043 0.33093 0.35184 -1.0644 -0.48748 -0.93596 -0.28362 0.13191 -0.32229 -0.27944 -0.23213 0.79452 -0.46057 0.48697 -1.01 0.16279 -0.36611 0.14533 0.68824 -0.51003 -0.28995 -0.066453 1.4952 -0.33308 0.45446 0.65391 -0.11963 -1.0084 -0.61141 0.36463 -0.12984 0.22181 -2.0985 -1.7585 -0.10896 2.2323 0.083236 0.27066 -0.96688 0.35005 -0.23898 -0.13385 -0.22446 -0.30606 1.0591 0.055268 0.46042 -0.81459 1.7308 0.19673 0.24682 -3.5989 -0.067041 -2.0386 0.04659 -0.48522 
weed 0.58244 0.40363 0.35004 -0.65427 -0.8405 0.28279 -0.092627 -0.256 -0.075417 1.3322 0.48576 -0.97175 -0.1169 -1.8217 -0.47797 0.53257 0.19752 0.68535 -0.55491 -0.0085957 -1.4948 -1.2192 0.052712 0.24469 0.27917 -0.6176 -0.49221 -0.41555 -0.37329 0.11558 0.16639 0.86039 -0.081126 -1.3448 0.8263 0.29577 -0.44897 -0.70723 -1.1884 1.4174 -0.49681 -0.60479 -0.47446 0.29903 -0.4123 0.028694 -0.35023 -0.87487 0.16509 0.4076 1.8153 -0.12298 -0.41271 -0.77145 1.1691 0.94171 1.7801 -0.049872 0.097081 -1.0882 1.0379 -1.7306 0.64906 0.39275 -0.71205 1.1422 0.85346 1.1907 -0.98774 0.15976 0.90382 -0.70473 -0.51915 0.13748 0.14364 -0.47841 -0.079411 -1.2904 0.20917 0.12531 0.43673 -1.015 -0.80833 0.82173 0.72232 0.96446 -0.82271 -0.006246 0.20896 -0.29206 1.1937 0.070333 0.94104 0.50716 1.0895 -0.70268 0.18973 0.89781 -0.1138 -0.62688 
rubber 0.1147 -1.2076 0.64189 -0.45766 -0.84584 -0.11688 -0.24025 0.49281 0.10559 -0.34218 0.51588 -0.93418 -0.03357 -1.1741 0.39898 0.98545 0.76907 -0.77862 0.6908 0.1341 -0.87932 -0.32396 0.24757 0.40155 0.50248 -0.19665 -0.14137 -0.16584 0.41936 0.79706 0.64984 0.027358 -0.16165 -0.47628 0.88656 0.94206 1.0951 0.84317 0.5434 0.21819 -0.73531 -1.9036 -0.058475 -1.0316 0.8421 0.86555 0.9577 -1.2189 -0.60785 0.061441 0.46098 -0.71713 -0.16512 0.28449 -0.10364 -0.33603 0.60087 -0.029971 -0.79069 -1.0435 0.71945 -0.21242 -0.60413 1.9449 -0.11274 -0.20041 -0.15529 -0.1695 -1.1737 -0.78753 1.1075 -0.78697 0.38233 -0.16353 -0.1653 -0.66266 -0.88191 -1.1852 -0.86363 0.26294 0.74914 -0.91263 -0.66398 0.89911 -1.46 1.74 -0.36501 0.21415 0.89488 -1.0462 -0.1684 -1.552 1.9619 -0.2858 -0.29378 -1.462 0.18508 -1.2652 -0.9286 0.47525 
vegetable -0.057305 -0.25473 0.47374 -0.59462 -1.0259 -0.86462 0.63159 -0.36518 1.2863 0.031463 1.7445 0.24005 0.22496 -0.55058 -1.0144 0.39178 0.23695 0.32516 0.53356 -0.74124 -1.7001 -0.68751 0.88506 -0.070205 -1.1213 0.69711 0.42534 -0.82319 -0.92362 0.069089 -1.3054 -0.45314 0.48898 0.497 -0.00031101 0.81408 0.21813 -0.22257 -0.1655 0.42791 0.59525 0.29777 0.53945 -0.51826 -0.60531 -1.6041 -1.6411 -0.94282 0.19605 -0.6054 0.86316 -0.47893 0.65867 -0.51214 1.2085 0.14019 0.55412 -0.85717 0.42785 0.86502 -0.14197 -0.25074 -0.0026464 -0.3621 -0.75086 0.44956 0.55333 -1.2778 -1.0664 1.2978 0.29227 -0.62286 0.77226 -1.3036 0.099956 -1.1468 -1.0162 -0.8723 0.58535 0.40643 0.98959 0.99008 -0.91661 0.80035 -0.019238 1.9223 0.71263 0.42584 -0.16664 -0.81542 0.70784 0.38402 0.69376 0.026301 0.4032 -0.8166 0.52663 -2.0844 0.56415 -0.16289 
vinegar 0.26311 -0.29817 0.28966 -0.037297 -0.46706 0.146 0.038558 0.1739 1.1379 -0.0091226 1.3029 -0.4984 -0.031869 -0.26019 0.031036 0.82093 -0.10908 -0.22197 -0.086129 0.067267 -1.0283 -0.33452 0.25254 -0.38947 0.0343 -0.060943 0.87249 -0.27819 0.14788 -0.18605 -0.021137 -0.25442 -0.41652 -0.41903 0.31086 0.19902 0.43883 -0.49998 -0.31351 0.78262 -0.31913 0.70827 0.15763 -0.91845 0.38841 -0.8031 -0.31544 -0.24149 -0.7322 -0.23632 0.13723 -0.031162 -0.41888 -0.49141 0.46666 0.78101 0.35397 0.29307 -0.4191 0.12794 -0.54112 1.0303 0.90066 -0.11824 -1.3325 0.039057 0.56199 0.3768 -1.9271 0.66326 -0.086245 -0.96866 -1.3668 -0.37038 0.30691 -1.0653 -0.58644 -0.85853 0.59463 1.3117 1.3917 0.20944 -0.87582 0.75346 0.087308 1.2919 0.13088 0.06887 0.2006 -0.4764 0.63366 -0.82466 0.19978 -0.12605 0.24766 -1.1673 0.2418 -0.99806 0.028304 0.043953 
popcorn -0.39541 1.0393 -0.15093 -1.2563 -0.32808 0.64655 -0.21699 0.73663 1.2156 -0.33906 1.2113 -0.22118 0.72418 0.13427 -0.67219 0.026606 -0.60132 0.10329 1.2045 0.072204 0.14108 -0.68613 0.51666 0.031785 -0.2841 0.12876 0.62929 0.99912 -0.366 -0.21721 0.014128 0.054512 0.27137 1.1996 -0.081363 0.44834 0.81248 0.19646 0.2349 0.045666 0.022233 0.34647 -0.18258 -0.11913 0.43778 -0.64472 -1.0827 0.4044 -0.037223 -0.44004 0.62235 -0.68496 0.2475 -0.034602 -0.45241 0.1466 0.75318 0.87193 -0.12555 -0.29313 0.44337 -1.2177 0.47976 0.91523 -0.95545 -0.39987 0.3887 -0.41378 -1.9129 0.7324 0.89733 -0.70854 -0.71594 -0.035013 0.51481 -1.268 -0.38216 -0.48256 0.095654 1.2718 1.0709 0.2684 -0.73857 0.039857 -0.27511 0.40974 -0.45804 0.25882 0.50478 -0.2101 -0.21242 -1.2578 1.0827 -0.37395 0.059123 -0.33086 -0.29387 -0.40101 -0.51658 0.29982 
potato -0.20634 -0.072326 0.21544 -1.3692 -0.65788 -0.11373 0.6108 0.44067 1.9808 -0.30733 0.74294 0.78556 0.79037 -1.1958 -1.1877 -0.5331 -0.6898 0.059808 0.33645 0.13403 -0.0047817 -0.98577 0.44575 -0.77694 -0.62338 0.38195 0.85135 -0.15713 -0.78084 0.38878 -0.1367 -0.32271 -0.13159 1.5299 0.38666 -0.0080805 -0.26138 -0.07672 1.0927 -0.55959 1.0903 0.39491 0.53047 -0.19599 -0.15851 -1.5552 -0.53583 -0.059619 0.14366 0.11556 1.3706 0.25776 0.2123 -0.30824 0.46087 0.38835 0.79096 0.54047 0.067081 0.0091378 -0.41851 -0.99742 1.1247 0.078828 -0.53386 -0.15044 0.75273 -0.46491 -2.2511 1.6434 1.4715 -1.0831 -0.30181 -0.83119 1.0643 -2.157 -0.59852 -0.70039 0.62105 0.87671 1.032 0.55126 -0.39657 0.29208 -0.21303 0.16912 -0.20495 0.59265 -0.0075069 -0.41826 0.30943 -1.0164 2.2399 -0.69512 -0.061322 -0.10313 -0.073347 -1.6897 -0.41209 -0.44728 
strawberry -0.30445 -0.33661 0.26254 0.12863 -0.59231 0.58187 0.64406 -0.20114 0.684 0.71146 0.92608 -0.27802 0.081267 -0.18611 0.69127 0.76041 -1.3942 0.38233 -0.1203 0.78283 -0.0467 -1.1552 -0.23365 0.50033 -0.21585 -0.14044 0.50108 0.21355 -0.13663 -0.63814 -0.31797 -0.52871 -0.40416 -0.067074 -0.74569 -0.57776 1.0461 -0.55834 -0.72159 0.82961 -0.51783 0.46531 -0.73546 -0.51555 -0.064472 0.015196 -0.15246 -0.20153 -0.42912 -0.056783 0.18271 -0.51215 -0.36204 -0.089092 0.25152 -0.38029 0.037219 -0.47463 0.079025 0.4065 0.073021 -0.61924 0.54502 -0.094719 -0.1662 0.58186 0.76271 0.37947 -0.84143 0.63642 0.42067 -0.75532 -1.0855 -0.084245 0.18303 -0.58378 -0.59018 -1.1738 0.5528 1.5029 0.14213 0.70383 -0.90252 0.098694 -0.43848 -0.11881 -0.1933 0.29584 0.30594 0.41855 -0.19156 0.14045 1.3059 -0.36204 0.084983 -1.2031 -0.34278 -1.8013 0.37409 0.70281 
peppermint -0.57525 0.28225 0.23422 -0.61843 0.40278 0.2978 -0.18395 -0.27254 0.6159 -0.31009 0.77337 -0.57318 -0.14303 0.86906 -0.165 0.39261 0.24009 -0.074029 0.17227 1.4106 0.082509 0.115 0.44935 0.18387 -0.10372 0.31257 0.42505 0.20043 -0.46499 0.39159 0.40609 -0.36266 -0.58227 -0.31843 -0.48819 0.20336 0.49303 -0.13476 -0.1782 0.59744 -0.59195 0.50846 -0.55083 -0.72789 -0.35832 0.078859 -0.29734 -0.48604 -0.054889 0.01271 -0.016482 0.26185 -1.1623 -0.063815 -0.54231 0.54731 -0.067481 -0.81352 -0.0094823 -0.066894 -1.0048 0.94017 0.19128 -0.68885 -0.79897 0.19382 -0.15702 0.72756 -0.24818 0.75619 1.0896 -0.52367 -0.24702 0.18522 -0.052279 -0.50681 -0.56973 -0.99761 0.35591 1.1306 0.81413 0.43133 -1.2314 0.77001 -1.095 0.9371 -0.44068 0.52333 0.092814 0.01912 0.18741 -1.4976 0.60971 0.93878 0.074807 -0.61882 0.29531 -2.3587 -0.15133 -0.13739 
mouse 0.2811 -1.231 -0.3008 0.82946 -0.58469 -0.41916 -0.87723 0.2375 -0.38988 0.025138 0.49315 0.47487 -1.7261 -0.64438 -0.03497 0.16281 1.7638 0.67582 0.67961 -0.37914 -0.60849 -0.20811 -0.69295 -0.97318 0.47445 -0.25391 0.065975 -0.32201 -0.14462 -0.77145 0.40977 -0.18406 0.49477 -0.18469 0.055803 1.0681 0.48179 1.1727 0.41979 0.16816 0.2938 -0.46207 0.072562 -0.95224 -0.054585 -0.15971 0.99255 -1.574 -0.97364 -0.49152 0.96858 0.14314 0.04443 -0.88785 0.39895 0.032929 -0.14691 0.011675 0.28296 0.99049 -0.29768 -0.74834 -0.38023 0.028115 -0.04877 -0.33112 0.25038 -0.26174 -0.29959 -0.071893 0.4145 1.0044 -0.27759 0.63099 0.99899 0.14042 -0.022136 -0.29616 0.39835 -0.046219 -0.11264 1.0831 -0.32071 1.8637 -0.54592 1.8316 0.29544 -0.56932 0.088664 -0.30628 -0.42208 0.65881 1.5496 0.13811 1.0389 -1.2259 -0.36862 0.80326 -0.3286 0.46775 
disinfectant 0.516 -0.16766 -0.24677 0.013292 0.39423 -0.19386 -0.29224 0.058114 -0.84123 0.45754 0.46733 -0.69958 -0.29114 -0.08454 0.17966 0.022851 1.311 -0.2159 0.42031 -0.47028 -0.36271 0.30404 0.064855 -0.97102 -0.51178 -0.11112 0.25681 -0.55957 -0.2069 -0.10655 0.020787 0.15351 0.31715 -0.40551 0.64003 -0.19938 0.56775 0.55106 -0.1658 -0.078955 0.36354 0.099603 -0.0376 -0.17083 -0.18305 0.48981 0.74853 -0.81296 -0.028431 -0.96072 -0.35029 0.15113 -0.33812 0.15172 0.063479 0.55674 -0.081722 0.32422 0.21188 0.2088 -0.04816 0.49346 -0.18074 0.20455 -0.31196 0.10349 0.48946 0.2933 -1.2067 0.88854 0.28965 0.27343 0.36343 -0.76361 -0.36554 0.36331 -0.39962 -0.87446 0.81321 1.7152 0.78706 0.40163 -0.96995 0.58932 -0.5111 1.8466 0.045132 0.11706 0.41567 -1.0073 0.60879 -1.4063 0.95421 0.5546 -0.15209 -0.81462 1.0453 -0.42605 -0.70438 0.21239 
peach -0.15357 1.2754 -0.36792 -0.038476 -0.050888 0.99938 0.76926 -0.44525 -0.091615 0.35542 1.0726 0.79095 0.77696 -1.0191 0.92019 0.40326 -1.6415 0.23659 -0.075137 0.7528 -0.27851 -0.51929 0.80694 0.69725 -1.0865 0.37055 0.18855 -0.8009 -0.14 -1.5061 -0.94103 0.70348 0.11132 0.54186 -0.22437 0.97429 0.8515 -0.70695 -0.0085989 0.35178 0.13513 1.1577 -0.42724 -0.47528 0.52925 -1.6535 -1.4104 1.0579 -0.08227 0.23036 -0.0073414 -0.23882 -0.34043 -0.22701 -0.46134 0.16917 -1.1732 -0.90063 0.82911 0.15823 0.030602 0.42407 1.1314 -0.4272 -0.70002 0.66593 0.080192 -0.29419 -0.74405 1.6891 0.97877 -0.7053 -1.296 0.13913 0.51859 -0.8269 -0.98769 -0.57637 0.20013 1.2485 0.23451 1.3006 0.17597 0.41428 -0.41043 0.0043491 0.20885 0.48585 0.43631 0.51182 1.3283 -0.56285 2.0076 -0.32985 0.35994 -1.6977 -0.9634 -2.9545 -0.058165 0.36722 
cherry -0.74007 0.45099 0.19695 0.49789 -1.3094 0.027909 1.6294 -0.98694 1.7656 1.2373 -0.036966 -0.18458 0.61384 0.17976 -0.2153 0.50098 -2.439 0.32578 -0.51484 1.3334 0.61277 -0.47761 -0.089693 0.64335 -1.4434 -0.25638 0.73149 -1.0759 -1.0023 -0.91282 0.10385 -0.68036 -0.75756 0.79531 -0.91379 -0.64062 0.79711 -0.86287 -0.77486 0.86424 -0.67773 0.56379 -0.80984 -0.60093 -0.82142 -0.53237 -0.0030147 0.15553 -0.6751 0.021997 0.0049402 -0.46063 -0.099439 -0.91802 0.84935 -0.45226 0.50787 0.088684 0.7115 0.017563 -0.46666 -0.16892 0.0029425 -0.021291 0.042878 0.53461 1.4279 -0.19972 -1.0382 1.7633 0.28706 -1.1057 -1.9964 -0.010615 0.55822 -0.8052 -1.5419 -1.2107 0.7402 2.1072 0.64191 1.8763 -0.62171 0.0063688 -0.17782 -0.96713 -0.04804 -0.038275 0.10823 0.55865 0.051844 -0.5944 1.4847 -1.4423 -0.36233 -2.0164 -0.031333 -2.4953 0.19839 0.45065 
bark 0.5938 -0.68 0.96926 -0.28839 -0.98288 0.53839 1.3688 1.0751 0.3265 0.13223 0.21861 -0.46476 -0.64439 -1.1281 0.52374 -0.093697 -0.25908 -0.036948 1.2971 -0.0021082 -0.84824 0.068767 -2.3262 0.18021 -0.96328 -0.84322 -0.39582 -0.52195 0.38162 -1.1184 0.23592 -0.33027 0.27651 -0.39825 0.28084 0.91653 0.91464 0.078567 -0.84173 1.0497 -1.044 -0.82397 0.1856 0.15561 0.94141 -0.29474 0.059169 0.1399 -1.081 0.43961 1.0641 -0.61468 0.24231 0.62372 -0.0041158 0.0257 1.0699 1.0699 -0.40309 -0.33204 0.068364 -0.87099 -0.48227 0.67966 0.34323 1.0162 1.9466 -0.70327 -0.90536 0.88857 -0.23874 -1.2751 -1.2283 0.93507 0.94468 -0.98998 -0.72462 0.14609 -0.79582 -0.81139 -1.918 0.5045 -1.0371 1.6111 -0.63862 -0.04268 -0.30354 0.20567 1.4026 -0.9129 0.6162 -0.98627 1.965 -1.994 0.45683 -1.4909 -0.17938 0.26206 -0.57123 0.51205 
clove -0.17858 -0.03796 0.8968 0.11954 0.32939 -0.27458 0.06185 -0.2861 0.80567 0.080077 -0.39779 -0.42433 0.77727 0.096518 -0.09579 -0.02692 -0.13973 -0.47753 0.85437 1.1359 -0.66833 -1.0731 0.23234 -0.96333 -0.31967 1.1171 0.22303 -1.3276 -0.11756 -0.60643 -0.28748 -0.39286 -0.92314 -0.020979 -0.21479 0.96107 1.3791 -1.5982 0.45367 1.8418 0.17316 0.34286 -0.18478 -1.705 -0.39155 -0.32638 -0.89237 -1.3592 -0.28651 -0.26841 0.43644 0.62651 0.1398 -0.51548 -0.47151 0.19679 -0.035592 -0.21323 -0.7976 0.88088 0.91898 -1.4762 0.694 0.017444 -1.0681 -0.80405 0.10253 -0.39695 0.74209 0.81317 0.73214 -1.0194 -1.8511 0.40643 -0.52317 -0.45958 0.34084 -1.2291 0.0878 1.4949 1.2015 1.2982 -0.94074 -0.069191 -0.96199 1.5248 -1.0634 0.6419 -0.35257 -0.17545 0.48412 -1.4252 1.0715 1.1193 -0.084287 -1.8164 0.34646 -2.7209 -0.40855 0.24107 
bakery -0.21223 0.58575 -0.0044456 -1.9143 0.17761 -1.0996 0.45544 -0.66482 1.3095 -0.052414 1.7283 0.76225 1.5841 -0.51571 0.29824 -0.65665 -0.49284 -0.33985 0.82843 0.18581 1.1546 -0.79405 0.04321 -0.30016 -0.57425 1.2356 1.0493 0.39277 -0.2577 0.76689 -0.88376 -0.67132 0.29568 1.9045 0.11245 -0.70451 -0.37994 -0.065804 0.24518 -0.45504 0.5589 0.45706 0.91372 0.62159 0.049138 -1.5964 -1.0498 0.42757 -0.40693 0.61064 0.88132 0.13295 0.026725 -0.4989 0.27234 0.2305 -1.6104 1.7377 -0.24369 -0.23432 0.082047 -0.4096 0.38157 -0.65436 0.65864 -0.19243 -0.089885 -0.83035 0.4669 -0.055656 0.77391 0.75035 -2.1622 -0.23691 1.3406 -1.5171 -0.92017 -0.69886 0.41237 2.5136 1.0606 1.5483 -0.52005 0.63067 -0.31545 -1.112 -0.18693 -0.922 0.51891 0.36837 0.7522 -0.10856 3.0803 -0.22816 -0.14308 -1.2175 -0.88791 -0.82943 -0.52428 -0.53412 
detergent -0.39131 -0.89109 -0.039266 0.25319 -0.27092 -0.35388 -0.76113 0.45167 0.041975 0.11289 0.8431 -0.045318 -1.1737 0.75355 0.99454 0.24818 0.40268 -0.28018 0.52179 0.79853 0.56119 0.34631 0.095763 -0.73219 -0.39805 0.89524 1.3866 -0.49791 0.16766 0.88576 0.65016 -0.51252 0.096219 -0.2525 0.079538 0.28514 -0.12882 0.62251 -0.19881 0.096618 -0.41783 0.51834 -0.18176 -0.31827 -0.25515 0.30208 0.56814 -0.50957 -0.53536 -1.0904 -0.28158 0.12475 -0.1297 -0.24343 -0.13984 0.84069 -0.94773 0.070788 0.071639 0.46104 -0.16542 1.4708 0.19221 -0.60125 -0.71289 0.42524 -0.66074 1.5583 -0.24413 0.97575 0.13941 -0.028549 -0.10784 -1.1317 -1.0383 -0.41712 0.066887 -0.7843 0.84911 1.2202 1.2794 -0.4734 -1.4836 1.1168 -0.85549 1.9506 -0.21175 -0.38897 -0.063414 -0.84015 0.16211 -0.53834 0.78397 1.1774 -0.26954 -1.64 -0.0108 -1.7691 -0.42359 -0.81442 
mothball -0.073589 -0.58472 0.17028 1.0455 -0.41229 0.71428 -0.63282 0.12152 -0.43947 0.40644 1.0136 0.11129 -0.56264 -0.22604 -0.17541 0.010968 0.15664 0.46716 0.01754 0.35571 -0.18042 -0.95368 0.076611 -1.1269 0.14569 0.054209 -0.082797 0.21514 0.94441 -0.40862 -0.1986 0.37407 -0.37265 -0.87223 -0.13604 1.539 1.3694 -0.42758 0.44736 0.82341 -0.093303 0.58469 -0.31754 -0.60047 0.64989 0.25582 -0.016538 -1.2452 -0.71648 -0.066303 -0.012396 -0.27133 -0.14211 -0.437 0.3738 0.38589 0.28501 0.95293 -0.3792 -0.28657 0.28698 -0.032189 -0.19353 0.087843 -0.28958 -0.43495 -0.31983 0.14405 -0.6801 0.46756 0.54849 0.12413 -0.20561 -0.091192 -0.16336 -0.31498 -0.20983 -1.304 0.47827 1.9856 0.20283 0.25181 -0.84597 0.33231 -0.41676 0.7167 -1.0261 0.2456 0.47668 -0.20364 -0.14456 0.11975 1.229 0.2017 0.32987 -1.3552 9.4109e-05 -0.020459 0.26459 0.54908 
oak 0.69061 -0.78502 1.2389 -0.46589 -0.91633 0.21155 1.8809 0.11738 0.23495 0.3382 -0.017582 -0.14481 0.4511 -2.7353 -1.1847 0.63929 -0.26047 0.0415 1.3874 0.36892 -0.71073 0.72141 -0.58891 0.025996 -1.1071 -0.13682 -0.38814 -0.26545 1.4211 -0.85638 0.14171 0.17959 0.32066 -0.7666 -0.44544 0.37085 0.46978 -0.48738 -0.42044 0.68179 -0.87604 0.57234 0.002077 -0.29283 -0.46863 -0.95823 -0.8435 -0.63243 0.33014 -0.042036 0.61958 -1.2289 0.10436 0.24088 0.52172 0.33331 0.58402 0.094322 -0.91655 -0.37936 1.228 -1.3261 0.41443 1.134 0.4134 -0.053951 1.1458 0.45137 -0.080565 1.0578 0.37558 -0.83827 -0.42116 0.65298 -0.1351 -0.60677 -1.4871 -1.2607 -0.43626 1.0494 -1.0695 -0.38633 -1.0128 0.41804 -0.52474 -0.36286 -0.10982 0.32666 1.0222 -0.99923 0.96056 -0.39899 1.6944 0.0025142 0.20868 -3.0455 0.10129 -1.6302 0.024494 -0.3102 
tar -0.39627 0.45763 0.98359 -0.33741 -1.8389 -0.19898 1.1387 -0.58331 0.82022 -0.15632 0.60986 -1.585 0.93079 -2.1347 -1.176 2.0372 -2.4411 0.16048 0.72731 0.50435 -0.29888 0.34199 0.015068 0.57412 0.77391 -0.99403 -1.0366 -0.88018 0.82158 -1.849 -0.18324 -0.17637 0.03732 0.76846 -0.36541 0.66277 0.60558 -0.85615 -0.47882 0.65419 0.065638 -1.3266 0.55433 -0.60072 0.078688 0.92142 -0.49476 0.44156 -0.41934 -0.42936 -0.6956 -0.67509 -0.26857 -0.38735 0.32045 -0.2252 1.2869 0.59696 -1.3168 -1.1241 -0.31038 -0.34282 -0.013465 0.40287 -0.094877 0.40458 2.4973 0.073651 -0.7864 0.83447 -0.28872 -1.2536 -2.0511 1.3323 0.80435 -1.1884 -1.8514 -0.88915 -1.5846 2.4153 0.83429 -0.82413 -1.3629 2.3605 0.040432 -0.58863 0.27062 -0.36067 1.4271 -0.74157 1.644 -1.9801 1.7823 -0.63246 0.52136 -2.6962 -0.50431 -2.1101 -1.5123 -0.16348 
violet 0.32426 0.58797 -0.40575 0.61192 0.6984 0.24321 0.88446 -0.13551 0.40871 -0.17248 -0.078619 -0.76164 -0.55225 1.2719 0.59171 -0.4251 -0.65042 0.92293 -0.045305 0.45795 0.33989 -0.22565 0.010368 0.27984 -0.28236 -0.64214 -0.20262 -0.1237 0.5985 -1.5822 -0.0003056 0.028782 -0.55401 0.14221 -0.4828 0.90903 0.16696 -0.70312 -0.74613 0.47841 0.026595 0.78259 -1.1926 -0.1167 0.025983 0.10627 -0.32426 0.30496 -0.036839 -0.26383 -0.0373 0.14185 -0.48515 -0.32622 -0.72963 0.41134 0.53442 -0.6593 0.0084116 -0.11508 0.012567 -1.0256 0.66606 -0.83554 -0.38524 0.083596 -0.86775 0.28529 0.027291 -0.027437 0.03691 -0.90131 -0.36554 0.096378 -0.077812 -0.044133 -0.27056 -0.20511 0.38176 1.0698 0.046093 0.17655 -0.16145 0.18799 -0.009474 -0.18382 0.29062 0.10381 0.31817 -0.071544 1.1316 -0.27389 0.62952 -0.48779 0.38046 -1.6262 0.59138 -2.1548 0.72517 0.49352 
coconut -0.54946 0.37104 -0.18266 0.54222 0.10539 0.73252 -0.33048 -0.076778 1.4949 0.034029 -0.048558 -0.30687 0.41644 0.49814 -0.2393 0.29975 -0.76297 0.059936 0.47912 1.495 0.60051 -0.38077 0.21453 0.49045 -0.6785 0.28861 1.3055 -0.32141 0.86303 -0.46489 0.15789 -0.23155 -0.38285 0.61927 -0.75241 -0.12859 0.47998 -0.82178 -0.13488 0.91079 -0.12078 0.43963 0.040518 -0.5578 0.39662 -0.12317 -0.24997 -0.15268 0.056903 -0.63217 -0.61167 0.17537 0.042502 0.23881 0.19407 -0.27691 -0.51258 -0.096148 0.044764 -0.048376 0.21843 -0.030267 0.56757 -0.30425 -0.28019 -0.64515 0.58122 0.57189 -0.33689 1.5287 0.21439 -1.4575 -0.61981 -0.17499 0.31941 -1.0017 -0.52129 -0.80544 0.015329 1.5302 1.2244 0.24438 -0.68115 0.43274 -0.70058 0.75564 -0.20026 0.93999 0.70025 -0.27706 -0.041702 -0.64222 1.1083 0.3462 -0.072053 -0.4641 0.12545 -2.5181 -0.2403 -0.74331 
grape -0.14372 -0.67321 -0.21163 0.98949 -0.66796 0.67315 1.2078 -0.42352 1.6485 0.4806 -0.12603 -0.35486 0.10764 -0.41771 -0.76179 0.17223 -1.32 0.01939 0.12127 1.2101 -1.1334 -0.034607 -0.62752 0.12528 -1.2344 -0.78267 0.80912 -0.58957 0.13831 -0.395 -0.28885 -0.13449 -0.28829 0.077928 -0.94128 0.87912 0.55009 -1.0152 -0.91645 1.1386 -0.48083 0.26131 -0.98005 -1.2819 0.45771 -1.3349 -0.94704 0.67688 -0.011075 0.2487 -0.84336 -0.010411 -0.015914 -0.26344 -0.011095 0.40898 -0.012356 -1.1971 0.96411 0.50296 -0.59037 0.62437 0.74085 -0.1942 -0.60489 -0.22195 0.53846 0.076081 -0.78986 0.98315 0.18801 -0.67959 -0.36432 -0.64506 -0.54799 0.056683 -0.43404 -1.0008 0.25383 0.96728 0.093104 0.88415 -1.6908 -0.10753 -0.15483 -0.62696 0.12932 -0.36773 -0.063368 0.050569 0.54815 0.048865 1.9227 -0.0072447 0.81464 -2.9342 -0.67508 -2.9587 0.16917 0.61204 
berry -0.14791 -0.055943 0.7429 0.0055127 -1.0809 0.34255 2.6131 -1.2318 2.4678 1.05 0.73521 -0.014217 0.57752 0.19281 0.37698 0.87119 -2.4174 0.51324 -0.75201 1.8312 -0.013818 -1.1799 -0.27459 1.4829 -0.76717 -0.11214 0.34814 -0.070709 -1.1324 -0.68394 -0.4326 -1.4786 -0.43219 0.86068 -1.2815 -0.81461 0.66664 -1.2839 -1.4434 1.0515 -1.3236 0.84006 -1.3803 -1.0375 -0.99731 -0.75385 -0.42379 0.34292 -0.30436 0.13852 0.29992 -0.56071 -0.17383 -0.87781 0.68958 0.22971 0.24116 -1.0627 1.142 0.54124 -0.26929 -0.54834 0.96052 -1.1176 -0.75915 0.016435 0.91647 0.011917 -0.83608 1.5304 0.3543 -1.6107 -1.746 -0.44967 0.081115 -0.3666 -1.4035 -1.2853 1.2117 2.0584 0.7321 1.9525 -0.86094 -0.38334 -0.020366 -0.99489 -0.040627 -0.13368 -0.45314 0.8279 0.1658 0.37042 1.1051 -1.0037 0.19141 -2.1453 -0.42906 -3.5596 0.95746 1.0367 
glue 0.18963 -0.35949 -0.36961 1.5114 -0.30834 0.78979 0.89076 -1.0519 0.42139 0.10513 -0.20398 -0.98138 -0.311 -0.15579 -0.60367 0.66479 -1.173 0.16571 -0.25035 0.23406 0.36482 1.3905 -0.41272 -0.095107 -0.34442 -1.082 1.1873 0.13836 -0.29126 -1.2071 0.29519 -0.88137 -0.039258 0.17717 -0.28706 1.3071 -0.47468 -0.48934 -0.30302 -0.55816 0.35387 -0.50387 0.10665 -0.99263 0.67289 -0.038088 0.69148 -0.44253 0.32165 -0.82725 0.027646 -0.35838 0.19076 -0.020779 -0.58736 0.13297 0.37927 0.69815 0.29204 -0.88274 -0.73272 -0.36381 -0.11073 0.29578 0.74548 0.18967 -0.19131 -0.50373 -0.30943 -0.19948 -1.013 -0.086902 0.07021 -0.16128 0.74216 -0.10493 -1.5797 -1.2622 -0.91929 2.4267 -0.026536 -0.81106 -0.49269 0.78502 -0.52472 0.69843 0.43274 0.16421 1.4205 0.091429 -0.20718 -0.59926 0.33863 -0.53916 0.51618 -0.85433 0.17836 -1.2251 -1.0745 0.58061 
banana -0.43328 -0.21046 0.54361 -1.4084 -0.32754 -0.30516 0.59966 0.21201 0.92286 0.37767 0.88605 -0.50858 0.14288 -0.003166 0.21538 0.20867 -0.97483 -0.20456 0.077684 0.39139 -0.10555 -0.80141 0.56918 -0.28124 -0.89854 -0.20065 0.6345 -0.69197 -0.97098 0.88717 -0.26455 -0.098649 -0.4267 0.51148 0.31182 -0.52698 -0.45465 0.23537 -0.08857 0.53448 -0.066275 0.08318 0.19543 -0.43205 0.33138 -0.68183 -0.092395 -0.47424 -0.6646 -0.1324 -0.34042 0.28193 -0.38509 0.098506 0.2903 0.35362 0.29712 0.61223 -0.00010129 -0.51851 0.12991 -0.28949 0.20251 0.35988 -1.048 0.050203 0.51644 -0.14147 -1.5301 1.0467 0.59141 -0.72808 -1.0069 -0.12893 0.33151 -0.47991 -1.0571 -1.1105 0.59859 1.6359 0.88506 0.67156 -0.89163 0.87775 -0.67862 0.10088 -0.24596 0.020892 -0.14916 0.32541 0.23241 -0.029379 0.97094 0.12287 0.33968 -0.44051 -0.47482 -1.1828 -0.099252 0.11726 
eucalyptus 0.1137 0.036588 0.286 -0.37776 0.28319 0.32691 0.81809 -0.41574 -0.050766 0.14377 0.020248 -0.53848 -0.3611 0.47357 0.17433 0.3028 -0.44817 0.14647 0.53978 0.69322 -0.4107 0.30827 -0.10306 0.032817 -0.78888 0.0073963 0.10051 -0.23308 0.75466 -0.53159 0.035348 -0.057766 -0.039309 -0.43403 -0.20253 0.42023 0.67065 -0.24861 -0.28863 0.88817 -0.41708 0.33611 -0.044515 -0.30891 0.1934 0.039881 0.074972 -0.50694 0.096659 -0.018778 -0.13117 -0.020848 -0.22008 0.077309 -0.0038482 0.057179 -0.17479 0.0098445 0.12341 -0.29317 0.31909 -0.43747 0.24571 -0.052572 -0.20092 0.3259 0.89744 0.3443 -0.38731 0.67835 0.48253 -0.72809 -0.91983 0.18529 -0.11089 -0.52637 -0.77464 -0.97281 -0.053888 0.89301 -0.35614 0.062869 -0.7093 0.59579 -0.047539 0.11112 -0.24076 -0.032235 0.70153 -0.082227 0.51126 -0.61793 1.2771 0.094487 0.25832 -1.7608 0.34907 -1.6719 -0.027469 0.18932 
mushroom 0.14668 -0.5366 -0.37899 -0.059907 0.60668 0.0036278 0.73453 -0.20089 0.4609 -0.19586 1.3204 -0.15394 -0.078324 -0.50742 0.081833 -0.10396 0.50266 -0.027066 -0.26675 0.15049 -0.31767 -0.30179 -0.58342 -0.86905 -0.91986 -0.26 0.66286 -0.51417 0.081841 -0.38237 -0.10872 0.34386 -0.014184 -0.034898 0.46319 0.69864 0.44208 0.11281 0.078999 0.39926 -0.44976 0.40325 0.4368 0.17207 -0.15739 -0.94184 -0.42088 -0.31877 -0.71489 -0.015581 0.49906 0.88495 0.035207 0.14072 0.6504 1.3604 0.17454 0.50226 -0.59354 0.7553 -0.54549 -0.61902 0.17077 -0.1846 -0.17368 -0.5135 -0.087867 -0.36654 -0.92316 0.77552 1.3221 -0.27656 -0.5729 -0.98153 -0.60467 -0.13202 0.0026084 -0.9546 0.83524 0.84874 0.62714 0.59225 -0.66526 -0.089169 0.52854 0.171 -0.68135 -0.064915 0.13201 -0.44754 0.8855 -0.26139 1.2117 -0.5063 0.336 -0.73966 0.64763 -0.96729 0.24293 0.91452 
rum 0.24669 0.11824 -0.42455 -1.2126 -1.0579 0.19664 0.96319 0.55942 1.0158 0.63143 0.056468 -0.96335 -0.20853 0.89755 -0.68873 -0.020412 -0.89461 0.082754 -0.4338 0.7059 0.37718 0.47779 -0.63243 -0.035396 0.093434 -0.61567 0.21352 0.54737 1.303 -0.4154 0.073966 0.85058 -0.15553 0.1403 -0.15284 0.42618 0.61363 0.52977 -0.63966 1.2236 -0.81684 -0.87798 -0.21059 -0.22985 0.60738 0.87385 0.47657 0.15697 -0.85748 0.30395 -1.2635 -0.574 -0.087676 -0.10246 -0.7132 -0.62711 0.80773 0.57012 -0.58175 -0.76074 0.93273 -0.92416 -0.4164 1.6582 0.77486 0.58263 0.87086 -0.25156 -1.1536 0.75424 0.032069 -0.32085 -0.33764 0.046052 0.17868 -1.4005 -0.8078 -0.80506 -1.0384 0.77293 0.64312 -0.022479 -1.1099 1.7262 -0.47751 0.40252 0.13307 -0.2561 1.1095 -1.1067 0.44801 -1.5932 1.8293 -1.0918 0.62657 -1.2724 0.07099 -1.8753 -0.69013 0.4793 
almond 0.16268 -0.12354 0.57123 -0.59251 -0.33387 -0.34413 0.59025 0.026565 0.56744 -0.48937 -0.27987 -0.40856 0.018816 0.089913 -0.5713 0.085162 -0.69254 0.17559 0.74975 0.90796 -0.28965 0.42771 0.088753 0.81978 -0.12018 0.15395 -0.45666 -0.4875 -0.069268 -0.6319 -0.048345 0.0068957 0.12626 0.14596 -0.68896 -0.157 0.37155 -0.37233 -0.19657 0.57652 -0.29274 -0.15746 -0.15944 0.25216 -0.80621 -0.30778 -1.6345 -0.24128 -0.20853 0.40803 0.24925 -0.60998 -0.65233 -0.52208 -0.79266 0.21142 -0.27955 -0.61153 0.21273 -0.13778 0.076619 0.70333 -0.64552 0.51238 -1.0252 -0.024623 0.90211 0.72627 -1.2254 1.3517 0.23234 -0.41828 -1.4028 -0.075675 0.15138 -0.75076 -0.18932 -0.34484 0.13334 1.3769 0.26344 0.45066 -1.0966 -0.03439 0.22898 0.6153 -0.16309 0.48992 0.093669 0.075364 0.76172 -0.55638 1.2259 0.43211 0.27212 -0.94565 -0.09894 -1.0745 -0.28189 0.028741 
pear -0.12015 0.38863 0.28019 0.80018 -1.0612 1.4732 0.97357 -0.53999 0.24847 0.5044 0.70485 -0.19153 0.55748 -0.68925 0.30642 1.1519 -2.5232 1.6542 1.495 1.4674 -0.94533 0.036855 -0.54983 0.59331 0.13482 -0.47232 -1.0527 -0.24378 0.76708 -1.5963 -0.35313 -0.23063 0.60774 1.3139 -0.54026 0.87947 0.71875 -0.20229 -0.71343 1.0074 -0.061227 0.31104 -0.72573 -0.86765 0.29462 -0.51849 -1.0562 0.59753 -0.44464 -0.12113 -0.10196 -0.3733 -0.22201 -0.071035 0.64123 0.61657 0.89587 -0.53925 0.22333 0.30765 -0.51335 0.76922 0.75989 -1.0062 -0.56068 -0.91223 1.1494 -0.15741 -1.1022 0.76284 0.35654 -0.98231 -2.1889 1.0281 0.81647 -0.61046 -0.19007 -0.87021 0.97549 1.9419 0.00094851 0.9183 -0.47584 1.771 0.86803 -0.3067 0.82022 0.27952 0.49394 0.89844 1.4844 -0.53386 -0.14519 -0.32589 0.42825 -2.7215 -1.2634 -2.1098 -0.0098322 -0.23475 
ham -0.44392 0.53174 -0.71004 -0.0077036 -0.65778 0.30222 -1.1537 0.54057 2.0823 -0.45215 0.20153 0.69687 1.3665 -1.1342 -0.26792 -0.06877 -0.61961 0.10645 0.71277 1.006 0.62301 -1.0909 1.1434 -0.29773 -0.10656 0.63408 0.8684 0.54726 -0.29992 0.61433 -0.059918 -0.19812 0.21202 1.0493 0.27527 -1.2218 0.24725 0.93915 1.3123 0.16474 -0.02774 0.52433 0.60267 0.45275 0.84513 -0.23241 0.1086 0.59747 -0.29013 -0.13251 1.2194 0.045537 0.45185 0.047723 0.54619 -0.17847 1.0213 1.4544 -0.9084 -0.27956 0.65128 -1.6315 -0.65517 1.119 -0.23375 0.33448 -0.99299 -0.85433 -1.6668 0.38126 1.5194 -0.45727 -0.75799 -0.2783 0.74127 -2.2624 -0.41043 -0.41492 0.21434 1.4564 1.4575 0.80686 -0.55034 0.30838 -0.14693 -0.20241 -0.4867 0.39253 -0.35029 -0.046942 0.083283 -0.46889 1.0356 -0.99629 -0.65313 0.34465 -0.25442 -0.71373 -0.12891 -0.29797 
turpentine 0.19254 -0.45958 -0.43225 -0.078522 -0.091796 -0.066434 0.045097 -0.25777 -0.539 -0.067497 0.17042 -0.18642 -0.3994 0.35299 0.3167 0.073291 -0.040791 -0.066428 0.05518 0.35681 0.25726 0.26954 -0.0049654 -0.36235 -0.74819 0.13672 0.74114 -0.41731 0.14277 -0.59165 0.25113 -0.27299 -0.33379 -0.49339 -0.20308 0.97637 0.11475 0.17673 -0.044349 -0.25695 -0.60963 0.10821 0.084846 -0.23359 0.30341 -0.43525 0.057404 -0.38397 -0.48645 -0.52441 0.020779 -0.58624 0.27062 0.45065 0.44887 0.14427 -0.1931 0.6956 0.064458 0.23454 0.31545 0.64869 -0.62602 0.13411 0.08631 0.27977 0.26192 -0.10484 -0.46992 0.37043 -0.31637 -0.46873 -0.058331 -0.1429 -0.18856 -0.69811 -0.63066 -0.83701 0.036522 1.4929 0.31889 -0.083747 -0.56649 0.53664 -0.41292 1.5665 -0.30197 0.50245 0.79565 -0.3401 -0.0044667 -0.1844 0.28115 -0.3251 0.09692 -1.4433 0.23191 -1.1586 -0.14949 -0.29357 
camphor 0.0027697 -0.065957 0.38673 0.028545 -0.016862 0.23101 0.058457 0.11019 -0.59633 -0.04224 0.058499 -0.12898 -0.70592 -0.070372 0.25031 0.055379 -0.11056 0.32475 0.042329 0.24828 0.091766 -0.30315 0.0044116 -0.087934 -0.20431 -0.15034 -0.37821 0.0052378 0.43999 0.15324 0.39768 -0.069813 0.038161 -0.86207 -0.19026 -0.023498 1.1031 -0.17175 -0.42496 0.57266 -0.49006 -0.4195 -0.4082 0.14728 0.010554 0.22837 0.65927 -0.4237 -0.3558 -0.11624 0.037996 -0.0030177 -0.2554 0.10449 0.24894 0.25102 0.19034 0.62171 -0.15258 -0.69564 0.011771 -0.1591 0.041302 -0.058236 -0.66854 0.23405 -0.0171 -0.18108 -0.30539 0.015108 0.92592 -0.35749 -0.48643 -0.012863 -0.057621 -0.19736 -0.50256 -0.62859 0.633 1.4158 0.24006 0.41092 -0.4248 0.60625 -0.10744 0.26939 -0.31757 -0.13091 0.081948 -0.71295 0.42257 -0.86752 0.91367 -0.027624 -0.48671 -1.2558 0.87774 -0.22089 0.076945 -0.1171 
pineapple -0.010016 0.077215 0.054674 -1.1515 0.025476 0.12984 1.2519 -0.014714 0.71046 0.73408 0.44179 -0.93495 0.37627 -0.4452 -0.21627 0.8271 -1.1348 0.14243 0.79793 0.4295 -0.76148 0.06768 0.049992 0.43324 -0.70184 0.35812 0.50019 -0.49119 -0.16672 -0.56967 -0.10324 -0.37444 0.33928 -0.078411 -0.63945 0.2751 0.96298 -0.68855 -0.52357 0.49494 -0.1135 0.48106 -0.51214 -0.73816 0.1565 -1.3686 -0.76105 -0.50687 0.13548 -0.2088 0.25884 -0.46964 -0.099592 -0.012675 -0.12672 -0.13464 -0.65674 -0.3808 0.044211 0.45488 0.54786 -0.4913 0.38657 -0.011087 -1.0238 0.0068382 1.6088 0.34229 -0.99195 1.4246 0.3147 -0.95043 -1.1573 -0.24077 0.079543 -1.4066 -1.172 -1.4676 0.47739 1.4406 -0.015491 0.25581 -0.61321 0.64796 -0.036097 -0.27144 -0.036532 -0.23281 0.74874 0.46936 0.83442 -0.2413 1.682 0.2277 0.29088 -2.1312 0.2086 -2.3184 0.48093 0.27266 
kerosene 0.27644 -0.5414 -0.053756 -0.14339 0.35951 -0.37107 0.25495 -0.29022 -0.075639 -0.40641 0.10324 -0.50464 -0.35623 -0.15056 -0.10205 0.0061663 0.40987 -0.3331 0.40012 0.040302 -0.26551 0.066021 0.23879 -0.22371 0.022925 0.1186 -0.073031 0.052706 -0.145 -0.46991 0.20851 -0.48896 -0.2066 -0.27892 0.2628 0.70025 0.57651 -0.29051 0.12755 0.072466 -0.33965 -0.030503 0.17919 -0.19263 0.4555 0.32946 0.066822 -0.92616 -0.14301 -0.27053 0.23971 0.16438 0.055066 0.48181 -0.21064 0.28789 0.38389 0.76419 -0.3532 -0.70844 0.05966 -0.31643 -0.27338 0.12432 0.29795 0.37689 0.97466 0.27413 -0.13431 0.64264 -0.22362 -0.41572 -0.31745 0.33615 0.2537 -0.21519 -0.74444 -0.86818 -0.084322 1.4396 0.52655 0.11479 -0.1776 0.9821 -0.30934 0.95726 0.1746 0.10694 0.85503 -0.46232 0.42062 -0.33823 0.22164 0.054447 0.097686 -0.61992 0.40305 -0.44858 -0.13394 -0.097225 
rope 0.73358 -0.44773 0.1784 0.5121 -0.11473 1.5215 0.70797 -0.43444 0.78312 0.15599 -0.61373 -1.2439 -0.35182 -0.96754 0.27646 0.23436 -1.2508 0.277 0.2703 0.045037 -0.44472 0.35654 -0.5035 -0.11164 -0.79502 -0.13543 -0.88774 -0.099838 -0.34116 -0.21204 0.79277 -0.42742 0.61586 -0.45855 0.45872 0.97075 -0.017442 -0.41126 0.26921 0.16006 -0.14439 -0.58636 -0.29068 -0.10253 0.46972 -0.079147 0.17903 -0.65281 0.2919 -0.27025 0.49002 -0.77245 0.12746 -0.19215 0.28128 -0.50485 0.57607 -0.16119 0.031009 0.010682 0.72415 -1.2716 -0.25964 0.27008 0.691 -0.12154 -0.19618 -0.057403 0.57702 -1.0734 0.54271 0.38024 0.10184 0.1849 0.33708 -0.4266 -0.93738 -0.57844 -0.3185 -0.45308 0.43424 -0.00040974 -0.53869 1.5875 -0.2527 -0.11415 -0.7847 -0.047741 0.020599 0.13227 0.41659 0.3852 1.4976 -0.59753 0.32859 -1.127 0.23786 -0.73449 -0.032089 0.25429 
licorice 0.16648 0.619 0.19329 -0.4146 -0.30185 0.29761 0.75494 -0.096564 1.4278 0.1795 0.25971 -0.139 0.012444 -0.076842 0.21791 -0.0041358 -0.7143 0.32216 0.030807 0.71615 0.163 -0.20427 0.30298 0.53391 -0.94081 -0.24897 0.31921 -0.13837 -0.10569 -0.44981 -0.079286 0.098776 -0.53981 0.49682 -0.48032 0.16462 0.016886 -0.50282 -0.054905 0.40019 0.18977 0.38427 -0.40053 -0.37979 0.076139 -0.64328 -0.3188 0.034361 -0.37108 -0.06128 0.18219 0.23134 0.28761 -0.20751 0.052744 0.1873 0.36073 0.22476 0.35902 0.18233 -0.16347 -0.3846 0.41999 -0.41359 0.10724 -0.07814 0.33244 0.083636 -0.86124 1.0072 0.39849 -1.5329 -0.70054 -0.21291 0.64769 -0.40965 -1.0315 -0.62304 0.91923 1.5068 0.95189 0.45667 -0.52627 0.13108 -0.26801 0.058209 -0.2592 0.38311 0.22787 -0.38114 0.001289 -0.9942 0.91763 -0.097688 -0.061022 -1.1032 0.67059 -2.1956 0.0093051 0.28195 
grapefruit -0.36747 0.019536 0.047703 -0.001109 -0.53947 0.42395 1.3831 -0.29583 1.3151 0.6203 0.10632 -0.15301 -0.0059688 0.26338 -0.14164 0.26298 -1.1738 -0.069603 0.11991 0.99312 -1.1126 -0.017309 0.082871 0.73418 -0.92955 -0.38096 0.88183 -0.53371 -0.46606 0.13497 -0.19491 -0.086064 -0.2907 0.097952 -0.6488 -0.23939 0.016439 -1.026 -0.8358 0.78555 -0.23521 0.33906 -0.85626 -0.81233 0.23628 -0.9967 -0.50751 0.42108 0.14888 0.19392 -0.36015 -0.1272 -0.3159 -0.60835 0.59598 0.30178 -0.085752 -1.2147 1.0569 0.40663 -0.40879 0.46797 0.75982 -0.71712 -0.91362 -0.18359 0.64681 0.017415 -0.66323 1.2939 0.43592 -1.0294 -0.94235 -0.31153 -0.16936 -0.3986 -0.90251 -1.06 0.40464 1.3665 0.29126 0.73293 -0.97116 -0.33715 -0.16443 -0.39273 -0.19799 0.21181 -0.036555 -0.043354 0.41856 -0.20065 1.3501 0.20836 0.31867 -2.4821 -0.34056 -2.755 -0.10959 0.1189 
caramel -0.27441 0.33472 0.2816 -0.32914 -0.61911 -0.22696 1.1673 -0.5542 1.5516 -0.44016 -0.091271 -0.63194 0.61801 -0.33066 -0.65865 0.25852 -0.60455 -0.1905 0.063082 0.74764 0.31526 -0.89636 0.74642 0.64375 -0.34662 -0.95125 0.18207 0.029088 -0.16964 -0.061914 -0.72609 -0.14052 -0.60048 0.7816 -0.56683 -0.0060677 -0.094744 -0.29065 0.0279 -0.17782 -0.026058 0.37224 -0.17411 -0.4273 0.22771 -0.28731 0.0019369 0.66211 -0.38994 -0.41721 0.45158 0.090675 0.015984 -0.0030543 -0.26615 -0.16668 0.40594 0.39447 -0.15269 -0.28276 -0.15149 -0.94814 0.11134 0.079402 -1.48 -0.2124 0.76281 -0.20328 -1.0794 0.94914 0.22045 -1.3872 -0.54343 -0.19049 1.1251 -0.26519 -0.90228 -0.63879 0.078354 1.1554 1.151 0.018984 -0.78876 0.57357 -0.54951 -0.60359 -0.13627 -0.16531 0.37554 -0.82548 0.61429 -0.92327 1.256 -0.35047 -0.33033 -1.2103 -0.017342 -1.8214 -0.36968 -0.32452 
raspberry -0.050947 -0.094694 0.38105 0.19079 -0.58396 0.070242 1.6465 -0.60024 1.4134 0.77427 0.011738 -0.4009 0.49443 -0.027476 -0.30514 0.60271 -1.6566 0.35392 -0.086062 1.0088 -0.11676 -0.27279 -0.16611 0.97847 -0.35361 -0.24793 0.21895 0.029022 -0.23825 -0.44566 -0.060738 -0.72651 -0.4875 0.30919 -0.66789 -0.45576 0.24734 -0.68324 -0.87049 0.66267 -0.52854 0.11226 -0.92495 -0.65417 -0.3831 -0.2199 -0.24029 0.35967 0.10093 0.23876 0.11851 -0.34963 -0.34734 -0.40807 0.31143 -0.15075 0.28257 -0.67537 0.5089 0.53145 -0.27185 -0.41625 0.23953 -0.79905 -0.36938 0.055484 0.99698 0.27356 -0.9219 1.2376 0.29635 -1.1414 -1.0804 0.06647 0.21306 -0.16668 -1.1601 -0.98813 0.60358 1.7682 0.2683 1.1104 -0.66112 0.36539 -0.27274 -0.6504 0.26927 -0.2055 0.092972 -0.18779 0.14846 -0.1939 0.75074 -0.70944 0.31021 -1.7305 -0.102 -2.8163 0.46037 0.59894 
solvent -0.15494 -0.22604 -0.38403 -0.045193 -0.71923 -0.34895 -0.19817 0.023532 -0.09417 0.091128 0.15831 -0.20199 -0.33217 0.19222 -0.025481 -0.11827 0.52328 -0.24057 0.35882 0.062503 0.42126 0.64972 0.1192 -0.62775 -0.44569 0.34717 1.0752 -0.33293 -0.15556 0.76444 0.44789 0.05595 0.029899 0.62982 0.57563 1.1974 -0.8732 0.76301 0.35942 -0.20536 0.014061 -0.0014854 0.058257 -0.2564 -0.14948 0.021884 0.54818 -0.78981 -0.54194 -0.32563 0.18957 0.47636 0.64599 -0.39948 -0.045731 0.68824 -0.075004 0.63553 0.5663 0.49956 -0.55419 1.0307 -0.36671 -0.44248 0.49592 -0.096878 -0.14411 0.46918 0.033067 -0.1188 -0.15962 0.24293 1.1131 -0.46862 -0.5392 -0.29566 -0.70695 -0.61736 0.043841 0.82663 0.45391 -0.45132 -0.79983 0.65842 -0.8678 1.3895 -0.16507 -0.32854 0.55809 -0.81137 0.1229 -0.93664 0.66025 0.38667 -0.073586 -0.97376 0.3369 -1.5471 -0.29879 -0.58686 
carrot 0.27757 0.18726 0.63805 -0.57984 -0.90547 0.4381 0.21144 0.52095 0.93101 0.62498 0.28558 -0.26547 -0.027288 -1.6249 -0.53714 0.4436 0.036929 0.41131 0.62082 0.33068 -0.45429 -0.60802 0.38366 -0.79001 0.35345 -0.80705 -0.49763 -0.0068624 -0.17299 0.021426 -0.68253 -0.39012 0.65384 -0.47912 0.44051 -0.15108 0.3229 0.14841 -0.11425 0.16598 0.2096 0.4445 -0.50141 -0.34675 0.15841 -0.19421 0.65761 -0.2519 -0.76076 -0.19333 1.0582 -0.42109 0.24157 -0.18831 -0.14865 -0.77153 0.71445 0.0018307 -0.079253 -0.43428 0.34085 -1.2159 -0.22505 0.25075 -1.1426 0.23042 0.63911 -0.35579 -0.84836 1.2429 0.28616 -0.72087 -0.65877 -0.10626 0.68196 -1.0151 -0.61854 -0.64417 0.010984 -0.15655 0.77473 0.29442 -1.4335 1.1493 -0.47637 0.72964 -0.5686 0.25336 -0.17322 -0.66917 0.81093 -0.6401 1.8753 -0.10809 -0.56958 -1.2199 0.61758 -0.17957 0.36309 0.69184 
mustard -0.10432 -0.11167 -0.14134 0.38889 -0.52947 0.6592 0.63865 0.14688 0.27409 0.50856 0.57147 -0.13688 0.46088 -0.42957 -0.28292 0.43451 -0.83467 0.50259 0.063814 0.056143 -0.61718 -0.15956 0.095167 -0.084056 -0.68403 0.13866 0.068808 -0.47011 -0.28281 -0.60235 -0.42715 -0.49446 -0.036707 -0.16812 0.762 0.31372 -0.48344 -0.32054 0.11085 0.66792 -0.23547 -0.23691 -0.13751 -0.301 0.099086 -0.57076 -0.11912 0.035759 0.037711 0.0074792 -0.52158 0.30414 -0.14267 -0.20191 1.0958 0.58238 0.43822 0.60469 -0.13722 0.13647 -0.36564 -0.37591 -0.35424 -0.022745 -0.076963 -0.16119 1.0345 -0.30322 -1.7027 0.50649 1.2893 -0.48974 -0.89781 0.076703 -0.25617 -1.0531 -1.117 -0.84376 0.23673 0.56861 0.79746 0.10969 -0.45039 0.95934 0.021311 0.025072 -0.21056 -0.24011 -0.043256 -0.66749 0.87908 -0.31069 0.44582 -0.38787 0.55839 -0.10104 0.53896 -0.52096 0.12023 0.12141 
anise 0.16517 -0.46919 0.19583 -0.58666 0.77663 -0.53988 0.20203 -0.45792 0.48126 -0.11907 0.13547 -0.91647 -0.71137 0.39219 0.71577 -0.51432 0.23148 0.38924 -0.31042 -0.02952 -0.070792 0.050104 0.14955 0.82265 -0.091612 -0.45238 0.26144 -0.58432 -0.2462 -0.68633 -0.027768 -0.7416 0.11108 0.23847 0.052453 0.13542 0.35309 -0.11595 -0.11548 0.32111 -0.02248 0.018475 -0.43282 -0.42284 -0.32099 -0.61601 0.063491 -0.77109 -0.16289 0.64184 0.49107 0.041047 -0.39136 0.38901 -0.82159 0.2894 0.19513 -1.1979 0.8241 0.48765 -0.89812 -0.056736 -0.27041 -0.20142 -0.8553 -0.90181 0.65472 -0.29744 -1.0966 0.62478 0.11469 -1.0049 -0.60918 -0.15372 0.49813 -0.76421 -0.31958 -0.46714 0.47089 0.61181 0.85787 0.9867 -0.64565 1.583 -0.23735 0.73505 0.46579 -0.091107 -0.089942 0.081323 0.81406 0.25685 -0.025907 0.094464 0.24531 -0.70417 -0.048189 -1.6697 0.075759 0.77099 
creosote 0.61475 -0.43111 0.45571 -0.3712 -0.39358 -0.46171 0.80315 -0.25359 0.13092 0.26411 0.03998 -0.57302 0.12234 -0.64836 -0.42135 0.28389 -0.31371 0.35592 0.38045 0.36556 -0.017509 0.36438 -0.10805 0.23007 0.046789 -0.011542 -0.55795 -0.072838 0.40833 0.017068 0.40026 -0.29839 0.208 -0.26288 -0.18309 0.28716 0.20762 0.033077 -0.17317 -0.10826 -0.049064 -0.12858 -0.033267 -0.142 -0.12468 -0.039865 -0.37604 -0.33869 0.041399 0.080821 0.4117 -0.3838 -0.29445 0.088112 0.20867 -0.064983 0.19317 -0.044949 0.27089 -0.44531 0.34447 -0.52544 -0.46426 0.29542 0.083201 0.24397 0.83836 0.47012 -0.15897 0.43839 -0.26173 -0.23651 -0.31704 0.33446 -1.7979e-05 -0.13651 -0.29622 -0.27293 -0.21121 0.6827 -0.033516 0.073648 -0.45544 0.71026 -0.12988 0.8085 -0.072773 -0.22131 0.58536 -0.44443 0.57597 -0.58332 0.81199 -0.12847 0.18609 -2.1563 0.34836 -1.0536 -0.10416 0.13 
cucumber -0.11289 -0.56566 0.36735 0.25696 -0.53575 -0.3756 0.7755 0.17778 1.1447 0.33105 0.26301 0.30451 0.48434 0.057642 0.22102 0.098372 -0.1795 -0.057762 0.43231 0.86791 -0.59533 -0.43661 0.21273 0.47349 0.12378 -0.1092 0.54318 0.51799 -0.17411 0.29287 0.37807 0.24304 -0.21063 0.35259 0.091175 0.23108 0.27729 -0.40261 0.13871 0.53619 0.20191 -0.072995 -0.089562 -0.63271 -0.2929 -0.39368 -0.27559 -0.17868 -0.32254 0.065995 0.41396 0.11746 -0.11226 -0.31761 0.098335 0.24211 0.26397 -0.65456 0.13234 0.17045 -0.74301 -0.03656 0.12698 -0.39216 -0.42567 -0.88179 -0.20177 0.11958 -0.047566 -0.23769 0.92461 -0.84344 -0.45177 -0.11468 -0.02572 -0.60886 -0.71118 -0.93661 -0.14444 0.74539 1.105 0.17491 -0.44971 -0.13192 -0.73275 -0.15851 0.054152 0.34494 0.40202 -0.15679 0.20257 -0.52093 1.2671 0.087737 0.16433 -0.79977 -0.44911 -1.9349 0.29082 -0.14067 
syrup -0.056859 0.098929 0.33837 -1.0453 -0.01123 -0.55587 0.50465 0.15353 1.2918 -0.03676 0.19916 -0.61205 0.44178 -0.29166 -0.42047 0.22707 -0.043693 -0.19845 0.0067196 0.04286 0.20679 -0.48605 0.29838 -0.079791 -0.068047 -0.19367 0.46504 0.26807 -0.29602 -0.41115 0.38004 0.088818 -0.10394 0.35284 0.062418 -0.11667 -0.0244 0.086913 0.015095 -0.079313 0.43891 0.17513 0.064344 -0.071743 -0.060917 -0.42886 -0.2332 0.19454 -0.055368 -0.11197 0.41092 0.30423 0.01511 0.20346 0.30559 0.42158 0.38142 0.4608 -0.38994 -0.38863 0.077175 -1.0935 0.36407 0.30194 -0.76163 0.049788 0.98975 0.29819 -1.4276 1.3327 0.55022 -0.81347 -0.43877 -0.012649 0.091597 -0.95797 -0.42123 -0.72234 0.22538 1.0003 1.1028 0.55246 0.021535 0.56548 -0.67363 0.78164 -0.00088288 0.67029 0.56167 -0.29623 0.36207 -0.60194 0.75713 0.036788 -0.32437 -0.29706 0.42041 -1.3907 -0.22448 0.17386 
peanut -0.17791 0.70062 -0.075939 -0.43393 -0.35095 0.23893 -0.50692 -0.48915 1.1326 0.15631 0.71622 0.17609 0.53423 0.14319 0.27498 0.023688 -0.93648 0.3157 0.37989 0.95207 0.43627 -0.87508 0.81775 0.12622 -0.50339 0.37039 0.79263 -0.39031 0.15128 -0.39945 -0.49133 -0.42242 -0.29183 0.68964 -0.13865 -0.19908 -0.14546 -0.44149 0.077842 0.39267 0.38752 0.31161 0.13782 -0.35058 -0.12308 -0.74311 -0.96112 0.24362 -0.14487 -0.094473 0.5029 -0.24137 0.13489 -0.011227 0.99944 0.31718 0.17719 0.40773 0.16831 0.2401 0.14903 -0.22219 0.64727 -0.18633 -0.8975 -0.041672 0.44572 -0.28788 -1.3319 0.64822 1.1664 -1.1553 -0.84764 -0.31753 0.59311 -1.4716 -0.28083 -0.92812 0.68953 1.2659 1.5307 0.95523 -0.54409 0.28202 -0.070271 0.62854 0.079206 0.37937 0.02272 0.3245 -0.12875 -0.14825 0.87237 -0.11739 -0.33459 -0.069903 -0.38678 -0.98473 -0.26871 -0.1733 
cardboard -0.25276 0.10254 0.48399 -0.2437 -0.73719 0.45354 0.70068 -0.29567 0.56072 0.4871 0.2568 -0.065273 0.13123 -0.44864 -0.28711 0.24701 -0.36555 0.40293 0.68875 0.37345 -0.46586 -0.2064 0.28108 -0.48747 -0.45061 -0.1674 0.21059 -0.075438 -0.63819 0.20212 -0.16483 -0.60126 0.18259 -0.13308 -0.016751 0.44274 0.36048 0.022445 0.2143 0.0067069 -0.021229 -0.10068 0.40922 -0.21198 0.68589 -0.077637 0.66121 -0.44929 -0.84776 -1.0012 0.29059 0.15751 0.29135 -0.25702 0.63309 0.3581 0.57661 1.2615 -0.29261 -0.52491 -0.19351 -0.69808 -0.46618 0.59657 0.12653 0.20997 0.26 -0.21719 -0.53842 -0.16874 0.20898 -0.3187 -0.38265 -0.10673 0.45801 -0.23334 -1.4451 -1.3193 -0.16319 0.85308 0.51769 0.066143 -0.83177 0.89728 -0.72551 -0.056497 -0.81799 -0.341 0.25915 -0.42332 0.26535 -0.7749 1.2021 0.16068 -0.12014 -0.97794 0.24176 -0.68077 -0.2488 0.20265 
celery 0.15474 0.24178 0.054425 -0.10893 -0.054701 0.25542 0.90656 -0.24725 0.96226 0.7927 0.83494 0.2548 0.48164 0.14885 -0.26741 -0.46089 -0.63988 0.1143 0.099009 0.28495 -0.35149 -0.56168 -0.13467 -0.1437 -0.56486 0.18741 -0.013269 -0.26583 -0.18027 0.11034 -0.3121 0.13263 -0.17443 0.78334 -0.34599 1.0118 0.64561 -0.030711 0.38524 -0.12547 0.3864 0.57744 -0.01713 0.18894 -0.0060459 -0.63485 0.21744 -0.25825 -0.52789 -0.022433 0.14909 0.1809 0.082702 -0.30793 -0.51319 0.02543 0.053263 0.321 0.099653 0.62423 -0.37124 -0.291 -0.10297 0.12424 0.045968 -0.17954 0.15618 -0.29952 -0.48579 0.27031 0.027151 -0.61924 -0.88214 -0.27455 0.48668 -0.57606 -0.92662 -0.70946 0.52321 1.2641 0.54556 0.54005 -0.094199 0.30138 0.079809 0.33073 -0.22729 -0.044167 0.2595 -0.60419 0.19574 -0.21261 1.409 -0.83851 -0.067309 -1.4652 -0.22957 -1.3267 -0.13602 0.39769 
walnut -0.090154 0.19797 -0.16713 0.71278 -0.51824 0.55826 1.1702 -0.44192 0.73925 -0.03111 0.010418 -0.32769 0.9908 -0.84965 -0.40356 0.16528 -0.65416 -0.19783 0.7159 0.75981 -0.24576 -0.0052407 -0.34379 0.39251 -0.71581 -0.31913 0.42397 -0.29198 0.51224 -0.20009 0.042852 0.023714 -0.32885 0.18603 -0.17747 0.24362 0.42504 -0.34856 0.68788 0.2776 -0.029823 0.19961 0.071599 -1.0207 0.56122 -0.017232 -0.4343 -0.77585 -0.38663 -0.40908 0.2082 0.029478 -0.048146 0.079564 0.059998 -0.26446 0.17086 0.49217 -0.30821 0.31757 0.55033 -0.48631 0.092759 0.25443 0.54016 -0.26309 -0.080002 -0.46248 -0.51173 0.23829 0.65179 -0.76598 -0.33858 -0.444 0.3225 -0.80928 -0.42359 -0.92271 -0.05706 0.76674 -0.02391 0.29336 -0.70679 0.37491 -0.30843 0.41296 -0.51193 0.12313 0.82894 -0.54959 0.5532 -0.50881 0.89998 -0.20041 -0.16566 -0.75477 0.11279 -1.5325 -0.52267 -0.014566 
blackberry -0.14665 0.17768 0.54914 0.32669 -0.90568 0.10085 1.2973 -0.85222 1.1909 0.55512 -0.25631 -0.63778 0.637 -0.47578 0.37725 0.4927 -2.2548 0.62287 -0.49428 1.0433 0.20912 -0.14756 0.023416 1.1344 0.010065 -0.27826 0.21829 -0.34178 -0.10955 -0.87637 0.30612 -1.2079 -0.13499 0.52995 -0.29881 -0.69668 0.29877 -1.2215 -0.80482 0.40927 -0.39542 0.12114 -0.50122 -0.6396 -0.64938 0.34387 0.19202 0.0085379 0.0050955 0.18077 0.77893 -0.3507 -0.19333 -0.41436 0.20558 0.060334 0.76104 -1.05 0.39599 0.022515 -0.34638 -0.907 0.8686 -0.76951 -0.29782 -0.10507 1.0565 0.0037726 -0.74232 1.3283 0.19377 -1.1912 -1.0346 -0.0041532 0.16849 -0.64243 -1.3644 -1.2444 0.27352 2.1978 0.4251 0.84542 -0.46398 -0.10448 -0.31652 -0.42161 0.12191 0.073196 0.078563 -0.018037 0.22251 -0.21379 0.68988 -0.89321 0.10427 -1.646 0.1421 -2.5755 0.010927 0.8627 
varnish 0.61295 -0.2971 0.40282 -0.31901 -0.60035 -0.34312 0.66671 -0.0067173 -0.2206 0.51796 -0.038609 -0.031592 0.23514 -0.53994 -0.54252 -0.0031452 0.03297 0.12736 0.40865 0.064297 -0.031835 0.60314 -0.028819 -0.3732 -0.55683 -0.26126 0.2716 -0.54871 0.042411 -0.50783 0.42949 -0.11537 -0.3725 0.53136 -0.12374 0.43412 0.13661 -0.0084693 0.071991 0.051522 0.27919 0.27246 0.34545 -0.16754 -0.29599 -0.73264 0.1584 -0.67008 -0.25153 -0.23309 0.065951 -0.28209 0.08524 -0.052871 -0.07166 0.7773 0.26823 0.16652 -0.22563 -0.34526 -0.22311 0.59319 -0.26332 0.26808 -0.41813 0.21865 0.49745 -0.37026 -0.57583 0.46338 -0.12456 -0.19847 -0.24435 -0.64925 0.15947 -0.70094 -1.0344 -1.2209 0.19993 1.9573 0.78181 0.16596 -0.6427 0.80758 -0.43558 0.60215 0.32311 0.49831 0.36525 -0.21225 0.26348 -0.4315 0.8622 -0.053577 -0.19046 -1.4296 0.12722 -1.2347 -0.19739 0.20219 
cork -0.26362 -0.074136 0.19177 -0.71474 -1.041 -0.077299 0.84046 0.69728 1.7888 0.15689 0.055337 -0.10439 0.67056 -1.1199 -1.0002 0.55497 -0.45156 0.46043 1.0535 0.3436 0.57143 -0.23994 0.044884 -0.26106 -0.74568 -0.82248 0.97198 -0.39687 -0.52632 1.166 0.87041 -0.50407 -0.084405 0.72236 -0.068397 0.71 -0.54949 -0.095102 0.23862 -0.60665 -0.13057 0.79642 0.43762 0.19825 1.019 -0.53084 0.092475 0.24295 0.4635 -0.77493 0.73095 -1.275 0.38915 0.10623 1.3461 0.11954 0.79188 0.6613 0.55336 -0.73781 -0.17741 -0.5517 -0.48216 0.53744 0.34602 0.35524 0.12806 -0.5682 -0.22558 0.75255 -0.26417 -1.1337 0.097888 0.4913 0.84677 -1.1309 -1.4315 -0.015041 -0.038277 0.91577 0.59496 0.31672 -0.58356 1.2704 -1.4812 0.1787 -0.18159 1.2707 1.1771 -0.50449 -0.1871 -0.94026 1.5728 -1.0251 0.16868 -0.78711 0.017443 -1.1663 0.11831 0.27196 
birch 0.029042 0.31514 0.14839 -0.41716 -0.59238 0.75206 1.4557 0.63302 -0.4039 0.4287 -0.16766 -0.33079 0.3682 -1.2533 0.23164 0.61397 -0.63762 0.31681 0.46465 0.38993 -0.44422 0.30434 -0.29431 0.053493 -0.34163 -0.040623 -1.3829 -0.048316 -0.30876 -0.28886 0.018732 0.14506 0.31178 -0.79052 -0.11299 1.3978 1.1155 0.32128 0.17246 0.49754 -0.10259 -0.20769 -0.36011 -0.27909 0.70251 -1.0179 -0.1068 -0.37717 -0.043563 0.047184 0.38987 -0.22946 -0.57205 -0.31691 0.08045 -0.23653 0.26985 -0.326 0.35717 0.32124 0.091439 -0.84717 -0.25343 -0.25851 0.50331 0.01125 0.47079 -0.28315 0.89447 -0.078376 0.64916 0.36879 -0.9904 0.72843 0.27073 0.21591 -1.0422 -0.86019 -0.59033 0.50677 -1.5234 0.40805 -0.7112 0.88251 0.19212 -0.19148 -0.42315 -0.3336 0.36501 -0.41857 1.1328 -0.63516 1.2352 -0.92209 0.48919 -1.661 0.34489 -1.6108 0.17378 0.40016 
raisin 0.36651 0.34991 0.12082 -0.081147 -0.30459 0.20793 -0.3466 0.38335 0.88794 0.35998 -0.016963 -0.26617 0.48646 -0.4061 -0.53029 0.056861 -1.2483 0.68534 0.1031 0.54544 -0.01376 0.14169 0.46882 -0.0028101 -0.0072498 -0.23683 -0.7426 0.19551 0.50754 0.32287 0.18436 -0.48958 0.20543 -0.031895 0.065073 -0.078932 -0.27775 0.25622 -0.11611 0.31286 -0.27517 0.79371 0.73376 -0.1926 0.40379 -0.63607 -0.26674 0.27649 0.57352 0.30606 0.38695 -0.35914 -0.043439 -0.35142 -0.076075 -0.35207 -0.31194 0.19208 0.58424 0.32566 0.24518 -0.56354 0.089485 0.027117 0.16236 -0.034466 -0.17401 -0.37566 -0.68125 0.39204 0.11086 -0.34819 -0.61873 0.61576 0.39078 -0.28717 -0.25131 -0.17947 0.045457 0.41849 0.27942 0.38406 -1.0218 0.53502 0.083324 0.022505 0.079498 0.29279 -0.00047718 -0.18757 -0.057196 -0.46292 1.1226 -0.50239 0.56386 -0.51832 -0.15206 -0.71125 -0.020274 0.1138 
geranium 0.14061 -0.015204 -0.0967 -0.4604 -0.11283 0.0075517 1.032 -0.17129 0.44198 0.11034 -0.030339 -0.37691 -0.15381 0.70618 0.096775 -0.20307 -0.35727 -0.031201 -0.37803 0.36909 -0.24676 -0.19797 -0.089352 0.48561 -0.48123 -0.13282 0.4114 0.17597 -0.32022 0.87186 0.18845 -0.068913 -0.40081 0.42145 -0.18301 0.02016 -0.20141 0.24593 -0.032583 0.16143 -0.69967 0.37834 -0.70197 -0.45187 -0.13372 0.24502 0.13835 -0.33224 0.027044 0.092707 -0.73878 0.28976 0.015926 -0.050297 -0.41487 0.084521 0.45475 -0.28563 0.087953 0.070068 -0.27852 -0.18703 0.025395 -0.18616 -0.69714 -0.20146 0.35493 0.077028 -0.25935 0.17508 0.11574 -0.71981 -0.0034081 -0.2502 -0.23057 0.00832 -0.52959 -0.20893 0.41843 0.93722 0.60491 0.15742 -0.56175 0.21888 -0.14838 0.19306 0.098559 0.096629 0.31499 -0.508 0.40831 -0.19941 0.69313 0.2552 0.25056 -1.0814 -0.11153 -1.4465 0.088946 0.052876 
