96 100 
coffee -2.5584 0.010934 -0.5099 1.7457 -1.7223 -0.71026 -1.6419 1.5599 -1.9438 1.1399 -0.60814 -1.5463 0.4616 -0.76487 1.2737 1.1673 -1.1532 0.87079 -0.2059 -0.99773 -0.83561 0.70022 -1.955 1.9892 -1.7495 2.5674 2.5942 -0.32327 1.4977 -1.2027 0.91674 -2.8985 1.4111 -2.207 0.80127 -1.6164 0.75374 1.8316 -0.42804 0.38267 1.4567 -1.294 -0.51998 -0.81389 -0.72521 -1.4849 0.0076177 0.44907 3.3908 -0.058833 1.0109 0.82475 1.0908 0.28277 1.2433 -1.7633 -1.7419 -1.5937 1.1903 -2.0959 1.0887 1.1582 -0.78178 0.25226 -2.0836 -0.27959 0.43219 0.14301 0.40406 0.22338 -0.62991 -0.035693 1.0549 -1.6719 -0.87273 -0.1793 -2.2675 0.78334 0.11907 -0.17214 0.05013 1.6016 -0.45992 2.1896 0.50665 -0.67493 -0.27896 -1.9679 -0.27212 -1.7951 1.0468 -0.85517 -0.22898 1.7014 1.6699 0.62712 0.79737 0.2587 0.51283 0.34768 
tea -2.8411 0.01728 -1.5167 5.0747 -5.3776 -5.0663 -3.3041 -0.97087 -3.5706 3.0329 -0.48224 2.0334 -0.089574 -0.015464 -2.2202 4.4329 -1.5638 0.25216 -0.98343 -1.0945 -0.47239 0.86581 -5.6646 0.98839 -1.0613 4.5124 3.0789 -1.5057 2.9953 -0.45641 -1.5697 -4.0303 1.4327 -0.85257 -1.1175 0.89244 6.0545 3.9639 -2.9092 -0.61923 -2.4844 -0.80451 -0.75005 -1.023 -1.3695 -1.4143 -0.97166 2.2834 3.2341 -0.82851 -5.2162 -0.84807 -0.0023875 2.8103 4.0712 -2.3333 -2.7348 -0.76874 2.8953 -3.3067 1.2919 -1.1583 -0.23957 1.5029 -1.2899 -0.28278 -1.5297 2.9892 2.3308 1.9172 -3.3746 -0.094156 -0.24202 -4.8791 -0.29529 -1.7272 -3.495 1.3594 1.7164 -2.7955 1.311 2.0117 1.9842 4.2442 3.7982 -0.030037 0.15405 -2.8932 -1.3447 -1.1702 -0.44441 -0.57527 -0.62653 3.9674 1.3282 3.4986 -2.3623 -0.65019 0.79507 -1.0889 
wine 0.92977 2.4574 -2.1171 1.4696 -0.56657 -0.32318 -1.095 4.758 -2.6212 -3.1367 -0.80287 -1.1411 1.2864 1.107 -1.8743 3.9581 -4.1159 2.6072 -2.4425 -4.6759 0.66138 -0.35509 -3.1379 -0.50354 0.87489 1.8044 0.23995 0.80031 4.0934 -3.5329 2.6951 -2.2563 2.2361 -1.0971 0.37517 2.8259 -1.3982 -1.0976 -0.15064 0.49176 1.5779 -0.28617 -2.0572 -1.0685 0.86454 0.5821 0.19716 -2.0857 0.33893 -2.3138 0.17341 -2.8296 0.92305 0.47603 0.14221 -0.16725 -0.34365 -0.61563 -0.13847 -3.6695 2.0921 3.0598 -0.50771 -2.5798 -1.1824 -0.0024827 -1.0189 -0.91425 1.5921 2.1506 2.3586 2.2163 3.1231 0.5995 3.4554 2.5353 2.451 -0.71609 1.363 1.6738 -0.13087 -2.146 3.6909 -1.9333 0.95997 -5.9506 1.2112 -0.97369 3.5132 4.1779 0.67532 -1.8148 3.1307 0.85026 0.62449 -3.3926 -3.4673 3.4588 2.1509 0.03806 
perfume -0.29819 0.72501 -2.0982 0.55502 -0.52334 -0.72407 -0.47442 0.99277 -1.2426 -1.2083 0.09634 -0.81998 -1.9343 -1.1397 -0.18601 1.0481 -2.1515 -1.6807 0.73851 -0.17399 0.75135 -0.022729 0.33111 -0.97132 -1.4641 -0.35477 0.3536 0.32829 -0.70905 -0.73951 -0.48792 -0.34257 1.3294 1.1904 -0.53445 -0.66336 -0.14687 0.92169 0.26316 2.0712 -0.78434 -0.16764 0.18442 -0.69061 -0.16889 -1.9223 -1.5921 -1.5437 0.72099 0.52013 -1.0794 -0.22772 -0.92145 -1.6035 0.53212 -2.0359 0.023564 0.40683 2.3017 -0.45975 0.089248 -0.45466 -0.5539 1.5461 -0.67019 -1.0789 -1.1335 -1.5207 -1.7643 -1.222 -2.2095 0.74782 0.2057 1.8036 0.55578 -0.40955 1.852 -0.26814 1.4197 -0.060226 1.6379 0.57278 0.81537 -1.0715 -2.2732 -1.3774 0.87679 0.63893 0.77215 2.6852 -0.19812 1.312 0.85997 0.6405 1.4456 0.048812 -2.036 0.68367 -0.78176 -2.7672 
vanilla -2.008 0.79339 -1.6573 -0.71153 -0.94397 1.0583 -0.86062 0.94312 0.51042 0.73354 -0.67253 -0.69984 0.12588 -2.2495 0.68955 0.43875 -0.45323 0.15353 -0.7237 -1.7041 -1.9276 -0.41156 0.84217 -0.96882 2.0342 0.43532 1.9778 -0.035071 0.19599 -0.1299 -0.2142 -0.60879 1.942 0.17882 -1.7712 -1.5323 0.50772 -0.029678 -0.5769 -1.3093 2.0692 -2.6117 0.0155 -0.79167 2.7456 -2.4398 -0.10258 -0.25205 -0.39932 -0.42659 -0.67301 -1.7909 -0.066398 -1.2363 -0.038533 -1.3271 -0.70932 1.7415 0.42972 0.020323 -0.27828 1.4509 0.49567 0.0254 -2.0961 0.33395 0.43663 1.8924 -0.12184 -0.10662 0.083756 -0.70909 -0.7042 -1.2652 0.65182 -2.027 -0.35238 -1.8028 0.069843 0.91926 -0.13586 -0.93473 1.4342 0.97163 -0.57396 -0.86249 1.5962 -2.191 0.70019 0.25437 2.2587 0.66421 1.5557 1.096 1.4858 -0.48301 1.3458 0.72532 -0.73364 -1.7401 
chocolate -2.214 0.95484 -1.7232 -0.30078 -2.0092 0.33236 0.54259 0.71167 -0.14744 1.6407 -0.51966 0.34675 0.98911 -1.3053 1.7066 1.1553 -0.17779 1.6094 0.045004 -0.22679 0.35814 -0.17934 -0.55266 0.0019505 1.0842 0.71683 2.1812 0.50223 0.96192 -0.41328 0.58387 -1.717 1.0906 -1.384 -0.53471 -0.10077 0.6786 1.2347 -0.4471 0.43355 2.8132 -2.6519 0.82365 0.42734 0.98243 -0.43224 -0.19238 0.85483 -0.14029 -1.2177 0.14407 -0.92706 0.88891 -0.44394 -0.13431 -0.96252 -0.72048 -0.027543 -0.88126 -0.62414 0.98017 1.7537 -0.46538 0.17712 -1.3531 0.29138 0.14042 0.34601 0.36926 -0.68207 0.13526 1.2561 -0.58372 -0.57301 -0.78986 -1.3244 -1.2084 -1.3405 0.75926 0.58147 -0.9304 -0.71112 0.1171 0.22256 -0.50729 -1.5094 0.40418 -2.8063 -0.96338 -1.6862 0.88472 0.87271 0.43389 2.8339 0.90416 -0.08677 0.19952 2.0734 -0.7274 -1.3977 
citrus -1.3198 0.28174 -2.0297 -1.0391 -1.8401 -1.4847 -0.40636 -0.019214 0.891 0.1742 -0.53369 -0.21387 0.72976 -2.0324 -0.7465 1.8385 -1.0301 1.0153 -1.3877 -3.9388 -0.8185 -1.8519 0.33803 -2.7205 1.4148 -0.10906 -0.30906 0.59654 -1.399 -0.83765 -1.0882 0.063981 2.2821 0.55901 -1.8454 -0.40794 -0.16054 -1.2313 0.22645 -0.052941 0.54922 -1.0281 -0.44801 -0.0034884 1.7479 -2.2607 1.5278 -0.043068 1.0925 -0.12712 -1.7655 -2.2894 0.83661 -1.8904 1.0641 -1.0297 1.0292 -0.023653 2.2428 0.5994 -0.52936 1.0866 1.853 -0.35659 -1.5399 0.34875 -0.72288 2.9997 0.62788 0.22956 1.9226 -1.1151 -1.5098 1.1448 0.46677 -2.1363 -0.38982 -2.7527 1.2071 1.5868 2.2084 -1.6064 2.8794 -0.08272 -0.49572 0.19961 0.69856 -1.5753 2.1591 4.5081 -0.42024 -1.4549 2.1068 -2.1225 2.7031 -0.7985 -0.70057 -0.56059 1.1971 -2.3039 
cherry -0.81008 -0.4704 -0.13318 -1.8131 -2.7657 0.48728 -0.55625 1.4439 -0.54476 -0.5918 -0.58464 0.23775 2.1286 -0.83206 0.13831 3.1924 -2.7997 2.7825 -3.169 -2.3105 0.62212 -0.14704 -2.7725 -0.99035 3.2645 0.13525 1.1497 -0.062175 2.459 -0.22055 -0.21099 -0.89073 1.5369 -0.41419 -4.418 1.7041 0.40074 0.44771 -0.46282 -1.8006 4.4869 -4.7523 0.32846 0.18137 3.7479 -1.4817 -0.88607 1.3549 -1.0343 -3.8222 0.55319 -3.0173 1.7354 -1.401 -0.41779 -1.5044 0.61931 -0.05932 -0.8393 -1.1991 0.5133 1.7744 2.0439 -2.036 -2.0534 1.8517 -0.91448 0.57284 0.21884 -0.074892 4.6628 0.60724 -0.20749 -0.051065 1.739 -0.71455 0.10249 -1.4224 -1.9589 -0.32997 0.27493 -3.4334 1.8813 0.5454 2.1523 -3.6283 1.839 -1.434 -0.12172 1.443 1.5396 -1.4957 1.6327 1.4094 0.71708 -2.4047 -1.3698 2.9505 -1.2909 -0.23443 
leather -0.79955 1.127 -0.66505 -0.26339 -1.4954 -1.8654 1.6335 -0.19918 -0.34713 -0.012186 -0.8251 -0.72904 -0.42699 -2.8432 -1.9368 1.1057 -2.0345 0.41594 -0.9651 -2.245 0.16711 -1.2603 0.3092 -0.84338 1.9195 0.27127 1.5452 -0.27091 0.56919 -0.2586 0.081831 -0.80544 2.6906 0.26736 -2.8357 -3.0327 0.65888 0.85397 0.59064 0.49864 2.2397 -1.6761 1.6569 1.6841 1.3192 -1.337 -0.52688 -1.1907 0.64561 -1.2654 -1.6799 -3.2065 -0.39911 -2.8009 -0.89877 -1.2117 0.25579 0.26563 1.1041 0.1099 -1.9134 1.5764 -0.94512 0.033262 -2.1619 1.9331 0.45679 -0.99963 -2.3431 -0.32149 -0.4877 0.26142 -0.94123 -0.0023749 0.54841 -0.14415 2.6937 -1.1295 0.70498 -0.31149 1.2633 -1.192 1.2391 0.37246 -1.9221 -0.32354 0.053157 -0.71063 0.14076 2.183 -1.0135 0.13269 2.633 0.30537 0.050518 0.20728 1.1893 2.0106 0.41191 -0.72191 
rose -0.7722 0.75257 -0.61618 -1.8374 -0.84168 -1.9042 0.43101 0.74644 -0.161 -4.1956 1.1386 1.7841 0.86708 -4.8758 -3.5573 2.3586 -2.1853 -0.0046292 0.24761 -2.0613 -0.48223 0.47062 -0.32042 -2.2116 2.8798 -2.7062 0.20456 -2.2115 -0.81592 1.3446 -1.1899 -0.24027 2.0113 3.3557 -2.1175 -0.4395 1.6783 2.1347 -2.4078 1.2298 1.4623 0.39746 2.2689 0.073075 1.2823 -3.1328 -0.88109 -1.7593 -0.36658 -2.6697 -1.7259 -2.6537 -3.3775 -2.3402 0.44436 -5.129 0.274 1.8018 3.6619 -0.44238 -0.49839 -0.74846 -0.72239 0.96158 -4.5827 0.43541 -1.5684 0.012943 0.10293 -0.85207 -2.3065 -0.57568 0.0992 -0.25201 2.5304 -1.0743 -0.46855 -2.8908 0.43184 -0.57895 2.3224 -1.0645 4.0787 3.3789 -0.14601 -1.936 2.4497 -1.3351 -0.60792 3.6245 -0.83943 2.9895 2.7434 -0.15959 0.84478 1.3491 -0.59788 0.026829 -0.094119 -5.0649 
honey -2.8127 0.090162 -3.3197 1.3552 -1.8466 0.096556 -1.9746 0.13396 0.48118 1.6709 -0.32268 0.84762 0.9852 0.23284 -0.60571 0.55182 -2.0045 1.1142 -0.16149 -2.3051 -0.68426 -0.84191 0.69634 -0.0082859 2.1008 -1.0598 1.7283 0.35625 -0.45118 -1.5824 1.7992 -0.11121 1.4401 -0.2345 -0.55543 -1.7231 1.6918 -0.58692 -1.6389 -0.84479 1.2374 -0.84526 0.47858 1.0019 2.5097 -1.5284 0.50792 -1.083 -0.45207 0.69037 -2.3606 -3.6865 1.2965 -2.7323 -0.22832 -0.851 -2.0707 2.6571 0.12603 0.33137 -0.47497 2.543 1.2122 0.018919 -0.3421 -0.49323 -0.2235 1.497 3.1968 0.82084 -1.5064 0.15617 -1.5108 -2.0751 0.14233 -4.1956 0.10462 -1.3424 1.0894 -1.2171 -0.70796 -0.071416 -0.32791 1.5773 1.0022 -2.5483 0.69547 -3.2681 0.49204 -0.3303 -0.63094 -0.83384 0.73632 1.3565 0.51908 0.10274 -0.11901 -0.69956 0.182 -1.0045 
berry -2.5438 -2.5433 0.095138 -2.1303 -3.5373 0.29484 -1.1036 0.73135 0.64284 -0.084514 0.047489 -0.85542 1.7055 -1.2245 -0.28129 3.3934 -1.9592 4.0089 -2.7726 -3.1474 0.36794 -1.1968 -2.0793 -1.8464 3.7822 0.67962 1.5787 0.09225 2.7958 -0.010232 0.2905 -1.409 1.3587 0.43809 -3.4312 1.4698 0.32239 1.7616 -0.3148 -2.1401 3.9398 -3.5231 1.2624 1.2801 4.1124 -0.76867 -0.25294 0.56343 -1.0923 -3.8085 -0.20726 -2.4687 1.3707 -2.1121 -0.90424 -0.9713 0.4454 -0.8175 0.86591 -0.51528 2.0545 2.8642 2.1178 -4.5139 -3.1202 1.5822 -0.6687 0.68233 0.20186 0.45866 4.3442 -0.16374 -0.73744 1.076 1.5344 -1.0006 -0.12006 -1.7177 -1.2425 -0.065043 0.80208 -4.0491 2.3153 1.0648 3.1209 -2.7579 2.586 -2.2359 -1.2391 1.2214 0.98285 -1.1036 3.3723 1.4168 1.9298 -0.6935 -0.35293 2.0633 0.75587 -1.1775 
lemon -1.0976 1.3738 -3.7593 0.45007 -1.0753 -1.351 0.38434 -0.31496 1.317 2.2413 -1.0858 0.83643 3.1437 -1.2648 0.57553 3.2138 0.77063 1.2469 -1.0905 -2.3592 0.066902 0.014817 -0.60159 -1.9074 1.7486 -0.15586 0.056138 0.66737 -1.4327 -1.0617 -1.7854 0.31965 1.4217 1.2612 -1.2837 -0.064173 1.5525 -1.0961 -0.98106 -0.7487 0.014958 -2.2171 0.52031 -0.35015 1.3974 -2.7005 1.2544 0.26365 1.3489 -1.3109 -1.6362 -2.4117 2.0519 -0.57297 1.4418 -1.6141 0.96435 1.5754 1.2173 -0.46361 -0.53315 -0.11719 2.723 0.065798 -0.85631 0.32731 -0.77927 3.7891 2.363 0.1232 1.8783 -0.71023 -2.7318 -0.06738 0.40794 -2.975 -2.0401 -2.6572 0.54922 1.2687 1.8334 -2.3557 1.8827 0.70858 0.64506 -0.73943 0.69663 -2.1784 1.0076 1.5876 -0.15064 -3.1842 0.67526 -2.0214 2.1019 0.29504 -0.055529 -1.1077 0.5135 -2.7739 
apple -0.50866 -0.21961 -2.0461 -0.79745 -2.0122 0.039586 -2.5283 0.76025 1.572 1.35 0.063159 1.4765 1.5233 0.44357 -0.029188 1.6412 0.8098 2.6507 -1.5304 -2.1557 -1.3468 -0.79043 -1.4973 -1.7203 0.47372 0.44455 -0.70454 2.4208 1.4029 -0.52069 0.34275 -2.355 0.91314 2.0099 -0.76274 -0.77131 -0.16452 -1.1676 -0.643 -0.71984 1.9842 -3.1817 1.5154 0.059838 3.1218 -2.2615 0.80767 1.015 0.91764 0.203 -2.3304 -3.7006 2.6881 -2.7911 -1.1481 0.10666 -0.19961 0.25217 0.31583 -0.70739 -0.77387 0.89668 3.6423 -1.6063 -0.83223 0.58811 -1.6459 2.8119 0.92238 1.3304 3.6714 -1.5217 -1.045 2.7412 1.1317 -2.8023 1.1555 -2.3493 0.75077 0.93208 -0.25318 -2.986 2.3413 1.0883 2.91 -3.8355 0.23737 -3.8359 1.2181 0.46805 2.0238 -2.8484 0.94698 -0.33227 1.5072 0.076665 -0.8433 -2.477 1.6426 -1.9298 
cinnamon -2.2452 0.42662 -1.8301 -0.90786 -1.7228 -0.1292 -0.93463 -0.6909 0.48504 0.45243 -0.81022 0.82927 0.47619 -2.2787 0.66308 1.3807 -0.37381 -0.01912 -1.2312 -0.55198 -1.6232 -0.89779 -0.33987 -0.44463 2.7034 -0.78615 0.7149 1.203 0.79077 0.62308 0.057944 -0.75639 2.2014 -0.30668 -1.7604 -1.2605 2.0682 0.88122 -0.23725 -1.3068 2.5648 -1.2855 0.32012 0.68721 2.7367 -1.4612 -0.81783 0.20289 1.0357 -0.35076 -0.5172 -2.422 1.1737 -0.8416 -0.60079 -0.91666 -0.75901 1.6193 0.12495 0.52196 -1.5746 0.87915 0.90636 -0.053579 -0.87153 -0.065074 0.21216 1.3843 1.19 -0.3953 -0.1858 0.16429 0.21956 -0.59873 0.76881 -2.9484 -1.2392 -0.27159 -0.56198 0.76056 -1.1827 -1.2086 1.6535 -0.027166 0.86579 -1.0148 1.0568 -2.0542 -0.16446 -0.96635 1.807 0.095931 1.3 -0.28007 0.45358 0.10445 0.14148 -0.10265 0.42653 -0.76018 
orange -0.35443 0.13519 -2.4627 -0.30097 -1.7372 -0.25975 0.40711 -0.38979 0.44797 1.5528 -0.93683 1.0328 1.5967 -2.6329 -0.11534 2.6365 0.37517 0.55687 -0.82472 -3.2916 0.04477 0.46898 -1.1247 -2.1849 0.74356 0.22191 -0.33569 1.118 -1.2509 -1.1462 -0.93758 -0.56156 0.29444 0.52974 -1.2474 0.49629 1.933 0.25398 -0.54455 0.06642 0.2738 -1.6398 1.968 -1.3843 1.9538 -1.6525 1.0186 -2.3289 0.29957 -1.721 -2.1073 -1.3818 0.84973 -2.3958 0.46505 -1.4854 0.22228 1.0091 0.84351 -0.33676 -1.6673 1.1788 0.74519 0.47527 -1.1311 0.65589 -0.41771 3.6931 1.5737 -0.52257 1.406 -0.65903 -2.3159 0.85642 0.031555 -1.8909 -1.2263 -1.9839 -0.27851 1.0026 0.8728 -2.1104 1.3495 1.1976 1.7522 -1.5755 0.2052 -1.7843 0.76781 0.91021 -0.21202 -0.19047 1.469 -1.528 1.783 1.2246 -1.1646 -0.9762 -0.8038 -1.6728 
tobacco -1.3964 -0.15288 -0.36322 -0.25443 -1.157 -0.80407 0.71664 -0.48552 -1.499 -0.66203 -0.90753 -0.18746 0.44666 -3.1707 -0.75407 1.0385 -2.4456 0.41652 -1.5536 -3.9241 -1.769 -0.23662 0.14548 -0.96799 2.2591 -0.34264 1.2541 -0.91984 1.6022 -0.20915 0.33169 0.55622 1.8267 -0.40438 -3.471 -3.3323 0.27215 0.33842 0.78066 -0.80146 3.0066 -2.1319 1.5326 0.54702 1.6556 -0.80489 -0.58023 0.068201 0.061889 -0.48455 -0.38025 -3.156 -0.26523 -2.0264 -0.32126 -0.76847 0.16888 0.43473 1.3036 0.43173 -1.5935 1.4035 1.6967 0.25058 -2.2876 1.7792 0.57509 -0.25239 -1.3265 0.68172 0.033739 0.14185 -0.46252 -1.2336 -0.32169 -1.4035 1.3805 -0.8805 0.77132 0.54564 0.26113 -2.3294 0.79642 1.1669 -0.51388 -0.38016 1.8987 -1.2116 0.057398 1.5223 0.082034 0.0027861 3.1224 0.87276 0.69139 -0.69189 0.5193 1.3542 0.45557 -0.98005 
blackberry -0.84979 -0.58427 0.13498 -0.93461 -2.5193 0.15515 -0.49455 0.54152 -0.98851 0.3127 -0.13152 -0.56931 0.4168 -1.7791 -0.63077 1.0947 -3.2227 1.851 -3.3255 -2.9781 -0.079792 -0.19338 -2.2676 -1.1099 3.9506 0.51528 0.75907 0.88646 2.5725 -1.0129 -0.22935 -0.21551 2.3637 -0.97658 -2.391 1.6551 1.1201 0.22695 0.10025 -1.752 4.4889 -2.93 0.59298 0.36571 2.6892 0.070809 -0.76614 0.41552 -1.3968 -3.7265 1.0466 -1.8761 1.7054 -1.9755 -1.6438 -1.7592 0.27861 -0.098735 -1.4396 -1.5386 0.65403 1.7474 1.3406 -1.3999 -2.3524 1.6412 -0.38807 0.58968 0.10568 -0.18581 3.0734 0.65141 -0.33902 0.16142 1.7125 0.26127 0.48496 -0.91224 -2.3865 -0.24088 0.56575 -2.5596 3.1494 0.12165 1.5125 -3.2271 1.582 -0.603 0.027776 1.2188 0.60024 -1.733 1.8091 0.78933 1.8872 -2.5907 -0.072432 2.1256 -0.57439 -0.35229 
oak -0.40224 2.9587 1.6002 -2.2028 -3.7694 0.2953 1.7369 3.7114 -1.7473 1.664 -0.96542 -5.6489 -3.0979 2.2602 0.16706 0.74437 -3.8336 -0.28057 -7.8615 -7.4835 -0.38412 -0.7717 -2.132 -0.23779 5.0143 3.5938 -1.8029 2.5176 6.1654 -2.7915 0.20766 -2.1347 7.0578 -5.0394 5.1628 -4.2649 1.6151 -0.1617 0.92459 -2.8599 5.9777 -3.9388 -1.3631 -1.7422 5.8116 -2.9737 -7.6661 1.6228 -1.3934 -1.8808 1.6614 -9.0945 3.7954 -2.199 -3.9138 -1.0279 0.90802 -1.795 -2.0299 -8.6325 4.6842 5.3816 1.5893 -6.9324 -5.3193 5.664 -5.5702 7.0188 -2.9831 2.5069 1.2649 -4.0169 -5.7323 -1.6483 3.5096 -3.5925 3.73 -3.237 -1.4557 2.4661 0.26927 0.56968 3.2323 -4.6515 -1.1121 -8.8043 0.68486 -1.9583 7.3323 0.69005 5.8105 -1.6938 9.6181 1.2031 -2.8663 -4.8995 3.3316 9.1564 1.1568 0.29265 
peach 0.71899 0.73721 -1.4636 -0.017319 -3.4284 1.06 -2.6788 0.46639 0.94917 0.84656 0.96514 0.98266 1.6089 1.1826 -0.24258 1.7269 -1.4407 3.0907 -1.119 -3.4358 -1.0032 -1.2619 -0.19377 -2.2399 1.7801 0.49454 0.30469 1.4232 0.54943 -1.1589 -0.46563 -2.0255 1.7162 1.6182 -2.1058 0.14469 -0.15765 -1.6735 -2.1003 0.42453 0.83195 -2.451 0.25064 -0.87407 2.409 -2.1275 1.6576 0.38647 -1.2031 -1.7642 -2.0795 -3.0469 1.8233 -3.1742 -0.35827 -1.6764 -0.79236 1.4155 -0.086595 -0.27052 -0.80428 0.50063 3.2665 -0.20763 -1.9448 -0.59408 -1.5211 3.5396 1.4153 0.14589 0.91274 -1.0779 -1.9252 0.71506 2.3781 -2.7191 0.79914 -2.0416 0.51324 -1.8958 -0.17658 -1.1294 2.3367 1.8627 2.9095 -3.3344 0.42719 -3.7723 2.0231 2.0969 0.42362 -1.7747 -0.26818 0.087529 1.8169 0.62369 -1.0954 -2.4922 0.53182 -1.2657 
coconut -3.5334 0.26151 -1.3806 0.6314 -1.9844 1.6126 0.52707 -1.4871 0.81221 1.4962 1.9504 -0.35468 1.0164 0.66733 1.2038 0.13797 -0.63095 0.38309 0.68887 -0.76842 -0.026344 1.4627 0.058137 -1.3184 0.69472 1.812 1.917 -0.18273 0.078723 -1.4049 -0.26326 -1.0692 1.967 1.2926 0.47131 -1.1774 -1.515 -0.16451 -2.2829 -0.38226 2.8528 -2.6185 -0.52524 -0.59624 -0.10016 -0.76465 0.85999 -0.032485 -0.1414 -0.21675 -0.65716 -0.92475 2.1668 0.019748 -1.2363 -1.1323 -1.1329 2.0221 1.2127 0.36376 1.5421 0.44851 0.67514 -0.57395 -0.49799 -0.40152 1.0022 0.42028 0.0040235 0.88361 0.46359 -0.82767 -0.67086 -0.96534 -1.0358 -1.1366 -0.91408 -0.78025 0.8456 0.85628 -0.52555 -0.32135 -0.73058 1.233 1.029 -2.1313 0.66764 -4.2322 -0.63968 -0.48312 1.3942 0.47764 1.0736 0.084007 0.75203 0.92226 -0.7949 0.44431 -1.5303 -1.0803 
incense -2.2745 1.2434 -2.4644 -0.92922 -0.95192 -1.6623 -0.92385 -1.3583 -0.63866 -1.3503 -1.3811 -0.80884 0.11973 -4.7897 -1.4135 0.6257 -1.6003 -0.328 -1.2331 -3.3371 -1.8427 -0.5696 1.1338 -0.99403 2.5867 -1.2206 -0.23051 -1.3535 -0.99866 -0.81408 -0.29674 -0.12324 3.233 0.361 -1.5975 -2.1516 1.2516 1.0885 0.46869 0.17719 1.4109 -0.95728 0.99269 0.12651 0.038127 -2.0275 -2.1213 -0.31483 0.80161 -0.86853 -2.1282 -1.6552 -1.828 -1.235 0.5268 -0.71183 0.80359 2.5286 2.5504 -0.70552 -1.2397 1.5131 -0.65737 1.1161 -2.0484 0.77498 -0.52938 0.24942 -0.98892 -0.43717 -1.7086 0.043955 -0.050155 0.34196 -0.62194 -0.59991 0.97575 -0.9153 -0.29055 2.4295 0.84797 0.2075 2.2695 -0.81305 -1.5289 0.22681 1.6025 -1.7016 0.13102 1.9951 -0.45085 1.2362 2.2286 -0.27934 0.25388 -0.20451 -0.75558 0.83784 0.72536 -0.39412 
raspberry -0.47739 -0.24667 -0.18761 -1.1954 -1.7534 0.056349 -0.89622 0.5724 -0.13127 -0.51441 -0.116 -0.12753 1.5582 -0.73188 -0.029569 2.2754 -0.96135 1.6401 -1.6255 -1.3094 0.34662 -0.19934 -2.2566 -1.5834 2.6347 -0.013564 0.67258 0.47061 1.0333 -0.56737 -0.32527 -0.49696 1.5205 0.37979 -3.0033 1.0964 0.65904 0.59368 -1.0271 -1.5709 3.2264 -3.1172 0.46503 -0.33274 2.4456 -1.3668 -0.18112 0.34273 -0.93542 -3.2469 0.052255 -1.3837 1.4052 -0.73022 0.032301 -1.0906 -0.068178 0.14077 -0.50925 -0.76018 0.24574 1.2017 1.8166 -1.6413 -1.3254 0.87099 -0.84425 1.6821 0.78464 0.041069 2.7656 -0.018734 -1.0517 -0.095998 1.7425 -1.0825 -0.13397 -1.4729 -1.4395 -0.37184 0.49681 -2.2907 2.044 0.94008 2.1043 -2.218 1.6335 -1.3123 0.33271 1.0319 0.49655 -0.74845 1.5959 1.4027 1.2675 -1.2584 -0.60722 1.7219 -0.28774 -1.3246 
almond -2.3924 -0.31465 -3.584 0.32586 -2.2242 1.4356 -0.6095 0.31204 1.5994 1.7188 1.3298 -0.05026 1.9372 0.31772 -0.52664 1.1186 -0.15842 0.6609 -0.80394 -0.61088 -1.0169 0.22376 0.20893 -1.1268 1.5993 -1.5023 1.2186 0.30192 2.1246 -0.97593 0.92339 -2.8424 1.0514 0.77552 -0.47464 -2.0547 -1.129 -1.5038 -0.81371 0.11708 3.3959 -3.4728 0.78953 0.17044 3.5409 -2.4848 0.077363 -0.31848 -0.6102 0.87352 0.026065 -0.70527 1.4629 -1.1839 -0.76811 -1.1717 -1.9338 1.1477 -0.67127 0.52187 -0.31699 2.3976 -0.56345 -0.69695 -0.53556 -0.2163 1.401 1.0884 1.1595 -0.13997 -0.15415 0.45296 -1.5085 -0.28534 -0.97649 -1.7644 -1.5965 -1.7181 0.13466 0.34731 -0.93467 -0.3908 0.25092 1.8559 0.55477 -1.5148 0.29566 -2.9103 -1.3753 0.14824 0.96299 0.73457 1.0683 1.2205 -0.49688 0.22075 -1.8646 -0.89613 -1.0983 -1.5024 
lavender -1.6986 -0.031793 -2.4373 -0.53507 -1.3996 -2.8688 1.2026 -0.11651 -0.43323 1.1068 -0.13947 0.56832 0.53615 -2.2836 -0.56577 1.0664 -0.8229 -0.022128 -1.0953 -1.5721 -0.67786 -0.86951 0.44947 -2.1187 1.3457 -0.06467 0.75 -0.35473 0.30758 0.90699 -1.0528 0.20715 2.7595 -0.43051 -1.3605 -1.3877 0.58129 -1.1959 -0.043875 -1.2286 1.1847 0.30788 0.2025 -0.089301 1.6271 -2.129 -0.02252 -0.87855 2.6831 -0.43788 -1.2333 -2.7522 -0.60787 -1.0285 0.80358 -2.6779 -0.26469 0.014606 1.9774 0.94795 -0.16833 0.84162 -0.17443 1.3482 -1.3031 0.85209 0.3433 1.4316 -0.74287 -0.32389 0.072852 -0.66017 -0.26952 -0.24156 0.62354 -1.4313 -0.26878 -1.9833 0.24118 0.59902 1.4472 -1.104 2.1742 0.51863 -1.1588 0.46659 0.99169 -0.60265 0.47714 2.4583 0.079276 -0.27384 2.2337 -0.68844 2.2194 -0.065291 0.41373 -0.26193 -0.34053 -2.548 
cologne -1.3284 1.3247 -1.3288 1.7022 0.14551 -1.2716 1.5847 1.3649 0.57848 -0.77314 -0.8767 -1.0725 -1.9218 -1.0887 0.27008 1.6637 -1.7904 -2.3969 -0.21213 0.3275 1.3211 -0.20834 -0.60165 -1.8204 -2.4964 1.2495 -0.078887 -0.38313 -0.47197 0.12497 -0.13714 0.41926 0.83151 -0.60194 -1.7786 -0.67606 -0.60532 0.48237 0.89937 1.6885 -0.73561 -0.13433 0.052738 0.2612 0.13401 -0.99186 0.020181 -1.0793 1.5003 0.68617 -1.6732 -0.41678 -0.48202 -1.3711 1.9952 -1.676 1.0527 -1.5453 2.4937 -0.15314 -0.091454 -1.6064 -0.40418 1.1386 0.5531 0.27147 -0.86324 -1.0001 -2.0037 -0.64185 -0.052596 0.84963 -0.3943 2.0018 -0.49043 -0.71838 0.51851 -0.32044 1.722 0.93985 1.6811 -0.58405 1.1913 -0.77423 -2.2069 0.66535 0.57584 0.34563 0.93631 2.5806 0.22356 -0.82972 1.553 -0.78665 2.1425 -1.0796 -1.2249 -1.173 -1.058 -3.0296 
cedar -1.498 1.1992 -0.27199 -1.9119 -1.8461 -1.302 0.82105 -0.15703 0.00081569 -0.045291 -1.7039 -0.6291 1.0101 -4.7096 -1.9327 0.11897 -1.5312 -0.75779 -2.7514 -3.9326 -2.2206 -0.087035 1.5817 -0.77379 2.4423 0.13477 0.82788 -0.34249 1.6645 0.57678 -1.6041 1.4971 3.3727 1.1489 -3.1522 -0.88529 0.9745 -0.056455 0.17102 -1.8178 3.9791 -2.2994 -0.36836 0.10926 2.744 -1.7628 -1.5681 -0.30298 1.0097 -0.75174 -1.9474 -4.447 0.78031 -1.5166 -0.11241 -0.3808 1.1265 1.1037 1.184 0.037519 -0.21967 1.016 0.20491 0.23906 -2.3098 3.1001 0.50608 1.0963 -1.063 -0.28561 -0.18881 -0.84705 -0.95375 0.06941 -0.080612 -1.2594 -0.19882 -1.663 -1.5143 2.942 1.3202 -1.086 3.739 -0.72545 -0.44164 1.8297 0.45679 -1.2876 -0.19177 0.36375 0.27371 -0.363 3.5185 -0.86544 0.5249 -0.68809 0.079198 1.3413 -0.12381 -0.92815 
cheese -0.94234 2.0842 -1.0171 -0.69208 -1.8332 0.60513 0.67255 -0.4859 1.044 2.1432 -1.7006 1.0317 2.4351 0.77321 -0.23294 0.12921 1.7236 2.5243 1.2657 1.8464 0.87084 -1.7374 0.41087 0.60649 -0.65855 1.9273 0.81342 -1.0962 0.88288 -0.83797 1.5333 -3.5299 0.90827 1.404 2.9757 -0.84046 0.27199 -1.6048 -1.6522 2.0169 2.698 -0.84275 -0.49847 1.8944 0.52212 -0.051273 1.4983 -0.2098 3.001 -2.5497 0.46348 -1.4778 3.3826 1.3956 -0.3386 0.82541 1.1839 0.31236 -2.6063 -1.9529 -1.2767 -0.38565 -1.2246 -0.42466 0.39435 -0.34325 1.8249 0.26713 -0.63238 -1.7449 2.1692 0.91528 -1.1873 0.18205 1.4449 -2.2318 0.13177 -1.0699 1.3616 0.82304 0.208 -1.408 0.93619 -1.7439 -0.59396 -0.70097 -0.94566 -3.2432 -1.5852 -1.0485 -0.035427 -0.24672 2.0339 -0.28183 -1.2474 1.0691 2.4781 0.89765 2.5224 0.90724 
mint -2.9835 -0.74704 -2.3925 0.3752 -2.6875 -2.9085 2.2454 -1.9919 -0.40142 3.1853 0.51697 -0.82136 2.8415 -1.1631 1.3037 5.1035 0.16952 0.46527 -0.21333 -1.4571 -1.0476 1.1468 -0.8601 -2.7797 3.1272 2.3455 0.30981 0.74365 0.0305 1.033 -3.5434 -0.42456 2.1128 -2.6639 -3.3769 -0.21146 2.3702 -0.6367 0.98991 -1.8309 2.2205 -2.5464 0.11614 0.22409 0.99414 -0.75133 -1.0455 1.6771 2.3175 -1.1747 -0.72905 -3.6529 0.42093 0.00054923 0.99208 -2.2173 -0.16949 -0.53822 1.1246 1.2724 0.022843 0.25133 0.97886 -0.34601 -0.09004 2.575 -1.458 3.207 -0.54645 -0.5044 1.503 -0.52998 -1.1097 -0.98576 0.37416 -2.1446 -1.8661 -3.3727 2.75 2.1068 0.9145 -2.7502 2.823 1.0744 0.99932 0.24348 2.0495 -2.4558 -0.75757 0.47027 -0.61587 -0.70748 1.5056 0.8644 2.5476 0.81614 -0.065524 0.167 0.23672 -3.2515 
popcorn -0.83365 -0.17287 -1.6036 1.6181 -0.7003 -0.9921 -1.6178 1.0751 0.32895 1.3003 2.0778 -0.22917 2.6701 0.53343 1.9432 0.1863 1.0854 -0.15574 -0.003796 1.8244 -0.44623 -1.1718 3.2294 1.1447 -1.0972 2.19 0.74472 -0.9316 1.3952 -0.76309 1.6287 -2.738 1.314 0.57227 3.5161 -0.35719 -0.037572 1.1093 -2.3736 -0.14647 0.80456 -0.34508 -0.024187 -0.1828 -0.73598 -1.1646 -0.79063 1.3594 1.7311 -1.4844 2.089 -0.76855 0.23573 0.31269 -0.73671 0.17629 -0.41574 -0.28617 -0.23257 -0.063999 0.91225 0.93627 -3.0995 0.0694 1.9984 0.081899 -0.87343 -0.61704 0.34862 -0.52787 1.3621 -0.067491 -0.019397 0.015791 -1.0624 -2.0505 -0.15156 0.020426 -0.22643 -0.19842 -1.3848 -0.16437 0.13833 -0.75903 -0.81008 -3.1773 -2.0919 -1.5393 -0.097832 -2.302 0.4647 1.2509 0.73025 -0.13161 -0.95685 0.46829 -2.2491 -0.6537 2.3388 -0.032345 
bread -2.1086 0.23483 -3.6456 -1.2951 -0.92956 -0.8914 0.14044 0.85783 0.86016 -0.40671 -0.68698 2.6561 0.53237 -0.16199 0.83065 -0.011788 0.29994 2.1907 0.77077 1.3047 -0.38019 0.20235 0.82385 0.56382 -0.59042 2.1242 -1.8524 -0.81536 1.9164 1.4691 2.9563 -2.1052 0.068703 0.51819 3.0092 -0.96868 -0.90648 1.9895 -3.745 0.32792 1.6847 -0.72388 -1.3247 2.6546 0.30363 -4.3511 1.5754 -0.7512 3.0377 -0.17347 1.2495 -3.4558 1.5847 -0.43555 2.764 -0.2635 -1.821 -0.50876 -2.3955 -1.7606 -0.60922 0.83969 0.50868 -0.11358 -0.38793 -1.7442 1.9535 -1.6626 -0.61948 0.46591 1.726 2.3744 -1.118 1.0712 1.0637 -1.3971 -1.3824 1.3033 -0.37214 -2.2245 -0.12024 -1.4263 -0.24539 0.81601 0.12957 -3.4913 -0.75194 -3.4406 -1.1668 -2.1922 0.59304 -0.46013 -0.0037772 0.48083 -1.7391 -1.2384 0.86843 -2.2093 3.0409 -2.1272 
smoke -1.2295 1.1733 -0.26573 1.5828 -1.6765 -1.5972 -0.69738 -2.6581 -0.65506 -0.17104 -0.64981 -0.93676 2.4977 -1.0868 -0.42815 0.79323 -1.9486 0.21972 -1.0283 -3.5219 -2.682 -1.3541 0.29526 1.6631 2.7667 0.20878 0.32761 0.007606 0.018608 -3.0691 1.2063 -0.18566 2.8526 1.4946 -1.72 -1.6515 0.27039 1.2705 0.21751 -0.81059 3.4967 -2.8963 1.6792 0.43849 1.937 -1.3035 -1.4332 -0.50299 1.1643 -2.4047 0.84796 -3.6962 1.2132 -3.0819 -0.02599 0.8183 1.2479 2.3136 -0.98816 0.37588 -2.9162 1.1556 1.6055 -0.70735 -1.2633 2.0063 1.6464 0.30381 -2.515 -1.0897 1.4588 0.047597 0.091322 -1.3236 -0.37312 0.13291 2.7663 -0.86033 -0.53541 1.4208 -0.56252 0.89905 1.3475 -0.82761 -0.68262 -0.10637 2.1991 -1.8475 -0.72307 0.17962 -1.2901 -0.78444 1.5148 1.9502 -2.3766 -1.6002 1.0812 1.4472 1.7665 1.1111 
licorice -1.5082 -0.14066 -0.50035 -0.26018 -2.251 -0.68997 -0.41361 -1.1401 -1.7362 0.74745 0.83901 0.075899 0.57902 -0.66032 0.38555 2.7539 -0.34903 0.69944 -1.3999 -0.9312 0.72251 0.62289 -1.9838 -0.45861 1.3921 0.6977 1.0229 0.35329 1.9789 -0.070166 0.62878 -0.47943 1.5788 0.039191 -2.6701 -0.2397 0.83518 0.62006 -0.20418 -1.6621 3.7976 -2.1528 2.6686 0.28953 1.1898 -1.1588 -1.8608 0.81465 -0.25115 -1.0449 0.34718 -2.866 1.318 -0.69784 0.57161 -1.4886 0.54666 -0.011299 -0.25091 -0.23223 -0.52241 0.41891 -0.14993 0.083272 -0.21827 0.69711 -0.07457 -0.2426 -0.18047 -0.64822 0.90134 1.5501 0.30639 -1.1807 -0.40581 -1.9011 -0.31529 -1.1613 -0.10932 -0.038232 0.84329 -1.2284 0.63985 0.24714 -0.44052 -0.72773 0.27927 -2.5108 -1.16 -0.48116 1.2714 0.37549 2.0927 1.7949 1.7199 -0.49416 0.27206 2.6908 -0.075603 0.41778 
violet -0.0304 -0.41516 -1.4951 -1.4196 -2.0671 -1.7415 0.09293 -0.42899 -1.7638 0.28958 0.65338 1.4025 0.42304 -2.3514 -2.0986 1.002 -0.82273 0.082613 0.32881 -2.1021 -0.31835 0.75275 0.55397 -1.691 1.8885 -0.32361 1.203 -1.1688 0.43564 1.1676 -0.58139 0.64599 2.9705 0.64943 -2.4848 0.09572 -0.14423 -0.011967 -0.62787 0.34429 1.7867 -0.20394 1.1158 0.079038 1.9338 -1.6186 -1.0171 -0.22602 -0.29116 -2.9517 0.72624 -2.9682 -0.37151 -2.1502 0.85664 -2.9939 1.4498 0.33894 1.8187 0.74866 -1.4762 0.5987 -0.26272 -0.58661 -1.6281 1.453 0.46414 1.6304 -0.74536 -1.4915 0.05313 -1.0593 -0.095473 1.3057 2.1987 -1.8219 -0.23772 -2.8402 -0.01314 0.80673 1.0137 -0.45308 2.1949 0.9106 -0.41842 -0.35998 0.94942 -1.3493 -1.0236 2.6124 -0.41809 0.71298 2.5531 0.98738 0.90016 0.047117 -0.54403 1.7102 -1.1838 -2.6857 
strawberry -0.8156 0.76903 -0.22837 -0.53301 -1.5281 -0.039243 -0.67012 0.41802 0.8153 0.60247 0.21199 0.98211 1.9822 0.21804 0.70064 2.5106 -0.20532 2.2878 0.14984 -0.41711 0.47249 -0.56997 -0.86268 -1.3152 1.3989 0.64243 0.65117 -0.1546 1.0494 -0.12152 0.11645 -0.93905 0.72059 0.2366 -1.7226 0.72859 -0.13096 0.2402 -0.45872 -0.91656 1.7847 -2.8444 0.018756 -0.1948 1.9667 -0.72739 0.30629 0.3281 0.26581 -1.633 -0.2285 -1.4287 0.71322 -1.0217 -0.25974 -0.70328 -0.19026 -0.092166 0.082727 -0.2816 -0.33252 1.0239 1.6063 -2.1328 -1.3677 0.33559 0.012173 1.4149 0.52228 -0.024257 1.9158 -0.035171 -0.16279 0.99294 1.0716 -1.6389 -0.38559 -1.561 0.023564 -0.16469 0.072423 -2.3534 0.8463 1.5018 1.7401 -2.6805 1.0829 -2.1967 0.074964 0.017094 0.51082 0.0076324 1.3873 1.5163 0.44189 -0.10105 -0.61785 0.070815 -0.20731 -1.8644 
pear 0.75904 0.1008 -3.0545 -1.2637 -2.7375 0.6353 -3.4523 1.5631 1.4128 2.2525 1.4547 1.0548 2.0624 1.049 -1.4283 2.2635 -2.0331 3.2081 -0.84069 -3.724 -2.1105 -0.26269 0.85781 -1.8116 1.199 1.201 -1.5929 2.58 1.6677 -1.3256 -1.6355 -2.2168 2.1029 3.059 -0.80049 -0.47638 -1.6331 -3.063 -1.9141 0.6359 2.3613 -3.1881 -0.14157 -0.093887 3.4343 -3.0862 1.0118 0.60505 0.039342 -0.58063 -3.1076 -4.3439 3.7057 -4.3785 -2.1395 -1.3412 0.38453 0.70443 -0.14582 -1.2131 -0.72798 0.43559 3.8793 -0.073939 -1.8161 0.25842 -2.1066 2.75 1.4314 0.3349 1.8228 -2.1352 -1.3958 1.6604 2.6649 -2.7092 1.9231 -2.8733 0.94707 -1.1664 -1.9805 -2.2266 3.8362 1.7339 3.2446 -5.4393 0.61867 -3.813 2.3893 2.6562 1.1356 -3.6731 0.50859 -0.70761 3.1692 -0.52699 -1.7662 -3.0628 2.622 -0.79009 
pineapple -0.031538 0.42022 -1.0736 -0.10397 -1.8438 0.74832 -0.54507 0.28786 0.70051 1.0282 -0.25356 0.018774 1.0846 -0.29909 0.90148 1.2247 -0.11663 1.9688 -1.4003 -2.6434 -0.6371 -0.27493 -0.58664 -1.5632 1.3915 0.51054 -0.034124 1.6038 -0.37394 -1.7488 -0.68269 -0.29485 1.6712 0.72631 -0.57566 0.47768 0.12991 -1.9879 -0.62733 -0.78144 2.054 -2.4557 -0.21111 -1.2417 0.98204 -0.92691 0.77585 0.55283 -0.1863 -0.67783 -1.3434 -2.1705 1.3703 -1.852 -0.50934 -0.75066 -0.24128 1.5885 -0.45244 -0.64875 -0.1803 0.91383 2.6658 -0.45829 -1.7066 0.25147 -1.7487 1.8276 0.92189 0.48675 2.0219 -0.97478 -1.7714 1.1498 0.66788 -1.4684 1.5498 -2.2809 0.18155 0.21537 0.65374 -1.3504 1.728 0.92146 1.3035 -3.2208 0.63443 -1.896 1.9502 1.3827 1.1292 -1.6463 1.0688 -1.0524 1.4293 -0.87216 -0.63559 -1.1627 -0.027048 -1.0827 
caramel -1.3379 0.63175 -1.8885 -0.13953 -0.78151 1.5115 -1.3449 1.3485 0.33431 2.3479 0.21472 -0.89558 1.5373 -2.0717 1.3486 1.4952 0.63799 0.69905 -1.1966 -1.5033 -0.9507 -0.025275 0.70245 -0.51601 2.0864 0.27057 1.4506 0.50163 -0.4892 -1.6573 0.72791 -1.7091 1.2661 -0.83982 -0.10715 -1.3248 0.45754 0.56869 -0.40971 -0.34854 2.3352 -2.3597 0.90913 -1.0677 2.2995 -0.56769 -0.71003 0.14124 -0.10616 -0.55482 1.2007 -2.2296 0.64116 -1.5874 -0.68962 -0.13399 -0.68787 1.074 -0.95856 0.45781 -0.21764 2.0814 -0.73884 0.32889 -1.6263 0.22165 0.24884 2.2953 0.15808 -0.091167 0.71959 -0.11982 -0.60315 -0.087293 -0.16688 -2.0933 -0.095847 -2.496 0.17789 0.86836 -1.0068 -0.40007 0.6322 0.26814 0.10763 -2.3653 0.7017 -2.93 0.30907 -1.2295 1.8616 0.28015 0.84867 1.7026 0.9964 -0.62646 0.49787 1.2494 0.57905 -0.88159 
grapefruit -0.46779 -0.1039 -1.1356 -0.11457 -1.4861 -0.53753 -0.4539 0.36183 0.49836 0.3371 0.027871 -0.028264 2.1754 -0.89382 -0.36181 2.1741 -0.58264 1.3831 -0.67033 -2.9268 0.58025 -0.31146 -0.24898 -1.6401 0.873 -0.19752 -0.13118 1.2415 -0.28148 -1.1423 0.013758 0.1781 1.6944 1.7885 -1.585 0.53614 -0.27854 -1.1817 -0.85714 -0.40375 1.7525 -0.95022 0.98873 -0.35036 1.8305 -1.4063 0.86133 -0.50377 0.24729 -0.58288 -0.62981 -1.8809 0.96305 -1.9031 0.46819 -1.1256 1.2241 -0.63896 0.88614 -0.098997 -0.55769 0.36891 2.0709 -0.6885 -0.94072 0.16338 -1.1189 2.7735 1.0455 -0.1602 1.8317 -0.86004 -0.50476 1.0565 0.59446 -1.4756 -0.78599 -2.1743 0.28184 1.1014 2.2792 -1.4548 2.275 0.86929 0.9954 -0.61938 0.76054 -2.1783 1.6392 2.2801 -0.35698 -1.5114 1.5787 -1.2209 1.9608 0.14862 -0.76794 -0.9369 0.64496 -1.5063 
clove -1.5575 0.57441 -1.6931 -1.2232 -3.4003 -1.4779 0.088011 -1.6383 -0.62381 0.13046 -1.0609 0.79889 1.0655 -2.8599 -0.74043 2.0258 -1.0464 -0.23826 -2.1506 -2.2404 -1.5553 -1.8866 -0.53006 -0.37211 3.412 -0.28047 0.32203 1.2082 1.8891 0.80732 -0.76506 0.82774 4.4661 0.00091578 -2.7551 -2.4799 2.7347 0.52283 -0.43638 -1.0507 3.2735 0.50547 2.3814 0.88711 2.6926 -3.3549 -1.3264 -0.24539 2.2791 -1.2651 -0.54817 -3.7367 1.0406 -2.2087 -0.65694 -1.8563 -0.25342 0.40087 1.4895 0.99333 -1.9523 0.93624 0.81816 -0.10626 -1.4711 0.80166 0.51062 0.10076 0.26573 -1.0854 -0.087306 0.24579 1.2484 -0.3926 1.273 -2.425 -0.28505 -0.39844 0.15408 0.78562 -0.27857 -1.8316 2.8995 0.28675 0.14205 -0.7936 1.1271 -1.5352 -0.96651 0.45485 1.6996 0.16968 1.6092 -1.3449 -0.029819 0.018063 0.34408 -0.23803 0.35806 -1.0451 
syrup -1.6128 1.2504 -3.2299 2.4756 -0.54095 1.7139 -0.98811 2.1907 1.5135 0.76137 -0.71254 -0.92783 0.311 -2.7581 0.441 0.44981 0.23431 0.43125 0.91859 0.90704 0.69179 0.09664 -0.5105 -0.19586 0.99961 1.4545 0.83496 -0.70924 -1.2769 -0.82162 1.1177 -0.93025 0.98097 -2.0786 1.0284 0.11439 1.4392 0.88681 -1.0675 -2.9864 0.49535 -2.9416 -1.194 -1.9901 2.0852 -0.2635 -0.59944 -1.2768 0.11845 -0.64713 -0.89306 -1.4656 0.47215 -2.3989 1.1762 -0.97455 0.055549 -0.77432 0.42511 0.0026403 0.36116 0.70028 0.63088 -0.88913 -1.2028 -1.6475 1.2253 0.29424 1.1808 0.69035 1.2545 -0.4969 1.1655 -2.122 -0.57199 -2.8194 -0.2258 0.31452 -1.9355 -2.3855 -2.4098 0.53879 -2.8049 2.4171 0.9393 -3.3716 1.7506 -2.1716 0.89681 -3.6686 1.5883 -1.2163 -1.0491 2.852 1.5904 -1.6587 -1.0319 -0.12214 -0.58547 -1.2175 
grape -0.87459 1.4287 -1.0592 0.73593 -1.481 -0.11052 -0.12766 1.9733 -2.3735 -0.021365 0.23366 0.40918 2.3122 0.4291 -2.2762 3.4947 -0.33443 2.5039 -2.1911 -0.89818 0.35117 1.507 -2.0363 -0.48205 0.30437 -0.037844 0.74493 -1.1718 0.208 0.9526 -0.19483 -1.1573 0.29924 -0.41091 -0.49173 3.2618 -1.509 -1.9042 -0.33572 -0.98596 1.6909 0.36108 -0.0032415 -1.8018 2.846 1.2714 0.95197 -3.0684 0.96083 -1.4562 -0.063028 -3.9152 2.1625 -2.2789 0.7252 0.63156 0.88585 1.1758 2.73 -1.9266 -0.51243 2.5808 1.7084 -3.4548 -1.9686 0.15191 0.35485 2.567 1.8006 0.33196 2.8023 0.36484 3.0022 2.5237 1.8426 -0.065786 -0.79077 -0.94302 2.41 0.33504 1.3208 -2.2859 -0.072822 -0.2259 1.2784 -5.6747 -0.20306 -1.1374 1.022 -0.25409 0.13194 -1.0642 3.4332 0.75441 0.015496 0.52106 -2.0969 -0.0051409 1.6784 -1.7491 
fish -2.2013 -0.096184 1.093 2.0429 -1.4009 -1.9969 2.3068 -1.7951 1.0425 0.73535 -0.34351 -0.46628 3.4819 -0.63293 -0.34539 -0.0035962 0.24434 0.1942 -0.050266 0.085763 0.037427 0.76455 0.43766 1.6353 -0.28321 0.0101 -0.94822 0.68279 0.19299 -1.4234 3.563 -1.2314 1.4204 5.1014 4.8973 3.7194 -0.80174 -1.0111 -3.6024 0.73478 0.96695 -2.3805 -1.7279 1.0878 -2.0328 0.016892 -0.48843 -0.84038 1.9656 -1.9562 -0.40955 -2.6863 0.37748 0.95003 -0.42267 0.64604 2.5076 1.465 -1.0364 -0.60299 -0.98849 -1.3271 1.6525 0.29729 0.53159 0.067405 1.4052 -1.264 -2.978 -2.7717 1.9952 -0.25368 -1.5669 0.61861 -0.78801 2.6464 0.65336 -2.6182 2.3826 0.85386 0.56961 -1.41 -0.84872 0.12901 2.7436 -1.928 -1.3713 -3.0893 -1.4816 0.076276 -1.3469 -2.2596 0.99718 0.73812 -0.81503 0.68163 0.29928 -1.5731 2.4648 2.1988 
banana -0.86849 -0.61403 -1.2275 -0.77947 -0.5999 0.89894 -0.10574 0.12465 2.3226 1.4262 0.80799 1.2243 1.02 -0.14156 1.151 0.19099 1.5408 2.6646 1.4815 0.16455 -1.2018 0.073177 -0.12769 -1.8129 1.1858 0.70179 0.22659 0.46821 -0.26711 0.3567 -0.34275 -1.8666 -0.25308 0.5506 0.45149 -0.63009 0.028081 -1.1764 0.1813 -0.50296 1.7566 -1.7156 0.46177 -0.27868 1.6393 -1.9267 1.4163 0.3318 0.16261 -0.38999 0.16044 -1.4634 2.4126 -0.9152 -1.7322 -0.21861 -1.2041 0.49481 -0.69301 0.84461 -0.16711 1.0106 2.6239 -2.0583 -1.2263 0.042113 0.53225 0.19974 0.11522 0.092049 1.4517 -0.92504 -0.37891 1.321 1.0594 -2.269 -0.41557 -1.0541 1.4895 -0.3709 -0.81957 -0.78137 -0.15093 1.5194 2.6351 -3.5616 0.53635 -3.1889 0.54954 -1.4544 0.10714 -0.023003 0.24454 -0.0091461 -0.012669 0.7121 -0.14711 -1.8783 -0.93726 -1.6332 
egg -0.092054 -2.3206 -2.681 0.83126 -5.7144 1.3949 0.4946 -2.5568 3.7288 0.45565 -1.1578 -0.76016 0.2766 1.3072 -3.1783 -4.9388 5.0086 2.1832 -0.39951 3.7918 2.8499 0.96519 0.36367 0.3529 1.3988 1.7389 -3.6758 -1.3568 -0.23545 3.1139 3.3072 -4.7652 3.641 0.2249 7.8222 -1.6003 -0.15014 -3.7102 -1.2422 2.8533 1.384 1.3023 0.64117 -2.6267 2.1001 -4.4086 2.7427 -1.0879 -2.8584 -0.57128 -0.46925 -3.0684 1.3147 1.1765 1.5821 3.2339 -0.68839 5.4304 -4.1781 -4.7369 -1.3214 -0.65342 2.046 -2.373 3.0778 0.33254 2.8476 0.58705 -4.2789 -0.64457 3.9129 0.48607 0.23736 -0.69536 4.0538 -1.2249 -0.1748 -3.7349 1.4469 -1.6891 -0.2345 -0.26459 -1.3023 1.0281 4.3942 -2.7199 -2.2514 -3.6428 -4.8108 -4.9773 0.51293 -1.9166 -2.194 1.6931 -1.2517 -3.8561 3.158 -2.3058 1.7914 -0.20383 
peanut -1.8159 0.41168 -1.9282 -0.30561 -2.9116 1.9065 0.67652 0.053987 2.1267 2.7193 1.1437 -1.1886 1.4974 0.48416 0.054171 0.63025 0.43376 0.32152 0.10124 0.37108 -0.2758 0.078161 1.4653 0.85619 0.26362 -0.27413 -0.78253 0.044583 0.40458 -0.63085 0.51654 -1.9941 0.21582 -0.99357 3.3922 -0.9939 0.2701 -1.2983 -1.9691 1.6478 3.7348 -1.9083 0.72772 1.058 0.87802 -0.96925 -0.6006 0.24683 -0.43397 -0.24614 -0.71741 -0.48785 2.4733 -0.14458 -1.7032 0.57451 -2.1194 2.1076 -1.5753 -0.08861 1.578 1.8914 -0.27184 0.054701 0.60218 -0.0934 0.66886 -0.96842 -0.031509 -0.44029 -0.65525 1.4867 -1.2083 -1.3198 -2.1696 -2.4963 -0.70769 -1.7197 1.155 0.23005 -0.13156 -0.50207 -2.3819 0.49524 0.4352 -2.5959 -2.2236 -3.6789 -1.6966 -1.821 1.0948 0.59443 1.1156 -0.25372 -0.70346 -0.39922 -2.1046 -0.29194 0.30324 1.0027 
vegetable -1.988 -0.62495 -0.99261 0.48888 -2.0985 -0.13869 0.26994 -1.4609 -0.40416 0.6317 0.66385 -0.15386 -0.8475 -0.86812 -0.84683 -0.4848 0.28563 1.5828 1.3792 0.13793 -0.026831 -0.58393 -0.33918 0.33814 0.2931 0.91248 0.29417 -0.11019 1.7916 -0.0011009 0.90932 -1.4323 1.0754 1.821 3.1868 0.40117 -0.32228 -0.9307 -0.69059 -0.17496 1.8868 -1.4024 -0.84209 0.86479 1.0604 -0.16103 -0.98867 -0.35546 1.0764 -0.46677 -1.8733 -0.92228 0.83529 0.30263 -1.8445 0.37422 1.7625 -0.34217 0.52525 -0.96327 -0.71161 0.57184 1.7442 -0.42926 0.50212 -0.53035 1.9703 -0.014331 -1.1183 -1.4193 2.0762 0.22966 0.10451 -0.038652 0.97283 -0.5349 -0.41107 -1.4704 0.53456 0.61672 0.62202 -2.3062 -0.30655 0.17781 1.0109 -2.2446 0.03044 -2.371 -0.84537 -0.50632 -1.3792 -0.44658 0.76922 0.50067 -0.18373 0.7338 0.3802 -1.4696 0.58747 1.0938 
raisin -1.4247 -0.45085 -1.5753 -1.2886 -1.5723 0.054515 -0.73114 0.30562 0.41836 -1.1769 -0.097835 1.5089 -0.15509 -1.3964 -1.0123 0.85186 0.54845 1.0994 -0.68427 -0.16367 -0.80226 0.51533 -1.5698 -1.2149 2.1962 0.28223 0.85241 0.54003 3.2856 0.75674 0.61403 -0.82941 0.86641 -1.3301 0.1573 0.41057 0.85123 0.44739 -0.6845 -0.68681 3.344 -2.0406 2.1822 1.4324 2.6502 -0.15515 -0.50728 1.4572 0.44748 0.98981 0.045444 -2.8825 2.5883 -2.3047 -2.3384 -0.93225 -1.8323 -0.21336 -0.55196 -0.58942 0.36734 1.9402 0.28138 -2.8418 -0.77527 0.087746 0.069836 -1.3553 0.30105 -0.50904 1.0301 0.84953 -1.2246 -1.2838 0.025602 -2.374 -0.82074 0.69751 0.92954 -0.14575 -2.5983 -2.3248 -0.78726 0.41605 1.9276 -3.4637 -0.89966 -2.1821 -0.3836 -0.83794 0.33336 -0.077711 0.96608 1.0724 -0.98228 -1.4487 -0.77015 -0.0087883 -2.4036 -0.012521 
animal -1.5818 -0.46344 0.79722 -2.009 -1.8341 -0.40413 0.66356 -1.3937 -0.48356 1.2191 -0.51586 -0.70758 0.28684 0.097671 0.75646 0.8253 -0.91999 0.32227 1.2182 -1.2488 0.54519 -1.2502 0.30261 1.3397 1.0996 -2.1675 -1.5329 0.26905 -0.11411 1.1627 0.60039 -0.7271 -0.068902 1.707 1.168 -0.77765 -0.83956 -0.035349 -0.73608 0.66545 0.26019 0.23421 0.30532 0.3462 0.2164 -1.0937 0.91602 -2.0106 -1.0687 0.6296 -2.5089 -3.3041 -1.5871 -1.769 -1.622 0.81129 0.41753 0.9463 1.2181 -0.074496 0.37012 3.6612 0.44651 1.6827 0.29683 1.9613 0.22626 -1.745 -2.0937 -1.7967 -2.1375 2.101 -0.52944 0.22497 -0.7302 -0.11528 2.3664 -0.72638 0.23463 0.16606 2.04 -1.9419 -1.3933 -0.99052 -0.98313 -1.8523 1.7636 -2.1508 0.4954 0.80336 -0.013 -0.39609 1.7768 1.4801 0.12898 1.8874 2.0559 -1.0206 0.084371 2.2674 
anise -1.9232 -0.14722 -2.2168 -2.6298 -2.7218 -1.6043 0.66616 -0.80523 -0.782 1.2942 0.34199 0.60117 1.1345 -3.0555 0.090124 3.1369 -1.1968 -0.072133 -1.5722 -2.305 -0.62283 -0.048125 -0.95266 -1.7364 3.3838 0.22017 0.16502 1.0615 2.3564 -0.10686 -0.70486 0.8534 3.3134 0.10296 -2.9082 -0.97765 1.5612 -0.49252 1.1254 -2.4324 4.5025 -0.56633 1.2488 -0.40203 2.434 -3.106 -1.5818 -0.018019 1.3456 -0.77268 0.63906 -2.9588 0.57018 -1.2021 0.58085 -2.1794 0.33488 -0.17363 0.37379 0.68646 -2.2041 1.0282 1.4061 1.3205 -1.5341 1.9503 0.59794 1.4134 -0.79195 -1.8425 0.72398 0.5802 0.5071 -0.88213 0.48207 -2.8812 -1.0137 -1.1163 -0.60648 2.0388 1.3171 -1.9901 2.627 0.11598 -0.85889 -0.54189 0.81575 -2.2199 -1.6141 1.4433 1.3204 0.7974 2.2816 0.28806 2.0805 -1.2141 0.7919 1.2902 -1.0397 -1.0468 
potato -1.1599 -0.36763 0.14024 0.37144 -0.05844 -0.13327 1.8431 -0.5209 1.3495 0.57188 1.5601 -0.30451 1.0453 -2.2517 -0.4753 -1.6298 1.7381 0.96098 0.69738 2.8464 -0.65046 -0.41213 -0.32082 0.25455 -1.5137 -1.0439 -2.0385 -0.6829 1.7273 1.7992 1.1425 -3.3297 0.86099 2.2157 5.3334 -1.1736 -0.2711 -1.1031 -0.93841 0.74602 2.1597 -2.6585 0.34966 1.4505 0.72846 1.2578 -1.2152 -0.15005 2.6737 -1.6102 -0.036499 -1.9687 1.1524 -0.1255 -0.10809 -1.1411 1.2026 -0.090028 -0.48176 -1.6663 -2.0066 -0.21813 0.17019 -0.14185 0.45078 -0.99836 1.367 -0.78814 -1.2124 -1.0852 3.6817 0.0041338 -0.041394 0.098991 -0.24361 0.054962 -0.076072 -1.4882 0.21381 -0.41772 -0.28355 -0.3678 -0.58634 0.18125 2.1436 -3.4667 -1.504 -1.7403 -1.8065 -2.3867 1.1403 -1.8127 -0.62986 -0.8967 -1.3275 -0.24106 0.67249 -1.3975 1.369 0.8727 
garlic -3.0559 -1.277 -0.7182 1.6043 -0.9425 -0.24153 1.7226 -2.3279 0.38995 0.66598 0.83661 0.010357 1.4872 0.68404 -0.55956 1.8026 -0.45577 -0.32118 0.22927 1.4677 -0.24485 -0.95478 -1.3766 -0.26346 0.40128 -0.31052 -1.0013 -1.5751 0.88433 -0.47636 1.5042 -1.6329 2.2922 1.6532 1.8325 -1.6977 2.0255 -2.4283 -1.5408 -0.56743 3.0081 0.24497 0.71778 1.4687 1.6288 -1.3419 -0.073713 -0.62582 1.702 -2.5824 -0.0088924 -0.68149 2.4866 -0.24737 -1.2743 0.20763 0.51233 -0.083369 0.57255 0.11411 -0.77048 -0.15531 1.5796 -0.041416 1.4441 -2.055 1.7177 1.0518 -1.0286 -1.4567 2.6268 0.40439 0.83673 -2.8258 -0.14487 -2.6785 -1.6275 -1.1155 1.5535 1.1534 0.74319 -1.1271 1.2048 -2.0522 0.95162 -1.5611 0.71851 -1.4207 -1.1838 -0.38117 0.14144 -1.1264 -0.092784 -2.8086 -1.0626 -0.33606 1.3921 -0.78967 2.8027 0.15157 
soap -0.44367 1.8971 -4.2326 0.62568 -1.3268 -6.4153 1.8941 -0.13941 3.6544 2.0376 -0.82351 1.8465 -1.4427 -0.52065 -0.60026 1.7605 -3.1815 -1.3112 -0.51298 -0.099251 1.7414 1.8416 0.59667 -4.5865 -1.1615 0.72171 1.7772 -4.18 -4.3142 0.19172 1.157 0.92805 3.2527 1.3298 -3.7133 -1.9784 -0.97727 0.16862 -3.1411 1.2933 -0.98033 0.59848 -0.41568 0.23641 -0.23618 -2.9221 0.32524 -0.36468 -0.91343 -0.29579 -2.0604 -2.8524 -0.35088 -2.3097 -2.2681 -2.7924 1.6487 1.7851 1.7354 0.056697 1.2861 -2.0215 -2.1789 -0.30934 -1.59 1.514 2.8521 1.085 -2.1922 -2.8969 2.0233 -1.325 -0.2922 1.2595 -0.11425 -1.4266 -1.5142 -0.6817 -0.047583 -0.51905 0.83062 1.5247 -0.77795 0.19849 -1.2184 0.01168 -2.2331 -3.2245 0.42602 1.9883 2.0808 -2.6141 1.146 1.5942 1.1817 -1.053 -0.28899 -2.1816 -1.1028 -1.1052 
geranium -0.53317 -0.62173 -2.1246 -1.046 -0.79092 -2.801 1.4684 -0.4546 -0.20011 0.83331 0.16291 0.86073 0.755 -3.1164 -1.361 0.8406 -0.30777 -0.28654 -0.58344 -2.2392 -1.0146 -1.1382 0.093579 -1.7531 1.9278 -0.12144 0.64917 -0.16334 0.57324 1.5038 -0.82702 0.010451 2.7153 1.1142 -0.97187 -0.080464 0.21091 -1.3816 -0.21285 -0.2287 1.4435 1.3817 0.44174 -0.011846 1.9372 -1.8626 -0.51257 -0.28366 1.4777 -0.82602 -0.68222 -2.4965 -1.3761 -0.68647 0.60295 -2.0689 0.33831 -0.61142 2.3422 1.1219 -0.81234 -0.23083 0.58227 0.92348 -0.99502 0.58125 -0.18206 1.6215 0.12456 -0.53967 -0.83349 -0.93103 0.37315 -0.047102 1.792 -2.0388 -0.27517 -1.6011 -0.22038 1.7214 1.1924 -0.70961 2.2438 0.02467 -0.11584 0.8197 0.55399 -0.62787 -0.28106 2.0639 -0.68077 0.082607 2.5799 -0.73724 0.95425 0.79041 0.061469 -0.058583 -0.18668 -1.6429 
pine -1.9168 0.93002 -2.0343 -0.23628 -1.2666 -4.8589 0.60265 -1.8454 -1.3669 2.284 -0.27644 -0.89983 3.6964 -3.3665 -0.27115 3.4509 -0.95555 0.7864 -1.884 -4.6059 -1.0819 0.65781 -0.28939 -1.1629 1.9097 -0.51326 -0.30253 -1.0361 -0.69076 0.79892 -2.5198 3.0738 3.0578 -0.92522 -1.2859 -2.6846 0.87364 -1.4703 -0.060661 -1.1526 2.1888 -2.4043 -0.87566 0.34549 0.060677 -1.7934 -1.0298 0.59396 4.257 -1.5376 -1.7665 -5.3511 0.046488 -2.0559 2.3453 -0.19299 -0.10067 1.8503 2.8771 1.0663 -0.62759 2.8255 1.2756 -0.72862 -1.4962 1.9983 -0.37381 0.56451 -0.55603 -2.4462 1.4371 -0.62482 -0.37576 1.9437 -0.35843 -0.64437 1.9702 -3.4911 -0.26223 3.9804 2.5478 -1.3244 1.8719 -0.53841 -1.3039 0.30211 0.92579 0.069017 1.1046 0.84435 -1.949 -0.71249 3.1051 -0.96034 1.947 -1.1385 -0.17132 -0.38747 1.1972 -1.1762 
onion -2.3023 -0.16776 -1.573 1.2214 -1.5353 0.63302 2.412 -1.6118 1.0895 1.0241 0.71162 1.136 0.32635 -0.36219 -1.8384 1.3545 2.0021 -0.18618 0.77923 1.7624 -0.43788 -1.3658 -3.6475 -0.5259 -1.3349 0.095604 -2.5519 -1.7194 1.5302 0.123 2.0442 -2.8269 1.6273 3.0213 3.6017 -2.7021 1.1974 -2.7655 -1.0662 0.19302 2.9421 -0.99501 0.36067 2.6584 1.4614 -0.97776 -1.1062 -0.018994 3.3564 -2.4506 -1.9546 -2.3171 3.309 -1.7974 -1.1511 0.99981 0.092518 -0.5242 0.47556 -0.17128 -1.2851 0.63118 2.458 0.07724 1.6092 -1.5983 1.8552 2.1011 -1.6921 -1.5734 3.2802 -0.68745 0.79349 -2.7899 0.93743 -1.3938 0.14232 -1.9212 1.2614 0.7736 1.4764 -0.70294 0.53734 -0.92225 1.2871 -1.4473 1.3403 -1.4022 -1.0786 -1.0743 0.23329 -0.97173 -0.76221 -3.4179 -0.85096 -2.0312 0.82801 -2.0568 2.6996 -0.45818 
vinegar -2.0879 1.5261 -0.74384 1.2768 -0.31564 -0.0589 0.57082 0.089902 1.4684 0.49962 0.2782 -0.93922 1.9203 -0.80789 -1.1306 0.60474 1.1456 -0.87975 0.3661 -0.23619 2.6719 -0.74028 -1.4567 1.0863 0.20802 0.76218 0.56775 -1.9123 0.31082 -1.7131 2.0153 -0.8346 2.1592 1.029 1.6888 -0.07393 2.1343 -1.156 -0.64417 -1.2318 2.6564 -0.17663 0.0258 0.51148 0.73894 -0.23369 -0.17322 -0.065899 1.6887 -0.57751 -0.61987 -0.41404 1.298 -2.588 -0.85633 0.14897 0.74236 -0.079952 1.0379 -0.84607 -0.16994 0.77955 0.00049149 -0.13381 1.2475 -2.2012 0.57903 2.637 0.53584 -0.11016 3.0816 0.10637 -0.21455 -0.98815 -1.3258 -2.3491 -0.61638 -0.58062 -0.042417 -0.34351 1.5296 -0.31316 -0.33475 -1.1072 -0.006816 -2.4217 -1.2199 -1.8732 -1.1203 -1.0378 -0.28264 -0.53444 0.26856 -1.314 1.1563 -0.84805 -0.60812 -0.06819 0.51453 0.78706 
grass -2.933 -1.9952 -0.61081 -0.41986 -1.8688 -3.4538 -0.31072 -2.1995 -0.43849 1.4513 0.98803 0.19071 1.2145 1.1422 -1.0259 0.26265 -1.1623 1.2287 2.7062 -3.3742 1.2637 1.1611 0.59231 0.18616 0.73068 -0.30466 1.019 -1.8579 0.35528 1.4026 -0.95797 0.39732 0.44623 0.96962 1.4972 -0.56896 -1.8144 -0.86593 -1.7476 -0.92069 1.0068 -0.46308 1.1291 1.1504 1.8205 -1.421 0.69597 0.37117 0.87484 0.079618 -2.7323 -5.0606 1.3909 -0.91214 0.81388 0.018932 0.0039334 -0.15544 1.0548 1.7517 0.24407 3.5336 2.6082 -0.26418 -0.3284 2.7746 1.0123 1.5527 -0.050757 -1.5107 2.0726 -0.093671 1.9719 2.3047 0.11849 -0.41799 0.3276 -4.451 1.4039 -0.14021 1.9766 -1.0877 0.33369 0.20897 1.7619 0.80363 1.1045 -0.68426 -0.66585 -0.37426 -0.83371 -2.526 1.8949 0.21336 1.3201 0.23367 -0.20285 -0.92136 0.74061 -0.49546 
peppermint -1.9522 0.091801 -0.7475 0.3393 -1.9647 -1.2585 0.084246 -1.3722 -0.78653 2.1219 -0.20687 0.38239 0.80567 -0.13097 1.0699 2.8334 0.089597 -0.13884 -0.54692 -0.42822 -0.41174 0.35049 -1.5347 -0.34617 1.253 0.92652 0.19946 0.22091 0.17101 0.028089 -1.2444 -0.4549 1.2 -1.4156 -1.7067 0.013868 1.7554 0.71083 -0.085022 -1.0077 1.7299 -0.88091 -0.26074 0.062967 0.27019 -0.88079 -0.70772 0.66359 1.0631 -0.86633 -0.461 -1.403 0.19543 0.63801 0.39473 -1.2864 -0.23076 -0.073519 0.52766 0.10507 -0.25315 -0.46721 0.27198 0.43572 -0.51038 1.0176 -0.41419 1.8167 1.0938 -1.0188 0.60785 0.82452 -0.0065706 -1.0145 0.40484 -1.3654 -2.0206 -1.7063 0.84578 1.0919 -0.22035 -1.0545 1.2609 0.089732 0.84916 -0.082932 1.3278 -1.3482 -0.51645 -1.1833 0.12881 -0.40478 0.85385 0.3837 1.2654 0.7958 -0.25265 0.54135 0.3663 -0.92217 
mushroom 0.13855 -1.0755 0.29093 0.53038 -2.7072 -0.57425 0.58758 -0.92109 -0.7946 0.32003 0.78391 -0.75948 0.044236 -0.054864 -0.59417 1.5471 -0.83353 1.0464 0.56961 -1.4479 0.43727 1.291 0.30731 -0.32647 1.5422 1.9935 0.96279 -1.33 1.4171 -0.1904 1.085 -1.2879 1.4554 1.3332 0.16346 -0.77405 -1.1005 -0.79232 -0.71125 -1.1142 2.1588 -1.7011 -0.44287 1.5682 0.52013 -0.93139 -0.81095 0.51122 0.24509 -2.1161 -0.57925 -3.7182 0.81217 -0.39833 -0.86979 0.37534 0.25308 -0.12512 0.076819 -0.18966 -0.11117 -0.45506 0.32395 0.64191 0.21933 0.47016 2.3697 0.49264 -1.8597 -2.8181 2.8484 0.044336 -0.072608 -1.5813 0.60385 -0.19477 0.7693 -0.66832 -0.099718 0.50447 -0.0023765 -1.0104 0.7295 0.4279 1.9586 -1.2193 1.3795 -1.1385 -1.8213 -0.19068 0.62891 -0.13708 1.3531 0.80738 -0.60261 -1.5118 0.66402 0.2379 1.418 0.11988 
rum -2.0287 1.6278 -1.8813 3.8495 -2.4825 -3.5457 4.862 2.6494 1.1468 -0.13475 -2.2141 -0.13543 2.7612 -6.6171 -0.69612 3.4642 -0.33192 1.2188 -1.7025 -3.9542 -1.4606 0.89675 -1.824 -1.6692 3.0709 0.58635 1.6143 0.75961 0.001995 0.47582 0.7089 3.9441 3.9132 -3.1169 -1.584 -6.2179 1.2366 -0.36389 -0.51059 -3.0094 3.1124 -3.7759 -0.079463 -3.8445 2.7923 -2.4784 0.74683 -2.8008 2.1433 -0.66041 -1.4507 -4.945 1.1533 -3.4402 0.12031 -1.1741 -2.3868 2.0691 0.88175 -0.10588 -1.8957 -0.80624 0.63542 1.1163 -1.849 0.52181 0.10769 1.0472 -3.2521 2.4098 0.44456 -5.8256 -0.080528 -2.134 -4.693 -0.56029 1.9997 3.0875 2.1486 0.32761 -2.4414 -4.0894 -2.2904 -0.21764 1.1891 -1.2588 3.1061 -4.2169 -0.32528 0.40214 4.4031 1.3421 0.15559 -2.3339 -0.70261 -1.6962 -1.9805 0.12068 -2.4791 -3.0784 
rubber 0.29939 0.3136 -0.9791 -0.89879 -0.75859 -1.5156 -1.2806 -0.91947 -0.53368 2.6338 -0.45939 -1.2871 0.60012 -2.1095 -0.65932 2.0336 -0.12857 1.5154 -0.31615 -1.2559 0.43905 -1.944 0.9899 -1.5529 1.5046 1.8298 0.62735 -0.60554 -1.0844 -1.4676 1.304 0.2058 2.4491 0.13687 -1.4786 -1.6243 0.70103 0.65572 1.3234 -0.45121 2.3982 -1.6654 2.6189 -0.32139 -1.4148 -1.2139 -1.804 1.3691 -0.14134 -1.4485 1.5588 -4.5957 -0.27282 -3.07 -0.84649 -0.18029 -0.71106 0.61585 0.25121 0.78059 -0.86628 0.23314 0.10176 -2.2204 -1.2821 3.1175 -0.042232 -0.50342 -2.6521 -0.64186 0.84669 -0.027438 0.079514 1.4502 -0.5623 0.74144 2.5103 -1.1128 0.47612 -0.1876 0.65004 -0.76938 0.036668 1.2573 0.26396 0.34951 -0.11453 -1.8917 -0.31608 -0.79422 -1.099 -0.42767 2.1922 0.39222 -0.53885 0.74286 0.22047 1.6061 1.4229 1.7558 
carrot -0.44885 -1.4348 -0.94143 -0.69103 -1.0553 -0.37891 0.93562 -1.4113 -0.18971 1.6547 0.11536 2.0796 -0.71256 -0.76951 -0.42164 -0.51592 1.2217 1.1109 2.2741 -0.10823 -0.4753 0.53439 -0.46113 -0.76573 1.3205 0.098553 0.2224 0.24369 1.8807 1.3926 0.10551 -1.2003 0.87579 2.115 2.0158 -0.43785 0.63261 -1.0123 -1.0417 0.0099402 2.5322 -0.47396 0.10268 0.72976 1.222 -1.5358 -1.3292 -0.37032 1.2677 0.23498 -1.356 -2.2882 1.8668 -1.0837 -1.988 -0.32626 1.5803 -0.48066 -0.33661 2.3873 -1.0558 -0.20285 2.4763 -0.6763 0.66647 0.32133 2.8046 0.92319 -0.61736 -2.7199 2.9044 -0.81929 0.96519 1.7208 1.2865 -1.173 -1.4234 -1.8331 -0.037103 1.3951 -0.79097 -1.5309 0.74733 1.1374 2.6088 -1.1936 0.71323 -1.9128 0.13449 -1.7216 -0.35206 -0.56232 1.0615 -1.0077 -0.82715 1.0769 -0.083396 -1.5571 0.10716 0.45707 
mustard -1.7415 0.36769 -1.5401 1.2611 -0.85295 -0.8733 0.096093 0.26506 -0.46331 0.53708 -1.4328 1.2192 0.11672 0.56153 -0.79418 -0.056482 0.34363 -0.49011 0.4705 -0.47953 1.2876 -1.0977 -1.9627 1.3024 -0.57151 1.0514 -1.1197 -0.7122 -0.41169 -0.50286 2.2059 -1.1563 0.83857 0.74417 1.6616 -0.073712 2.0349 -1.7045 -1.9774 0.36428 2.3328 0.7082 0.71598 1.7118 -0.66579 -1.3861 0.34374 -1.2449 1.7889 -0.33851 -2.1628 -1.5481 2.161 -1.9091 0.17749 1.2082 -0.91304 1.6376 -0.58315 -0.060259 -0.12333 0.0040189 0.71145 0.72173 0.94396 -2.4484 0.1997 0.53343 0.10103 0.066566 1.0022 0.17488 -0.93606 -1.7334 -0.15223 -3.1488 0.44098 -0.28862 0.72925 -0.5515 0.99864 -0.503 0.21069 -1.3595 0.2706 -1.0322 -0.69615 -1.4155 -0.17886 -1.3781 0.37562 -0.13301 0.22567 -0.89558 0.34755 -0.6827 -0.09835 -0.34943 2.4294 0.60832 
hay -2.6007 -1.4383 -1.9154 0.12237 -2.579 -5.3072 -2.4462 -2.1812 -1.4259 3.9506 -0.61685 -0.79132 1.807 -0.37207 -1.0899 0.15195 -2.3777 1.0819 1.1774 -6.9255 -1.6863 1.5548 1.716 -0.5873 2.095 0.49978 1.1669 -2.0752 3.3183 3.3837 0.73918 -0.75435 1.2406 1.4884 -1.7957 -3.8373 -0.36179 -0.45926 -0.43435 -0.5377 0.65832 -0.6485 3.4551 1.2181 2.3998 -2.8121 1.0187 -0.76197 3.4568 0.59466 -0.54526 -10.185 -0.57667 -2.0407 0.070116 0.61251 -2.0254 2.7653 2.4886 2.5839 -0.90054 6.4955 1.094 1.0423 -0.57563 2.048 1.1813 0.54084 -0.28989 -0.48845 -0.47298 0.10439 -0.56267 0.79803 -0.14412 -0.71099 2.084 -2.3985 3.5461 -0.17963 1.6065 -0.069293 -1.9807 3.3356 1.0297 0.94105 1.1204 -2.4162 -0.25497 0.88936 -0.94178 -1.4648 4.1214 3.8937 0.17205 0.72209 -0.79522 -3.953 1.0794 -0.30561 
blood -1.4227 0.65557 -0.062082 -0.95525 -1.1847 -2.8759 1.153 -1.4907 -0.25406 -0.22702 -1.3014 -0.54892 1.3777 -2.273 0.061509 1.6061 -1.7671 0.44028 1.5801 -1.5969 1.1962 -0.36833 -2.3215 -0.13039 0.42197 -3.0174 -2.0434 -0.50813 0.58483 -0.14973 1.537 0.34743 2.8315 2.5572 -0.46542 1.0041 -0.16949 2.3732 -0.37836 0.5332 -0.11159 1.7233 -0.048668 -0.71136 2.4858 -2.2628 -0.60653 0.12642 -0.84777 -1.5067 -0.68508 -3.1453 -0.81488 -1.3749 -0.33202 0.36676 2.2742 -1.1778 -0.20779 -0.0021373 -0.33965 1.3731 0.51298 -0.59128 -0.98572 -0.8605 -1.838 1.2199 -0.23571 -0.64336 -2.502 1.4826 1.052 1.2477 -0.21148 2.3402 0.36085 1.1373 -0.3705 -3.7353 -0.13868 0.11696 -1.5241 0.85036 1.0038 -0.49342 1.4416 -0.98002 -0.7706 -2.0504 -2.7021 -3.0036 -2.0862 1.6726 0.784 0.82712 -2.3825 0.3781 -1.4476 1.9007 
cardboard 0.042898 0.94119 -1.3349 -1.457 -0.80289 0.03199 0.088628 -0.063304 0.56344 1.2923 -0.71571 0.34962 0.11188 -0.29924 0.18965 0.38985 -1.0637 0.99598 0.35488 0.090074 0.75496 0.060248 0.52542 -1.2775 -0.53548 0.19455 0.39359 -0.82348 -0.34301 0.50999 -0.34219 -0.60987 0.93862 0.04459 1.447 1.0392 1.2933 0.82547 -1.5321 -0.40613 1.686 -1.4664 1.8749 0.11314 -2.1282 0.51236 -0.65941 0.36721 0.98595 0.090772 0.30051 -1.2749 0.4936 -0.7355 -0.31193 0.52396 0.10609 0.18676 0.053591 -0.32534 -0.096631 1.5611 -0.48792 -0.28183 -0.049498 1.258 1.2653 0.15969 -0.37685 0.047822 -0.16726 0.45536 -1.2067 1.6692 -0.52929 -0.8781 0.5985 -0.47025 1.0158 0.33382 0.048648 -1.0821 -0.90428 0.73857 0.59824 -0.073391 -1.8495 -3.2339 -1.6307 -1.5401 -0.40628 -0.88644 1.7342 1.2082 -1.1653 0.33262 -0.25328 -0.58269 0.89893 0.69294 
tar -1.442 1.1357 0.48715 0.36512 -1.5415 -1.7634 1.4846 -0.34454 -1.5234 1.2409 -2.1827 -3.9712 1.0027 -4.6919 -1.4085 4.3376 -2.5904 1.5398 -1.8644 -2.8659 0.16 0.80816 0.26193 -0.75373 5.0976 1.2041 1.0205 -2.6898 1.1381 -2.0599 0.49731 -0.80967 4.8749 -1.0521 -3.6712 -0.98974 1.3965 2.0518 1.6878 -0.68533 5.1817 -3.1774 5.4428 -3.1874 1.0386 -2.9272 -2.0362 1.8405 0.082189 -3.4131 2.5961 -6.7639 3.8477 -4.6804 -0.39615 -0.17508 0.68666 0.76824 1.407 0.26072 -2.6847 3.3247 -0.24723 -3.9925 -2.2488 1.996 -1.2967 -1.0795 -2.9806 -0.96266 -0.48736 -0.39649 1.0676 -0.43834 -3.274 0.20381 3.4875 0.64538 -1.1961 -0.30296 0.55992 -0.56021 -0.15754 0.90127 -0.36762 -0.30002 0.62653 -1.3495 -2.885 -2.0724 -1.4585 -2.1472 3.8759 2.56 -1.1182 -2.3297 -0.36441 2.1355 0.85699 3.3638 
beer -2.8351 3.2524 -1.8081 2.6312 -1.9751 -1.2751 1.0747 0.24296 -0.18419 2.1156 -1.6181 -0.056982 2.5303 0.17609 -0.14173 1.0204 2.022 -1.9675 1.2759 -2.2764 -0.10043 1.6682 -2.7731 1.3894 -0.44821 2.0435 2.0969 0.27792 0.79464 -0.022774 1.0556 0.12911 1.1332 -1.2469 1.6955 -0.3821 -0.14028 1.4299 -1.1931 -2.7928 0.59816 -0.37897 0.10518 1.7828 -0.17419 -1.1523 0.44899 -0.38827 3.3143 -0.048452 -0.79807 -3.5503 1.163 -0.58134 4.1343 -0.19422 -0.37045 1.661 -0.69552 -0.039717 -1.4921 -0.048801 2.6228 0.46003 1.7486 -0.39304 0.51245 1.3789 1.2439 0.35066 1.7616 0.51007 2.6626 0.31133 -1.5204 -0.34251 1.3202 0.23148 0.57799 -2.1365 0.80677 -1.3238 -2.0687 0.6242 1.2698 -0.94548 0.71303 -3.5149 -1.1219 -0.50781 0.70556 -0.34862 0.38055 -1.6761 -0.2268 -0.55051 0.024781 0.46436 1.6702 2.231 
walnut -1.9633 -0.1893 -2.5255 0.26794 -1.8315 0.7088 0.036238 1.3147 1.7411 1.4783 -0.28412 0.70684 1.6088 0.62001 -0.23337 1.1535 0.57351 1.0649 -0.11169 0.18926 -0.85996 1.9425 -0.95951 -0.48146 0.68095 -0.18484 0.38018 0.29042 1.8808 -0.1883 -0.12504 -1.6807 0.49799 -1.1137 1.2031 -2.1494 0.46698 -1.8797 -0.75787 1.2226 3.1134 -2.7019 0.44376 1.2739 2.2532 -1.7284 -0.049457 0.93625 1.2537 0.94582 0.037777 -1.7771 3.6145 -1.5031 -2.0574 -0.60738 -2.2253 1.5988 -0.77501 0.1008 0.29013 2.1556 0.30773 -0.66466 -0.14381 -0.87061 1.6003 -1.1007 0.1172 -0.59088 0.61025 0.39817 -1.1837 -0.45391 -0.38534 -1.0387 -1.1313 -0.54631 0.00066561 0.62642 -2.5452 -0.69423 -0.55244 0.88044 2.2047 -2.2323 0.23198 -1.896 -0.70055 -1.3261 0.28438 0.13298 1.3608 0.79948 -1.2238 -1.1523 -1.9404 -1.622 -1.2009 -0.58294 
ham -0.42828 1.404 0.64876 2.454 -1.0854 -0.14239 1.3147 -0.65509 -0.65969 1.4697 -2.2013 -0.66599 5.5645 -0.22974 1.1466 -3.301 0.83027 1.1704 -1.0707 -1.4581 -1.8498 0.25107 -0.62481 1.8394 -0.13426 0.81598 0.21494 -1.7978 0.62202 -1.0355 3.271 -3.4124 0.44002 1.6082 1.8988 -1.298 0.24878 -1.551 -0.82527 1.2975 4.1066 -2.0066 -0.86509 3.1743 -0.31096 -0.88404 -0.9273 -0.95336 2.7375 -3.0885 -0.48306 -6.1882 4.6653 -1.1037 1.4707 1.0327 -0.83444 2.4655 -4.0085 -3.0554 -2.7 -2.995 2.0816 -0.19809 0.20904 1.2103 0.72115 -1.6714 -3.5648 -1.1891 3.1819 -0.067418 -1.2208 -0.8101 0.020366 -1.1915 1.6088 1.4056 -0.20144 -0.16366 -0.80542 -0.52799 -1.7427 -0.12889 1.6555 -0.61738 1.4965 -2.1083 -1.847 -1.6802 -0.93868 -1.6683 2.1779 1.4084 -3.5 -1.5982 2.3118 -4.0643 3.3129 1.1485 
celery -1.4236 -1.8488 -1.1584 -0.51706 -1.281 -0.89064 0.51146 -0.63009 0.27382 1.209 -0.14798 0.19048 0.45342 -0.40227 -0.2781 0.37125 0.47709 0.72452 1.5318 -1.1573 -0.075884 0.20243 -0.71593 -1.0771 0.42692 0.59025 -0.26992 -1.0636 -0.13363 0.87963 -0.7266 -0.67118 1.4045 1.7562 0.74524 -1.0235 0.84419 -1.4466 0.15304 -0.31757 3.4627 0.15212 0.24511 1.1819 1.4349 -1.4415 -0.55858 0.11567 1.5587 -0.6447 -0.57371 -3.4096 1.5264 -0.69205 -0.99345 0.099768 0.324 -0.47732 0.99279 0.58945 -0.76681 0.93727 2.4297 0.20993 0.30657 -0.38314 2.2265 0.76454 -1.4824 -1.291 2.2117 -0.1077 0.16792 0.25201 0.49508 -1.4341 -0.37544 -0.53139 0.70689 1.6903 1.1195 -1.0699 0.47494 0.12251 1.7522 -1.4179 -0.14322 -1.6877 0.096548 0.91593 -0.70407 0.036163 1.6345 -1.5533 -0.29188 -1.194 0.68398 -1.3566 1.9747 0.31312 
cucumber -1.0705 -0.44567 -1.8692 0.23974 -1.1996 -0.72374 0.36312 -0.825 0.72093 1.1688 0.49096 0.32807 0.72507 -0.18881 -0.65029 0.85014 0.46333 0.80699 1.4414 -0.89323 0.32917 0.32919 0.8204 -1.7622 0.25805 1.4044 0.014066 -1.3729 -0.41226 0.4833 -1.0989 -0.53825 1.9042 1.6333 0.17205 0.33529 -0.14599 -0.58734 -0.17303 -0.66939 1.5132 -0.62665 -1.1455 1.0425 0.1388 -1.1833 0.50934 0.019023 1.621 -0.41567 -1.3419 -2.1902 1.4445 -1.3627 0.29489 -0.59909 0.47781 -0.27269 0.66373 0.75454 -0.12753 -0.16582 2.544 0.35785 -0.003576 1.1563 -0.13802 2.555 -1.7942 -0.87517 1.8375 -1.2687 -1.235 1.2603 -0.13232 -1.1534 0.7182 -0.12497 1.1992 0.64465 1.4311 -0.96304 -0.21812 0.024987 1.3311 -0.24023 -0.29222 -1.4736 -0.059365 1.6627 -0.73152 0.040685 1.192 0.028867 0.8436 0.13514 -0.50352 -1.7726 0.11794 -1.2946 
eucalyptus -1.5013 0.45174 -0.83583 -0.43079 -1.3601 -1.4561 0.25679 -0.55389 -1.222 1.1097 -0.1796 -0.46025 1.5448 -0.83574 -0.29794 2.4937 -0.68447 0.45503 -0.54681 -1.909 -0.39237 0.85164 0.2408 -1.2873 1.6419 0.52184 0.26033 -0.22535 0.24488 0.37163 -1.1178 1.0107 2.2309 -0.15369 -1.6132 -0.36632 0.25489 -0.21108 1.3174 -1.0655 1.8508 -0.37034 0.4775 -0.048464 0.53691 -1.523 -0.87077 0.159 0.73554 -0.015944 -0.13132 -2.7048 0.43851 -1.1827 0.48483 -0.87979 0.0083844 0.32228 1.6109 0.71164 0.08963 0.83317 0.47101 0.18529 -0.41802 1.1522 0.02075 0.83564 0.049031 -0.99146 0.7826 -0.16593 0.0069095 -0.30333 -0.13037 -1.221 0.36864 -0.4329 0.56084 1.3533 0.24173 -0.94318 0.7144 -0.4765 0.56214 0.02925 1.2917 -0.3011 -0.074237 1.2428 -1.1051 -0.558 1.6752 0.20656 0.67313 -0.14724 -0.31305 0.66152 -0.40939 -0.58354 
rope 3.0507 0.78216 -2.7532 -1.6531 -0.66873 -0.35808 1.0902 1.0491 -1.6326 0.24306 -0.19876 0.038216 1.2006 1.5608 -0.54985 0.32638 1.1105 1.8948 -1.1825 -1.4011 1.522 -2.3098 -0.259 -1.4915 0.044646 0.64541 0.66876 0.15353 -0.75102 1.3518 1.9895 0.62916 1.3856 -0.40234 -0.3897 0.25655 -0.36608 -1.5512 2.3499 1.1135 1.3439 0.15174 1.9743 -3.3921 -1.944 -1.2323 -2.0477 -1.1637 -0.099932 0.43927 0.37076 -3.664 -1.5884 -2.7339 -0.86373 -0.46899 -1.2229 -2.1483 -0.97185 0.31439 -0.29037 -0.12161 -0.723 -1.4283 -1.2048 4.0604 -0.52357 -0.45296 -2.0741 1.2152 -0.55498 1.7397 2.7915 3.2194 1.9058 -0.8916 0.32724 -3.7534 1.1242 -0.77872 0.63875 -0.78302 -1.5499 2.7769 -1.6925 0.91989 0.071857 -1.9875 -1.0736 -3.7724 -2.2904 3.2907 1.8523 -1.3928 0.077696 2.7005 -2.7713 1.9788 0.058909 0.82853 
paint 0.76063 0.03216 -2.0398 0.53542 0.084857 -0.93458 0.71252 -0.098714 -0.17578 1.4 -0.66536 -0.82836 1.0484 -1.0696 -1.115 2.689 -1.8685 0.18707 0.75583 -1.1597 2.039 0.14882 0.60005 -3.3583 0.12034 -0.62222 0.83995 -0.64026 -1.2598 -0.7606 0.15045 -0.88848 0.45597 1.1254 1.7677 0.039163 0.8139 1.1856 -1.1326 0.69057 -1.233 1.4214 1.8819 -1.2714 -0.42749 -1.707 -2.6528 -0.91895 1.6981 -2.7102 -0.20484 -2.515 0.49118 -3.3655 -0.03357 -1.1614 -0.03914 1.3857 -0.97104 -0.41275 -0.64581 0.98931 -0.18781 -0.15924 0.0048244 1.8559 -0.31148 0.075975 -2.2116 -1.0111 1.6745 -0.60063 -0.57002 2.5971 1.1693 3.4678 1.9321 -1.034 0.068125 0.087086 1.0378 0.056246 0.80442 0.13056 0.97877 0.64909 0.36759 -3.5884 -0.62262 -0.85864 -1.0809 -0.24374 0.42447 1.8379 -1.7658 -0.43251 -2.2836 1.3281 0.2921 -0.32643 
bark -1.2792 -0.95794 -0.68742 -1.7942 -2.0283 -3.3429 1.7067 -1.8358 -1.7061 1.3926 -1.3681 0.86121 0.74068 0.28436 0.97563 1.2435 -0.25547 -0.089074 -0.064159 -2.6818 -2.0684 0.87589 -1.2304 -1.0097 2.3196 -0.40736 1.3899 0.74478 2.7446 1.9508 -0.67798 0.85607 0.64278 -0.42785 -1.2397 -0.96537 -0.29527 1.1479 0.04163 -0.89328 2.9855 -0.79741 1.92 -0.21296 1.4932 -1.8071 -1.4104 0.087279 -1.0563 0.11971 -0.061876 -5.4561 2.464 -0.95046 -0.44377 -0.41612 -0.79379 1.6386 -1.0372 0.80495 -0.0056659 1.8945 0.73274 -0.16036 -1.504 1.1614 -0.37111 -1.35 0.62503 -1.0916 -0.032458 0.020038 0.3199 0.25488 0.80484 0.35798 -1.3962 -2.4039 -0.12662 2.2371 -1.1597 0.36944 0.87061 0.47697 0.7785 0.44584 1.922 0.4284 -0.95968 -3.4296 -0.013851 -0.6435 2.6662 0.83062 -1.1086 1.1188 -2.4769 1.4565 0.081853 2.817 
bakery -1.2766 -0.53464 -2.1673 -2.1804 0.025083 -0.43851 0.033691 0.83185 0.77761 0.57718 -0.90605 -1.1562 1.0316 1.0299 0.42075 0.6968 0.47895 -0.62824 -0.913 2.0431 -0.42258 0.49314 0.36369 -0.18029 -0.46583 -0.73227 -0.58024 0.92345 0.16965 1.9849 0.040254 -1.9125 -2.4638 -0.61385 0.60116 -0.57152 -1.3127 2.0788 -1.2472 -1.2196 1.6388 -0.96017 0.12519 0.66824 1.5283 -1.8784 1.036 0.4967 1.5177 -0.18895 -0.073689 -3.2472 1.0547 -0.54862 2.4885 -1.6978 0.56709 2.2783 -0.11872 -0.55104 -0.094217 1.2425 -1.124 -0.51458 -1.9903 -0.41531 0.68457 -2.7118 -0.24987 -0.65138 0.7012 -0.057493 -0.66248 0.90642 1.1416 -0.78742 -1.3752 -0.44603 -0.88452 1.5683 -2.3641 -2.0961 -1.1128 -1.8662 0.72067 -2.2003 0.98214 -1.8789 -0.85385 -0.38345 1.7869 1.2232 0.54721 2.5279 0.90566 -0.5784 -0.39843 0.22868 1.8663 -0.80431 
birch -2.398 0.51929 -2.2225 0.1737 -0.74484 -1.5329 1.1654 -0.41103 -0.57155 2.5417 0.23054 -0.2466 0.58601 -2.4835 -1.1035 0.45004 2.2332 -1.2498 -0.5914 -3.2879 -1.2732 0.74831 0.27442 1.1154 1.6862 -0.2339 0.49114 -0.16514 0.19138 1.2965 -0.56317 0.54028 2.2747 -0.47002 -0.19482 -1.3229 -0.27132 1.8478 -1.3063 -2.2384 2.9591 -0.92611 0.43839 0.87501 0.65509 -0.1162 -0.79162 -0.74828 1.9403 0.0046863 -0.80781 -5.0024 -0.00033415 -2.0703 1.3843 0.16154 -0.15246 1.6508 2.0697 -0.16747 -1.6834 0.78039 0.52124 1.059 -0.54946 0.81076 -0.72077 0.72658 -0.30466 -0.29183 -0.90174 1.163 0.29258 -0.048937 -1.7571 0.2617 2.6426 -1.2941 -0.32307 1.9925 1.2845 0.25497 -0.17601 0.68758 -0.50444 0.47541 0.62533 -2.1639 -0.15403 0.64416 -1.1507 -0.091625 2.9714 -0.59158 -0.29841 1.1097 1.0138 0.13417 0.28477 0.35324 
urine -1.0733 0.79893 -0.4052 -0.46519 0.0064717 -3.5634 -0.21787 -2.077 -0.010855 1.3453 -0.14467 -0.11554 0.7608 -0.80787 -0.33811 2.2749 -2.3152 -0.49342 1.2313 -3.52 1.8321 -0.32647 0.96073 0.49069 -0.11624 -1.3589 -1.3728 -1.7166 -1.0913 -1.1725 0.66536 2.069 3.3578 2.772 0.20542 -0.90547 -0.33375 0.96683 -1.1643 -1.4096 -0.77078 0.67825 1.1687 -1.1886 0.18691 -2.4299 0.66638 -0.42165 0.77905 -0.1376 0.70398 -2.2022 -2.2941 -2.4286 -0.082355 1.797 1.4339 0.66219 1.6284 -0.48503 0.24561 1.814 1.0773 -0.92146 0.40515 0.61751 -0.74629 0.62943 -1.5183 -2.755 -1.4517 -0.23961 -0.094293 1.3332 -0.51597 0.88661 0.34817 -1.0243 1.0697 -0.24584 0.74686 -0.98428 -1.0617 1.5186 0.34068 -0.086411 -0.64306 -2.3568 0.36296 -0.51868 -1.547 -2.8399 -0.10594 -0.67907 1.1605 -0.01276 -0.40573 -0.79242 -2.1136 1.5747 
glue 0.2002 1.5882 -1.9785 -1.4986 -0.90356 -0.45214 -0.29721 -1.4635 1.9706 2.2719 -1.5385 0.056518 0.13327 -1.6731 -0.47901 0.59245 -0.23031 0.31737 1.7451 1.9568 1.0634 -0.55232 1.9783 -2.979 0.78889 -0.73059 -1.8025 -0.4854 -1.1214 1.1978 1.8903 0.55645 1.7272 0.17515 0.38291 1.4742 0.40418 -0.20959 -1.0367 0.56165 1.4064 -0.050993 1.7892 -1.0997 -0.45207 -0.66773 -3.3796 0.25718 0.19746 -0.0092677 1.7195 -1.7934 0.59844 -3.3066 -0.93637 1.04 -0.10808 1.0366 0.61109 1.4934 -0.61118 0.52268 -1.1489 -0.18374 -0.3502 0.93079 2.4094 -0.73272 -0.82878 0.50193 0.3978 1.8583 0.47144 1.966 -0.81736 1.0554 1.5202 0.19007 1.2795 -2.01 1.5864 -1.476 -2.1126 1.8193 0.20796 -0.13264 -1.8849 -3.2072 -0.80992 -2.7759 0.038313 -0.67956 0.6591 1.4415 -1.2057 1.923 -2.0469 1.0609 1.7417 0.72665 
gasoline -0.42096 0.12606 -0.83162 0.54654 -1.0016 -2.1417 0.065709 -0.34186 0.72448 1.0055 -0.32614 -1.7922 0.28495 -1.9127 -0.12483 1.5115 -1.0605 -0.41056 -0.007271 -1.6377 0.90446 -0.69123 0.92753 -0.86426 1.2256 0.71082 1.406 -0.90981 -1.2632 -0.38544 -0.2282 0.16707 2.997 0.68737 -0.095673 -1.6918 0.065011 0.13119 0.66659 -0.36182 0.3937 0.54299 1.8177 -0.36385 -0.70225 -1.7917 0.036923 0.53123 0.038158 -1.42 0.45157 -1.6701 -0.69048 -2.3863 -0.0038247 -0.2487 0.16736 -0.17713 1.9744 0.41997 -1.6589 0.66133 -0.49878 -0.49353 -0.9438 1.4452 0.059984 -0.62641 -0.95662 -1.2022 -0.14389 -0.10067 0.093148 1.8126 -1.4092 0.095325 1.8607 0.2834 0.80247 -0.068687 0.86785 -0.011176 -0.70217 0.29863 -1.0609 -0.46479 -0.72655 -0.64694 -0.071813 1.1995 -1.6916 -1.2584 1.6671 0.50768 0.090773 0.033319 0.48234 -0.1849 -0.46246 0.24537 
detergent -0.83933 0.49508 -2.619 -0.26222 -0.38731 -1.9298 -0.16884 -0.80965 0.13497 0.75742 -0.38472 -0.5048 -0.14815 -0.60507 0.65145 1.5081 -1.8759 -1.0251 0.058654 0.12506 0.20177 -0.41322 0.80392 -1.5832 0.42314 0.57891 0.58177 -1.1042 -1.9166 0.15485 0.56117 -0.053185 2.6498 1.0759 -0.78665 -0.77142 -0.21944 0.17124 -1.0926 -0.89761 -0.29112 0.78058 -1.0036 -0.11489 -0.17956 -1.7171 0.0026309 -0.1349 1.0481 -0.53795 -0.61295 -1.4168 -1.7505 -1.6388 -0.61141 -0.88326 0.87253 0.24345 2.7452 -0.1554 -0.18034 0.84078 0.10036 0.86995 -0.51597 0.28186 0.90014 0.068583 -1.0492 -1.0085 2.0054 -1.4212 -0.74195 1.4368 -0.72432 -0.70614 1.0084 -0.46774 0.93436 0.40529 1.1988 -0.54791 -0.17115 0.051826 -0.90132 -0.2529 -1.4823 -2.2269 0.45832 0.93465 -0.22252 -1.0693 1.2305 0.6626 0.45226 1.0586 -0.43054 -0.83078 -0.65478 0.80478 
camphor -1.6827 -1.0571 -1.8113 -0.56472 -0.91307 -2.6015 1.0333 -0.90979 -0.034689 2.1737 -0.89341 -1.0458 0.69856 -2.09 -0.054554 2.4299 -0.4249 0.3501 0.81374 -2.4868 0.16491 -0.7372 0.34034 -1.4779 2.3386 -0.070847 0.12824 -0.62847 -0.82878 0.84132 -0.90928 1.154 2.3456 0.10987 -0.54182 -1.2796 0.19114 0.50347 0.67124 -1.5017 1.4288 0.59933 0.94699 0.14747 0.15319 -1.295 -0.77195 0.033396 2.0447 -0.55881 -0.24247 -2.8344 -0.63096 -1.3662 0.46927 -0.24999 0.22098 1.1313 1.5185 0.79275 -1.3312 2.1489 -1.5764 0.90983 -0.85794 0.61168 0.070884 0.88299 -0.95339 -0.82835 -0.45629 -0.81777 0.037311 0.28235 -0.36742 -0.60492 1.3127 -0.12132 -0.0010225 1.6606 0.38597 -0.96372 0.53147 -0.1098 0.112 0.60234 1.7716 -1.6761 -0.62484 1.709 -2.0005 -0.53299 2.1886 1.5667 -0.048269 0.22468 0.2267 0.37168 -0.29239 0.032763 
weed -2.9875 -1.8422 0.027799 0.2847 -2.4525 -1.9675 1.4405 -1.0648 -0.57555 -0.48397 0.48448 0.036151 0.58934 1.451 -0.075347 -0.078416 -0.0072689 -0.35723 2.5582 -1.3464 1.1703 0.7154 -0.2662 0.61936 -0.25548 2.6897 -0.42632 -1.6366 0.72379 1.1762 -0.26584 0.83745 1.4825 0.55082 1.2839 0.57196 -0.13783 -0.3493 0.085383 -0.91009 0.73518 0.50392 0.23532 1.8443 0.20138 -1.0545 -1.0231 0.95606 1.8759 0.40672 -1.7693 -6.0618 1.7823 -2.0142 -0.71153 0.093161 0.44034 0.38956 2.1583 0.46426 1.8505 2.2485 1.151 -1.673 1.5093 0.38149 0.42324 -0.50584 -1.5017 -1.0693 1.7669 0.21207 -0.010755 1.0145 -1.7433 0.29743 0.79554 -1.5672 1.7783 0.44367 1.7356 -0.17019 -1.1049 0.16542 2.4053 0.16059 0.81862 -0.33693 -1.2869 -0.64695 -2.6366 -0.48931 2.1657 0.27999 -0.14659 1.2049 0.28638 -2.7197 0.034501 0.96454 
mouse 0.27742 0.21615 -0.88883 -1.5185 -1.7864 -2.5599 1.0636 -0.64997 -1.5121 0.91492 -1.3156 -1.0252 0.95349 0.9902 0.52184 0.44081 0.031059 0.67474 1.5145 -1.0401 0.30213 -0.57897 -0.29524 -0.086907 0.207 -0.27013 -0.83612 1.7745 0.022375 1.3033 0.63429 -0.010365 -0.24324 0.98148 -0.69579 -0.23719 -1.1887 -0.24965 0.28392 0.63377 0.71319 0.35676 1.1179 -0.26016 -0.42918 -1.7134 -1.6825 -1.2731 0.59478 -1.8307 0.41714 -2.3878 -0.06386 -1.6927 -0.056706 -0.49414 0.20404 0.16788 -0.51313 0.11375 0.81418 2.7254 0.99052 0.25108 -0.83417 2.2367 0.24855 -0.98506 -3.1599 -2.7657 0.30212 -0.22514 -0.34096 1.6152 1.7754 1.6872 1.5026 -1.9967 0.55674 0.58801 0.7428 -0.62225 -0.20461 -0.12122 0.87204 -0.99333 1.7994 -1.152 -0.24014 -1.9608 -0.9651 -0.24911 -0.42396 0.37941 0.71526 1.2239 0.15807 -0.41415 1.2612 1.6082 
cork 0.9114 2.0966 -1.2749 -1.1521 0.75523 -0.96112 1.7156 0.89765 -0.84457 1.0149 -0.78434 -0.25217 2.0442 -0.64925 -1.2373 1.9557 -0.83197 -0.15317 -0.82154 -0.38641 0.32912 -0.30171 0.24162 -2.2345 -0.45198 -0.056695 0.72687 0.89909 1.6688 -1.2153 1.9041 -0.42012 2.0348 -1.1018 3.9013 0.97934 -0.42114 1.3721 -0.25051 -0.81335 2.7048 0.58261 -0.57286 -3.2342 0.22837 -0.42443 -3.0182 0.78648 0.55435 -0.89803 1.4198 -3.0091 1.8938 -2.634 1.2471 0.90775 -0.4638 -0.19406 -1.0876 -0.06258 -1.3355 -1.5156 0.13741 1.5318 0.69633 1.4433 0.023544 0.77838 -0.61824 2.0883 3.6923 0.56182 1.3518 0.005198 1.5685 0.78027 1.5592 -1.354 -0.74814 -0.274 0.21704 -1.4889 0.91254 0.67478 0.85005 -1.4145 1.1575 -1.5115 -0.55254 -0.21687 -0.37984 -0.53315 1.8329 -1.1582 -0.42984 1.3118 -0.41009 1.422 1.6168 -0.19861 
solvent -0.72539 0.71959 -3.5982 -0.068408 -1.0192 -1.6491 0.82128 -0.5698 -1.3804 2.7685 -1.2732 -1.2528 -1.403 -0.17679 -0.58601 2.3333 -0.75838 0.13276 0.18997 -0.057883 1.0432 -0.25417 0.16152 0.7772 1.3432 -0.018758 0.079054 -0.19201 -0.98465 -0.086997 0.59311 -0.45981 2.7918 -0.043922 0.179 -0.46155 -0.58966 -0.19626 -0.40455 -0.25939 -0.24783 0.94888 -0.39236 -2.2529 -0.74208 -1.6466 -1.6425 -0.46829 1.7837 -1.3643 0.39055 -1.3498 -1.1078 -2.1111 -0.59947 -0.76122 0.24889 -1.2826 2.6927 -0.36144 0.29989 0.85997 1.1425 -0.15598 0.55643 -0.39544 1.1344 -0.38258 -0.79917 -0.61639 1.0738 0.72879 0.33724 -0.2272 -0.27771 0.59998 1.5797 -1.1397 0.14211 0.29552 0.27404 1.0075 -0.86217 0.51711 -1.0316 -0.61717 -0.43651 -2.3511 -0.31103 0.45217 -1.8493 -1.0569 0.77176 0.47708 -0.5266 2.2788 0.15125 0.55431 -1.2568 -0.11853 
ammonia -0.76672 0.48933 -1.0535 -0.62128 -0.98904 -0.58508 -0.051742 -0.46322 0.13511 2.0099 -0.16854 -1.0694 1.0145 -1.3864 0.26592 2.2502 -0.41809 -0.51875 -0.049188 -0.48719 0.30264 -0.99736 -0.28762 -0.69946 1.2587 -0.92468 -0.063527 -1.4057 -1.5195 0.33007 -0.0077942 0.17772 1.8857 1.3084 0.050871 -0.055911 0.094637 -0.65105 -0.35608 -1.1828 0.84589 0.024942 0.46473 -0.33347 0.052935 -1.8983 0.62359 -0.61763 0.29651 -0.62699 0.40722 -1.8722 -1.5967 -1.2394 0.54858 0.64237 0.43379 0.60522 1.5097 0.3164 -0.65501 0.66418 0.88413 0.11518 -0.65067 -0.025747 0.1197 1.0038 -0.5886 -0.6174 0.8064 -0.62384 1.0647 -0.0713 -0.58093 -0.6282 0.57135 -0.13236 0.81052 0.15788 0.081598 -0.41963 -0.3946 -0.80712 0.074454 -0.92658 -0.81685 -0.33439 0.91612 0.80361 -0.73813 -1.5884 0.53833 0.077305 0.40779 -0.35939 -0.098409 -1.4611 0.012633 0.74566 
turpentine 0.085012 0.51311 -1.9611 -0.00069539 -0.26798 -1.6255 0.053006 -0.46576 -0.2593 1.0671 -0.73814 -0.033126 1.1425 -1.4569 0.20553 1.6878 -0.11046 0.59198 0.54909 -1.4746 0.54665 -0.22288 -0.39568 -0.64101 1.1608 0.2581 0.7062 -0.0598 -0.51065 0.22065 0.069529 0.24862 1.5324 0.85914 -0.033357 -0.38842 0.064588 0.72166 -0.096255 -0.1449 1.5908 -0.19233 0.42928 0.048903 0.13596 -1.5415 -1.1717 -1.3432 1.3771 -0.079706 -0.3386 -2.0824 -0.061157 -1.6774 -0.0083127 -0.37939 0.36628 0.20619 1.4726 -0.19409 -0.073169 0.46314 -0.099443 0.092158 -0.71176 0.83464 -0.0032689 0.70421 -1.009 -0.93803 1.0018 0.53845 0.29628 0.91911 -0.587 0.25042 0.96491 -0.31108 0.58138 0.82655 0.12918 -0.18495 0.38462 -0.1781 -0.53071 0.058706 -0.46702 -0.79418 0.23067 0.7218 -1.3633 -0.7466 1.7986 0.76037 0.74454 -0.095858 -0.97889 -0.2089 -0.18919 0.47412 
varnish -0.29353 0.49005 -2.2109 0.14621 0.38704 -1.2854 0.67675 -0.39781 -0.11655 1.5603 -1.0442 -0.098926 0.045292 -1.6038 -1.1562 1.8373 -0.93488 0.010814 0.14368 -1.1379 -0.2302 0.64626 -0.47043 -2.4371 1.9192 0.91267 1.019 -0.13355 -0.7906 0.15398 0.25591 -0.19608 0.91624 1.2395 -0.11071 0.35265 -0.054684 0.31355 -0.2974 0.0064975 0.80419 0.51435 1.5814 -0.41712 0.58538 -1.2018 -1.5259 0.082408 1.9885 -0.86815 -0.097915 -2.9662 -0.15753 -2.4157 -0.29824 0.30622 -1.1231 0.9478 0.73946 -0.42795 -0.25917 1.5038 0.35392 0.12455 -0.41231 0.39032 -0.40104 1.5296 -1.6902 -0.4283 1.4758 -0.30537 -1.2872 0.72146 0.66198 0.54986 1.2031 -0.6934 -0.015125 0.59608 0.37019 -1.1745 0.14932 -0.34094 0.92757 0.34361 -1.3706 -1.7121 -0.56321 -0.6304 -0.24608 -0.49469 1.863 0.29293 -1.7659 0.37245 -0.47048 0.40844 0.46703 0.36043 
mothball 0.060556 0.011012 -1.2758 -0.084336 -0.37181 -2.3583 0.074815 -0.79331 -0.22338 1.3438 -0.70228 0.30602 0.70766 -0.27271 0.50401 1.4225 -0.18486 -0.13834 1.9202 -0.72933 0.13546 -0.86259 0.13024 -0.67198 0.32074 0.50004 0.3477 -0.2582 -1.6786 1.6237 0.18871 1.1801 1.9549 0.33655 -0.72398 -0.03822 0.026982 0.97319 -0.50891 0.13887 -0.20395 -0.033784 0.96219 -0.059919 -0.47135 -1.2033 -0.45245 -0.55884 0.80972 -0.4298 0.3054 -1.9293 -0.22345 -1.8128 -0.50523 -0.21366 0.70921 0.36174 0.38243 0.9622 -0.52206 0.47049 -0.47087 0.21242 -0.47238 0.53203 0.33391 -0.056314 -1.6689 -1.5372 -0.39476 -0.35592 0.25958 1.0703 -0.47162 0.65283 0.74907 -0.22183 0.83331 0.12741 0.17419 -0.54466 -0.44274 0.146 0.0038796 -0.26569 0.52964 -1.1196 -0.49942 -0.6847 -0.39557 -0.064418 0.71322 0.12519 -0.11476 0.74012 0.38785 -0.26509 -0.74154 0.68743 
disinfectant -0.50531 0.024494 -2.3197 -1.4219 -0.46248 -1.8423 -0.17683 -0.13832 -0.75237 1.8389 -1.0962 -0.072981 0.045194 -0.50496 -0.23326 1.8222 -1.2943 -0.82629 1.2653 -0.065015 0.0012255 -0.19246 0.085255 -0.81521 0.13325 -0.092981 -0.25063 -0.39652 -1.3293 -0.24248 -0.23949 1.2023 1.6366 0.65092 -0.22413 -0.44856 -0.38396 0.52836 -0.79151 -0.48286 0.33039 0.52619 0.66936 -0.81662 -0.41233 -1.665 -0.57573 0.08088 0.30921 -0.50615 0.023823 -1.8134 -0.56068 -1.2847 -0.17284 -0.86311 0.44506 0.4279 0.74757 0.16884 0.44629 0.83711 0.33098 -0.06622 -0.26683 0.20095 0.38371 0.14917 -1.0382 -0.55842 1.2314 -0.2202 0.0083166 0.16938 -0.57101 0.33772 1.0243 0.056409 1.0023 -0.29825 0.34535 -0.28894 -0.46003 0.44713 -0.84249 -0.089166 -0.26609 -1.5259 0.5551 0.26417 -0.71345 -1.7105 0.45775 0.68463 0.55315 0.49137 -0.98944 -0.86811 -1.1128 1.1584 
kerosene 0.037392 0.60558 -0.9517 0.22539 -0.25478 -0.95973 -0.095273 0.48938 0.05603 0.65654 1.6118 -0.26293 -0.19422 -1.5432 -0.55196 1.0849 -0.46656 -0.46962 -0.43101 -0.13895 0.24026 -0.16274 0.46872 -1.5226 0.50402 -0.57117 -0.30998 0.31333 -0.24916 -0.35147 -0.79311 0.011253 0.73734 0.23389 -0.52069 -1.079 -0.22247 0.25969 0.42623 1.1529 0.62296 0.26404 0.4543 -1.0436 0.93631 -1.8543 -0.53906 0.0097396 1.1006 -0.12009 0.81396 -0.91545 0.044662 -1.4887 -0.18606 -0.56421 -0.47908 0.0031444 1.6728 0.92439 0.53024 -0.3835 0.48144 0.16107 -0.17204 -0.098843 -1.1276 0.18416 -0.49539 -1.2773 -0.6224 0.042824 0.12961 0.35666 -0.49326 0.57343 2.3328 -0.39247 0.26675 0.70074 -0.15311 -0.027353 1.1474 -0.18344 -0.14334 -1.1244 0.43781 -1.4327 0.54632 1.2446 -0.71565 -0.81771 0.90795 0.52594 0.8502 -0.57639 -1.5366 0.036791 0.19653 -1.3013 
manure -1.2235 0.41155 -1.1807 0.27117 -0.85347 -1.2316 0.22499 -0.70079 -0.67189 1.6886 -0.33118 -0.69599 0.22211 0.27181 0.056892 0.71256 -1.1301 -0.96201 1.1096 -0.14176 1.1 0.10363 0.57398 1.4883 0.16952 -0.57861 1.0913 -1.0014 -0.015428 0.36549 1.1997 -1.6597 0.35005 1.3339 0.43227 -0.88172 -0.29037 -0.39455 0.26268 0.21138 0.73627 0.7058 0.11788 -0.88287 -0.34853 -1.4433 -0.73408 -1.3959 2.0797 0.091398 -1.0876 -2.6514 -0.33885 -2.1101 -0.089597 -0.027582 -0.33514 0.36078 1.9044 0.49233 0.79899 0.2517 0.40912 0.60909 -0.083902 1.2057 0.63159 -1.3001 -0.91165 -0.69959 -0.93287 0.30992 0.15555 -0.33376 -0.68063 1.0902 1.3684 0.1147 1.2194 -0.1843 0.83235 -0.40006 -0.92912 0.2543 -1.0494 -0.49575 1.4828 -0.90247 0.32469 -1.2948 -0.87709 -1.0933 1.6125 0.8171 0.50016 0.68371 -0.62375 -0.014711 -1.2651 0.14079 
creosote -1.4846 0.39406 -0.77613 0.39847 -0.71409 -1.467 -0.30847 0.10308 -0.068437 0.10076 -0.37764 -0.58831 0.71763 -1.5028 0.038626 0.40611 -0.010012 -0.13329 -0.12435 -1.4927 -0.2551 -0.25042 -0.23711 -0.61775 1.534 0.64459 0.54612 -0.72562 -0.13561 0.067524 -0.2716 -0.47674 0.55036 0.28845 -0.4162 -0.64282 -0.44391 0.49315 0.036745 0.29949 0.94817 0.38214 1.2293 -0.6915 -0.027281 -0.89623 -0.36942 -0.35803 0.61667 -0.20811 0.25445 -2.0531 0.56049 -1.0478 0.23696 0.17986 -0.43841 0.24891 0.66833 -0.36135 -0.018396 0.83897 -0.11094 0.14373 -1.0072 0.81905 0.30881 -0.043162 -1.1847 -0.53824 0.37325 -0.13556 0.054497 0.50231 -0.56226 0.3803 0.97399 0.0052299 0.11188 0.74134 1.218 -0.24534 0.23075 -0.35215 0.12628 -0.17538 0.034694 -1.0454 -0.30146 -0.31284 -0.30448 0.079516 0.61287 0.74065 -0.90339 -0.56973 -0.0842 0.6015 -0.60522 -0.50194 
