96 100 
coffee -1.4171 -1.0217 0.76718 1.405 1.4987 3.6527 -2.3524 1.5347 -1.8939 2.5706 0.88307 -1.9287 2.8259 -0.010439 1.4631 -1.0546 2.1822 -2.616 -0.52403 -1.1512 -1.2051 -1.1779 -0.5743 -1.3909 -2.1012 -0.13346 1.8025 2.0831 0.83607 -0.097666 0.57439 -1.0419 -3.3723 4.117 2.1459 -5.1757 -1.1179 3.1418 1.5888 -0.76559 -1.6812 -1.0486 -1.3314 -3.3752 -0.95881 -2.6365 -1.2957 -0.30749 -1.1559 2.0372 2.6419 -0.4119 -1.6088 -0.87772 1.2441 1.4596 1.179 3.2368 3.0814 0.079913 1.6778 0.16819 1.261 -1.3528 -0.88215 0.58515 -3.4125 -2.0516 -0.91506 1.3629 2.3067 -1.4097 1.4976 -3.7204 -2.0004 0.90583 -0.10962 1.4146 -1.7239 0.47169 2.16 0.75063 -0.90034 -0.020515 1.2418 -0.76399 0.13003 -2.6854 0.91533 -2.8475 -0.052346 -1.4543 -0.87974 -0.71237 1.9737 0.23998 1.4756 0.74661 -1.1303 0.28574 
tea -0.95699 -0.79142 1.1919 6.6054 -3.9788 2.0609 -5.2265 -4.6937 -5.0752 2.8177 1.9063 -1.9798 2.0048 4.1772 1.7122 -0.76768 1.2998 -5.722 -2.6263 -6.0422 -3.2279 -1.764 -6.313 -3.9127 -0.13198 0.2003 7.8426 1.2731 -0.17353 -1.8397 2.1302 -1.7217 -6.0981 2.5636 0.90773 -4.8876 3.2485 5.1717 0.22075 -2.0828 -4.097 -1.4398 -1.5657 -1.9824 -2.9271 -7.2307 -4.4965 4.7104 -2.5087 1.9676 0.36478 -3.2974 -1.2797 0.39412 1.1209 0.49505 -2.0861 7.9574 3.651 -4.3544 1.1144 -2.1041 3.4653 -4.3041 1.7306 3.847 1.0195 -1.4379 -3.2366 -1.4746 -2.0557 -3.1054 6.6667 -8.6402 -0.77433 0.27032 -5.3062 1.5543 1.2304 -4.1517 1.1568 -1.4639 -1.1087 -4.732 0.50511 3.1396 -0.37642 -7.574 2.6366 -2.4265 -2.2002 -2.3565 0.61548 -2.7719 6.8611 3.4631 4.6031 -0.45126 0.031396 0.49897 
wine 1.8216 1.3141 -3.4329 0.056729 1.1599 4.8316 -1.7239 4.0933 -1.867 -0.74055 4.1743 -0.76078 2.1634 -0.60844 -2.7128 -1.8895 -2.7 -3.6555 1.0686 -4.3299 -4.7083 -0.55162 -2.4966 1.2266 1.3151 2.7737 5.1521 -0.10259 0.53221 -1.2833 0.052523 3.4828 1.6079 -1.6879 -0.48457 1.9041 1.831 -4.5825 -4.5297 5.1054 0.23948 -1.1246 0.5145 -6.6171 -3.0912 5.8453 0.71122 1.5704 -3.1176 0.68273 9.2859 -8.6913 -1.9452 -4.916 -2.5101 1.2425 1.3444 -1.4303 -2.0706 2.6158 6.2801 1.6557 -2.2141 -6.2098 1.6313 1.1072 -3.0467 5.0268 -4.0321 -3.256 5.893 -3.9401 1.9641 -0.69098 0.63767 -0.0039694 2.3428 3.5986 1.9565 2.1408 2.0496 -1.9814 -3.4184 -6.0775 0.7673 0.90205 1.2558 1.157 1.1616 -0.89876 -0.1352 1.8658 2.7842 3.7244 -0.32484 -3.7013 -2.1955 -0.41333 1.7793 0.9207 
perfume -0.63909 -0.15355 -0.64405 -0.14768 -1.0345 0.51901 1.4207 0.023248 1.9574 -0.0045748 -0.38058 -0.86819 1.7206 0.34003 -1.3272 -1.2074 -2.3384 -0.54153 1.3676 -1.2546 -1.8666 0.52927 -0.76495 0.5093 1.359 -0.41841 1.9227 -1.1306 3.8353 0.71089 1.3295 -0.80658 0.98237 2.0132 -0.34852 2.2283 2.9475 -2.2096 -3.4521 1.4033 0.83028 -0.39855 0.6685 -3.6294 -3.3986 -1.2655 -3.6258 0.29823 1.4811 0.25003 0.47122 -0.93463 0.81127 -0.018916 -0.41149 -2.7924 -1.0034 -1.2511 -0.63535 0.028957 -1.2242 -1.3998 -1.8823 1.6606 -2.4507 -0.536 1.2124 -2.6172 0.61216 -1.0714 0.2548 1.1585 1.75 1.4207 3.8145 -1.7976 -1.0712 1.9587 -1.133 -0.53912 1.1286 0.99662 -1.3114 0.79364 -0.38611 0.77165 -1.3774 1.8056 1.4944 0.0027617 -0.52074 -1.0751 -1.7112 3.1185 0.27479 0.22485 2.7917 -1.0514 -1.0928 1.5221 
vanilla 1.424 -0.030203 -0.95945 0.88122 0.88406 0.085425 -1.5768 4.2065 -0.422 -0.36518 -0.27167 0.26971 0.97018 -0.78492 -0.84232 -1.1687 0.75847 0.31187 -0.87737 -1.3775 -1.7291 -1.8039 3.1965 0.21208 1.1781 0.61892 -1.2346 -1.0834 1.3945 0.89471 -1.4511 -0.018095 0.85192 -0.98723 0.43382 -3.3072 0.48128 1.6014 -1.9288 -1.5523 -0.79931 -4.5267 1.4072 -1.7269 1.4207 -1.1179 -1.7996 -2.5633 -3.6935 -0.4315 -0.17129 -3.1383 0.15442 0.0051209 -2.0106 -3.1961 -1.5717 0.27774 -1.2655 -1.6455 1.6506 0.81437 1.8306 0.21172 1.1777 -0.95838 -3.6425 -3.5456 -0.82976 2.439 1.0884 -0.24778 -1.2652 -0.14436 -0.052777 -0.20003 -1.808 2.0072 0.48742 -1.1478 -0.35116 -1.2455 0.39536 -0.82299 -4.1274 1.1324 -0.21162 -0.40949 1.1978 -1.329 1.8414 -1.3784 2.7854 0.38152 -1.5137 1.8504 0.2808 1.6792 0.57938 1.7553 
chocolate 0.45835 -0.66638 -0.68562 1.3262 0.35675 2.112 -0.39119 2.6729 -1.0932 1.6824 -0.71303 -0.16913 1.0764 -0.13948 0.81648 -2.673 -0.35576 0.23454 -0.62803 -0.38377 -1.7114 -0.9596 1.9854 -2.0928 -0.052076 1.9594 0.30506 0.61729 0.94013 -0.75349 -0.13067 0.33503 -0.29264 -0.66 0.50369 -3.2447 -0.3615 2.5646 1.5265 1.0241 -0.57618 -2.358 0.25921 -2.0241 0.46337 -0.35238 -0.60983 -0.67457 -3.6939 0.65399 1.3725 -1.92 3.841 0.41733 -0.23087 0.21494 1.1577 0.041882 0.35565 -3.2851 2.0969 0.43638 2.018 -0.8434 2.6886 -0.41787 -3.6095 -2.7174 -0.207 1.2263 2.2117 0.53695 -1.7709 -0.80616 -0.20552 1.0383 0.15424 -0.29315 1.3394 0.67835 -1.356 0.66924 -0.25981 0.40858 -1.3059 -0.78246 -0.12514 -2.5881 0.85155 -1.4461 0.017398 -0.10068 0.61958 -0.321 0.78868 1.4466 -1.2431 3.015 0.38035 -0.29689 
citrus 1.1817 0.98074 -0.64543 2.6055 -1.0823 -0.70549 -2.1403 1.3806 1.9016 -1.2231 2.4039 0.25073 2.6898 1.065 -1.0604 2.6487 1.5469 -0.59059 2.0141 -5.0762 -1.8319 1.4408 4.4816 -0.31108 2.0171 0.86083 -2.9688 -0.31624 -1.0292 0.9805 -1.4304 1.9524 1.4544 -0.6933 -0.31789 -0.96612 1.5596 -1.6624 -2.3634 -0.23937 -0.64249 -0.48126 2.5733 -1.8221 -0.77514 0.64417 -2.8212 -1.3368 -0.788 0.042459 -0.53771 -3.9807 -0.51808 -1.4713 -1.6302 -3.6097 -0.58822 -3.8785 -3.0258 -2.352 0.72996 -0.14922 1.6595 1.5593 0.9036 -2.532 -2.5191 -0.18741 -2.874 -0.9625 2.2094 -1.0743 -0.61906 -0.30822 -0.97083 -2.6167 -2.3836 2.7832 -1.0789 -3.2087 0.77665 -5.1428 -0.79492 -4.838 -4.0095 4.7096 -0.3752 2.1441 0.96112 3.5003 1.3137 -1.8383 3.8473 -0.25329 -1.4253 0.13739 0.48491 -2.3868 1.1469 4.6763 
cherry 2.6862 2.4762 -1.6564 3.0028 -0.17523 3.5778 -0.95829 4.2248 -2.3293 -0.17488 1.2014 1.8009 1.1673 -1.6369 0.027217 -2.3198 -0.83359 -0.90059 -0.883 -0.58643 -5.4262 -2.6123 4.7444 1.2462 1.5364 2.9304 -1.0937 -2.7037 -1.5938 1.664 -3.0099 2.7509 -0.84366 -4.3896 -3.6086 -2.2153 1.4619 2.9403 -1.7004 2.6764 -1.6814 -0.80415 5.8736 -4.063 1.3878 2.4939 2.9498 0.22554 -6.8693 -2.1907 5.4408 -2.6887 2.1992 -1.6746 -3.0194 -2.072 1.5112 -3.9117 -3.4185 -0.67008 3.7482 4.4435 2.9022 -3.6182 4.8625 0.41856 -3.7115 -0.80788 -4.1336 -1.3966 5.6582 -3.0277 -1.891 -1.2803 -2.3892 -1.7593 -1.7715 1.4536 1.3565 0.44556 -0.36821 -0.77057 -1.318 -3.5877 -1.8866 4.3297 2.1965 -3.2309 -3.218 -1.4576 1.1579 3.2096 2.6353 3.255 1.0049 1.0164 -2.7534 2.281 0.14976 2.8125 
leather -0.5097 -1.4932 -0.31767 1.8716 -0.4671 0.84419 -1.8769 2.8092 0.6316 0.21522 -0.18147 1.1942 0.56309 -2.379 -3.3442 -2.1814 -0.1372 0.14072 1.9791 -1.8569 -0.10653 -1.6596 3.3707 -0.37239 4.5454 1.2907 -0.0754 -3.3823 3.0691 1.0231 -0.49895 1.4413 0.94232 -1.1288 -1.2803 -3.3994 3.0119 0.86768 -0.67249 2.0532 -1.5721 0.33495 2.3298 -5.2034 0.80083 0.64294 -1.3528 -2.0344 -1.0056 -0.89641 -0.44743 -1.0919 -0.015097 -1.2403 -3.0461 -1.5576 0.12241 -3.2707 -1.4109 1.449 1.0569 -0.61574 -1.4618 0.76613 -0.96101 -1.3678 0.43815 -2.0801 -0.28815 2.0629 -1.0472 2.442 -0.70324 2.3915 0.043406 0.027314 -2.2482 1.1636 -0.82258 -0.79149 0.36385 -0.28233 -1.884 -1.8979 -1.898 3.1603 1.4343 0.38437 0.73702 2.2858 -0.99302 0.46298 1.6416 -0.13683 0.16299 1.2731 3.6968 2.4966 2.7194 3.2955 
rose 3.8316 -1.0354 -1.4549 2.3491 -1.5498 -2.6559 0.4745 1.3436 0.68484 -6.5663 0.12047 0.36281 2.1333 0.22828 -3.6091 -1.9012 -1.7164 -1.0407 -0.24754 -3.6159 -1.9401 -1.93 2.7506 0.18352 2.24 1.374 2.1689 -2.7083 0.50267 2.5442 -0.023848 -2.2834 1.6611 -0.13334 -0.43251 -0.22503 4.9799 -2.071 -4.1361 3.5754 2.2921 -0.032323 6.0452 -6.0088 -2.977 -1.9469 -2.2889 -1.4218 -8.1933 -0.034157 -3.0372 -2.6305 -0.010908 2.2452 -4.897 -5.1762 -2.3396 -1.1623 -2.9805 -1.665 -2.4808 -1.6197 -4.1924 1.5033 -1.0292 -2.6496 -0.40031 -5.0902 -0.073618 -1.55 0.43143 -2.134 -1.5213 -0.55814 3.648 -6.3015 -4.8822 -0.76833 -2.1477 -1.7003 -0.3656 0.16397 -1.8805 -1.7262 -1.1481 8.6327 0.42706 -1.3469 3.4703 0.60198 -1.8403 -3.3862 1.9394 -1.302 3.7723 4.1321 3.5419 0.10112 1.0397 1.8842 
honey -1.1416 -4.6733 -0.42604 2.1145 -0.14227 0.17683 -2.8822 2.3244 -2.5167 0.61915 0.84398 0.27982 0.47592 1.7167 1.6054 -0.15289 0.41477 1.7015 -1.0059 -2.7343 -3.5442 -1.422 1.0376 -0.089677 3.3287 -1.2199 -1.2047 -0.14869 0.44535 2.3131 0.024231 1.2499 2.1318 -1.0103 -1.4437 -3.2664 -2.2477 0.65934 -1.1067 -2.2118 -0.92298 -4.7233 -0.29144 1.2566 -0.43587 -1.7374 -0.86245 0.12175 -6.289 2.8099 0.93547 -3.4699 0.16724 -2.3567 -5.438 -2.7951 -0.46563 0.62063 -1.113 -4.5689 2.4514 1.9238 1.2895 -1.2493 0.26728 0.016474 -1.3896 -2.4974 -1.1392 0.67319 -0.94585 0.18327 -1.0086 1.0262 0.023219 -2.1804 0.50484 -0.17409 2.5987 -5.0128 -0.56305 -2.4279 1.8019 -3.5518 -2.4995 -0.13843 -0.24684 -0.58834 2.0616 -0.30153 0.54255 -2.9461 1.9635 -0.88356 0.33287 1.6242 -0.091852 1.067 1.6355 1.0763 
berry 3.365 0.59024 -0.86795 0.68562 0.50409 1.2505 -4.0879 5.7753 -3.6379 -1.3388 0.87395 -0.23657 0.35988 -0.56334 0.38244 -2.5386 0.058336 -3.0878 0.55035 -1.4172 -6.4408 -3.5284 6.3981 -1.1109 0.43744 4.0346 -0.81197 -0.93599 -2.0831 1.1351 -2.7851 1.9225 -1.2456 -2.248 -3.2466 -4.6173 0.91658 3.2841 -2.1424 2.9661 -1.7112 -0.35377 7.7044 -3.3441 2.2652 2.5312 1.1247 -0.72743 -6.9382 -2.2946 2.9557 -3.6104 3.3005 -0.88097 -4.2342 -0.53354 2.2822 -4.8116 -3.3282 0.346 2.9709 3.0297 4.6275 -3.4823 3.3121 -1.397 -2.0249 -1.1339 -4.1626 -1.0722 4.65 -2.3614 -1.6028 -0.45339 -2.3659 -3.1153 0.080685 -0.21168 2.3392 -0.32846 1.3095 -3.786 -3.2148 -3.0738 -2.0145 6.3205 2.0248 -2.8947 -3.5973 -1.4577 1.8766 2.9279 5.4063 1.6151 2.1157 1.4601 -3.9285 0.71533 1.079 2.9663 
lemon 2.7889 0.56018 -1.195 3.9912 -0.24082 -0.49108 -0.29626 0.90179 1.6691 0.21271 1.7291 0.51407 1.6095 -0.05907 1.4794 3.217 -0.062017 0.41456 -0.1115 -4.8338 -2.7393 0.73834 3.1544 -1.1304 1.2502 -0.28718 -3.9665 -0.55672 -3.8788 0.66384 -2.5864 1.1474 -0.15663 -1.0904 -0.40768 -2.0452 -0.79805 -2.365 -0.058243 -1.3339 -1.6416 -2.7256 1.9567 -0.88703 -1.0388 0.48371 -2.5579 -0.20999 -1.5725 0.73229 -0.86783 -2.9376 -0.55557 -0.063241 -2.2926 -5.386 -1.4347 -3.3733 -0.81637 -5.7689 0.7949 -1.3636 2.8207 0.068315 3.768 -0.33023 -2.1707 1.0321 -2.7762 -1.7396 1.6153 -2.3003 -2.0618 -1.8379 -3.7814 -3.7087 -2.4487 0.12807 1.7742 -3.6493 0.40581 -4.6432 2.1688 -6.1376 -4.0846 2.471 -1.0147 -1.0009 0.05796 1.8891 0.59036 -3.236 3.8536 -1.0278 0.90867 1.0671 -0.20795 -1.8225 0.3477 1.4164 
apple 0.62907 0.92998 -2.0188 3.4757 0.97255 1.2161 -4.4872 3.3279 -2.7714 3.0432 2.7929 2.8293 -0.086342 0.63341 1.6708 -0.41707 3.4192 0.63488 -1.2848 -1.6271 -4.5486 0.84021 3.1081 -0.994 0.63362 0.88022 -2.9995 2.4866 -1.4686 2.2311 -0.41733 1.5145 0.10707 -0.90726 -0.046215 -1.4176 -1.9886 -2.3253 -1.5688 0.069537 -0.081837 -1.4827 4.234 -1.3872 -0.237 3.2608 -0.23695 1.2224 -1.0053 -0.8654 -0.95065 -1.5557 0.68832 -2.9554 -3.3909 -3.3501 -0.39375 -2.9208 -3.8895 -3.9006 1.3812 2.0445 3.0108 -2.8183 2.4325 1.6528 -2.6102 -0.041146 -6.6193 -1.6593 0.75157 -4.1991 -3.2985 2.8062 -1.7782 -3.0128 1.7901 0.5365 1.2522 -3.8027 -1.9149 -6.317 2.498 -5.9693 -3.97 3.7727 -1.2635 -2.0055 0.1659 -1.7887 3.9559 0.20095 3.686 3.3276 -0.32745 0.64947 -2.1834 -2.0425 1.193 2.3991 
cinnamon 1.9177 -0.55287 -0.2647 1.5887 1.1265 -1.2323 -1.6805 1.5568 -2.3572 0.23011 1.0001 1.0297 0.27396 -1.3997 1.5092 -0.030181 0.88411 0.85295 -1.2515 -0.7988 -2.4913 -1.263 3.5436 -0.23708 0.80125 1.219 -0.78328 0.62752 1.2306 2.6071 -0.092008 0.62963 0.29009 -1.3358 -1.388 -2.4778 1.4503 1.6153 0.71009 -1.0832 -1.2508 -3.7292 1.3926 -2.2249 0.95008 -1.2207 -0.58502 -0.50473 -3.3473 -0.19948 1.3512 -1.9846 -0.55885 0.33129 -2.8015 -1.7409 -0.74335 0.29373 -0.48079 -1.8028 0.77342 0.39676 2.1139 -0.46125 1.5709 -1.3258 -2.8896 -3.299 -0.42586 0.66148 1.3478 -0.61473 -0.44049 1.2773 -1.2012 -1.4794 -2.2773 -1.8726 0.8867 -1.6428 -1.9487 -2.4778 1.2876 -3.2317 -3.6042 0.47039 1.6801 -1.5337 -0.19663 -1.7176 0.58542 -0.21799 2.9597 -1.1473 -1.5937 1.8188 0.75799 2.0463 0.86014 -0.23725 
orange 0.92716 0.33306 -1.0538 3.977 1.1109 0.97537 0.038844 -1.1317 0.25329 0.042202 1.646 0.49393 2.1009 -1.5694 -0.28201 1.6726 0.65208 -0.68189 -1.2208 -4.2124 -1.0584 -0.046023 1.7844 -0.33161 2.2973 -0.47053 -1.8223 0.066279 -2.1738 0.094996 0.0066539 0.722 -0.97325 -0.96013 0.30778 -1.4701 0.047666 -0.63895 -1.2726 -0.71093 -1.6605 -1.3141 3.6744 -1.7983 -0.76883 1.2653 -2.8542 -1.5505 -4.3906 0.68737 -1.6196 -1.2337 0.70362 -0.63139 -1.9836 -3.3222 -1.6128 -5.1247 -2.0031 -4.2855 0.14842 -0.86617 2.2577 1.5518 2.0931 0.92331 -2.0939 -0.85511 -0.85663 0.28542 0.11016 -2.6585 -0.50309 0.86232 -2.8058 -1.9745 -3.6796 0.75283 1.6402 -2.6925 -0.52214 -3.5759 -0.36723 -3.4398 -2.8488 3.337 -1.1212 -1.4495 1.5511 1.9177 1.4861 -2.6142 1.6904 0.64847 1.2099 2.44 -0.31752 0.1202 0.29466 0.018853 
tobacco -0.32059 -0.16962 0.73662 2.1253 -1.2544 0.8889 -1.6093 3.3239 -1.9908 -0.53532 0.026321 1.7841 1.4675 -1.7243 -3.2967 -2.9523 1.1095 0.9975 0.38866 -2.1945 -0.45494 -1.2319 3.9954 -0.8187 3.0012 2.2891 -1.6885 -4.9496 2.8757 1.5809 -1.097 1.0258 0.075796 -2.7643 -2.1133 -3.6286 2.952 1.2244 -1.2674 0.46382 -1.5442 -2.1489 2.9181 -4.7595 1.1028 1.0491 -1.3972 -2.4278 -2.8081 -0.4241 1.4861 -1.6033 -1.3701 -1.4195 -3.5667 -1.4745 0.44991 -1.35 -0.98674 1.3626 0.66259 1.2255 1.7889 2.2614 -0.72018 -1.0329 -1.5999 -2.3403 -2.1724 1.8398 0.63014 1.1477 -0.56389 1.5145 -0.65245 -0.5926 -2.2836 1.7159 0.11845 -0.72153 0.61758 -2.0572 -3.0153 -1.1746 -1.8036 3.4682 1.5479 -0.81677 -0.34292 0.46358 -0.41984 0.15282 2.4524 -1.0269 -1.129 2.0377 2.1028 2.0583 0.91171 3.387 
blackberry 3.3842 0.30486 -1.0285 2.1389 1.0468 1.8036 -0.22033 4.9799 -1.0155 0.066225 1.393 1.24 1.6177 -0.84885 -0.97542 -2.8012 -0.59748 -3.9594 -1.1967 -1.0866 -3.4391 -1.5969 3.9409 1.6791 -0.083319 4.6271 -0.44355 -2.5721 -0.691 0.51826 -1.9455 2.4543 0.81292 -4.38 -2.0679 -2.4771 1.2565 2.9505 -0.20678 3.3527 -1.8938 -0.59578 5.1263 -3.6044 2.9414 2.7085 2.1398 -0.23491 -5.8681 -0.92836 5.0971 -3.4034 1.5817 -2.3909 -5.222 -0.92536 1.1867 -3.2263 -2.3926 2.4083 3.2224 3.9891 1.1037 -2.732 3.0902 1.0581 -2.608 -1.2699 -2.7306 -1.2522 5.007 -0.51289 0.018541 -0.70942 -3.357 -0.86574 -1.0981 0.72061 1.5342 -0.44778 1.7124 -1.0582 -1.1594 -2.6238 -3.217 2.7142 1.5801 -1.0821 -3.2006 -0.79385 2.0775 2.3654 3.5647 1.9485 1.7747 0.48013 -0.60959 1.6608 0.74424 2.5291 
oak 0.44788 0.25308 -8.1702 2.6857 -1.5608 6.7528 4.6363 7.1249 1.8306 1.3496 7.0349 1.2235 4.2861 -1.2256 -0.73109 -6.357 -3.0268 -10.099 -0.84009 0.15849 -0.96339 -2.0854 9.5468 6.304 11.12 9.5888 2.0456 1.5694 5.1597 -3.294 -4.6401 2.2501 1.3976 -5.5896 -0.61077 -8.0305 -0.25059 2.7904 -2.8609 -0.24412 -5.0761 3.9736 5.4801 -6.9803 -5.0113 -1.3079 -4.7408 -2.6262 -7.244 -4.8383 9.5004 -9.6194 -2.8304 -5.44 -9.5136 -12.708 2.8412 -1.0198 -4.3765 2.3117 8.8299 9.2524 0.931 -10.498 -1.0529 4.6353 -10.061 1.0261 -11.972 5.4647 0.13929 1.0316 1.7114 2.5909 -2.8073 1.8277 1.5272 2.4435 -2.8076 9.3812 4.743 -7.4041 -1.497 -5.5885 -6.8826 -7.9894 0.79393 -4.3153 -2.702 -2.5191 4.2209 4.6072 11.182 8.1075 -5.2872 -8.1221 -3.3055 12.252 9.7815 6.5555 
peach 1.5488 2.3718 -1.925 3.6782 -0.8848 1.8539 -1.4161 2.8064 -1.5689 2.03 2.0814 0.65134 0.37172 2.639 0.05125 0.030229 2.7075 1.1811 -0.6594 -4.5469 -4.849 -0.49842 1.7318 -0.83277 1.7947 -1.375 -1.4098 -0.54853 -3.5527 1.264 0.2076 -0.38144 3.6386 -0.24054 0.67182 -0.34035 -1.1057 0.65108 -2.96 -0.77689 -2.1648 -1.2264 3.1068 0.25041 -0.77877 -0.35198 -0.049693 0.80794 -4.516 0.81005 0.012527 -2.8311 1.0887 -4.714 -3.5129 -3.2364 -1.2148 -0.76282 -5.4292 -2.8114 2.1427 1.831 1.7288 -3.151 1.5319 1.054 -3.4968 -1.3799 -3.9768 -1.3922 -0.39541 -4.4096 -1.65 0.58991 -1.4912 -3.8946 0.127 1.7946 2.8384 -6.6006 -3.0268 -3.3338 1.5172 -4.668 -2.3293 4.643 -2.0031 -1.2946 0.38117 -0.5824 4.3604 -1.1551 4.7588 2.9227 1.1761 0.94167 -1.5901 -1.8361 0.29651 2.7643 
coconut 0.29401 -0.84189 2.5002 0.99473 1.3101 1.8634 -1.7738 0.63928 -0.55318 1.2839 0.13152 -1.1778 -0.39956 0.45453 -1.1022 -2.019 0.19776 -1.3159 -0.54687 0.13794 -2.6614 1.2309 2.3714 -0.27756 0.27751 -0.83963 -1.2181 0.27765 1.0929 -0.80648 -0.50964 -1.3018 1.7949 2.1505 0.4935 -5.0087 -2.224 1.2464 0.7729 0.35938 0.44817 -3.6834 -1.1099 0.33551 -1.4317 -1.4078 -0.15748 -3.3788 -2.1354 0.64064 1.0941 -0.15805 2.1708 -0.9123 -2.6261 -1.6715 -1.3717 1.4024 1.6851 -4.8988 -1.1761 -0.47366 3.375 -1.2501 1.2698 -1.3298 -2.2459 1.1348 -0.62008 0.40432 0.79669 0.22701 1.0759 -0.23351 -1.4538 -1.266 1.8777 1.0902 3.7671 -0.74609 -0.78702 -0.3666 1.9029 -0.3482 -2.2748 1.3089 -2.2021 -1.0017 -0.54999 -0.47076 0.55918 -0.41117 2.3877 0.80772 1.4234 2.4391 -3.4184 1.5306 -0.28906 1.2591 
incense -0.02335 0.13344 0.57366 2.4601 0.88888 -0.84554 -1.1389 0.24734 0.1257 -2.6387 0.22663 0.21011 0.89589 -0.090777 -1.905 -1.3425 -0.24005 -0.057434 -0.68311 -6.1284 -1.3513 -2.0499 2.4399 -0.11243 3.499 1.8406 -0.43487 -2.3034 3.8372 0.36712 1.3138 -0.026859 1.826 -0.2951 -0.50283 -3.9261 3.8766 -1.0543 -2.4323 -1.0635 0.27695 -1.4223 3.0915 -2.749 -0.88277 0.22998 -3.0066 -2.0639 -2.3263 0.7009 -0.94262 -2.5008 -2.6843 1.6271 -4.4307 -1.3613 -0.87765 0.99126 -0.54908 0.99403 -0.89142 -1.1805 -0.050016 3.4967 -0.037064 -3.0784 -0.79552 -2.8718 0.83005 0.68086 1.4804 1.6192 0.38136 2.1954 2.498 -0.87636 -3.5216 0.5109 -2.9476 0.3814 -0.020423 -0.80648 -0.27346 -1.8748 -3.515 1.9004 1.4452 0.6491 0.6188 1.1871 -2.1233 -1.2243 1.2521 1.4874 -1.0004 1.622 1.5903 1.1981 1.9518 4.6948 
raspberry 2.899 1.4593 -1.3588 2.6172 0.25472 1.7474 -1.3165 2.6836 -1.1255 -1.8174 0.7475 0.68365 0.94068 -0.24821 0.44271 -1.19 -0.54689 -2.2069 -0.73734 -0.87242 -3.1923 -1.7259 2.8949 0.70697 0.064105 1.8581 -0.73769 -0.89386 -2.0456 1.1747 -1.7278 1.7841 0.020512 -2.8423 -2.7602 -1.674 0.64068 2.6842 -1.8781 0.6801 -1.1473 -1.3788 4.0108 -3.1105 0.51688 1.2268 1.0655 -0.0048575 -4.6838 -1.7484 2.7597 -2.671 1.8287 -1.2871 -2.9517 -2.1821 -0.11707 -3.5215 -2.6 -1.1219 1.9571 2.6378 2.4749 -2.8569 3.2999 0.64811 -2.9365 -1.0225 -2.2671 -1.1016 2.6755 -2.0254 -2.1406 -0.94965 -1.9059 -1.9155 -1.0973 0.6687 0.85591 -0.71603 0.28017 -1.2857 -0.22227 -2.5616 -1.4581 4.2183 1.9244 -2.865 -1.9195 -1.259 1.8949 1.7379 3.1295 2.2308 1.352 1.877 -1.6627 0.91989 -0.20099 1.4462 
almond 0.11608 -0.96123 -0.53979 2.1561 0.91262 -0.23338 -3.7942 1.0233 -2.4115 1.5019 0.46921 0.29078 0.80802 0.84732 0.54842 -0.5583 2.378 2.5468 -2.7467 -0.24581 -2.1134 1.0428 5.8212 -1.9533 1.6699 -0.63977 -0.83738 0.20258 2.1642 0.48841 -0.85083 0.29243 3.3578 2.1451 0.26859 -1.6886 -2.4968 -0.57032 0.26161 -0.008356 0.84045 -5.9909 0.38494 -1.1248 1.3007 1.6524 -0.75458 -0.82953 -5.4284 1.3439 2.3767 -1.4935 0.24076 -0.94101 -2.6198 -0.72759 -0.44804 -1.7771 0.039716 -5.2149 1.2801 1.3194 2.1225 -1.6362 2.6485 -1.3892 -1.1119 -4.4285 -0.76786 1.4591 -0.23022 1.0031 -1.7335 0.044923 -1.1476 -0.50164 0.92418 -0.12703 1.9733 -1.6899 -1.736 0.52494 1.4256 -0.39585 -1.6421 0.64281 -2.072 -2.0587 0.58634 -1.3222 0.076572 0.86826 3.1095 1.755 -0.11279 1.1744 -3.2855 -0.16966 -2.1193 0.26579 
lavender 1.4911 -0.83226 -2.4452 1.0715 -0.90926 -0.32479 -1.6764 1.0209 0.87102 0.027172 0.78243 -0.097711 1.1742 0.66116 -1.9666 0.92827 1.1278 -0.74689 0.92103 -2.094 -0.97238 1.6368 3.8986 0.62506 0.68406 1.6026 -0.86916 -2.0972 0.76534 -0.3449 -1.3764 1.585 0.44079 -1.6657 0.15865 -2.0635 2.0641 -0.2765 -1.1729 0.39119 -0.65463 -2.3722 0.086821 -2.9663 -0.14781 0.38638 -2.0272 -0.78539 -1.2637 -0.71971 -0.68343 -1.4225 -1.2275 0.2826 -1.997 -3.3301 -1.3951 -0.86848 -0.98345 -1.1871 0.15504 -1.4104 0.98343 1.5686 -0.50917 -3.4223 -0.86407 -1.7454 -1.0076 0.85732 1.0661 1.1333 -0.19774 -2.0492 0.30147 -2.2749 -4.8614 -0.098712 -1.9267 -1.6258 1.1784 -2.5531 -0.1226 -3.4046 -3.1279 3.9926 -0.62165 0.91094 1.0237 0.83925 -1.976 -2.5623 0.88893 -1.0898 -0.79545 1.3373 4.262 -1.1604 1.0822 2.0803 
cologne -1.2073 -0.46485 0.86833 0.92899 -1.1513 -0.026421 0.55841 -1.4288 3.07 0.58071 -1.5548 -1.0051 1.7876 -1.4818 -0.79626 0.56918 -1.3539 -2.4569 2.0578 -1.0329 -0.81475 1.665 0.14155 -0.13706 1.7107 0.86697 0.39533 -1.884 1.9385 -1.5562 -1.6897 1.0823 -0.51522 -0.093672 -1.8111 0.96118 1.8406 -2.9681 -2.4421 0.9894 -1.8414 -0.38706 -1.2451 -4.0946 -1.8919 -1.3473 -3.513 0.76335 3.9067 -0.54763 0.34495 -2.2298 -0.48404 0.93984 2.7995 -2.2258 0.81225 -3.2853 0.48249 -0.52819 -2.4982 -2.1941 0.224 1.9626 -1.3137 -0.88524 1.8882 -0.41646 -0.38685 -0.77839 2.6311 0.30294 0.58457 -0.075955 3.1668 -1.7381 -1.4101 3.0007 -1.3912 -1.6782 1.7735 -1.3009 -0.522 1.1279 0.27215 0.013992 -1.1324 2.5024 1.2779 1.9939 1.0538 -0.48503 -1.6964 1.038 -1.2574 -0.40906 4.6962 -3.1176 -1.4276 2.0976 
cedar 0.18204 1.929 1.1561 3.7832 0.30711 -1.0172 -0.76687 3.3178 0.85082 -1.3217 1.7046 0.04522 1.4628 -2.0151 -3.2036 -0.77461 0.0897 -2.4961 -0.41495 -3.7761 -0.64312 -0.30485 7.9675 1.8858 3.765 3.6708 -1.2682 -3.3473 2.697 2.2187 -1.6105 1.4424 2.5101 -2.7826 -1.2848 -4.8632 2.0512 -0.41656 -1.6405 1.2456 -0.45127 -2.2256 3.0633 -3.1596 3.8648 0.93217 -0.36809 -2.7743 -2.083 -2.1494 -1.3876 -2.5446 -2.4479 1.7627 -5.2402 -1.787 0.34639 -0.86822 -2.2502 0.10208 1.7831 -0.25523 1.3012 1.7747 0.5726 -0.67156 -2.9176 -2.6411 -1.5665 -0.05933 0.26914 1.6097 0.17964 -1.1428 -0.40613 -0.64686 -4.731 0.33823 -1.0953 1.2195 -0.57495 -3.6219 0.069539 -2.6405 -5.4714 2.2099 2.3375 -2.3554 -0.64289 0.66041 -1.306 0.51024 2.192 -0.55354 -2.232 1.652 3.115 0.69661 2.8467 4.3836 
cheese 0.30852 -0.8171 -1.528 2.2762 1.8947 1.8878 -2.495 1.8437 2.4772 2.9526 -2.0534 2.7774 -1.3185 -0.69135 1.8842 -0.45541 1.057 -1.0079 0.7591 0.71019 -1.1088 -0.39225 3.8116 -1.6682 2.357 2.5065 2.0486 1.3731 -1.191 -0.32249 -0.18583 -1.0416 0.6497 2.5524 3.381 -1.0266 -4.2137 0.34329 3.4608 -0.51043 1.033 1.944 -2.3694 -4.1916 0.58381 2.9901 3.1839 -1.9603 0.37085 -0.17209 -0.93233 -0.084962 3.1459 0.086564 -1.0842 -0.035008 -0.038144 -1.8549 1.5112 -3.4322 0.62368 -2.1334 -1.6457 -3.8153 4.1268 -0.061135 -0.71525 1.0676 -1.6964 0.16249 -1.1353 -1.9661 -3.3716 2.2238 -1.0472 3.5469 2.4894 -4.3279 -1.103 -0.6501 -2.3119 1.2565 -0.20835 -4.5438 -0.31235 -1.3434 0.41687 -1.6053 -1.7584 1.4129 0.52572 -1.269 2.6496 -3.7828 1.3138 -0.55118 0.20292 1.1552 4.0255 -3.2857 
mint 3.1889 0.89148 -0.023388 3.2919 1.0848 0.38289 -2.1645 0.66228 -0.24945 2.1431 -0.12087 2.9295 1.6307 2.5395 -0.28247 2.102 -0.13873 -1.0439 2.2895 -1.9545 -2.7045 0.78126 5.3324 -3.1199 -0.26472 4.1303 -5.0969 -1.79 -1.5435 -1.2975 -1.9927 1.7333 -1.0748 -3.6739 -0.45398 -5.3091 3.9858 2.0111 2.1013 1.2859 -1.533 -2.5661 -0.13952 -1.977 -0.50116 -0.8828 -3.7064 0.69992 -3.6075 -1.1729 0.67337 -1.6749 -0.1518 0.053454 -0.085983 -3.4515 -2.407 -0.55855 -1.3192 -3.9796 0.8047 -1.133 5.8813 -1.4501 2.7729 -1.8048 -1.8256 -1.8408 -1.7332 0.026842 1.9537 2.2461 -1.0142 -4.6684 -2.2514 -2.9792 -4.5331 0.42517 3.0091 1.8024 0.090279 -5.4147 0.68951 -4.7488 -2.5139 4.6496 -0.12274 -3.6787 -0.412 0.45249 -2.9327 -0.83748 2.6667 -2.1196 1.8185 2.575 2.3015 -1.6985 1.1906 2.9563 
popcorn -1.8013 -0.067968 0.36372 1.0238 1.2236 0.27063 -3.1339 0.98631 -1.5367 1.9407 0.83926 -3.2252 -1.0804 0.63106 -0.028238 0.094734 1.1175 -0.41443 -2.0886 2.1706 -0.65392 -0.98623 2.0899 -0.094964 1.4085 0.40103 0.9665 2.2414 -0.10616 0.17527 2.8407 -1.7744 -0.93678 3.5279 3.5654 -1.1626 -1.7152 -0.17592 1.3253 -1.2874 1.4459 -2.0863 -2.1447 -0.63139 -4.9997 1.2509 1.4969 1.938 -0.61841 -0.36558 1.1018 2.0565 2.781 -1.4593 0.059847 0.80242 -0.74956 1.4828 1.8499 -3.1129 0.23437 -2.0505 -4.7706 -3.3166 -1.2036 -0.85069 -1.1572 -1.3706 0.68709 -0.95537 1.8919 0.20305 -0.75198 3.121 1.3016 0.086846 2.6307 -0.86125 -1.6406 3.2409 -0.29748 -0.0011963 2.1759 -2.7816 1.2767 -3.0406 -1.965 -3.0989 -1.7502 -2.5257 1.918 -0.95367 0.90288 -1.4029 -0.92566 -1.8919 -3.03 0.60402 1.8628 -1.1632 
bread -1.351 0.26641 -2.9609 -1.1453 2.6885 1.696 -1.8178 0.83463 -1.3229 -0.39684 0.62524 -0.5267 -3.0986 -2.5027 4.0049 -4.0608 -0.13115 1.4871 -1.4499 -0.27477 -1.205 0.51863 5.7777 -2.8599 -3.4382 1.9913 5.225 0.54029 -0.4824 3.399 -1.6967 -0.37093 -0.26676 1.7897 3.1304 -1.8973 -4.6116 0.29423 0.3204 -0.8908 3.5793 -0.079977 -0.4924 -2.3111 -2.8034 -0.51051 5.2237 1.7141 -1.6674 -0.082318 1.1794 0.49376 0.74338 0.54794 -1.3372 0.071236 2.2178 0.74955 3.1973 -7.8426 -0.18958 -0.69426 0.98933 -2.3039 1.5661 -0.16855 0.59257 0.14719 -1.9264 -0.82821 1.0047 -2.1202 -2.0158 2.9669 2.599 1.7949 2.0341 -0.93858 -3.2228 -3.3362 -1.6295 -0.94204 0.28622 -3.607 -0.50557 -5.751 -2.9266 -2.8181 -0.96857 -0.52561 0.65615 -0.70661 1.3269 -2.7136 -0.8716 -0.50411 2.4488 -1.186 0.21122 -1.1367 
smoke -2.5798 1.6308 1.2723 4.7235 1.5334 0.38883 -3.1091 4.5679 -0.15576 0.23139 0.86357 2.3971 0.62309 -2.6623 -0.57055 -1.9643 1.1851 0.9225 -1.8932 -3.0053 -1.3697 -2.5041 3.2037 0.93941 4.2206 0.89128 -4.2313 -3.9053 1.2435 -0.41434 -0.6754 -1.5116 1.5631 0.1499 -0.30096 -4.3115 3.4507 4.3043 -0.71479 -1.8218 -0.66892 -0.71199 3.3119 -3.3347 1.963 3.4662 2.3155 -2.8951 -3.4112 -1.1585 3.6296 -1.1356 -2.2452 -1.5609 -3.8778 -1.4083 -0.595 -2.1094 -1.3993 0.96665 1.5236 0.26187 1.089 1.0727 1.268 -0.10891 -0.50872 -1.3878 -2.5586 0.4988 2.5118 2.9129 0.45796 4.6597 -0.34912 2.1862 2.3821 -1.766 1.4469 -0.42509 -1.0014 1.3826 -0.257 -3.9854 -0.0055591 -0.032615 5.0823 -1.9065 -2.7773 1.5087 -1.2307 -2.8 2.0313 1.165 -0.55768 1.7823 3.1797 1.7726 3.8326 2.3655 
licorice 1.0389 1.222 -0.41083 3.1095 -1.113 2.8355 -1.5617 2.0246 -1.7596 1.8217 0.30396 0.60507 1.3076 -2.2847 0.5944 -0.38506 1.9559 -1.1963 -1.2514 0.20649 -1.0401 -0.72557 3.2707 -0.82093 1.4351 3.0568 -0.99705 -1.9116 0.39028 0.28052 0.50131 1.1893 -1.3866 -2.5044 -2.7289 -2.3982 2.6604 3.1352 -0.52025 0.18307 -0.68675 -2.5413 0.71002 -3.8384 0.24825 0.71021 1.1427 -0.38754 -3.5215 -0.58083 2.9293 -1.1211 1.5098 0.94636 -2.1147 0.62648 1.5516 -0.39569 -1.2637 -1.796 1.2546 0.75974 2.4508 -0.57552 2.493 1.3775 -0.34836 -3.1895 -2.7419 -0.62832 2.073 1.3879 0.15355 -0.38735 -0.47954 -0.39166 -1.2805 -0.63854 1.0769 -0.074501 0.76064 -0.30069 -0.46306 -0.29165 -0.9196 2.0556 0.90848 -0.97642 -1.4131 -2.5628 -1.5547 0.88619 1.4624 -0.10677 1.0096 1.9319 0.010594 2.306 2.4325 1.7974 
violet 1.4297 -0.068293 -0.69291 3.0116 -0.50026 -0.24049 -1.0625 2.8993 -0.080883 -2.4941 -0.21187 1.6797 1.3554 -1.0225 -1.6059 -0.36701 -0.011916 -1.1278 1.0884 -0.97582 -0.048393 1.7347 5.771 -0.1089 2.1035 2.4705 -0.53606 -1.6733 0.09806 -0.58226 -0.81409 0.19485 2.7066 -2.5669 2.0184 -1.383 2.9545 1.7458 -3.1575 2.0112 -1.6643 -1.2828 4.1383 -2.9301 -0.056598 0.11427 -1.3563 -2.1859 -3.7842 -0.63519 0.249 -0.35519 0.74537 -0.81752 -1.5731 -2.0715 -0.97861 -2.5877 -2.1262 -1.6802 0.22807 0.031081 -0.90827 -0.46746 0.52418 -1.6519 0.093854 -4.0796 -0.18266 -1.5564 0.72801 0.52212 -0.062258 0.23281 1.6698 -3.3777 -4.9953 -1.0942 -0.22449 -0.25212 0.33004 -1.2276 -2.3985 -1.5622 -2.985 6.2921 -0.64799 -0.34084 0.57995 0.03178 -3.4563 -1.4491 2.0636 1.0685 1.3027 2.5439 2.3142 0.42672 1.7477 1.0635 
strawberry 1.2154 0.89472 -1.9817 0.94093 0.57933 1.366 -2.0516 2.6589 -1.2467 -0.25038 -0.028674 0.25004 -0.19301 0.48732 0.71636 -0.67567 -0.042139 0.17573 -0.32813 -0.12736 -3.211 -0.076339 2.536 -0.58615 0.037348 0.76739 -0.95351 0.26459 -1.9461 1.0362 -1.1351 -0.097929 -0.28258 -1.8808 -1.0374 -2.0107 -0.0041752 1.863 -0.29388 0.56874 -0.99263 -1.639 2.828 -1.7566 0.10673 1.3501 -0.025483 -0.80822 -4.0526 -0.8031 1.3715 -1.5903 2.0405 -1.6484 -0.87159 -1.2627 0.09052 -2.0438 -1.4143 -2.5911 0.20921 0.5288 2.4483 -3.3085 2.5616 -0.17169 -1.9657 0.30649 -2.8696 -0.89123 2.0434 -2.5494 -2.6464 0.10331 -0.4657 -2.9135 0.31929 0.43954 1.9139 -0.48917 -1.1987 -1.5367 -0.67639 -1.9926 -0.75937 2.7014 0.90047 -2.9425 0.39702 -0.69182 1.8129 0.89805 2.4878 1.4639 0.72803 2.6103 -1.5437 -0.83045 0.54186 0.4562 
pear 1.4452 0.29344 -2.63 1.8882 -0.54458 2.3143 -2.3329 4.7508 -1.9471 3.6349 3.4076 2.6424 1.2075 0.57016 -1.0355 -0.13928 2.4827 1.1123 -1.3736 -4.5558 -5.489 1.373 3.0614 -1.3343 1.5129 -1.0554 -1.7058 1.2668 -1.0289 2.7323 1.4978 0.03542 4.746 -0.70403 1.5667 0.51132 -2.8102 -1.3005 -2.054 2.1539 -2.2517 -1.5893 3.8709 -0.99486 -0.64761 1.812 2.1823 0.75867 -2.0141 0.84604 -0.044139 -3.0375 0.052944 -5.5914 -4.5093 -4.1735 -2.1617 -2.0896 -6.0185 -2.3806 2.861 1.3183 2.5353 -4.4005 2.0015 3.6284 -3.4351 -2.2401 -6.5053 -1.5072 -0.33345 -4.5928 -0.46414 2.6045 -1.2515 -5.1064 1.0956 2.1616 1.7935 -5.5945 -3.3184 -7.2516 3.6656 -7.4463 -4.8542 4.2556 -2.9873 -1.4597 -1.7785 -1.5738 4.9615 -1.9739 6.6746 3.9006 0.22101 -1.8437 -2.619 -5.0126 1.0991 2.9108 
pineapple 0.48842 0.39202 -1.2038 2.7919 -0.035491 1.9952 -0.18789 2.3321 0.29669 1.3136 1.6746 0.88801 0.55815 0.91223 -0.54578 -0.88177 0.58261 -0.63994 -1.5486 -2.8741 -3.1263 0.53785 0.9987 0.31108 0.12183 0.88634 -2.7805 0.078325 -1.8392 0.48079 -0.64893 1.3959 1.5905 -1.9975 -0.14373 -1.5493 -0.16455 -0.74586 -0.88652 -0.18849 0.072563 -0.9525 2.066 -0.60279 -0.82904 1.8067 -0.68444 0.171 -1.9464 -0.25388 0.1581 -1.9144 0.29048 -3.2599 -3.2975 -4.103 -0.69897 -2.135 -3.0312 -1.9764 1.6907 1.463 1.7947 -1.0849 1.0746 0.76014 -3.8179 -0.0042408 -2.9619 -0.73464 1.1675 -3.8962 -1.8968 1.4748 -2.5984 -2.7759 1.129 2.4174 2.0017 -2.4505 -0.30813 -2.3423 1.4568 -3.7463 -3.4867 1.9364 -1.0648 0.036547 -0.91315 0.18074 3.5849 -0.28899 3.354 1.7873 -0.62233 0.90989 -1.2603 -1.0333 0.93038 2.4028 
caramel 1.8416 -0.23257 -1.4523 1.8152 2.4901 1.4148 -1.739 4.8665 -1.2715 1.8467 0.37093 0.59901 0.77365 -0.81641 1.0304 -1.2539 0.29386 1.0877 -2.6556 -0.92049 -0.71474 -1.1439 2.6123 -0.32775 0.71041 0.92053 -2.4289 0.88381 0.20958 -0.25657 0.65796 0.0085574 0.71685 -1.0105 1.8349 -3.6503 -0.5521 2.4243 -0.68346 -0.78318 -1.1833 -3.8148 0.43727 -1.0566 -0.42093 1.4399 -1.8721 -1.121 -3.9818 1.2625 1.5204 -2.9664 1.6833 -0.39744 -1.6096 -1.5499 -0.33585 -1.2424 -2.2583 -2.6205 2.1768 0.53947 1.041 -0.081068 0.20222 -0.74508 -3.6553 -3.2195 -1.3678 1.9621 1.3285 0.052039 -1.8984 0.99893 -0.49924 0.57413 0.50853 1.1542 1.4323 0.76462 -1.0062 -1.4185 0.033963 -0.52752 -2.5343 -0.4285 -0.058915 -1.5312 0.75071 -2.3962 1.5693 -2.2056 2.6268 1.0625 0.022312 0.67668 -1.7825 2.5733 1.4014 0.1751 
grapefruit 0.25253 1.2662 -0.30358 2.5742 -0.87896 0.14907 -0.97875 1.6245 1.1249 -1.236 2.104 -0.31276 1.8611 0.18872 -0.19325 2.7231 1.457 -0.91594 0.594 -3.149 -1.2222 1.1976 2.3478 -1.2709 1.5316 0.91288 -2.5477 -0.94967 -2.4044 1.2105 -0.76527 0.16235 1.2308 0.11678 -1.232 -1.2104 -0.22799 -0.85781 -1.6645 0.83215 -0.65624 -0.48461 2.2062 -1.5598 -0.98108 1.6842 -1.7206 -0.32752 -2.5462 0.31527 0.75966 -1.8658 0.10954 -1.0885 -2.3234 -2.23 -0.51665 -4.4928 -3.8431 -2.444 0.83841 -0.49082 1.4415 -0.77344 1.0738 0.42606 -2.3962 0.31912 -3.4907 -1.6637 1.8711 -2.5973 -1.1623 -1.0435 -1.6527 -3.3195 -1.7653 1.2032 0.97939 -2.0269 0.56791 -3.239 0.83727 -3.5753 -2.6098 3.4774 -0.36252 0.40541 0.25592 1.3099 1.0192 -0.67862 2.6113 0.77004 0.03044 1.1398 -1.2048 -2.4645 1.2348 1.8773 
clove 1.7537 0.092363 -0.85129 1.6697 0.1974 -0.36402 -1.5921 1.5165 -1.1381 1.1547 2.0699 2.4888 0.35328 -2.3136 -0.61174 -0.051236 3.9834 -0.58515 0.92355 -1.3729 -1.0737 -0.80576 5.4325 -0.77493 3.2231 3.0964 -1.3428 -2.3093 2.3412 2.731 0.16395 0.63566 0.56101 -1.6104 -1.4096 -2.9086 4.6062 1.905 0.22689 -0.22243 -0.77139 -2.9906 3.3286 -4.336 0.25371 -0.65499 0.69499 -0.34478 -3.2634 -1.1145 2.2441 -1.1154 -3.523 0.27373 -4.8696 -1.8565 -1.6746 -0.17292 -0.72748 -0.15804 1.6067 -0.5996 1.1534 0.31207 1.3789 -2.2814 -1.533 -3.7893 -0.55243 -0.46873 1.813 -0.21087 0.36846 1.0755 -1.5121 -3.4879 -4.8112 -4.1443 0.48384 -1.3733 -1.1352 -3.1137 0.10778 -5.0085 -4.6549 1.3171 1.5023 -0.12436 -0.93374 -0.72654 0.22197 -1.1035 2.5227 -1.0521 -1.2303 2.3438 3.8716 2.0994 1.6666 1.501 
syrup -0.23738 -3.5224 -1.2946 0.63016 1.0799 3.9311 -2.6394 3.1195 0.063546 0.94558 -1.0105 -1.6586 0.37898 -2.1273 3.3833 -1.7413 -0.7498 -0.83226 -3.3196 3.4551 -2.5015 -1.5301 -1.503 0.45747 0.62685 -2.0086 -0.12031 -0.68389 -0.19413 2.52 -0.41998 0.57573 -0.02481 0.16126 2.2792 -4.0287 -0.28422 1.0503 -1.1226 -3.1505 -1.6376 -5.5175 -1.3594 3.1022 -0.29554 -1.823 0.92044 0.52327 -6.2232 -0.29644 -0.8042 -3.3646 0.74914 -0.98 -0.6201 1.248 2.5705 -0.43364 2.5709 -3.4602 -0.37485 0.34987 4.0848 -0.77002 0.32248 -0.58211 -3.8606 1.1767 -1.2156 1.1695 4.2862 -1.5417 1.2304 0.25219 0.6776 -0.49462 -0.96361 0.61373 -0.0083123 -1.7784 0.86385 -0.96116 -0.081008 -0.62105 -0.66477 -1.5519 0.43679 -3.3048 1.9957 -3.6656 3.829 -3.3616 -0.90927 3.058 1.7332 1.5049 -0.57365 0.46692 -2.5428 -1.6463 
grape 0.59398 -0.44487 -4.7262 0.80349 2.2961 0.40182 -0.85032 1.4448 -4.8683 1.2222 1.9118 -0.15821 -1.4104 -3.309 -3.1097 3.2568 -0.23532 -2.633 0.11158 -1.4916 -3.3487 1.0658 1.6955 0.18479 2.1274 0.64125 1.9903 2.3079 -4.454 3.6945 -2.8143 1.5195 1.1505 -0.74632 1.3071 1.16 0.22527 -2.7883 -3.4018 2.3546 -1.0624 0.21433 1.5565 -2.3656 -0.54458 3.4129 -2.1809 -1.2805 -4.1804 0.94764 2.5776 -3.8309 -0.74253 -3.9653 -1.8997 -2.0743 0.33763 -2.015 0.010264 -4.2517 2.6772 0.059537 2.7985 -1.8722 1.2717 -1.5958 -3.4112 4.3077 -5.3923 -3.4453 2.0562 -5.001 -0.3364 0.43822 0.15705 -4.7241 0.012424 1.4994 4.4044 2.2635 1.4829 -2.2562 -3.3685 -2.2298 -0.11102 2.1293 1.1216 -2.3082 -0.69598 -1.4831 -2.3448 2.052 -0.7959 0.72112 1.6349 1.0662 -2.5567 -1.3756 4.0523 -1.6588 
fish -0.79448 -1.193 -0.13985 3.8369 3.0065 0.52615 -0.56335 1.9724 0.79345 -0.76358 -1.1425 -3.2885 -0.32179 -2.3022 -0.82934 -1.4744 -0.40565 -2.6669 -1.6429 -1.9795 -3.775 4.3478 -0.22055 -4.0699 0.18755 -0.29341 -2.0515 -0.32748 -1.9729 -0.32352 3.0904 -3.2365 0.80014 2.9895 2.2654 -1.572 -1.1017 -0.97948 -1.2214 0.2126 3.2232 2.4074 -5.274 1.5801 0.042812 2.0933 3.5583 -1.8725 -0.21623 -0.75516 0.5535 4.2199 0.040969 -0.14655 -3.4155 -1.9394 1.7231 -0.26046 -1.8928 -1.0763 -1.575 -0.93279 0.97087 -0.15648 3.3853 1.0047 2.0563 2.6455 -4.0584 -1.3958 4.0115 -2.5972 -2.2633 2.3925 -0.68587 2.9237 6.1433 -2.8652 1.3919 1.4012 -4.0399 1.049 1.5219 -4.364 2.3969 -0.32651 -0.98381 -0.16614 -4.5866 2.6463 -2.1783 -1.2626 2.7133 -1.9452 2.1191 0.37375 0.75476 -2.9043 6.2528 -2.3553 
banana 0.95586 -0.73853 -1.3457 -0.31647 1.4753 0.58731 -3.0655 2.5102 -1.0251 1.5094 1.7618 2.323 -1.1599 0.82534 2.3645 -1.2866 0.76817 1.8667 0.1904 1.7002 -2.8471 1.9298 2.1882 -2.0536 -0.311 0.25287 -0.67399 1.8778 -2.1593 2.2411 -1.5446 -0.86958 1.5248 -0.63804 1.5555 -2.589 -2.4981 -0.09732 1.3796 -0.89213 0.52307 -1.2705 2.1234 0.013463 1.4527 -0.16306 0.31166 -1.3056 -2.8115 0.2737 -1.8192 1.2767 2.1184 -1.6471 -1.6772 -1.7372 -0.36762 -0.33649 -0.36066 -3.9364 0.55176 -0.14606 3.0712 -1.8012 1.126 -0.096392 -3.63 -0.86137 -1.6751 0.4924 -0.075078 -1.9032 -1.9914 2.8322 -1.7237 -2.9626 1.2716 0.61794 2.6449 -1.8108 -3.6776 -1.9659 -0.62133 -1.7056 -0.44081 -0.0097824 -1.9583 -1.232 0.58044 -0.24291 2.3827 0.14927 2.5563 1.4171 -0.50255 2.1716 -2.9347 -1.3332 -0.78247 -0.8448 
egg 3.6286 -2.803 -8.5422 3.992 4.4316 0.74802 -7.067 -0.53929 0.29079 1.9097 -0.6768 3.2817 -8.1203 -1.7925 5.8881 -2.3637 0.59487 -5.4677 -2.6673 7.2429 0.94343 2.3164 4.3691 -3.6726 2.4788 1.2027 1.698 1.1066 -5.4194 -1.1458 -2.6462 -4.2277 5.1464 3.8633 6.8057 -4.2463 -5.8656 -3.5731 -2.4304 -3.517 6.2741 4 -1.7676 0.80804 8.0987 -1.9781 4.0767 3.8706 -0.6066 -1.6156 2.5988 2.0006 -2.004 2.1485 -6.6376 -0.066179 -0.14903 3.0461 0.077491 -7.0339 -1.1317 1.5787 4.1958 1.9205 3.662 -3.4072 -2.1307 2.7583 -3.1518 0.19612 1.748 -3.503 -8.0877 1.6051 5.2817 4.7508 5.6578 -7.8453 -0.27292 -3.3535 -5.4443 0.69086 3.2237 -3.7982 2.7025 -1.0935 -2.5877 3.2638 -6.4403 -3.7435 2.2368 -4.4256 -0.60353 -0.073632 3.6805 -1.6572 -3.5985 -1.2823 1.889 -6.325 
peanut -0.070888 -2.3704 -0.46204 1.8901 1.5331 2.0036 -2.5391 1.3684 -0.95141 4.0963 -0.96211 -0.74579 -1.0735 0.34328 -0.74196 -1.6911 0.097566 1.8972 -2.2004 1.0687 -1.714 2.1794 2.9868 -2.2233 3.4193 0.83395 -0.079049 1.4538 0.66701 -0.19333 1.8472 -0.60221 2.4373 1.601 -0.27595 -1.9466 -2.8973 -1.8769 3.6399 -0.8455 1.943 -2.1701 -2.4205 1.2004 0.11194 0.1065 -0.4311 -0.21434 -1.8302 0.49129 2.0586 0.50456 1.4456 1.5026 -2.2364 0.65335 0.70254 0.24647 2.1521 -5.5256 1.3098 -0.47773 1.8607 -1.2144 2.3284 -1.8001 -2.0499 -2.3357 -0.22359 1.5831 -0.71558 0.4211 0.66521 1.7284 -1.7095 0.73325 4.6746 -2.18 1.7635 1.1253 -2.7216 -1.9347 0.47843 -0.28834 -0.28264 -3.8407 -3.6987 -2.8009 -0.94441 0.049532 0.77876 -0.42097 1.8582 -0.52828 1.5304 -1.4086 -4.8602 2.9606 2.1235 -0.29063 
vegetable 0.85453 -3.3543 -0.96381 1.1453 1.7869 0.41548 -2.7302 1.7409 0.25146 -0.35655 0.055455 0.016023 -0.32142 0.26099 -0.13067 -1.0962 1.3009 -1.6851 0.70745 1.8885 -1.23 1.988 1.3634 -2.2022 0.23191 -0.84125 1.3456 -0.86099 -0.19428 1.2239 1.0673 -2.0733 0.78769 1.5296 2.6097 -0.65175 -0.98765 0.64351 0.92186 -0.4538 1.4313 1.0787 -2.0007 0.34579 1.789 0.27621 0.70333 -0.30918 -0.74089 -0.28231 0.86031 0.81211 1.2351 -0.81123 -2.8597 0.13404 1.0302 -0.21203 0.79666 -0.16554 -1.9506 0.96606 1.9317 -0.33037 3.7358 -0.11804 1.2106 1.7829 -3.8968 0.1322 0.79604 -1.7697 0.83754 3.1251 -0.26981 1.9489 0.84515 -1.6887 0.10693 -0.17737 -1.8109 -0.41411 -0.87894 -3.3809 -1.3869 1.164 -0.72438 -0.60174 -1.7461 0.25175 -0.74252 1.1282 1.649 -0.73784 0.17193 1.3071 -1.8501 -1.5468 3.113 -0.035945 
raisin 0.76446 -3.0353 -0.64659 0.35286 -0.50364 0.20195 -1.726 1.7095 -4.826 1.1253 1.7184 2.2661 0.4354 -2.6434 0.053858 -3.1098 1.5169 -0.15123 -0.85961 2.4414 -2.4084 0.30836 2.1538 -1.3211 0.65977 2.4996 -0.3341 -0.54083 2.3559 3.0206 -0.020129 2.0426 -0.51199 -1.1734 -1.404 -2.7664 -1.6255 0.11791 2.8459 2.9921 -1.5795 -0.51751 3.3436 0.01596 0.78588 0.26033 1.397 1.046 -5.8079 -1.3916 2.4555 -0.42641 1.8247 -1.7153 -2.5469 -1.2723 2.4267 -0.079129 0.36748 -4.2107 2.8844 1.135 2.0519 -2.3324 3.0228 -0.44453 -1.4113 -1.8411 -1.6152 -0.57419 2.0941 -0.19299 -0.19619 1.778 -0.9774 -0.75573 1.4091 -0.35686 1.9305 -0.9358 -3.5485 -2.2679 -1.7937 -0.92812 -1.3092 -2.3427 -0.36484 -1.2453 0.34487 -1.7474 1.0573 3.7554 1.1985 -0.93509 -0.58053 0.78105 -1.1171 2.0585 -0.84637 0.58718 
animal -1.8327 -3.0928 -3.0624 -1.0028 0.85659 0.19726 -1.2534 1.9351 -0.49561 -0.5395 0.69351 -3.1403 -3.195 0.47074 -3.2356 -0.14836 0.14597 0.153 3.777 -2.3984 -2.3677 -0.82132 1.7533 0.0097877 3.2701 -0.53674 -2.1586 -1.9691 2.6361 0.2034 1.2497 0.55875 -0.1665 -0.77617 -3.0772 -0.07077 2.2543 2.3256 0.34473 -0.26416 1.9646 2.5795 -1.8948 -0.58989 1.5876 0.63422 0.38678 -3.5623 -0.83242 0.84559 -0.40731 0.096149 0.1049 1.9426 -3.4259 -3.4946 -0.3629 0.3234 -1.3205 -0.33284 -1.1701 1.4825 -0.3175 2.1601 1.1246 0.81276 1.24 0.21143 -1.1341 0.54831 -3.3107 0.99783 -1.6429 2.1813 1.8606 0.21261 1.7009 -1.708 -3.6793 0.73839 -3.1881 0.63285 -1.4257 0.29748 -0.19097 0.071955 -1.074 1.2974 -0.43785 -0.73615 -2.5003 -0.33311 -1.0897 0.25099 0.59176 -0.078247 -2.3804 -0.31114 3.7142 -0.57971 
anise 2.4716 0.86127 -3.0193 2.1196 0.0016008 1.4712 -0.74707 2.7798 0.72874 -0.1098 1.839 1.922 3.2221 -1.606 -0.17542 0.21671 1.4785 -2.2555 -0.15132 -1.5777 -0.35773 1.1372 5.5984 -0.079204 1.8562 4.3807 -2.238 -3.0115 0.79063 1.5662 -0.13353 1.4893 0.61072 -2.8077 -2.9688 -2.7647 4.0885 3.3839 0.33951 0.75742 -0.32312 -4.301 2.2291 -3.6988 1.4324 0.37033 0.32487 -1.9007 -3.772 -0.38965 3.1244 -1.0084 -0.47046 1.1145 -2.4224 -2.1504 -1.5301 -1.4691 -2.2981 -1.7913 1.4412 0.44694 3.529 0.29176 4.134 -1.2586 -1.9044 -4.7961 -1.8158 -0.43852 1.2193 2.0293 -0.74562 0.99434 -1.3368 -2.005 -5.0674 -0.38456 -0.69742 -0.37325 0.58185 -2.746 -0.07396 -2.4937 -5.0889 3.704 0.82711 0.83563 -1.699 -1.5633 -1.9561 -0.78093 2.2403 -1.4948 -1.5434 2.4228 2.8852 0.44035 1.2446 1.6793 
potato 1.1356 -2.9123 0.51531 0.63153 2.4856 0.62429 -2.9273 0.43257 -0.79074 2.6339 -1.9823 -0.21998 0.34095 -2.5081 1.9005 -1.2435 2.6421 -1.3277 -1.9292 3.8519 -1.5851 2.3713 2.5829 -1.2418 -2.4885 0.68312 0.37241 -0.33908 -1.0433 1.6573 1.9931 -3.3218 1.2754 1.0263 4.815 0.0079059 -3.4795 -2.5188 3.0614 0.59373 2.2245 1.1981 -0.40111 -1.263 1.1833 1.6894 3.3969 1.8825 -1.3413 -2.7197 -0.29592 2.5451 0.49263 -0.80993 -1.4868 -0.054983 1.3975 0.56002 0.5045 -0.79557 -4.4482 0.29752 0.56215 0.62987 0.5253 -1.2935 0.6186 1.2473 -3.8612 0.28285 2.0458 -2.6334 -2.7453 3.1923 -1.8288 2.9484 1.4129 -3.0735 -0.50112 -1.5331 -3.6144 -0.67707 1.2445 -3.3191 0.33973 -2.576 -1.8833 -1.1061 -3.3445 -0.034736 -0.89661 -1.2732 0.25482 -0.89312 1.6178 -1.5316 -0.94713 0.13294 4.6113 -3.682 
garlic 2.4267 -2.6211 1.103 1.8097 1.1746 -0.9838 -3.294 -0.56037 1.7765 0.18089 -0.43033 2.3919 0.94882 1.0388 2.3072 2.6536 3.2661 -1.8744 1.4179 2.0404 -1.5692 1.8147 3.4938 0.13286 1.2163 3.0245 -0.44827 -2.399 -0.58615 1.8446 -0.32206 -2.1667 0.48419 4.6323 0.73393 -1.0955 -0.34731 -0.064195 2.6593 -2.0646 2.2038 -1.5149 -0.95809 -2.4319 0.48118 1.1802 2.1564 1.1005 -1.0243 -1.0669 2.2891 -0.14765 -0.4481 0.85076 -1.972 -2.6338 -1.1908 -1.4179 1.8427 -1.4955 -0.24648 -1.2114 1.5241 0.7333 2.8875 -2.9696 2.2864 0.36522 -4.0043 0.16918 2.5394 -2.5166 1.2822 1.8972 -2.6649 0.66519 0.1438 -4.0614 2.4085 -1.2975 -0.38231 -1.4027 3.8323 -4.179 1.1144 -0.75241 -0.14981 -0.48149 -2.4731 0.57505 -0.13546 -0.37572 1.8299 -3.1124 0.2474 -0.59742 -1.8405 1.6973 3.6802 -1.5323 
soap 0.38423 -0.90758 0.28708 3.1939 0.31143 1.2294 0.18864 1.587 3.1989 0.35998 -4.4161 -2.6164 -4.295 -1.9061 -2.6569 4.6787 0.043254 -0.9995 0.65552 -1.5572 0.66773 7.9138 2.7944 0.41654 3.3215 -2.504 1.4041 1.4108 2.985 -4.9819 -2.5128 3.8298 -0.40647 -0.94543 -0.86077 -3.7499 0.73577 0.66937 -3.1893 1.8237 -7.4527 -3.3098 1.0124 -0.01473 1.0726 -6.0617 1.5087 -1.1428 -0.88879 0.027866 -1.8849 0.32943 -0.56443 -0.089365 -2.2481 -4.143 -1.5562 -1.9932 0.11615 -5.8607 -1.1469 -3.5666 -3.19 1.9644 2.7775 -2.9601 2.797 -0.44636 -1.4839 -0.92255 4.6239 1.1983 -1.844 3.5455 1.5814 -2.4418 -4.3088 3.1507 -0.28229 -1.3012 -0.81072 3.7449 2.9423 -2.9514 -0.81552 2.5856 -2.7538 -0.20887 2.764 1.67 0.26453 -4.6553 0.32538 -0.5524 1.9272 1.0312 3.2005 -2.4437 0.58805 5.1816 
geranium 1.1697 -1.0823 -2.196 1.8212 -0.94091 -2.0319 -0.60403 1.6442 0.60495 -2.2571 1.4352 -0.56359 0.65188 0.51872 -1.2272 1.1264 1.2122 -1.6712 1.7954 -1.8086 -0.37093 1.1579 3.1667 1.0351 0.80324 2.2191 -0.29853 -1.4733 0.76505 0.26095 -1.1852 -0.36994 1.088 -2.1541 0.12034 -0.85725 2.4161 -0.8975 -0.62668 0.50539 0.476 -0.86169 0.77443 -2.9787 -0.053921 0.10924 -0.64472 -0.47929 -2.3857 0.36096 -1.0196 0.28271 -2.2162 0.41535 -1.5369 -2.6221 -1.7964 -2.6674 -1.3833 -0.57117 -0.18733 -1.1905 0.56751 0.54618 0.32431 -3.2922 -1.2911 -1.7065 -0.57882 -0.11143 -0.21318 0.91971 -0.091847 -1.0853 -0.38985 -2.928 -5.1932 -1.4374 -1.559 -1.0791 -0.20858 -2.1752 0.095834 -3.5481 -3.451 5.2283 -0.4269 0.4745 0.80683 0.14476 -2.3508 -1.8581 1.641 -1.4874 -1.1973 1.187 2.5697 -1.097 1.4678 0.99141 
pine -1.0844 1.3322 -1.8932 4.0198 3.1731 -0.68166 -1.67 2.3783 1.2354 1.1687 2.6457 1.1285 0.39997 -0.81856 -1.5982 -0.21429 -1.4465 0.28332 2.496 -5.4735 -1.8164 2.199 7.4912 1.3723 1.0099 -0.11296 -4.5686 -3.3026 0.13947 -0.40695 0.5303 2.9458 0.022828 -3.2254 -0.72163 -6.6664 3.5349 -0.31238 -1.0838 -1.2902 -0.98847 1.6092 0.92437 -3.1699 0.29218 3.4408 -2.796 -0.46921 -2.4182 -1.1639 -0.44541 -0.77753 -3.2778 1.0322 -5.1661 -3.9394 -1.3569 -0.74843 -1.3977 -1.0229 0.69186 -1.1009 2.7568 2.9379 -0.56533 -3.3022 -1.4782 1.0149 -1.2527 -3.0336 3.1977 1.9715 0.39139 -0.72744 0.502 -3.7485 -1.175 0.63634 -0.85386 2.4264 0.61874 -8.1009 0.54236 -5.9222 -1.7354 2.2342 -0.16529 -1.199 0.17702 1.8737 -3.6133 -1.1455 -0.59988 -0.33393 -2.6921 1.8976 3.7236 -2.0812 3.9986 6.2597 
onion 2.7622 -3.6047 0.31263 1.5667 1.0721 0.35888 -3.2904 -0.013107 1.1918 0.25135 -0.55935 3.6787 1.7682 1.5751 4.8276 1.4268 4.8273 -2.1054 -0.15403 3.0145 -2.439 2.7787 2.8976 0.60691 1.5493 2.669 1.8441 -2.3281 0.15668 2.3483 -0.085394 -1.6773 2.1885 3.2845 2.8532 -1.9778 -0.30897 -1.1213 1.7855 -1.9522 4.1672 -0.219 -0.9176 -2.0545 2.0288 3.5063 1.0697 4.0632 -1.0406 -2.7437 -0.29353 1.3341 -0.36646 0.41378 -1.4967 -2.1109 -1.3298 -1.2587 0.62007 -1.7755 -1.428 -2.3644 3.7567 1.5258 1.0782 -2.3183 2.199 2.5766 -5.8554 0.83062 0.38088 -4.9447 0.29141 3.614 -1.2893 2.3006 1.2673 -4.143 1.232 -2.6458 -2.814 -1.3888 4.9312 -5.2409 0.38151 0.42812 -0.86647 -1.9228 -3.1286 2.4029 -0.27205 -1.7786 0.37056 -1.52 -0.66202 -2.4888 -1.1161 1.1013 4.0295 -1.953 
vinegar 0.76974 -2.3318 0.59042 3.7796 1.516 -0.72865 -2.9348 1.1499 1.7506 0.040124 -1.9861 0.060286 2.0674 -1.2266 2.3125 2.028 2.6231 -2.8259 -0.66473 0.57512 0.66409 -0.070741 0.02973 2.4656 2.6078 2.2479 0.32151 -1.5983 -1.6681 1.155 0.802 1.1739 1.3284 3.357 0.75777 -2.5199 0.10034 -0.38401 2.2912 -0.0060991 1.8942 -0.11363 -0.67538 1.9476 -1.7313 0.89144 0.47285 1.099 -2.2039 0.42917 1.099 -1.3241 2.1273 -0.31557 -2.1304 -0.93028 1.2076 -1.2681 2.8259 -3.563 0.42379 -0.74155 0.41132 -0.17772 3.5182 -1.3627 0.41741 2.0944 -3.4726 0.055259 1.5663 -1.9521 -0.13244 2.1971 -0.81898 -0.0045356 0.68502 0.41892 0.84689 0.34746 0.55705 -1.9942 3.5363 -1.5372 0.32448 -0.48101 1.7915 -0.75277 0.52188 -0.21738 0.28097 -0.77978 0.053394 -1.2994 2.1412 -0.75086 -1.4944 0.33584 1.4798 -0.34949 
grass -3.253 -1.8096 -0.27648 0.36021 1.123 -2.0945 -5.0106 1.3787 -1.1763 -2.7811 1.115 -1.5726 -1.8461 0.52861 -0.80481 0.67749 -1.4729 0.67182 3.7502 -2.4765 0.12051 4.2864 6.042 -0.8101 0.62749 -1.36 -1.481 -2.4321 -2.6549 -1.6837 1.0036 0.28577 -0.067093 -2.4117 0.14531 -3.012 -0.66089 2.5037 -0.64178 1.0884 -0.56936 1.346 2.0806 -2.348 2.8186 0.65331 -0.48759 -1.363 -0.052501 0.82978 -0.38044 -0.19506 1.7059 -0.23194 -2.8458 -1.3231 -2.8915 0.93836 -1.8124 -3.1199 0.59585 0.53133 4.9888 -1.2505 -1.0685 0.87672 0.50802 0.53666 -3.748 -2.8285 -0.23802 -0.31671 0.7516 0.84596 -1.957 -0.95317 0.94174 -1.9326 0.63341 -1.3466 0.5434 -4.3469 -1.3425 -5.1566 0.044872 3.2956 -0.76198 1.5567 -0.98754 -0.44294 -3.8975 -3.2329 -0.97546 -0.0015394 0.46553 1.7478 -2.5251 -3.453 4.4415 2.1224 
peppermint 1.3089 0.85654 -0.14234 2.162 0.7316 -0.17333 -0.79542 -0.17511 -0.77085 2.284 -0.3439 1.1686 0.97366 1.4544 0.96966 0.78882 0.80539 -0.3997 0.85778 -0.67341 -1.1273 0.31078 2.2101 -1.4753 -0.45029 1.8932 -1.0806 0.52635 -0.74351 -1.2051 0.20512 1.0191 -0.99835 -1.5265 -0.26779 -2.0954 2.1945 2.0969 0.47662 -0.58464 -0.94826 -1.7784 -0.57669 -1.5221 -0.32034 -1.4716 -1.5558 0.25195 -2.1627 -0.31533 1.5935 -1.3569 -0.45936 1.339 -0.24873 -1.5333 -0.44048 0.90418 0.3894 -2.0103 0.40562 -0.042489 3.1878 -1.1981 2.1212 0.24428 -1.7881 -1.4016 -1.1646 -0.77105 1.4821 -0.14237 0.61254 -2.835 -0.98977 -0.65193 -2.4076 -1.1124 1.49 0.73663 0.28952 -2.0133 0.76236 -2.4664 -0.99944 1.7217 1.2271 -2.3154 -0.45531 -0.72779 -1.6425 -0.36417 1.9641 -1.3918 1.5004 1.6529 0.41614 0.84712 0.34883 0.46409 
mushroom 0.85753 0.29605 -2.099 2.8361 1.6062 1.9986 -2.6973 3.5765 0.093397 0.46204 -0.89745 1.4856 -0.45979 -1.015 0.77293 -1.5507 1.7773 0.27008 1.135 0.8901 -0.9626 2.2624 5.1512 0.20259 2.2623 1.1196 1.5764 -2.8352 1.693 0.038709 0.22053 -1.2114 1.0606 0.65332 -0.32707 -3.6566 -0.03748 2.4171 -1.7749 -0.22017 0.3091 0.23081 0.46377 -0.79554 1.0545 0.84589 3.0454 1.1621 -2.3124 -1.5564 2.4179 0.32586 0.77027 -0.71215 -1.6404 -0.45615 -0.69568 -1.1908 -1.0073 0.30591 -0.29334 1.5375 0.28046 0.11405 1.6738 -0.056194 1.3359 1.7998 -1.6279 -1.0363 0.36672 -1.5875 1.1317 -0.32446 -0.28185 1.7688 1.3837 -0.43261 1.6803 0.51462 -1.3319 0.16258 -0.23441 -3.6159 1.103 2.9589 1.2227 -2.1499 -3.8511 -1.4144 -0.48538 0.18943 1.9956 -1.4977 -0.16781 0.83528 -0.69804 -0.42646 2.2806 1.2235 
rum 1.8177 -1.2866 -1.4362 6.8543 -0.7064 4.4239 -0.83156 1.0124 -2.0084 3.2288 0.33135 2.7277 -1.0018 -6.6534 -2.4312 -2.4026 -0.32277 -0.14419 -0.90273 -3.2006 -1.6832 0.06634 0.79086 -1.3231 5.5828 0.93979 -2.0653 -9.4413 6.187 -0.39368 -0.00032013 0.51089 0.18624 -0.95067 -2.7332 -6.2791 1.4783 1.4705 0.9803 1.9267 -0.29051 -10.822 0.56406 -1.3283 -2.7709 -0.65335 -2.2303 -3.8141 -3.7666 -4.2233 -2.4325 -0.26926 -3.0811 -4.2906 -4.0305 -3.0993 0.52895 0.95812 0.49029 -0.83579 0.53171 -1.3563 2.9336 6.1911 -0.35508 -6.5588 -5.7566 1.5053 -0.66246 6.4031 8.964 -0.61552 2.022 -0.27599 -4.2406 -2.7347 -2.5199 0.61082 5.5238 0.94932 -1.2374 -9.227 -0.93589 -3.3851 0.38419 1.4228 0.1942 -2.6769 -1.4048 -0.93563 1.5446 -7.5635 2.7005 2.4796 -4.2802 6.6738 4.0014 1.6731 -3.0433 -0.59664 
rubber -0.95138 -0.61278 -0.43762 1.1537 0.94924 2.0538 -3.2609 5.4734 0.34154 2.2945 0.63087 -0.32969 -2.1526 -2.7657 1.24 0.67603 -1.5919 0.17485 0.45895 0.22602 0.34105 -1.0096 2.4649 -2.7047 4.1857 1.9621 -2.7207 -0.62055 -0.29976 -0.76325 1.5645 0.57205 -0.29997 -3.6965 -0.5289 -5.089 2.519 2.4171 0.21091 0.05321 -1.3326 3.2373 3.0662 -1.4587 -1.2922 1.4379 -0.53898 -1.4999 -3.447 -1.3926 0.061831 1.2107 -0.12334 -2.0531 -1.8678 0.7589 -0.93551 -0.29593 -1.8936 1.2065 2.215 -2.9535 0.59546 -0.16445 -1.2182 -0.14714 1.7204 -2.0095 -0.53608 0.082615 0.8454 0.97376 -1.6472 4.1188 -1.3001 -1.517 1.2941 0.60352 -1.585 1.0168 -1.3008 0.095526 -0.012189 -0.57319 -0.70992 2.1827 2.476 -0.34598 -2.0268 1.1248 -1.9376 -0.34754 1.863 0.015831 1.3311 0.84226 1.6703 2.5247 1.4683 4.2636 
carrot 0.85414 -3.0677 -1.1295 1.4934 2.616 -1.3213 -2.8354 0.86891 0.6748 -0.68556 -0.019357 1.6447 0.11922 -0.87491 1.0773 -0.5258 0.98825 1.8405 0.50917 3.0943 -0.2344 5.1329 3.291 -3.5664 -0.57949 1.0383 0.94564 -0.42718 0.13446 1.5349 0.71712 -1.852 1.6669 -1.9158 3.3987 -1.8031 -1.5624 2.1012 2.5004 -0.22892 2.1007 1.0454 0.67203 1.2108 1.7235 0.61665 1.3143 -0.25061 -2.165 -0.83293 -0.58158 2.3455 0.39778 -0.53771 -1.7238 -0.69762 0.0906 -1.5541 -0.61883 -1.3751 -0.57732 0.043788 3.6106 -0.40137 1.4099 1.1347 1.3045 -0.5408 -2.8055 -0.656 -0.29737 -2.64 2.3814 3.6434 -1.1242 -1.5172 -1.2667 -3.1052 1.4996 -0.80719 -2.3297 -1.2994 1.2914 -4.3351 -1.4506 2.35 -0.53698 -0.5194 -1.1445 -0.97074 -0.52172 -0.59206 2.4152 -0.52876 -0.8998 1.9292 -1.1988 -1.5972 2.7503 -2.042 
mustard -0.7858 -2.2519 -0.24515 2.5782 -0.51808 0.79337 -1.2313 0.62554 -0.20487 0.50202 -1.1473 1.4803 0.64882 -0.024189 2.4165 1.0639 1.6988 -1.4899 -1.4243 -0.90649 0.018267 0.53351 -0.59394 0.7556 1.0414 1.9899 1.5067 0.78832 0.28881 2.388 0.77096 0.98818 0.39096 1.2721 -1.0004 -1.7486 -0.016275 -0.54976 0.86721 -1.7121 2.1743 0.68326 -2.2193 -1.6428 -1.8388 -0.65629 1.7361 1.5952 -0.23448 -0.24787 -0.89728 -1.3156 0.93825 -0.25244 -3.0121 -0.389 0.64561 -0.35296 0.93313 -2.8376 1.2794 -1.302 1.8815 -0.66085 1.2819 -0.56047 0.89837 0.2524 -1.495 -0.062698 -0.81606 -1.8704 0.93331 3.3009 0.21135 1.4982 0.81826 -1.3068 0.87836 -2.7492 0.359 -2.005 3.6869 -4.0628 1.8073 -1.5932 0.35162 0.048514 -0.4018 0.90325 0.84613 -1.3945 -1.0449 -2.7544 0.99748 -0.91524 -0.35416 1.0131 3.4231 -1.4097 
hay -2.2822 -5.0545 -3.0098 -0.50299 0.39464 -2.2832 -9.7717 4.448 -6.4921 4.6818 0.66312 -1.971 -2.971 -0.82721 -5.2943 -0.96589 1.225 4.1998 4.5334 -5.8688 1.3331 3.5983 5.8244 0.38305 5.5354 -3.7399 -2.408 -2.4749 2.8729 -0.60163 1.3572 -0.44976 -0.33613 -4.975 -1.377 -6.8847 0.73177 2.4251 -3.1689 -2.087 -1.961 -0.35218 3.0633 -2.5846 2.1649 1.0045 -1.5971 -0.45561 -4.697 0.16901 3.58 3.1558 -0.80629 -2.2523 -4.2563 0.5901 -4.0432 3.3024 -1.0108 -2.6782 3.1274 0.20773 3.2097 0.89354 -5.3776 -0.59694 -0.49442 -3.4956 -4.465 0.48552 -3.869 1.8755 -1.5959 1.7539 -1.404 -1.6802 -0.16665 2.2511 0.41949 -2.9596 -3.2703 -5.3822 -5.9294 -9.5124 -1.1757 6.3026 -2.0432 -0.26255 0.9946 -0.23514 -6.4015 -4.9767 -0.19205 -2.8528 -1.436 0.47085 3.747 -3.1883 5.393 3.4558 
blood -2.6939 -2.2171 0.56413 2.1159 -0.010557 0.26209 0.050281 -0.69319 -0.71456 -3.0134 3.6705 -4.0675 -1.4769 -3.1593 3.1101 1.9838 -1.955 -0.81484 2.369 -4.275 -1.1148 -0.0203 -1.1236 -3.2962 2.4394 -1.2777 0.92014 -3.0226 -0.59904 -0.19169 2.8755 -0.2998 2.8265 -1.2872 -2.6442 -0.31288 4.1999 1.6466 0.53657 1.6921 -0.00083383 2.7797 1.2492 1.2437 0.12974 -1.2923 4.0902 0.26093 -2.5852 0.63264 0.95124 0.46344 -1.8602 1.9699 -2.9008 -0.0021898 2.329 0.38484 -1.1767 -0.68315 -0.022218 0.36277 -0.21733 -1.2303 -0.61429 1.6951 -2.8923 2.8114 -3.2029 1.7594 -1.0095 -0.097896 -2.2674 2.7594 -0.24161 0.19653 -1.6882 -0.99834 -2.1107 -2.9366 -1.9684 0.86021 0.51153 -0.40744 1.6194 1.9174 3.2161 -1.3811 -2.0655 -1.6371 -2.9251 -2.3753 -4.203 6.4906 1.9327 1.1851 0.3319 0.88497 -0.68991 -0.25892 
cardboard -0.60465 -1.1421 -0.24877 0.85472 1.5571 2.5116 -1.3199 1.4418 -0.6721 0.66673 -1.4274 -2.1012 -3.1031 -0.064617 -0.50654 1.7609 -1.9586 -0.21204 -1.3096 -0.69203 1.6775 2.2505 0.73735 -1.8949 0.96594 0.76843 -0.21728 0.34839 0.97629 -0.32035 0.93957 0.2095 -1.8286 -1.2259 0.98776 -2.6069 -1.1408 -0.56012 1.7267 -0.42161 -0.8277 2.1263 0.38941 0.3231 -0.3126 0.021409 0.091627 -0.68551 -0.37443 0.61634 0.3037 0.92894 1.4028 -0.30077 -0.53342 1.8186 0.90196 -0.11029 -0.17254 -1.4383 0.34943 -1.386 1.2076 -0.97579 0.59366 -0.076706 0.43822 -0.78311 0.41582 -0.91907 -0.56781 0.11187 -1.951 2.6307 -0.35 -0.91916 1.8137 -0.89602 0.10713 -0.15138 -2.6834 -0.50022 -0.72185 -0.54657 -2.2256 -1.0423 0.42163 -3.5703 0.65071 0.65772 0.36545 0.14377 0.49689 -1.4615 2.0459 -0.90633 -0.19698 1.0973 2.3869 1.4611 
tar -2.5841 0.14012 1.6835 3.8196 -0.65387 4.4777 -3.8142 6.2565 -1.9197 1.8495 1.3178 -0.17662 -0.95972 -6.9332 -1.2755 0.59033 -0.11001 -3.4995 0.86708 -0.89725 1.8165 -1.8533 7.0878 -0.46182 7.4675 5.0298 -4.1309 -5.6979 0.63861 1.5493 0.72225 3.0874 1.4616 -3.4152 -2.7184 -11.974 7.0145 3.8452 1.2365 0.72513 -4.1688 0.68614 6.5828 -4.5241 3.3628 2.8539 3.5774 0.52194 -8.0726 1.0151 2.2281 0.86353 -0.54046 -3.743 -3.2238 1.0019 1.083 -0.21094 0.54659 3.1602 3.4023 -2.911 3.8747 -0.70347 0.46694 -2.0183 -0.83065 -5.4995 -0.45959 2.5068 3.9483 2.4206 -0.20403 4.2005 -1.2688 -2.3916 3.0266 0.9672 -0.82195 0.63561 1.1097 -2.0666 -2.1963 1.075 -1.6894 -0.56057 6.9287 -3.3957 -3.5268 -1.2428 -5.2209 0.059489 0.17209 5.4306 0.78105 2.4415 2.1781 1.7349 4.267 6.4929 
beer -3.7729 1.0759 1.5739 4.6441 2.754 1.7449 -2.9828 0.44381 -0.90635 0.6381 -1.837 0.024805 -2.1929 -4.5683 4.0978 -0.42638 2.0114 -0.92191 0.12561 -1.946 -2.6182 -1.7115 -1.3097 0.70372 2.0521 3.717 1.2304 -2.5874 -0.78025 -0.83706 -1.042 -0.40253 -0.61293 -1.6908 -0.9757 -2.0241 -0.77167 2.5693 1.0029 -0.44078 3.3479 -2.3893 -2.2671 1.6572 -3.6193 0.64928 -1.8744 -0.93873 -0.515 2.0818 -0.56216 0.16933 -1.902 -1.2111 -0.41337 2.4296 1.2295 1.2407 3.0635 -4.1729 1.5417 0.25334 4.3992 -0.72362 -0.28655 1.9589 -1.4849 4.7424 -2.4216 -1.5291 1.5595 -1.0015 1.2263 1.0603 -1.4941 1.8693 0.25972 -1.7174 0.38429 -1.1176 1.4351 -2.1465 -0.066412 -3.4855 1.4384 -1.7827 1.2133 -1.1047 -0.49847 0.42542 -1.7109 -3.5071 -0.070406 -1.2561 -1.2197 0.67894 3.4054 -1.5516 2.3967 -2.3988 
walnut 0.089652 -3.1304 -0.43698 1.1242 1.714 0.64589 -2.5202 1.6186 -1.882 2.541 2.3099 1.715 -0.32437 -0.21559 0.54518 -1.4041 0.36393 2.1645 -1.945 0.51548 -2.8862 2.1142 3.8317 -1.5222 1.4742 -0.40297 0.49706 0.85034 1.7567 1.7477 -0.57946 2.0126 0.79128 1.7074 -0.86359 -3.2014 -3.6073 -1.0102 1.8817 1.1854 -0.092624 -2.456 0.67733 -1.3866 1.5476 1.5522 0.8741 0.67084 -2.5942 0.62134 2.7426 -0.12733 0.43131 -1.1972 -1.2069 -1.0855 0.54862 -0.25635 2.6209 -4.5178 1.5553 0.23042 3.2807 -2.1652 0.15106 -1.4363 -2.3268 -2.6705 -0.16935 1.7624 0.14225 -0.65044 0.34045 1.195 -2.2193 0.016954 1.2188 -2.3761 2.7101 -0.15437 -4.1995 -1.4954 1.0905 -2.0026 -0.22705 -1.591 -1.6628 -3.3364 -0.87931 -0.93922 0.90532 0.7361 1.05 0.052212 -0.33907 0.62676 -1.9216 -1.3305 -1.2431 -0.6431 
ham 1.0565 1.2948 2.2432 5.2797 2.6416 4.5855 0.15202 5.1439 -1.3942 3.9913 -3.1255 1.1755 1.9629 -2.4789 4.0565 -5.0663 3.3616 1.8057 -3.1926 0.17753 -4.5328 0.22264 1.6866 -1.0899 3.3748 3.1771 -2.4589 -4.3035 -2.1523 0.29227 -2.2591 -2.2728 0.95813 -0.94139 1.8014 -4.1658 -4.1418 0.017648 -0.35243 -4.1938 0.23614 2.8824 -4.1196 -4.5743 1.7357 2.3996 4.9362 1.4745 -2.07 0.044081 -0.011763 3.0192 -0.70587 -2.1216 -5.4832 -0.18968 1.3063 -0.56454 3.4719 -1.7087 -0.34918 0.82413 0.81696 -0.24418 -0.55458 0.52692 0.48561 0.73723 -4.0928 0.88035 1.2993 -3.265 -0.89516 4.9145 -1.709 4.013 7.0121 -4.2724 2.9496 -1.6762 -3.868 2.1992 -2.0131 -7.2699 3.9487 -2.8526 2.3587 -3.712 -6.1085 3.079 -1.6923 -4.1548 -0.61516 -2.5341 -1.0719 -3.2508 4.2306 -3.1006 3.3955 -3.9124 
celery 2.2205 -2.2895 -1.6131 0.97124 1.6293 0.75297 -3.1946 2.4158 0.32466 -0.7474 0.83224 1.5668 0.97603 -0.89842 1.5038 1.1864 1.6638 0.078494 2.516 1.1827 -0.76715 3.8437 3.113 -0.77377 0.17908 1.1692 -0.14233 -0.4542 0.35501 0.86553 -0.060145 -0.93955 1.0654 -0.10894 -0.24661 -2.0171 -0.20588 -0.33179 1.1399 -1.7717 1.9426 1.0317 2.003 -0.67726 0.36605 0.65818 -0.27122 -0.28653 0.040809 0.41494 0.10115 1.0998 0.15715 -0.41112 -2.6202 -1.9096 0.54111 -1.3841 0.1195 -2.251 0.0033919 -0.25542 2.7954 1.8367 0.59885 -1.0601 0.16832 -0.55063 -3.9578 0.060897 0.37846 -0.61796 0.5958 2.9162 -1.2831 -0.81173 -0.59053 -0.36439 1.4482 -0.36962 -1.338 -2.5316 0.85103 -5.5744 -0.48159 2.8295 -0.35844 0.25119 -2.5136 0.54089 -1.4338 0.047569 0.84951 -2.3838 -1.3405 -0.30081 -0.45185 -1.7176 2.8018 0.53779 
cucumber 1.6919 -0.46565 0.098614 2.1106 1.4011 -0.011315 -1.2334 2.0187 1.0008 0.30856 -0.77828 -0.25513 0.30684 0.87313 0.23832 1.5103 0.49699 -1.0105 1.6549 -0.33236 0.01517 2.1981 3.0579 -0.14983 0.75564 1.1058 -0.51527 -1.3884 -0.034642 -0.58852 -0.57156 -1.0189 0.95297 0.22902 0.40778 -1.9549 -0.47826 -0.61682 0.51256 -0.9257 0.42871 1.4625 0.20186 1.2714 -0.6639 -0.5575 -0.34244 -0.18461 0.77817 -1.1205 -1.7423 0.49983 1.3198 -1.6213 -0.56346 -1.1265 -0.83413 -1.6595 -1.2544 -2.6564 -0.84357 -1.5373 2.8375 -0.91632 0.69475 -0.4502 -0.45597 0.69324 -1.8953 -0.5096 0.98234 -0.21549 -0.067722 2.0611 0.030939 -1.8927 -1.1482 1.7534 0.98204 -1.2283 -0.94754 -2.9871 1.0979 -3.4761 -2.2491 3.4851 -1.177 -1.0533 -0.9975 1.2054 -1.2464 -1.7081 0.8227 -0.45221 0.11414 0.97352 0.98702 -3.2666 1.3098 0.62639 
eucalyptus -0.083295 0.56618 -0.37228 1.3722 0.9948 0.62511 -0.64986 1.9755 -0.62813 1.2206 0.86422 0.87676 0.10564 0.26671 -0.39528 0.81633 0.68476 -0.99348 1.6727 -1.5131 -0.95755 1.1455 3.6844 -0.26214 1.6567 1.6175 -1.9987 -1.7238 0.86234 0.34289 0.35922 2.0758 1.0991 -1.2123 -1.3108 -2.23 2.2053 0.32952 -1.2715 0.11218 -0.42156 -0.59307 1.1123 -0.68773 0.23735 0.65944 -0.64073 -0.65121 -1.7439 -0.1614 0.84912 -1.1218 -0.51225 -0.46496 -1.402 -1.8376 -0.68009 -0.51246 -0.20713 -1.1439 0.78757 0.10038 1.5797 0.27644 1.0095 -0.9565 -0.5756 -1.0049 -0.2567 -0.11216 1.2053 2.3567 0.81496 -0.99254 -0.14829 -2.6783 -2.7576 -0.57989 0.58956 1.0439 0.053378 -3.8159 -0.16393 -2.6654 -1.1531 2.6315 1.6866 -0.43175 -1.4571 0.10314 -2.0574 0.084567 0.7256 0.53123 -0.31527 1.1587 1.5325 -0.49264 0.70035 1.7243 
rope -3.7195 -0.65657 -4.7525 0.11065 -1.1379 2.4387 0.38127 2.6002 1.2217 0.85898 1.6774 -1.495 -3.2523 0.39037 0.0042611 2.1436 -0.68271 3.0486 -1.619 2.0383 4.887 0.50053 1.4505 -4.8563 4.6147 1.478 2.1644 0.29383 -2.1604 -0.5132 2.756 -0.22595 0.29214 -7.8643 1.5992 -0.85602 2.1093 -0.39125 2.3356 3.1429 -0.6475 -0.3026 -1.6431 -3.5041 -1.3061 2.4368 -0.72731 -3.83 -1.9422 -2.0431 -0.10423 1.3016 -0.31308 -1.3529 -0.70856 1.4058 -0.35243 -1.2421 -7.0311 -1.4218 4.2593 -2.947 4.0391 -2.6771 -3.9855 -0.58253 1.7889 1.2651 -0.9459 0.30714 -0.10092 -0.8978 -0.67892 2.3265 2.2374 -3.7743 -0.73724 -0.45797 -1.1688 4.2195 0.36711 2.319 0.62652 0.80581 0.039219 2.8889 0.79283 -0.32636 2.1741 0.16369 -0.90186 0.62454 -1.919 -1.2714 0.70953 2.6997 1.6622 0.060812 -2.3442 3.4525 
paint 0.945 1.6026 0.15415 2.9933 4.0597 3.2889 -0.4797 1.966 2.4616 -0.14051 2.9654 -2.7804 -2.0562 -1.1595 -1.5488 1.5262 -3.3407 -0.24665 1.4218 -1.7537 -0.036685 1.4069 -0.87661 -2.6741 1.9215 -0.50428 0.017753 -3.1585 1.5503 -1.0986 -0.95941 2.0884 0.60432 0.24283 3.1427 -3.0177 2.2862 -0.90724 0.29037 1.451 0.42562 0.71339 4.1842 -0.92802 -1.0841 1.643 -1.3188 1.0239 -2.5518 -0.98012 0.17777 2.8983 1.4891 -0.21331 -2.7041 0.13524 -3.4373 -3.5287 -4.2334 -1.4039 1.2717 -1.1159 -0.94053 -0.88805 -1.091 -2.3949 2.2185 1.0552 0.0044456 0.15862 0.72764 -1.1397 -0.58301 2.7861 1.9054 1.0906 -0.99171 -1.3382 -0.10439 -0.042376 -2.3635 1.1858 1.8204 -0.50923 0.79076 -0.25689 1.7184 -3.1839 -0.1495 0.81346 -3.2681 -3.6555 -1.0533 3.2257 1.9218 -0.65465 1.5041 -0.26047 2.2145 2.3221 
bark -2.4854 0.021213 0.44244 1.8082 1.2647 -0.86727 -0.55668 1.4263 -3.0644 0.17313 0.87762 0.93676 0.83212 -1.1774 -0.16382 -0.92636 -0.22072 1.231 1.9062 -1.7769 -0.46389 2.356 5.1142 -1.786 1.548 1.3086 -0.3968 -0.41505 1.8782 -0.14745 -0.97694 3.6527 -1.4636 -6.1288 -0.41134 -3.091 0.062052 1.8198 -0.132 2.0004 0.98605 -2.2979 2.5319 -3.3407 2.8073 1.1276 0.8365 -1.2143 -4.5955 -1.5708 2.7249 2.6677 -2.2644 0.87688 -2.2915 -0.25713 1.5345 1.66 -1.4681 -1.841 3.8933 2.1261 4.2825 -2.0532 -2.9551 0.36979 -0.66405 -2.8065 -0.81247 -1.8389 -1.8393 1.0409 4.427 -0.23059 -1.7697 0.62539 -2.7602 -4.4166 1.5365 2.157 -2.3709 -1.6218 -0.67218 -2.8854 -2.9919 0.2108 2.4435 -1.3173 -2.2382 -2.8689 -2.9824 0.52071 -0.066412 0.48675 -0.56617 3.4171 -1.9964 1.6085 2.9508 2.7953 
bakery -1.1576 1.8029 -0.29568 -0.94573 3.8755 0.64707 -0.7455 1.8329 -2.7021 0.65427 -1.1557 -0.062095 0.26245 -2.4404 -0.094928 -2.6445 -1.59 2.1 -0.71091 -0.43741 -1.3606 -1.2387 1.7052 -0.51882 -1.0869 -0.40455 -0.40309 1.8906 4.2251 1.3249 -3.5837 2.625 -2.7761 -0.49029 2.1831 1.3769 -1.4321 0.57468 -0.14307 0.72073 -0.81409 -3.0027 1.3287 -1.5845 -0.37897 0.48209 2.341 -0.48664 -2.8248 -1.2353 0.57066 -0.30989 1.6678 1.6367 -0.71761 -1.0546 2.0022 0.93331 0.16975 -5.2377 0.42852 1.114 3.0847 1.2469 1.8039 -1.9608 -2.4919 -2.0846 0.17124 -0.036539 -1.3367 -1.4238 -1.9135 1.4647 2.3723 -0.33487 0.53322 -1.302 -2.9022 0.99679 -0.97846 -2.452 0.44971 -2.6448 1.73 -2.6017 -2.5371 -0.60919 -1.7921 -0.20995 -1.0988 1.0363 1.5066 -0.3396 2.0327 -1.6628 0.026298 -1.6491 0.74017 -2.2881 
birch -3.725 -1.4649 1.1478 3.1578 1.0639 -0.51533 -2.0258 1.9182 -2.151 1.3836 1.4175 0.17567 -1.0252 -3.4816 -2.0312 -1.7945 1.2014 -1.2014 -1.1955 -4.6184 0.15182 -1.7687 3.9891 2.675 1.4083 1.5974 -1.8208 -2.7594 1.8075 0.1604 0.27394 0.076354 0.17201 -3.8269 -0.50334 -5.1309 0.92638 0.82637 -0.33888 0.78369 1.6156 0.73581 -1.6024 0.87413 -0.2371 1.9383 -2.9913 -0.92528 -1.6901 -0.015569 -2.1869 -0.53656 -2.4707 0.41013 -2.7325 -0.65401 -0.57762 -1.3085 0.64237 -1.9965 0.13849 -1.5847 2.2133 1.4652 -1.5473 0.33354 -1.4465 -0.42112 -1.5849 1.0938 -0.92995 1.9237 1.1429 1.2474 -0.78287 -0.54212 -1.7789 -1.6766 -2.335 1.1571 -0.66761 -3.2886 0.64249 -2.7228 -3.379 1.1636 1.4544 -1.6183 0.6264 0.55029 -4.8636 -1.8535 1.8433 0.30246 -0.43118 1.9412 3.245 -0.5196 3.9367 0.59645 
urine -4.2406 -1.967 -2.0701 0.38131 0.94592 -0.74059 -1.8688 0.60497 -0.71037 -1.6312 3.3663 -2.045 -2.7624 -1.4184 -0.46336 3.2951 -1.3995 -0.61774 4.3924 -3.9854 1.4479 4.386 -0.64789 -0.43366 2.234 -2.2636 -2.0659 -4.8013 -0.41241 -1.7591 1.0556 -1.8015 0.10502 0.48571 -2.4478 -2.7593 2.2671 2.1267 -1.2384 -0.038631 -0.37596 1.2987 1.3255 2.3256 -1.9345 -0.8923 0.70413 -2.1389 -2.4069 0.27985 1.3858 2.5776 -1.4374 0.90342 -1.6936 -2.536 0.99634 0.78274 -2.1947 -0.948 1.0267 -2.1099 -0.67885 0.70993 0.13672 0.59506 0.35978 1.1967 -3.9921 -1.2545 -0.31545 -0.33369 -2.8719 3.3885 0.1114 -2.4802 -0.087357 2.7621 -1.4993 -1.7856 -1.2414 -2.7755 1.9335 0.093264 1.3095 0.022569 1.8434 0.7229 0.32843 -0.037044 -0.65467 -3.0465 -0.44559 2.4304 1.3188 0.5483 1.1504 1.0515 2.6171 3.3315 
glue -0.028185 -0.2929 -1.3714 1.4582 1.9319 2.6167 -1.1131 3.1819 0.45705 2.2523 -0.50147 -4.1488 -7.3499 -5.0398 0.47575 2.7019 -1.4815 0.75911 -2.3996 1.2179 0.63637 4.454 1.0361 -5.2855 2.3933 0.38346 -1.6409 0.29627 1.0061 1.8061 1.8214 -0.16583 1.975 -4.4343 -0.28648 -1.7864 -0.29246 0.14516 0.35908 -2.084 1.0816 0.14036 1.3034 1.7658 -1.4213 0.39673 -0.48286 0.0085462 -0.10246 0.32039 0.66952 1.9585 1.3532 -0.2471 0.1895 2.0139 -2.0332 0.93462 -0.62058 -1.6613 0.79668 -2.0932 -0.39652 -0.47139 -1.5619 0.25149 1.828 0.26645 -0.67867 1.7676 1.5044 1.7128 -1.0422 4.9386 0.81616 -0.11267 -0.086814 -2.0601 -2.303 0.71023 -2.3048 0.11193 0.032488 0.29614 -2.1698 -1.3765 0.30817 -1.161 -0.0059902 1.3885 -0.3428 -0.54568 -0.38623 -0.46592 2.639 1.3694 -0.42586 2.9098 2.713 0.40316 
gasoline -1.8849 -1.3823 -0.49071 1.1707 0.70694 0.85529 -2.03 1.9535 1.7646 1.4896 -0.097791 -1.3178 -1.0244 -1.3872 -0.24815 0.70618 0.29242 -1.4312 2.3991 -1.9517 1.5926 0.51409 0.6033 -0.014477 3.8561 0.22881 -2.2324 -1.8755 1.2031 -1.0237 0.42626 0.80239 0.85936 -0.36357 0.93437 -2.8969 2.3427 0.73581 0.66146 0.63267 -1.9376 1.7783 2.252 -0.99392 -0.51089 0.28653 -0.52825 -1.0177 -0.75516 0.99734 -0.34982 0.83534 -0.035728 -1.9595 -1.1148 -0.74555 0.096651 -1.9097 0.27969 -0.020307 -0.35804 -2.5434 -1.3321 1.2858 -1.0757 -1.3137 0.06964 -1.5234 0.7575 1.346 1.062 1.9392 -0.74938 3.387 -0.83853 -3.3105 0.35937 2.1703 -0.49136 0.44874 0.35193 -0.31419 -0.84829 -1.1062 -0.71186 1.611 0.97175 1.2092 -0.2824 -0.62219 -1.9157 -1.7321 0.92653 0.98927 0.66882 0.422 1.6424 -0.43197 1.0381 1.9205 
detergent 0.49009 -1.1007 -0.24214 1.4104 2.1575 0.38696 -0.75263 1.1147 0.60808 -0.15337 -0.75282 -2.4312 -2.262 -0.65926 -1.7413 2.5856 -0.0052107 -1.664 2.9532 -1.8247 -0.098453 1.3059 1.2161 -0.14654 1.5282 -0.8106 -1.169 -1.0412 1.5428 -0.83295 0.46696 2.2842 -0.84794 1.2765 0.75498 -1.5548 1.5737 0.28897 -1.7767 -0.12258 -1.8603 -1.1108 -0.12704 1.4783 -2.2118 -1.5678 0.47404 0.56023 0.73291 -0.09319 -0.31547 0.71071 0.59508 -0.90799 0.044154 -2.5295 -0.87722 -0.96965 0.53384 -1.5388 -0.86151 -0.99065 -1.3114 1.0946 0.9974 -1.3036 1.1983 -0.037123 -0.6954 -0.81355 1.1087 -0.98303 -1.1997 2.6583 0.032274 -2.3494 -2.2762 2.1161 -2.7224 0.99739 -0.61529 1.2173 0.85602 -1.5413 -2.9599 1.9743 -0.54772 0.28933 0.17436 1.4524 -1.6295 -0.90557 0.098774 -0.4511 0.54924 0.96409 1.1091 -0.99089 1.5542 3.2188 
camphor -0.53819 -1.1424 -1.0448 0.62002 2.3695 1.7885 -1.3844 2.0432 -0.73337 -0.32343 0.66803 -0.15095 -1.3107 0.72498 -0.26966 2.2733 -0.09089 -0.39309 2.6067 -3.6084 0.12074 0.55528 2.7209 -0.014575 2.1715 1.643 -2.5658 -2.5708 2.8023 -0.47885 -0.031315 2.0725 0.20049 -1.8258 -1.2115 -3.8678 3.3383 0.95183 0.011013 -1.5197 0.74292 -0.65481 1.0028 -0.70194 -0.4221 -0.21882 -0.46183 -0.98894 -2.6571 0.74916 0.13156 0.45045 -0.43872 0.36986 -1.6822 -0.87779 -1.5616 -0.80114 0.099086 -0.64344 -0.026503 -1.111 0.16565 1.612 0.74917 -3.3449 -0.15285 0.39258 0.49554 1.2877 -1.0191 3.5604 -0.32207 0.21442 0.40754 -2.2907 -2.8081 -0.51797 -1.639 1.7971 -1.7106 -1.9847 -0.29223 -3.2476 -1.6673 2.2151 1.5444 -0.60319 -1.075 0.12994 -3.0365 -0.6546 0.19297 0.97136 0.017171 1.6665 1.2439 0.02344 1.843 1.8413 
weed -3.5793 -4.6299 0.60183 -0.68904 -0.0072546 -0.075752 -2.3121 1.9017 -1.2151 -0.44623 -0.54529 -1.1593 -0.29707 -1.6808 -0.14157 -0.16763 -0.01732 -0.7329 2.6788 0.34992 0.83001 3.8678 2.8042 -1.2861 1.5728 1.9209 -0.40078 -2.113 -1.6774 -1.31 -0.69145 -0.8817 1.4763 0.22558 -1.3736 -3.6656 2.2139 2.2992 0.52342 -0.012255 0.54301 3.2842 -0.18085 2.1166 -0.33119 -0.1607 2.2569 0.48658 -0.093389 -0.44961 -1.3094 0.65687 2.1536 0.26847 -1.7122 -2.9855 0.65304 2.1845 1.6404 -1.4774 0.37244 -0.245 4.7182 -2.267 -2.9268 0.59332 1.8993 1.6303 -2.9933 -0.31302 -0.60848 -0.31061 2.9811 3.4826 -1.5589 -0.038607 1.3836 -2.244 0.92986 2.0835 -0.18509 -4.1455 -1.3269 -3.8083 2.3686 2.1828 -1.0689 0.24291 -3.0544 1.9766 -3.4302 -1.6353 -4.1112 -2.2099 1.1859 0.3048 0.31376 -3.7164 4.3527 3.186 
mouse -0.93985 -2.079 -2.0149 -0.0364 1.7752 1.4498 0.82942 2.0543 1.6512 -2.2049 0.63286 -1.2741 -2.9953 -1.3125 -1.5293 0.65844 -1.9958 2.0961 2.1014 -1.8769 -0.1764 0.54876 -0.40132 -2.5683 1.2462 -2.1267 -0.43359 0.86186 -1.0482 -1.3385 0.17157 -0.13324 -0.78767 -2.83 -0.36587 -0.39968 3.1176 2.2208 0.1337 -0.47564 0.81214 1.7778 0.51767 -4.1409 1.0284 -0.024791 -0.072322 -3.9659 -1.5686 -2.48 0.98742 3.0024 -1.3838 0.53881 0.57386 -1.3228 -1.4012 0.9369 -3.5898 0.17964 1.6051 1.34 3.9583 -0.52655 -0.33911 0.64925 -0.70643 -0.95886 -0.62824 -0.98879 -1.3505 -1.2007 -1.1811 2.5847 -0.040099 -0.182 0.80113 -1.9507 -1.9488 2.4884 -2.5852 0.73019 0.62734 -2.5948 2.0777 0.21642 -1.8696 -1.8183 -2.396 1.0719 -1.3272 -0.018534 -2.3868 1.0292 0.49862 -0.93195 0.89047 -1.5498 1.5648 -0.60614 
cork -2.7685 4.7594 -1.5161 3.3203 1.5718 4.0131 -0.49874 2.2962 1.5003 1.064 2.424 -1.3298 -2.1213 -1.2532 0.37815 -0.0062081 -2.3467 -2.002 -1.4965 2.1809 1.3117 0.38288 1.3962 1.2659 2.029 2.2583 0.88248 -1.7914 -3.3919 1.2005 0.84588 2.0169 1.1784 -3.6507 2.6433 -1.4162 -1.8084 -1.0516 -0.34999 3.849 2.458 -1.4427 -0.10762 -2.2301 -3.1557 1.9198 -2.0018 0.65803 -4.6662 1.2035 3.0372 -0.28513 -1.3327 -2.0589 -1.2919 0.014839 -3.7558 -1.0156 -1.4796 -0.55136 2.0501 -0.41607 -2.1834 -0.84518 0.90906 -0.23616 1.682 4.529 -1.0278 0.12978 2.1897 3.5789 -0.70623 3.6908 -0.94747 0.65849 2.8003 -5.32 -2.7395 4.4373 1.8555 -1.5682 -0.46581 -0.39204 -0.99512 5.0096 2.7442 -2.7164 -2.973 1.6139 1.783 -2.7448 2.7625 -2.8396 2.072 0.83723 1.4483 0.6877 -2.0554 -3.1348 
solvent -2.5516 -4.406 -3.2192 1.0849 1.7803 1.5348 -0.93071 3.2171 1.7806 1.3777 1.6934 -1.8414 -2.439 -2.3847 -0.077063 1.0802 -1.4087 -1.8243 3.1838 -0.51135 0.91317 0.67241 0.74172 -0.96593 2.299 -1.0675 -0.28809 -1.7669 -1.0167 -0.51524 0.8425 0.33822 -0.86149 -0.16659 2.302 -1.2144 2.7348 2.2915 -0.40377 0.50624 -1.0696 0.55168 -0.19354 2.2706 -2.9808 -1.2787 -1.2359 0.89654 -1.2011 1.0708 0.12679 -0.055004 -2.0077 -1.2862 -0.47236 -2.6588 -0.38149 -1.5701 2.9101 0.40998 -0.45228 -1.9136 0.45063 0.028471 1.0009 -1.5853 0.65079 -0.38912 -2.9762 0.34205 0.40014 1.848 1.8309 1.5114 0.74624 -2.8953 0.48936 -0.27009 -2.672 1.4289 -0.84978 2.7107 0.061214 -0.81626 -2.6479 0.62137 0.55568 -1.3345 0.37562 0.24256 -4.8701 -1.4704 1.0858 1.8955 2.4833 0.010775 1.8161 0.31505 0.084823 0.86956 
ammonia 0.45224 -0.60815 -2.0919 0.88573 1.9143 0.32983 -0.77116 2.0355 0.23089 1.1602 -1.3101 -1.652 -1.2975 -1.2998 0.60314 1.6825 -0.26879 -1.3597 2.3105 -1.2329 0.39927 2.056 -0.41729 0.14876 2.131 1.0629 -2.5189 -2.3121 -0.7489 0.08394 -0.29497 0.3602 -0.85736 0.82024 -0.044687 -0.0075782 2.81 0.51503 -0.58209 -1.1239 -0.092145 1.007 0.70445 1.775 -0.87392 -0.21773 1.1827 -0.71551 -1.97 0.2768 0.4198 0.17616 -1.5516 -0.3453 -0.84628 -2.3615 0.28348 -0.71652 -0.68968 -1.6257 0.28876 -2.3635 -0.090132 2.3059 1.2035 -0.88169 -0.37527 0.36938 -1.281 -1.0886 2.3426 -1.3516 -0.11534 1.462 -0.60566 -3.0012 -0.19254 2.694 -1.821 1.0527 -1.4296 -1.6036 1.1425 -2.3905 -1.5126 0.95128 0.038119 0.80693 -0.25361 -0.5314 -1.4735 -1.1326 1.0202 -0.32991 0.069785 -0.46928 -0.77505 0.23234 2.0944 1.5491 
turpentine -0.14967 -0.60399 -0.44562 1.058 1.0732 1.2548 -0.48319 1.31 -0.10069 0.92546 0.44862 -1.1538 -0.042046 -1.9402 -0.24035 0.27539 -0.72521 0.017263 1.4847 -2.2889 0.97883 0.57671 1.0157 -0.16392 1.435 0.21318 -1.4269 -1.194 1.3438 -0.78711 0.63434 1.7044 -1.0851 -0.16214 0.15145 -3.0478 1.1049 -0.060466 -0.048603 0.052844 0.38315 0.87192 0.9779 -0.4972 -0.85884 1.185 -0.95629 -1.1128 -1.3837 0.6628 -0.56458 0.91943 -1.1829 -0.15229 -1.5392 -1.441 -0.94127 -1.8654 0.59907 -0.033508 1.3968 -1.5473 -0.055478 0.93251 0.52267 -1.1015 -0.32571 0.38261 -0.53705 -0.55238 0.9459 1.2352 -0.17114 1.7181 1.3316 -1.8517 -0.08517 0.42313 -1.3789 1.0364 -0.6864 -1.3207 0.62284 -2.0547 -1.2907 0.92404 1.4081 -0.12241 -0.034906 0.42301 -2.6281 -0.60571 0.12117 1.0371 0.010087 0.89687 0.40097 -1.4459 0.94977 2.3106 
varnish 1.8396 0.24703 -0.95261 1.8505 3.0154 0.80374 -0.45961 3.5292 -0.38417 0.88898 1.6764 -0.78909 -2.2518 -3.2878 -0.59439 1.5262 -1.2086 -0.68661 1.7647 -2.2372 1.2465 0.265 0.21434 -0.89911 2.3218 1.0908 -0.59734 -1.0128 0.065439 -0.69415 0.97331 1.8194 -1.175 0.097686 0.89407 -3.602 -0.64852 -1.1227 0.40346 0.58008 -1.0336 0.42562 1.8076 -0.93341 -0.78964 1.4495 -1.05 0.95819 -2.571 0.56178 -1.347 2.328 -0.32494 -1.3059 -1.6875 -1.8292 -2.5508 -1.4026 -0.89406 -1.2104 2.4608 -1.7662 -0.29993 0.95178 -1.3748 -3.1527 0.63767 0.70264 -2.3962 1.6224 -0.44922 1.5731 0.22097 3.5896 0.42357 -0.32168 -0.76649 0.21066 -0.94979 0.30131 -2.6262 -1.2421 0.79014 -2.4339 -1.638 0.55872 2.8036 -2.5116 -0.44993 -0.29082 -2.1449 -0.25233 0.74989 -0.10566 -0.27594 -0.030554 0.56823 0.86064 1.6221 4.6982 
mothball -1.1764 -1.2268 -2.4474 0.31421 1.9132 -0.27368 -0.91878 1.3327 -1.1139 0.70146 -0.080044 -0.13663 -2.7232 -0.93141 -0.040591 2.3051 -1.2195 0.79963 2.3877 -1.4371 0.57802 1.6755 0.87386 -1.6094 1.0549 0.81485 -0.89247 -1.0236 0.98569 -1.4011 0.061653 0.96448 -0.49024 -1.82 -0.55587 -2.0943 2.3507 2.1873 1.294 -0.50599 -1.4545 0.23206 1.1794 -0.28686 -1.0217 -0.9744 0.13442 -1.9923 -1.7919 -0.80651 -1.1105 1.8031 0.11438 0.35447 -0.014019 -1.7286 -0.95558 0.14077 -0.38642 0.39791 1.1414 -2.4405 -1.1998 1.1268 0.023245 -0.50932 0.43402 -0.087354 -0.45055 0.11653 -0.30917 1.7383 -0.64397 2.0057 1.3999 -1.2214 -1.1096 -0.10415 -0.44443 0.78442 -2.3323 -0.17739 0.67664 -1.2258 0.26799 -0.24239 -0.16025 -0.63932 0.08551 1.2528 -0.7505 -1.6767 -1.4409 0.46647 1.7345 1.0368 1.6632 -1.0917 0.42707 1.1613 
disinfectant -0.51742 -1.3909 -0.49277 1.2306 1.1096 2.4072 -0.73423 2.0601 -0.65545 0.83985 0.21616 -1.7019 -2.7414 -1.0229 -0.40336 2.2229 -1.3245 -0.78526 2.7201 -1.1215 -0.44015 1.7056 0.05531 0.048098 1.4679 -0.85581 -1.6037 -1.0768 -0.74 -0.8771 0.2125 2.0222 -1.2314 -0.47064 -0.72418 -1.5717 1.5363 0.6143 -0.079552 -0.60894 0.043989 0.22669 0.70364 0.96923 -1.7011 -1.2308 0.33825 0.74724 -1.858 -0.39547 0.38873 0.90691 -0.7788 -0.12068 -0.78487 -0.72515 -0.81134 0.21171 0.61204 -0.84217 0.028538 -1.0677 0.097962 1.1036 0.96617 -0.93501 0.995 -0.18588 -0.92622 -0.65407 0.88689 0.81462 -0.7833 0.92668 0.35983 -2.0056 -0.54205 1.0894 -2.4304 0.19521 -0.71782 0.14118 0.69155 -1.5523 -1.4928 0.035064 -0.70881 0.34125 -0.2289 1.2088 -1.5095 -2.2338 -0.72966 1.7459 1.2624 1.794 1.2988 -0.42426 -0.276 2.2442 
kerosene -0.080589 0.19129 0.50119 1.2831 -0.58817 -1.3384 -1.1647 2.132 0.082418 1.7426 1.0962 0.55213 0.85822 -2.6414 -0.51057 -0.66465 -1.0216 -0.27669 0.8587 -1.5798 -0.50267 1.1843 -0.037706 -0.58759 1.7482 0.19184 -0.53647 -0.44741 2.0036 0.62912 0.23231 0.71646 1.1563 -0.58832 -1.2078 -1.1197 1.4505 -0.72402 -1.3496 0.050085 0.1002 1.1202 0.73316 0.1035 -0.7897 0.030615 -1.4936 -0.8054 -0.078742 2.4076 0.8866 -0.64165 -0.94405 -1.7336 -0.48016 -2.0863 -1.1354 -1.9133 -0.53973 -0.60465 -0.64265 -1.1905 -0.33337 -0.83504 -0.041653 -1.9856 -0.89512 -2.8697 -0.62867 -0.90224 0.24887 0.12956 0.21092 2.5206 0.6176 -3.0939 0.93906 1.7589 -0.91761 1.0652 1.0535 -2.498 0.13261 0.054849 -0.5703 0.41857 3.09 -0.58351 -0.31919 -0.16408 -0.94026 -0.83633 1.6383 2.9269 0.65277 -0.5975 0.45026 -0.16819 -0.43664 1.1942 
manure -2.7294 -2.8907 -2.1162 0.35467 -1.5154 0.30817 -3.4288 2.8915 -0.1503 2.5238 -0.67725 -1.213 -2.1977 -1.282 -1.3725 -1.3155 -1.9335 0.39895 3.8101 -1.3396 -0.09328 0.79441 0.053506 -0.38839 1.9515 -2.4092 -1.8797 -2.2025 2.9974 1.3471 -0.30101 -0.54341 -0.69693 1.2809 0.16201 -0.98905 1.1689 1.5622 0.12897 0.27265 -0.14279 1.059 -1.4054 -1.4338 0.42154 -0.35811 -1.5684 -1.7463 0.9146 0.43148 -0.2956 1.7915 -0.73318 -1.228 -0.48552 -2.0174 -1.0025 1.422 0.17753 0.50141 1.4925 -2.0459 0.84697 0.11989 -1.8067 0.31183 0.023242 0.15848 -0.79954 1.3887 -2.6174 0.17533 0.20874 1.6477 0.33028 -1.2955 0.42428 2.9449 -0.28037 1.6863 0.11069 -0.33386 -0.11831 -1.5954 0.66897 0.95331 1.8967 1.4574 -1.9927 -0.48545 -2.5416 -4.1533 -1.8676 -0.2714 2.0186 1.2115 -0.56257 -1.4351 1.3581 -0.46059 
creosote -0.80912 -0.955 -0.18085 1.5981 1.2778 0.34981 -1.6514 3.0611 -0.50435 -0.36312 0.23659 -0.37232 -0.72614 -2.5336 -1.2281 -1.6459 -0.34789 -1.5394 1.0891 -2.5115 1.1244 0.043636 1.0137 -0.63561 1.1611 0.8069 -0.99903 -0.48422 1.2119 -0.088645 -0.6424 0.69704 -0.43918 -0.56793 -0.051485 -3.424 1.5299 1.257 0.89909 -0.07543 0.79089 -0.36305 2.3008 -0.15194 -0.15078 0.45534 -0.058536 -0.06133 -0.11933 0.62089 0.60946 0.8494 -0.030079 -1.1034 -0.63052 -1.3016 -0.43294 -1.504 -0.9369 -1.409 0.43836 -0.67492 -0.05711 -0.45462 -0.744 -2.3137 -1.0701 -1.1139 0.42715 -0.24441 1.0878 0.20978 0.93405 0.86776 0.0024853 -0.26062 -1.0371 1.2041 -0.99768 1.7872 -0.75863 -0.60595 -0.33097 -0.45819 0.35396 -0.50871 1.9271 -0.95003 -1.474 -0.17311 -2.5891 -1.6867 -1.0745 1.1082 0.54553 0.97179 1.3453 -0.55723 0.59067 2.6792 
