96 100 
coffee -0.22617 -2.787 -0.57163 1.2709 1.474 -2.2656 0.9139 -0.2437 -2.5366 1.4678 1.0588 -3.9414 0.80976 -1.5528 0.54852 0.38851 0.76066 0.1472 -0.079098 -1.2453 -1.0876 2.9559 0.051136 0.39963 -0.23412 -0.65871 1.1897 -1.811 -2.2255 0.44513 0.71289 -0.99001 -1.6513 2.9899 0.53132 -5.1424 -3.3437 2.9787 1.0546 -2.3474 -0.92722 0.70985 -2.0386 -2.6637 3.0638 -0.92357 2.8918 -1.3166 -0.046177 -0.28182 1.6486 -1.0969 -1.6855 0.44399 -1.0812 2.0562 2.2052 3.4044 2.6601 -1.2889 1.7481 -0.91026 0.2958 -1.2301 -2.646 -2.0499 -3.5346 0.52176 -3.9283 1.6797 2.0773 -2.6175 0.82019 -1.9468 0.44085 1.0552 0.8554 -2.4434 -2.0406 0.0632 0.57788 0.2263 -0.10313 -1.9955 2.4645 -1.6872 0.096126 -2.0187 -0.81612 -3.6537 -0.28464 -2.0443 1.129 -0.21188 1.5386 -0.10148 0.65177 0.7183 -0.078193 0.67218 
tea 0.35905 -3.7812 -2.5576 0.3698 1.363 -2.8471 -3.5018 -7.6815 -0.85482 0.45768 -0.3123 -9.1095 -2.4305 -2.8989 -1.3706 2.5278 1.9949 -0.98513 1.1769 -2.7495 3.1707 2.811 -3.5241 -3.6758 -1.3682 2.2169 2.3738 -2.489 -5.553 1.3726 0.27194 -0.76685 -2.3469 3.1885 2.6128 -5.4901 1.6346 4.4519 2.1317 -7.1664 -4.4817 2.7118 -2.1252 -3.5088 5.6749 -5.107 3.082 4.5308 -4.487 -0.20982 -2.31 -1.8332 -1.0954 -0.19596 -0.56027 2.954 -0.23362 1.8488 -1.9121 -4.711 -4.0795 0.75725 3.9687 1.4951 -6.3862 1.0145 -6.4395 7.5378 -6.8499 4.5027 -1.2327 -4.2977 -0.78396 -2.6216 5.7558 0.84934 -0.31955 -3.1096 -4.159 -6.8677 0.60306 -1.621 -1.5853 -8.435 6.1982 0.32467 -0.57146 -3.3063 -0.49156 -6.1961 -1.9767 -2.7483 -2.457 -0.37493 3.6882 2.338 -0.50554 1.224 2.5885 -0.10589 
wine -2.7426 -2.3547 0.44904 5.055 2.1451 1.0029 -0.7225 0.44872 -3.4337 -4.6453 4.1598 -0.71858 1.4278 -0.89631 -0.56156 3.2234 -1.5396 -2.2221 -1.7653 -1.243 -2.4352 -1.4102 -8.3128 -1.1725 4.1044 -0.50158 5.1026 -2.3156 -0.88456 -9.7233 -5.5601 -4.4416 3.172 1.9165 -2.433 0.90603 -1.6035 -3.3234 -7.5459 0.30584 -1.2977 -2.465 -2.9034 1.2802 -1.0068 0.1083 0.064522 -0.18087 -0.36098 1.1427 1.4032 -3.5156 1.0494 -1.5827 -0.57221 0.64092 -0.57358 -1.68 -1.6146 0.3421 1.3511 0.51518 4.5898 -1.2359 -1.7365 2.7562 -2.3411 1.7001 -2.2574 -0.42872 4.2311 -4.441 5.1933 -1.6583 3.2604 5.1112 2.0101 -1.482 2.4277 3.4239 -1.1365 -1.7636 2.2209 -3.7693 0.12377 -4.6204 -2.3698 -2.6736 -3.7347 -2.5 0.37031 2.0629 2.123 0.32697 -8.268 -4.2725 -7.2977 0.38931 0.68077 -4.7891 
perfume -1.5961 -1.3773 -1.6032 -1.4228 -0.21505 -1.4678 3.0485 -1.9403 0.72786 -0.66917 -0.96494 -1.2681 2.0018 -1.1655 0.38349 2.5473 1.1685 -5.1462 -0.28132 -1.7441 1.2939 0.29385 -0.91093 0.028283 -0.81445 2.2157 1.1455 -0.68522 1.1633 -3.4271 -0.16159 0.68212 0.64637 -0.19758 -0.76514 1.5672 1.2517 -0.36783 1.0977 0.32254 1.7997 0.25818 -0.71255 -1.1089 -2.215 -1.8665 -2.6983 -0.23804 -0.56235 -0.74071 1.1406 -2.3918 0.12534 -1.0993 1.5432 -0.8715 0.15822 -2.4794 -1.4345 -0.6441 -0.388 -1.85 -0.31744 2.3038 -0.88942 1.1815 0.92789 -4.9326 0.17119 1.7911 -1.5841 0.75395 2.492 1.7882 1.9315 -0.9661 1.6393 0.30503 -2.4898 -1.7684 -1.9166 1.1842 0.376 -0.13085 0.39388 -1.8235 -3.3452 2.5051 -0.80985 -1.5802 -0.64103 -0.031983 0.3088 1.5527 -1.5184 -0.15206 -0.060879 2.596 -1.7798 -0.56017 
vanilla 1.1476 -0.50861 -3.2705 -0.41387 1.3068 -1.5713 0.12118 -0.11855 -3.6223 -1.1324 -0.53901 2.1784 0.34768 -0.62044 0.68496 0.76503 1.4732 -0.21068 0.61346 -0.74331 -2.5804 -1.9984 1.4641 -1.1686 2.9719 -1.1798 1.7685 0.21062 0.42123 0.17537 -1.3536 0.88716 1.3942 1.0311 -0.64578 -2.6247 -2.4993 1.9961 -0.0036916 -2.7007 0.30652 -1.0572 1.4648 -0.52492 -0.73041 2.9331 0.035336 -0.16885 -4.1181 -0.50983 0.95919 -2.9516 1.561 -2.5768 -0.91107 1.8925 -2.8757 1.3348 -0.63103 -0.42449 1.7532 -0.29831 3.0892 1.2508 0.028588 -0.54866 -3.581 -3.8457 -0.40146 2.1842 -0.8638 -2.5006 -2.3769 -0.025011 1.3677 -0.57915 -1.2966 -0.71279 0.64525 -0.34697 -2.9464 -1.756 1.4221 0.90453 0.80211 1.4462 -0.060589 -0.68437 0.5345 2.203 1.8097 -1.5854 2.5394 0.11458 0.10931 0.80461 -2.031 1.3464 0.22442 0.27494 
chocolate 2.14 -0.3968 -1.0305 0.83232 1.0485 0.47007 -0.49318 0.12904 -1.485 -0.37312 -1.2234 -1.2322 -0.15052 -0.54366 1.4036 0.20165 -0.67385 1.698 0.25115 1.7996 -1.2741 0.39556 0.56241 -1.1177 0.27653 -1.1454 0.13342 -0.23359 1.5326 -0.10013 -0.40625 -0.10937 -0.26866 1.1101 -0.58989 -4.7223 -3.5535 2.3737 0.52412 -1.2313 -0.15658 -0.59337 -0.079149 -2.0457 -0.56487 3.767 1.4056 -1.2758 -2.9095 -1.1419 0.12623 -0.88116 1.7907 0.29317 0.73394 2.7486 0.78964 0.78334 -0.10501 -1.1306 -0.1143 1.3371 2.211 0.62938 -0.45291 -1.4967 -3.8727 -1.01 -0.37605 1.9358 1.0938 -2.4653 -1.0887 -1.0108 0.21981 0.92822 -0.50932 -1.048 2.3375 1.7284 -1.5978 -3.0041 -0.71008 0.45949 0.89568 -0.34463 -0.45685 -1.073 0.40897 -2.3497 1.5193 -0.62939 0.80177 0.48626 -0.48351 1.0392 -0.85859 0.91077 -1.5128 -1.78 
citrus 1.7102 -0.14846 -3.3962 -1.2629 1.0146 -1.7308 -2.9716 -3.6602 -3.1583 -0.79533 1.5723 2.8851 1.9085 2.5316 -0.082332 5.6519 5.3132 -0.98152 2.6273 -3.942 -0.54009 -0.80895 1.5624 -1.0363 2.8318 -0.81903 0.22427 1.3177 -0.78149 -2.5594 -0.47192 2.6497 2.8404 1.485 -2.2617 0.79379 -1.9613 -1.015 -3.1567 -1.0082 -0.37586 -0.98001 2.2765 1.3181 -0.87353 -1.3446 -2.8948 1.2923 -1.9642 1.0534 0.88415 -3.8379 3.2364 -3.0552 1.0195 -2.3398 -0.4039 -1.761 -1.3741 2.3091 1.4088 -0.19503 5.8265 1.9913 -0.3861 0.1267 -2.0739 -0.94272 0.76333 0.13797 -0.055447 -1.6295 0.065958 0.96752 -0.4279 -0.83433 -0.96046 0.76627 -0.084851 -1.1201 -1.3031 -4.7643 4.4041 -2.1341 0.99932 1.6177 -1.2472 -0.38473 0.25556 3.4281 1.1545 -0.23295 2.1808 -1.4056 -2.1108 -1.4529 -2.4145 1.892 0.91598 2.4835 
cherry 6.1588 0.70186 -0.49744 2.2024 3.2533 1.6027 -2.9321 1.2653 -7.0311 -5.7572 -0.18775 3.5841 2.9172 0.51662 -1.7433 1.8489 -1.2838 1.1717 1.9904 2.0819 -4.2455 -4.0727 -3.5622 -2.2642 1.5923 -2.5192 0.82134 -3.0382 2.3332 -2.429 -2.684 -0.84067 3.7865 3.3179 -2.7673 -3.4205 -2.6005 3.442 -4.0682 -2.1311 -2.9617 0.13643 1.4728 0.17846 0.12654 2.4818 2.354 -0.29339 -2.6311 0.82098 0.31403 -2.572 3.4747 1.5629 0.065582 -0.91559 -2.0689 -0.85614 0.28463 -0.37073 0.047823 3.0109 7.2166 -0.61973 -2.4218 3.3863 -3.1335 -0.46189 -0.44394 2.2235 3.8072 -4.6041 -1.0505 0.28918 0.34523 2.8923 -1.3582 0.33217 2.9337 3.4048 0.33153 -4.4953 1.1239 2.3152 2.0658 -0.764 -1.0418 -0.49288 -4.4029 1.9943 1.2217 -1.7491 0.93338 -1.2946 -2.9357 -0.73536 -6.3214 2.8125 0.44419 -3.0777 
leather 1.0779 -1.9721 -0.14869 0.4462 1.3882 -1.9497 -0.75202 -1.3337 -0.13863 -2.7714 0.15815 3.0633 0.059078 -0.31085 -1.6224 0.81655 0.92512 -2.344 2.1998 -2.9591 0.073595 -2.3758 1.0847 0.32306 2.7627 0.39959 1.5167 -1.3896 4.1356 -3.2634 -2.0629 2.8294 1.5658 -0.28301 -2.8329 -5.5534 0.70208 1.3555 -0.67475 1.499 -0.48802 1.43 2.1428 0.97868 -0.29795 0.83806 -0.34101 -0.19762 -0.48313 -1.5992 -0.85683 -3.5865 1.9155 -3.2775 0.20235 0.052542 -1.9656 -1.6585 -0.48477 -1.1862 0.27312 -2.731 1.7936 1.8146 0.1747 -0.012261 -2.3844 -4.5648 1.0611 0.81013 0.62892 -1.0085 -0.58775 -0.74118 1.3407 0.54463 -1.2031 0.046363 -0.50173 1.5376 -0.63162 -1.7443 -0.071208 -0.44131 1.303 -1.2957 -2.7868 1.876 0.34449 3.202 -1.1845 0.73493 2.3601 -1.0578 -2.5601 0.89315 0.21804 3.7116 0.45751 2.3553 
rose 4.6437 -3.0486 -0.73008 -4.6407 3.4034 -1.1921 2.8711 -1.7497 1.3731 -8.5667 1.7662 0.78509 1.1995 -0.8404 -3.9793 5.6383 1.6162 -3.0621 -0.37755 -4.0991 -0.80456 -3.5375 -0.78546 -3.222 1.7086 -0.78714 3.1858 -1.6201 -0.19216 -3.6423 -3.0097 3.4344 2.419 0.54811 0.83157 -0.93428 0.92473 0.50481 -1.8903 0.017112 4.6122 0.62728 4.64 3.5852 -2.9163 -0.074253 -3.5271 -1.3894 -6.2668 -1.4645 -0.37555 -3.313 2.4442 -2.5027 -0.73926 -2.4425 -1.4737 -1.1938 -2.0069 -1.0492 -3.5816 -1.8018 2.7728 5.586 -2.9044 3.5118 -3.5322 -4.9709 2.1217 1.7594 -3.1498 -3.4825 -0.024493 2.1807 3.2749 -4.7359 -2.2924 -1.6796 -3.2125 -0.3101 -1.6865 -1.4917 2.6733 -0.19222 4.4303 1.9514 -4.2628 1.0881 1.4029 -0.50343 -4.8953 0.306 0.3435 -1.036 0.81944 3.2827 -1.8455 3.7903 -0.069366 0.99956 
honey -0.87925 -2.5729 -2.746 -1.3954 1.3612 -0.30459 -2.726 -0.54093 0.041674 -1.0222 0.16716 1.8427 -0.37072 -1.7139 2.2661 2.2062 2.4868 2.5657 0.52566 -1.0136 0.067689 -0.34994 -1.2798 0.32618 4.6898 -2.9361 0.80916 0.4298 1.687 0.12448 0.51882 0.94257 0.78485 1.5896 -1.6236 -3.3206 -2.3565 2.0388 0.12505 -3.4259 -0.99856 -0.56935 2.4527 -0.39781 0.022071 2.9966 0.80269 1.2971 -3.8086 -0.091287 -1.4868 -2.8096 3.5623 -2.7957 -1.9339 0.73499 -1.6208 0.025008 -1.7709 -0.28855 1.8354 0.54202 4.0701 -0.7053 -0.67598 0.63376 -5.2878 -0.58251 0.59608 3.0937 -2.6005 -4.7341 -2.7486 1.7778 0.90393 -2.7568 0.36347 -0.7413 3.9597 -4.6326 -1.8731 2.5649 -0.11968 -2.4462 0.87013 0.78129 1.1918 -3.0839 -0.51744 0.29553 0.54434 -0.99465 1.5974 1.7933 -1.5997 0.0037611 -1.2233 -0.98718 0.63473 0.88388 
berry 5.7059 -0.86403 -0.81791 0.8842 4.304 0.48034 -5.3869 0.99201 -6.4795 -6.5151 0.76377 3.7263 4.3873 -1.0781 -0.87897 3.0895 -0.71255 0.062706 4.0179 1.1541 -4.683 -3.9701 -0.99356 -3.1334 1.1348 -3.097 2.0018 -1.5397 1.5089 -1.8189 -5.4872 -0.88699 3.6806 3.2851 -3.3146 -3.66 -2.9629 4.3514 -4.6767 -0.72564 -2.8522 -0.45904 2.3496 0.92019 0.4214 2.2002 1.3926 -2.3237 -2.7175 1.4513 -0.53807 -3.0847 2.7316 -0.046071 -0.10232 0.26453 -0.42802 -1.8019 -0.87968 0.78231 -1.7319 2.3109 7.4045 -1.7814 -1.6408 2.0132 -3.0903 -0.060824 -1.5366 0.71141 4.7834 -6.1669 -0.55716 3.5129 0.75202 1.7275 -1.7776 -1.7627 4.5705 3.3964 1.1256 -7.0605 2.195 0.6144 3.0895 0.41639 1.0565 -1.6148 -3.3 2.906 1.7527 -2.0196 1.7347 -0.9348 -1.1522 1.2154 -3.5096 2.1228 1.5449 -1.7599 
lemon 5.699 2.0691 -4.3925 -0.60015 2.0535 0.84798 -3.1754 -2.5675 -3.7141 -0.48262 -1.3892 1.0207 0.78254 2.8396 0.12565 6.1021 5.4239 2.0524 0.044203 -3.2339 1.1063 -0.80661 0.54235 -0.89755 2.2312 -1.2012 -1.3237 0.69657 -0.93107 0.01215 -1.6917 0.016478 0.029174 2.4291 -1.8567 -0.56273 -2.267 -1.2113 -1.3813 -2.6201 -0.91991 -1.7622 2.6655 1.3683 -0.21346 -0.24506 -2.0124 3.0886 -2.8831 0.14214 0.06086 -2.399 4.2807 -1.6969 -0.81986 -1.6096 -1.7117 -1.0206 -0.78523 1.5974 1.1629 1.0038 5.928 0.4507 -0.79315 -0.85712 -3.4961 1.9928 1.6676 -0.39783 -1.6493 -2.6883 -0.95461 -0.51039 -0.52885 -2.7787 -1.5251 2.8065 0.27356 -3.9004 -0.22156 -5.063 4.5321 -2.2014 0.80443 2.4169 -0.1241 -3.8896 -0.013235 1.6118 -0.67693 -0.91964 1.7839 -1.7967 -1.8107 0.20487 -1.8768 -0.8392 1.2068 -0.40121 
apple 3.2611 0.73232 -1.8841 0.44197 1.5406 3.8254 -5.2968 -1.5627 -5.7681 -1.9176 -1.1125 3.4189 1.1577 3.6051 0.22696 3.2745 3.9708 3.1557 2.4513 -0.049512 -2.4479 -2.4882 -0.31038 -1.6417 2.8797 -0.95528 0.012296 2.1207 -0.67781 2.3713 -1.7721 -1.414 1.3015 2.1207 -2.4259 -0.20244 -3.8114 -0.47554 -1.3172 -0.433 -1.0052 0.27397 0.82934 0.13384 -1.1137 -0.26582 1.5925 1.7427 0.50453 3.0823 -0.10642 -3.9211 4.5668 -4.2226 -1.6273 -1.373 -0.83534 -0.98468 -1.388 -1.1486 -0.48823 1.7719 8.2248 -4.0576 0.32629 2.316 -2.741 0.46913 -0.58542 2.2593 -0.47186 -4.6198 2.125 3.9644 0.33018 -1.8623 2.2988 1.875 4.9256 0.14186 -2.4981 -2.2791 4.925 -1.1536 1.4092 0.45243 -0.20654 -4.1349 -1.233 1.9371 1.5669 0.56857 -0.22242 0.21172 -1.3925 -0.073877 -3.7741 -1.1431 3.8193 -0.6286 
cinnamon 1.547 0.077089 -1.7348 -1.1046 2.5697 -0.37917 0.41733 -0.34937 -1.8622 -1.7697 0.95888 1.7892 -0.53958 -0.19378 1.8867 2.0477 1.2717 1.075 0.41822 1.3034 -1.6821 -2.2927 1.8401 -0.96282 3.0074 -0.032596 1.9829 0.37413 2.019 3.5165 -0.59646 1.4963 0.84124 1.0605 -0.87924 -2.4702 -0.2574 2.2897 1.8337 -2.4636 -0.74981 0.49166 2.4095 0.6363 0.060041 2.8207 0.44162 0.62796 -2.8123 0.23809 0.27141 -2.2453 2.6754 -0.47399 -2.1484 1.6024 -2.0608 1.4803 0.19884 0.35152 0.9088 0.45985 4.5306 1.4712 -1.0865 -0.3677 -4.3627 -0.66612 -0.18975 2.7296 -0.38875 -2.5616 -0.51499 1.2528 -0.21756 -0.58975 -2.4367 -0.57439 1.3056 -0.060528 -1.689 -1.8135 0.79951 -0.71173 2.0553 0.99714 0.43583 -1.2738 -0.76677 0.54967 0.49912 -0.37058 1.6289 -1.2813 -1.4162 0.22629 -1.3076 -0.2202 1.456 -0.85035 
orange 3.9824 0.79247 -4.1367 -0.33774 2.7886 1.616 -0.21204 -4.0268 -2.9044 -0.49476 -0.73056 0.33476 0.56264 1.9262 0.13938 4.1012 2.1428 2.6134 0.79086 -3.2795 1.0723 -1.2195 1.1038 0.72325 1.4185 -1.0322 -0.28366 -0.3644 -0.69058 1.5563 -0.15411 0.93871 -0.21101 2.3583 -2.1859 -0.56932 -0.46515 1.3552 -2.7586 -0.7797 0.08587 0.14051 4.1595 -0.063889 -0.21347 1.9058 -2.6149 0.34883 -3.1135 -1.4402 -0.081356 -3.0561 4.7996 -2.2997 -1.2432 -3.0882 -0.57004 -1.053 -0.85529 -0.61215 -0.38797 1.1301 4.9603 -0.98381 -0.35976 -0.35372 -2.8317 0.63516 0.26861 0.59103 -1.9739 -2.5407 0.54295 0.39335 0.9339 -1.4439 -0.45016 -0.26023 -0.028709 -1.6751 -0.57034 -3.2938 1.9729 -1.7359 1.352 1.1406 -1.9872 -0.88842 1.1751 2.3135 0.65407 0.093278 0.44968 -1.2115 0.32139 0.40971 -3.895 1.1449 -0.032613 0.93954 
tobacco 1.2326 -1.5446 -0.64601 0.27879 2.8056 -1.3996 -0.52526 0.44667 -2.1449 -3.2817 0.98468 3.9978 0.57579 0.53389 -2.6044 0.54335 1.5021 -1.056 3.9985 -3.5997 -0.50052 -2.0901 1.1295 -1.1629 3.8521 0.53506 1.0715 -1.6735 2.7945 -0.59916 -0.84099 2.3814 2.3484 1.0976 -2.6804 -4.9089 -0.073037 2.111 -0.68602 -0.90859 -1.1122 0.72392 1.6341 0.64165 -0.8235 3.2018 0.86546 -0.83618 -1.6098 -1.4678 -0.62437 -3.4853 1.4494 -2.9656 -0.54691 0.82343 -1.9846 -0.53107 -0.95561 0.2065 1.0991 -1.6405 3.4024 2.9433 -0.56042 0.91015 -3.5709 -3.9461 -0.18129 1.7516 1.4048 -0.41471 0.029594 1.0523 1.6903 0.41462 -0.75934 -0.51268 -0.15263 2.2413 -0.38772 -2.1281 -1.0015 -0.90595 2.03 -0.72496 -1.5417 1.6021 -1.6174 3.2873 0.97903 -3.2656 2.4936 -0.63607 -0.9373 0.46765 -1.812 3.4538 1.3243 1.415 
blackberry 4.2459 -0.24032 -0.059093 3.0641 4.6031 -0.73401 -2.4664 0.84742 -4.8918 -3.1264 1.3892 3.8869 1.8768 -1.8703 -1.2726 0.34505 -0.76353 -0.89722 0.89307 0.25251 -4.2062 -2.4851 -3.2447 -0.57958 3.064 -1.2461 1.5527 -2.9075 2.8682 -2.6948 -2.7394 -0.35383 3.6239 2.9139 -1.5919 -2.9411 -1.3796 4.9919 -4.7074 0.40433 -2.78 0.2893 1.0154 0.31607 0.082164 4.2927 1.2421 -0.2303 -2.2063 0.77859 1.8956 -1.9975 2.8811 1.0885 -1.4938 0.4326 -1.907 -0.46613 0.22793 -0.33343 -0.44933 2.8343 5.8273 0.55614 -2.0573 3.0243 -2.6876 -0.38529 1.3102 0.47751 3.6735 -4.4294 -0.33084 -0.31248 -0.21383 1.5428 0.033282 -1.3127 2.5285 2.2627 1.3161 -5.098 2.1102 1.8632 1.2047 -0.68117 -0.61194 -0.24932 -4.4814 1.9398 1.3977 -0.54229 1.7102 -1.7724 -2.095 -1.7144 -4.2642 2.9961 1.3318 -2.1839 
oak 1.3371 0.65504 -11.309 5.1335 -1.6187 -6.4285 -0.11833 5.4708 -6.9719 -3.5431 6.364 8.738 0.77457 -2.5146 11.757 1.2843 -3.4662 -8.4853 0.80723 1.4342 -0.90344 -9.1397 -5.1459 -2.4917 15.897 2.1876 -5.0288 2.2407 8.7063 -9.5127 -4.4052 -4.8498 2.899 5.8066 -1.6614 -9.986 -8.2793 2.6041 -9.0998 -0.5306 -7.3553 3.1395 -4.1184 -0.97947 -1.9481 6.3349 -1.723 1.903 1.6181 1.9047 -3.0066 -10.729 -3.8117 -1.7136 -3.3664 3.4231 -2.7477 -0.20058 -1.7604 -6.5058 1.5412 4.0631 8.1113 -3.8741 -1.0006 2.8738 -10.656 -2.7761 -5.0083 2.8321 5.5089 -9.602 -6.995 -4.7203 3.7753 3.7681 -2.0973 -4.5254 0.9296 3.5252 3.4531 -8.4573 5.7716 4.3065 -6.101 -10.508 -2.2709 1.2377 -5.5543 -1.4979 5.0005 4.2177 6.7766 -0.88065 -6.1546 -8.0321 -11.251 7.8841 8.9154 -2.3472 
peach 1.49 0.77224 -3.2052 0.40088 2.6721 2.5849 -5.3986 -3.2357 -2.7724 -1.9587 0.33108 1.9259 1.6271 1.1781 2.2241 3.0884 3.5447 2.9146 1.5653 -1.9272 -3.1923 -1.5249 -1.4758 -1.8037 2.8421 -3.1707 -0.11413 -0.11028 -0.92021 -0.026477 -0.77093 -2.1806 3.6251 3.5175 -1.6482 -0.75435 -2.5845 0.089282 -3.1069 -1.2669 -0.41899 0.25133 1.7581 -0.18226 -0.74155 -2.2319 1.1801 1.9133 -4.9602 2.5151 1.1735 -1.8794 3.4295 -4.6725 0.042327 -2.4207 -3.3645 0.091108 -2.1874 -0.69931 -1.6273 2.4381 8.7455 -2.7851 -1.4304 2.4585 -2.642 -0.29824 0.23365 3.8947 -0.7125 -4.453 -2.1155 1.2374 0.4771 -2.647 4.2416 -0.62162 2.3563 -2.4609 -2.2517 0.50717 3.6263 -0.45127 1.5893 1.6875 -1.7529 -2.3576 -1.8261 2.6564 0.31183 -0.29142 -0.44821 0.71598 -0.58747 0.6546 -4.5293 -0.28023 1.5657 -0.17883 
coconut 0.69328 -0.93356 0.62144 0.67863 1.0461 1.3523 -1.5132 -1.814 -3.1584 0.29123 -1.2971 -1.0641 0.99633 0.0092804 2.0754 2.9644 0.36405 0.088371 0.4254 -0.038308 -0.60263 1.431 -0.37522 -0.82019 1.3093 -2.0358 -1.195 3.0978 2.1794 0.039306 0.20412 0.86454 0.27454 3.9971 -0.95878 -2.5172 -2.812 -0.5714 0.91026 -1.1028 -0.9851 -2.9939 -0.70664 -2.4798 -0.36112 3.4306 3.9231 0.47876 -2.541 0.41078 -0.84793 -1.6401 2.0219 -2.0215 0.6174 2.3231 -2.2122 2.1144 0.17331 0.53729 -0.9717 0.27146 1.3396 -1.5049 1.0596 -3.3518 -1.6439 -0.62089 -1.6452 0.075403 0.77515 -3.1702 -1.1579 2.825 0.21011 -1.9547 0.15275 -0.64818 1.9486 -3.3667 -0.61482 -0.81324 1.3952 0.65417 0.95421 1.6458 0.83069 -0.67794 0.623 -1.7075 -0.37673 -0.49336 2.4043 -0.36394 3.0047 1.5905 -2.0093 -0.65901 -0.98709 -1.0968 
incense -0.2561 -1.0222 -1.7663 -1.7821 1.814 -2.6485 2.7721 -1.3084 -0.060726 -0.95072 -0.68607 0.89533 -0.65645 1.0947 -1.13 3.2805 1.8771 -3.1248 1.2814 -4.1112 -1.0704 -3.9417 0.0034254 -0.0015049 3.0708 0.21028 2.2081 -1.6243 3.6065 -2.2928 -0.89372 3.9063 3.7524 0.83496 -0.87802 -1.6595 -0.38931 1.1354 0.23549 -1.323 0.39223 -2.0399 2.4565 2.3156 0.2495 1.7899 -2.3575 0.3722 -2.5937 0.31654 -0.75827 -2.4264 0.87434 -2.2722 -0.16148 0.62556 -0.014036 -0.11314 -0.6395 -0.8535 -0.13095 -1.9763 1.2143 4.1424 0.11461 -0.34357 -3.5197 -3.5939 -0.80971 2.457 -0.78674 0.82663 0.11674 1.0298 1.6094 -0.7578 -3.1349 -0.57907 -1.5354 0.70141 -1.6707 -0.35695 0.88193 -4.0425 0.74326 1.3176 -2.2452 2.8258 -1.0302 1.0427 0.47431 0.88656 4.8079 -1.4199 0.27372 1.756 -1.8289 3.1393 1.5229 3.1773 
raspberry 5.0455 0.47066 -0.9413 1.3487 2.5917 0.61896 -2.4545 -0.32555 -5.4752 -4.851 0.66033 2.1385 2.3364 0.27901 -0.87878 1.1467 -0.67871 0.87898 0.67805 0.64757 -2.982 -3.0285 -2.3119 -1.9516 0.57799 -1.9718 0.89626 -2.2365 0.77105 -1.1534 -1.9414 -0.63744 1.9312 2.6725 -2.6881 -1.6615 -1.7394 2.9421 -3.2605 -1.8985 -1.3515 0.05841 1.2579 0.1255 -0.62515 1.1446 0.12071 0.13906 -1.9046 0.71135 0.15592 -2.0265 2.3096 0.36019 -0.79936 -0.19073 -1.6792 -0.42103 0.1648 -0.056692 -0.54616 2.5025 5.7648 -0.11652 -2.1448 2.0273 -2.6774 -0.18357 0.31663 0.40085 0.9642 -4.006 -1.4881 0.65968 0.077221 0.59581 -1.0631 -0.36422 1.3016 0.55311 -0.10804 -3.6333 1.4652 1.5855 1.7045 0.58733 -0.29686 -1.4125 -2.3719 1.4099 1.227 -0.73915 1.5627 -0.24211 -1.5211 0.57838 -3.7506 1.4777 0.94937 -1.5988 
almond 0.81982 -2.208 -2.2389 -0.95482 0.5318 -0.51891 -1.4596 0.64207 -2.0668 -0.28785 0.19199 1.4524 0.52153 1.4004 0.3689 2.566 1.4291 5.2935 1.8776 0.69599 -2.922 1.3765 2.7836 -0.44972 0.72584 -2.2617 -0.11574 0.47567 3.5255 0.14813 0.28608 0.28862 -0.29412 3.1285 -0.62494 -1.3977 -3.6612 1.2137 1.9096 -1.501 1.3038 -1.9634 0.99842 -2.1962 0.82524 4.9787 2.8387 1.142 -3.2758 1.3067 0.075443 -2.3659 3.1731 -3.5611 -1.1793 2.2241 -1.2323 -2.0057 0.11084 -0.75092 0.3289 0.72098 2.2789 -0.001354 -0.67297 0.47837 -2.2068 -1.6893 -0.15384 2.6883 -0.60288 -2.6553 -0.5948 1.8286 -0.69204 0.065426 -0.36444 -1.9938 4.3809 -0.91157 -2.5245 -0.063587 0.28742 1.8212 3.0524 1.6388 -0.43131 -2.8168 -0.0059559 0.017816 -0.19675 0.38484 3.0826 1.1351 -0.60438 1.4638 -3.6728 -2.4383 -1.5426 -2.1091 
lavender 3.3044 -1.0991 -2.3486 -2.4562 0.88062 -2.3341 -0.090317 -2.0133 -1.2502 -0.57852 0.28545 2.0717 -1.4012 0.85874 -2.1782 3.4655 3.9605 -1.6391 1.8566 -2.2798 -0.54859 0.53201 1.5093 -1.4907 1.9764 -0.10505 0.64488 0.040016 -0.44139 -2.0464 0.26417 2.6375 2.1201 -1.1942 -0.071071 -1.3574 -0.51182 1.2805 -0.83064 0.10305 -0.34443 -0.20313 0.36571 0.77755 0.17667 0.57605 -1.6718 1.3804 -1.2965 -0.24453 0.74326 -4.3562 2.866 -2.8726 -0.41156 -0.57931 -2.4978 -0.36626 0.0081333 2.6746 1.3893 -1.0035 2.9974 3.4398 -0.70901 -0.61336 -1.7379 -2.5911 0.96439 1.8415 -1.2886 -0.95934 0.56099 -0.41342 2.197 -2.2616 -3.2997 -0.39495 -1.6644 -0.69053 0.1236 -3.3569 2.329 -1.0964 2.0671 0.23868 -0.50938 -0.54795 0.18635 1.455 -0.37614 -0.5118 1.3243 -1.7695 -1.392 -0.21855 -0.0081434 1.3066 1.2531 0.45485 
cologne 0.9325 -0.017029 -1.6118 -0.9894 -0.07783 -2.3392 2.6044 -2.9792 -2.1533 0.26649 -1.1084 -0.069405 0.55112 0.96487 -0.12159 2.0393 2.5087 -4.9566 0.90988 -1.7717 2.7921 1.2837 -0.0031012 0.79825 -0.17554 4.1457 -0.7776 -0.64699 -1.6534 -4.1394 0.24545 1.4965 0.15443 0.31501 -1.3219 1.9468 0.9505 -0.43395 0.89651 1.1882 -0.50683 0.3346 -0.59664 -0.9577 -0.5169 -3.4806 -3.0477 0.17853 0.59232 -1.993 -0.4201 -3.121 0.39487 0.13351 2.2347 -0.22743 0.65407 -3.2476 0.3107 1.5362 1.436 -2.6323 -1.473 3.1271 0.2718 0.32753 0.97415 -2.6859 -0.5567 -1.3903 0.97461 1.3725 1.8775 1.5911 1.0219 0.59161 1.1079 1.7899 -1.1544 -2.3283 -1.5857 -2.641 1.0525 -0.12195 2.5545 -0.10869 -2.6069 1.4407 0.20966 0.35901 1.0015 -0.967 -0.42218 1.2007 -3.2408 -1.1658 2.0142 0.45914 -1.465 0.096347 
cedar 2.374 1.6756 -0.99743 -0.2299 1.335 -2.1295 0.48901 -1.3556 -2.577 -2.0751 -0.19116 5.0234 -0.18956 0.3969 -2.0862 3.3558 2.2308 -3.9857 3.7123 -2.689 -1.938 -3.6767 3.0445 -0.29598 5.9989 1.2585 0.7258 -0.55749 3.0578 -0.30066 -1.9179 3.8286 4.6341 1.1321 -1.8338 -2.8388 -0.96579 1.784 -2.7161 0.63273 -1.3689 0.4854 2.0757 0.3045 1.9245 3.6626 -0.049204 1.5677 -1.4439 0.33562 -1.3479 -3.5504 2.5686 -1.1814 -1.0865 1.7085 -2.6161 -0.13763 0.53647 0.38382 1.2196 0.75151 0.46986 4.5073 -0.63458 1.3203 -3.8509 -4.0595 2.1651 2.0799 -0.64373 -0.91102 -1.1965 -1.6105 3.1041 -0.79057 -3.9634 -1.4474 0.81254 2.4359 -0.39469 -5.3495 2.7405 -1.2535 1.968 1.959 -1.234 0.47162 -0.32534 2.2106 0.62665 -0.25121 4.5708 -3.4341 -0.45642 0.62763 -4.2126 2.3919 3.3297 2.2082 
cheese 2.0428 0.54501 1.2016 -0.82947 -1.4222 1.8783 -2.2641 -1.433 0.93656 -0.51955 -1.3676 1.5605 -0.07159 1.5828 3.9832 -0.98195 1.3717 4.4637 -1.3811 1.0952 -0.033126 -0.36701 0.74058 -0.469 -1.4683 -1.2949 -0.33842 -0.69281 3.6522 0.25602 -0.97171 1.0516 -2.0996 1.7451 1.8372 -4.0762 -4.2424 -3.0179 -1.5221 0.60261 3.3955 2.9126 0.53748 0.68033 0.87764 1.7881 3.4904 0.51289 2.3762 -0.065487 -0.47186 1.9186 3.7207 -0.2599 -0.90127 0.17385 1.3896 1.9265 -0.018856 -4.0691 -1.8372 -2.5067 1.8248 -2.0484 0.93599 -3.5716 -2.848 1.4127 -0.8252 -1.8081 1.8394 -3.1281 0.38779 -3.4012 2.8282 -1.0286 -0.33324 -0.4821 2.5622 2.0144 -0.67297 -3.1552 1.4693 0.12523 -0.65724 0.058894 -0.68962 -3.4243 0.2187 -0.33564 -1.2546 4.7004 0.77583 -2.8151 -4.5745 0.64979 4.1333 -3.5366 0.80074 -0.85665 
mint 6.6694 0.40204 -0.9802 0.24551 2.8507 0.47371 -2.4523 -3.0257 -4.3966 -0.797 -0.6952 0.040262 -1.2469 1.7446 -2.0315 7.6704 2.0051 -1.1695 2.103 0.06423 -2.0785 0.022655 0.43775 -3.9975 2.5799 0.90053 -3.1907 0.97808 -0.43203 0.80912 -0.58591 3.2475 0.19178 -0.24835 -0.41991 -5.6363 -0.9565 1.1432 0.3197 -1.6775 -3.5513 -1.84 -0.036016 -0.4956 0.084222 1.3338 -1.1487 4.1677 -3.1645 -3.3991 1.1205 -4.3035 2.4285 -2.0209 0.96404 -0.1354 -3.3706 -1.7076 -2.1217 3.0365 -0.058117 2.0695 6.0826 2.2993 -2.5972 -0.11091 -4.6291 0.74215 -0.036034 1.2858 1.1589 -1.7166 -1.4878 -1.8175 -0.74344 -1.0839 -5.1135 -1.6482 -0.86661 0.012744 1.2041 -7.785 1.4195 -2.3606 3.7747 2.1543 -0.26538 -2.7141 -0.28354 -0.17287 0.38774 -2.9345 2.1251 -2.3951 0.29908 -0.071784 0.02475 -1.6286 0.35586 0.50578 
popcorn -1.4944 0.29969 1.16 -0.64722 -0.44634 -1.6357 -2.3583 0.84271 1.4251 -0.52695 1.0354 -2.6492 -0.65813 1.382 4.0548 -0.22103 -1.1784 2.1268 -1.7834 3.0419 -0.76284 -1.9007 2.9204 1.1797 -1.7726 -0.93925 -1.3855 0.52641 -0.56006 -0.19456 2.149 0.021123 -1.4846 3.2962 4.1598 -0.54645 -2.148 -2.2836 2.1551 -2.3463 1.4498 0.40028 -0.5934 0.59885 -1.2032 0.1855 2.8744 0.10064 1.634 -0.40107 0.60862 1.3405 1.6186 -1.8263 0.091261 1.8787 1.5678 1.2384 -1.9674 -3.7569 -1.253 0.72374 -1.6705 -3.8347 0.49865 -2.2443 -2.6553 -1.982 -2.4565 -0.033851 1.0467 -1.1766 2.3623 2.1973 1.9194 -0.73695 -0.12441 -0.43209 1.2112 0.95477 0.51057 0.45873 2.2394 -1.2696 0.13529 -2.4146 -1.0674 -1.082 -1.4439 -5.7365 1.6082 2.1735 1.5274 0.31432 1.0572 -2.0279 0.003115 -3.139 1.3548 -2.3257 
bread 1.2463 0.58518 -2.7058 -3.9694 -0.43275 1.7622 0.37221 2.1491 -0.62066 -2.2851 -0.60483 -0.26512 -1.9102 -2.023 2.9586 2.0764 -0.89104 5.1549 -1.1504 0.42288 0.52491 0.99464 2.7753 -2.7863 -1.3708 -1.4578 0.64479 -0.58884 -2.1458 0.42825 -0.95012 0.72585 -0.0083996 0.74176 1.9594 0.057924 -5.0113 -0.032911 -0.66539 -1.1828 2.6272 0.92027 0.75473 -2.581 1.6242 -0.86745 7.6934 -0.96246 2.5208 2.7442 -1.262 1.2812 0.67556 -0.97597 -0.56933 1.3964 1.0387 2.9274 0.37884 -5.2667 -0.2719 -1.2762 2.8202 1.3793 -0.59609 -1.3135 -3.3065 -1.8923 0.29594 0.090279 2.2433 -1.7411 1.873 2.7996 1.0518 -1.9138 -1.1992 3.9536 6.4914 -0.59007 -0.45045 0.13596 0.053678 -1.2042 0.72143 -4.2246 -0.99066 -3.3454 -0.55108 -3.5906 -1.8208 3.4937 1.1727 -0.51984 -3.4423 -1.5921 4.53 -4.1916 0.14552 -1.7376 
smoke 0.73612 1.0066 0.25055 -0.45209 -0.19019 -2.5769 -0.96702 -0.28927 -0.86933 -2.9101 -0.95709 2.6877 1.0467 1.0341 -0.6465 -0.51858 -2.2138 0.57107 1.3936 -3.1256 -1.0641 -4.5304 -0.69899 -0.13867 3.3975 -0.63111 -0.92888 -3.4203 6.6914 -0.76653 -0.046055 0.18875 3.0352 3.959 -0.82608 -6.0514 -0.77315 2.2534 -0.10606 -0.65445 -0.89784 1.8637 0.57998 -0.096717 0.24038 4.7869 3.428 2.9317 -0.94546 -1.2662 2.897 0.5538 2.8381 0.70626 -1.5433 -0.54489 -2.5827 -0.19961 -1.6445 -1.3576 2.7303 -2.8396 2.7304 -0.20625 1.4846 1.651 -3.6607 -3.2909 -0.2891 1.9073 3.01 -1.5735 2.0366 -0.69045 -2.094 -0.11696 -1.2955 -0.041066 2.6503 2.5707 -0.62598 -1.0982 0.0069847 -5.5864 -0.63157 0.054555 -1.0623 0.042789 -2.2358 4.4405 0.5399 0.93724 6.0234 -1.7162 -0.95667 2.0886 -1.8069 2.4102 2.9366 4.2647 
licorice 3.7594 -0.22565 0.28574 1.1937 1.1848 -0.15896 -0.50591 -0.7105 -2.3911 -1.1873 -0.52812 1.2916 0.41616 -0.82399 -1.5948 0.15748 -0.1071 0.94936 2.256 1.5935 -1.154 -0.85493 -1.994 -2.264 -1.3173 0.46844 -1.2379 -2.0058 2.3104 0.92939 1.1997 1.5004 1.1225 1.9166 -2.459 -5.1036 -0.27035 2.845 -1.1638 -1.7501 -1.7929 -0.054652 0.86706 0.23185 -0.10212 2.3993 1.3684 -0.044197 -3.72 -0.52528 0.60215 -0.97089 1.7495 0.3152 -0.67933 2.7327 -0.76224 -0.71601 -0.42756 -0.67411 0.31116 0.11945 2.5552 1.422 -0.86929 0.7027 -2.8759 -1.3384 -1.2211 2.7999 1.2525 -1.7927 1.0623 -0.32266 1.3083 0.073765 -1.353 -0.32709 2.1352 1.241 0.98125 -3.7552 0.078076 0.2364 2.789 -2.3583 0.31591 0.12586 -2.0193 -0.28845 0.13806 -1.5454 1.8336 0.055397 -1.825 -0.20082 -3.0264 1.1536 2.8237 -0.058544 
violet 3.4232 -0.10349 -0.44657 -2.3338 0.64855 -2.3254 0.76116 -1.6299 -0.80917 -2.869 0.60755 3.8552 -0.61977 1.3088 -2.0942 4.2581 0.21055 -0.49003 2.0736 -2.4412 -1.6777 -1.8053 1.6578 -2.6969 0.29383 0.18364 -0.8289 -1.9435 1.141 -2.4833 0.83997 3.6344 3.0175 0.74294 -1.4598 -1.6203 1.0017 2.5553 -3.0726 0.80528 0.27047 0.8795 2.5999 1.1315 -1.482 0.90975 -1.2639 -0.11007 -4.3111 -1.9402 1.947 -2.9653 1.9528 -2.6598 0.89694 -0.29228 -2.4551 -0.87156 -0.37549 0.69825 -1.345 -0.14315 3.9998 -0.049652 -1.216 2.2234 -2.3361 -3.8167 1.9458 2.392 -1.7252 -2.9674 1.9714 -0.014748 2.1502 -0.86199 -2.3657 -1.9302 -0.46285 1.0152 -0.897 -3.8147 0.71189 0.77283 1.6871 0.80274 -1.8481 0.22134 -0.67329 0.83655 -3.3107 -0.075827 2.1467 -1.1991 1.0411 0.74358 -0.86463 2.5585 0.37759 -0.64565 
strawberry 4.0264 0.31976 -0.62722 0.26614 1.6336 1.2631 -2.5668 -1.0358 -3.4921 -3.2762 -0.51745 0.69016 0.89044 1.0802 0.042714 2.3419 0.029759 1.8602 0.27277 0.89193 -2.3307 -1.3793 -0.79618 -2.6341 0.67609 -1.9226 0.038243 -0.68207 -0.18516 -0.68731 -1.143 -0.98843 0.56768 2.0392 -1.7405 -1.8229 -2.2867 0.4063 -1.6254 -1.989 -0.72062 0.41424 0.8487 -0.51563 -0.73406 0.72031 0.84467 -0.86568 -1.9893 -0.086957 -0.58881 -1.8923 1.1885 -0.27394 0.65019 0.33218 -0.98747 0.616 -0.7216 0.87673 -1.4229 0.71394 4.8154 -2.4857 -0.93255 1.3643 -2.6301 -0.2389 -0.03034 0.90582 1.2948 -3.2113 -0.24487 2.4125 0.20513 -0.60057 -0.35318 0.28883 1.8352 1.0623 -0.98957 -2.4087 0.79397 1.6505 0.90169 0.17885 -0.091758 -3.1818 -0.83525 1.5391 1.2694 -0.94395 0.20453 0.1365 -1.3503 1.9967 -2.3653 -0.74691 0.2167 -1.3695 
pear 1.1942 -0.34965 -2.7658 0.95077 1.9069 3.9525 -7.301 -2.0458 -4.159 -1.6323 0.46117 4.2536 1.1927 1.0671 3.6389 4.7397 5.3888 1.9099 1.978 -1.9616 -4.3268 -2.537 -0.44001 -1.1096 5.1758 -1.5623 0.2577 0.33105 -0.33044 1.5049 -2.2129 -2.4326 1.5257 2.8451 -2.9361 1.2185 -3.4471 -0.47597 -3.7492 1.0532 -1.4473 1.1226 0.96793 0.44881 -1.6126 -1.8671 1.0226 2.1501 -2.9705 4.1409 1.4769 -3.1497 5.3249 -5.5753 -1.3873 -2.241 -2.4734 -0.98452 -2.8182 -1.1713 -0.76772 1.5602 11.486 -3.9885 0.24862 2.5507 -2.0429 -2.5586 1.4889 4.1818 -0.013665 -4.7444 0.75482 1.1316 2.1518 -2.6899 5.3048 0.95588 3.5433 -1.5428 -2.9982 1.44 7.5496 -0.23032 2.9288 0.87631 -1.4066 -4.2491 -3.7043 1.0382 0.74446 1.1804 0.57626 -0.84846 -0.58115 -1.2924 -6.6635 -2.9953 2.8959 -1.3849 
pineapple 2.8243 0.21831 -2.0746 1.0253 1.6021 2.195 -3.4297 -1.139 -3.8618 -0.18812 -0.085116 1.7906 1.0181 1.2121 0.95047 1.4955 3.0247 0.91871 0.14207 -1.9383 -1.6072 -2.1406 -0.93098 0.42544 3.3492 -0.89749 -0.51211 0.98028 -0.37331 -0.94748 -0.80223 -0.9493 2.1788 3.1359 -2.0626 -0.3854 -1.6981 -1.0964 -2.1905 -1.1345 -0.33505 -1.0481 0.90292 -0.90958 -1.7739 0.99505 0.091649 1.7356 -1.322 1.6157 -0.022826 -2.5256 2.5898 -2.2451 -0.73145 -2.0576 -2.139 0.090267 -0.71923 -0.011968 -0.443 2.1815 6.37 -1.3254 -0.18509 0.80302 -2.3933 -0.76835 0.7828 0.50646 0.7333 -3.7459 -0.35393 1.3883 -0.62013 -1.6997 2.3028 0.44719 1.4675 -0.74136 -0.49885 -0.93746 2.8907 0.14386 -0.65093 0.55287 -1.4902 -0.92796 -1.154 1.853 2.7563 -0.64916 0.83316 -0.75409 -1.3179 -0.65421 -3.7444 0.5616 2.1209 -0.23758 
caramel 0.96315 0.40174 -2.5069 0.55487 1.5433 -0.11699 -1.0194 0.21853 -2.4547 0.1256 -0.38085 0.49133 -0.37241 0.066684 1.4554 1.1903 -0.13247 2.3105 -1.0302 0.55957 -1.7194 -2.2381 0.71514 0.27526 1.3674 -1.7155 -0.33025 0.17268 0.57869 1.0981 0.4924 -1.137 0.43994 1.9386 -0.80542 -4.6564 -3.694 2.2933 0.018808 -1.6216 1.0824 -0.60775 1.49 -0.26996 -1.8217 4.0797 -0.34764 -0.35787 -3.3844 -0.2274 2.029 -2.8669 1.2499 -1.6903 -1.0736 1.8754 -1.1849 0.31597 -1.5336 -1.2395 1.2201 1.1483 2.7123 -0.87888 0.84904 -1.7457 -4.8081 -3.1165 -0.70912 1.8355 -0.18295 -3.4838 0.14023 -0.60484 0.34908 -0.071835 -0.027417 -1.8118 3.1326 1.5231 -2.6284 -1.9292 1.3495 0.60347 -0.35944 0.10746 -0.28217 -2.1851 -0.78942 0.51676 2.4206 -1.4422 3.1054 1.357 0.67579 -0.085596 -2.5858 0.63777 0.12866 -0.46522 
grapefruit 2.9412 0.52906 -1.19 0.30775 1.2103 0.29513 -3.3436 -1.6666 -3.3194 -1.4285 0.10998 2.0873 1.042 2.3585 0.11285 4.1911 3.001 0.42286 1.1042 -2.3826 -0.33417 -0.93829 -0.040958 -0.50296 1.3832 -0.96805 -1.0752 -0.71644 -0.19694 -0.88087 -0.42377 0.017575 2.0898 3.391 -2.1242 0.43723 -1.1129 -0.66614 -4.1466 -0.60293 0.11137 -0.3908 2.1612 -0.15323 -0.068349 -0.72491 -2.4791 0.83884 -2.4501 0.56356 1.5535 -2.8887 2.4928 -2.1206 -0.29661 -1.7993 -0.24338 -1.9032 -1.2259 1.794 0.14244 1.4941 4.4357 -0.0061765 -1.112 0.68161 -1.8044 -0.19817 0.43391 0.55346 -0.26483 -2.1561 0.073435 1.5863 -0.2787 -1.4204 0.34536 0.28162 0.27671 -0.9328 -0.14743 -3.3713 3.8122 -1.0886 0.87407 0.69344 -0.84877 -1.725 0.77798 1.6638 -0.42649 -0.98142 1.1577 -1.1272 -1.6712 -0.38447 -3.7547 -0.81901 1.7808 1.6596 
clove 2.8808 -0.54264 -1.1955 -1.9854 2.8643 -1.093 1.1849 0.061837 -1.0599 -2.1081 1.1877 3.1306 -0.97687 -0.22025 0.36131 2.8574 3.2643 -1.5112 1.8106 0.12339 -0.58553 -2.7573 2.1146 -1.6066 5.0019 1.7234 1.2546 -1.693 3.9613 2.117 -1.1962 4.4592 2.6276 1.4546 -0.97465 -3.7385 1.7477 2.6458 0.60679 -0.24066 -1.3103 0.19064 3.2436 1.8226 0.29017 1.9416 1.1684 1.098 -4.037 0.93927 2.3048 -2.5485 2.5534 -2.3227 -2.5873 0.20214 -3.2615 0.38902 1.1889 0.11065 1.3242 -0.43275 5.3791 2.2288 -1.072 1.1902 -3.7698 -1.267 0.042382 3.6346 -0.12738 -1.4906 1.1608 0.82868 -0.032629 -2.2947 -4.443 -1.9478 -0.062323 1.5726 -0.77166 -3.172 1.1736 -1.9982 3.1782 -1.3752 -1.4008 -0.51131 -1.7372 1.625 -0.54613 0.22473 1.6673 -4.2093 -2.0687 -0.66438 -1.5756 0.61958 3.3912 -0.30113 
syrup 3.9977 -1.0819 -2.7593 0.82515 -2.1845 -0.45018 -0.21125 0.91215 -1.5938 -0.61443 -1.5752 -0.8369 -0.3698 -3.7619 1.2332 2.0148 -1.6002 0.8924 -1.9292 2.631 -1.1972 2.3806 -2.3861 1.5818 2.1713 -1.9048 1.9527 -2.2255 -1.3889 2.1979 0.80498 -1.5318 1.4234 4.202 1.0495 -1.452 -1.3125 2.9874 -0.60566 -5.009 0.13714 -2.2158 -1.9752 -0.031455 2.2562 1.3567 0.60253 -1.8482 -2.0364 -1.473 -0.22358 -2.1307 0.13883 0.44826 -3.048 0.77101 -1.9393 1.3638 3.7626 0.054365 2.6242 -0.12782 0.39264 -4.7967 -0.96991 -1.5977 -4.9907 -1.7363 -0.046163 1.1617 0.62815 -4.446 -0.31271 2.151 1.0355 -2.7594 -0.65778 1.7112 4.4477 -3.1632 -4.5116 -0.11449 -2.3776 -1.0947 -0.99214 0.89933 1.6047 -3.3811 -1.0775 -2.4046 3.5818 -1.8245 -0.79014 1.6905 1.5577 -0.77384 -1.3897 -0.092668 -2.3659 -0.13213 
grape -0.19758 2.0438 -0.97073 -0.76605 1.2663 -0.29226 -0.81047 -1.7728 -2.8959 -1.0642 -1.2542 1.0226 0.57605 0.2122 -2.9979 3.8228 0.98369 1.0332 -1.0636 -0.43845 -0.67552 -0.73082 -1.8108 -1.8458 2.8183 -3.1831 0.81637 1.6157 -2.5607 -0.86373 -2.9866 -2.6726 1.0293 5.578 -3.1472 -0.52406 -0.9575 -4.8051 -5.8688 -1.0375 -0.46521 0.1742 1.2787 -0.48409 -1.9839 -0.077833 -0.22741 -3.8175 -1.6641 -1.1061 -2.1807 -5.4125 2.1871 -1.4821 -0.76605 -1.8315 -2.0848 -1.3572 -3.7477 2.0109 -0.16598 1.0019 4.7763 -4.5709 -2.3323 2.3851 -1.2992 2.2121 -1.228 -0.26713 3.4777 -3.5708 5.2123 0.8932 4.014 -0.051556 -2.3438 -0.70023 1.9219 2.0479 1.8811 -2.9168 -3.3025 0.91306 0.5153 -1.6184 0.99029 -4.4912 -1.6847 -0.88026 -2.3876 0.94235 2.054 -0.13225 -2.8191 0.43975 -4.542 -1.582 1.8654 -3.7791 
fish 4.3094 1.3992 3.1955 0.5695 -1.4399 3.1201 -1.2994 -0.89757 1.8749 0.42467 -3.3146 -1.5566 -1.1115 -0.53534 1.4147 2.052 -1.7033 -1.5549 -0.83182 -2.5359 -0.37917 0.27884 0.88178 -1.5316 0.5479 -4.326 -3.7465 -0.78081 3.4049 0.50094 2.7178 -0.76978 4.5541 3.6236 2.6779 0.13265 -0.80688 -4.3761 -2.5516 -0.99877 1.2969 1.0718 -2.2197 -1.5998 -1.2363 2.881 2.6749 2.392 3.448 -1.4183 -2.5221 2.6921 2.4887 0.87023 -1.9629 -1.791 1.9055 0.41322 0.35833 -2.7845 -1.4864 -0.91117 1.1386 1.3866 2.5073 -1.7311 2.479 1.0968 -1.1097 -3.1164 5.2528 -4.7344 3.6915 -0.50748 -0.64984 -2.3078 4.6257 1.0068 4.2426 1.7152 -0.061247 0.73781 2.8356 -2.9158 -0.39837 0.98795 0.28128 -2.142 1.5884 0.35599 -3.1236 1.7946 4.2711 -2.0888 -0.49502 1.1949 0.75754 -5.9249 4.6759 1.4909 
banana 2.3194 -0.23499 -0.18153 -1.5246 1.0562 3.6056 -2.8721 -0.15259 -3.3626 -0.24165 -0.072701 1.463 0.63224 0.59688 3.3657 2.5366 2.0141 3.6586 0.60508 0.93269 -2.9421 0.40656 1.8303 -0.37296 1.855 -0.94962 -0.048249 2.0913 0.11614 2.0362 -2.2967 -1.2063 0.336 0.099593 -1.034 -1.7288 -3.6496 -0.1398 -0.8577 -0.97897 0.65758 -0.29605 1.369 -2.5975 -1.7846 1.5256 2.8289 -0.5801 -0.99735 0.99434 -0.97707 0.35341 2.3588 -2.9899 -0.43091 0.38117 -1.7951 1.1631 -0.30274 -0.22887 -1.8956 0.82896 4.9254 -4.3369 0.018626 0.1496 -2.202 0.2814 0.48662 0.86928 0.37082 -2.2193 0.52707 3.3415 -0.98936 -2.4698 0.082563 1.5872 2.4717 0.30408 -1.9502 -0.41866 -0.94732 1.481 -0.21136 0.75399 0.79333 -3.5695 1.1471 0.37901 -0.12577 0.27987 -0.61943 1.0456 0.96026 1.7444 -0.56847 -1.6009 -0.87202 -0.53695 
egg 7.2897 3.7521 -3.4888 -3.2423 -7.6933 -0.96947 -0.62397 -0.064748 -2.2886 3.5053 -2.9758 4.494 -5.2866 0.54672 3.785 -5.1676 1.7372 3.8789 -4.3013 5.0169 -1.5546 2.6579 -1.7805 3.0496 -2.3926 -3.5306 -4.0642 0.69697 2.6954 0.69446 -3.739 -2.4606 3.2379 1.0776 5.1064 -1.4245 -2.2206 -1.1624 -3.1575 0.87084 6.2669 0.95314 0.1945 -6.0793 0.65374 0.74202 4.4455 0.26351 4.6816 6.7368 -3.0519 3.3882 1.1821 -3.2948 -3.4682 -2.7201 -1.2485 1.7562 1.9424 -10.468 -4.8825 -0.70602 5.9021 1.0429 2.9262 -3.4271 1.4056 4.9891 -2.9608 1.2715 2.448 -4.9827 1.2958 2.6929 2.5992 -6.1684 -0.73907 1.5634 11.272 1.0807 -2.8121 -1.4958 -1.6122 0.57126 -3.0085 7.1387 8.6802 -5.6087 -3.6932 -4.0924 -5.0317 4.642 3.6126 -4.1882 -1.0552 0.15803 4.2749 -5.9411 -0.22968 0.72803 
peanut -0.15997 0.31376 -0.94251 0.20874 -0.74503 1.9418 -2.6548 1.042 0.84378 2.5534 -0.57014 -0.70336 -1.5426 0.51172 4.0696 0.4318 1.9592 2.1999 -0.2885 3.0681 -2.1686 1.989 1.6408 1.5261 1.7452 -1.8702 -2.5286 1.893 4.0401 0.47406 0.16928 1.0042 -1.2417 2.1428 -0.58835 -4.2685 -3.8343 -1.8874 2.8107 -0.84755 1.9441 -1.721 0.43446 -2.3078 0.32521 4.0979 2.2181 0.13888 -0.19203 -0.69457 -3.5849 1.0657 1.1799 -0.72867 -0.69106 1.3307 1.5242 -1.511 -0.72315 -3.7016 -1.0799 1.229 -0.054944 -0.74657 1.9387 -3.9235 -1.7246 -0.078769 -0.34266 1.2183 1.2445 -2.954 0.12241 1.6681 -0.12204 -0.79197 -0.74616 -1.4411 5.4306 -1.1801 -0.80426 -1.4733 -0.38405 0.74764 0.79827 -0.35965 0.53252 -2.1148 -0.024902 -3.572 1.458 1.147 2.0205 -0.21731 0.56906 -0.79647 -3.0735 -3.4918 1.5271 -2.7932 
vegetable 0.78592 -0.71644 1.8424 -0.1267 -1.6544 0.51211 -1.5515 -0.7394 0.11409 1.0291 -0.20979 2.1363 -0.75018 -1.0775 0.79513 1.0104 0.87612 0.052201 1.0695 -0.95322 -0.58079 -0.079459 -0.05452 -1.6756 0.071011 -3.8435 0.67578 -0.72997 2.8546 2.0555 -0.53304 1.697 1.9417 2.5201 1.0259 -0.23308 -0.56269 0.51687 -1.7062 -1.9797 0.13769 0.087135 -1.4032 -0.96787 0.22113 2.7912 1.9614 0.40461 1.8362 -0.61242 -0.87564 -0.12327 0.20644 -1.0542 -1.0951 0.60397 1.6463 -0.1166 -0.48064 -1.6405 -3.263 -1.0899 3.3457 -1.7803 1.4063 -1.2204 0.57035 1.5199 -0.46032 -0.088256 2.946 -1.2161 1.9488 1.5928 1.6726 -0.98398 1.5272 0.92491 1.9822 0.46155 -1.8714 -1.6358 0.44881 0.50495 -0.77803 0.66458 1.1972 -2.1282 -0.12923 0.23923 -2.8932 2.2969 0.2234 -1.5108 -0.56923 -0.48625 0.71453 -3.4636 1.6365 0.63248 
raisin 1.9316 -1.6691 -0.29125 0.62803 2.198 1.073 -3.0295 1.3435 -2.4314 -1.6456 1.4374 2.2345 -1.5521 -4.4226 1.4351 -0.32673 1.3123 1.8222 0.16753 3.5822 -1.2717 -0.28051 1.4603 -1.1309 3.8897 -0.34848 -0.74382 -0.0647 2.6125 1.6332 0.083618 0.081831 0.74669 -0.12994 -1.6835 -2.5001 -2.922 1.3114 0.38902 0.0095661 -2.1642 0.1723 1.0667 -1.5481 -0.65341 4.6026 4.2148 -1.4155 -1.0287 -0.82135 -1.5141 -2.4898 2.6572 -0.048077 -1.2504 1.3029 -0.11991 -0.4948 0.46197 -1.2674 -0.33269 1.5319 2.9979 -1.3344 -1.5906 1.6477 -3.0454 1.6846 0.75866 0.95304 2.1617 -2.6869 0.41068 4.3818 -0.10578 1.1512 -0.2082 0.68321 4.9581 2.499 -1.6448 -2.4609 -2.2839 -0.39501 2.7215 -2.4653 -0.59839 -0.44585 -0.31573 -0.24399 -0.7519 0.042148 -1.0418 -0.031465 -0.12597 -1.9784 -2.8431 -0.7397 -1.0109 -2.4932 
animal -0.63314 -2.4485 -0.30801 -1.3941 -0.25326 0.39485 0.39127 -0.78456 2.7354 1.0325 -1.1803 1.7304 -0.48676 -0.83551 0.86988 1.1376 -0.88107 -2.4071 1.5645 -0.41724 0.0065493 -2.2852 -1.1108 -0.81146 0.32504 -5.5482 -1.2177 0.31442 5.6795 -2.16 -0.64734 1.8112 2.1009 -1.9197 -1.547 -2.8065 -2.3407 -0.30146 -0.23073 -0.11122 0.83907 0.22762 -0.40394 2.1842 0.14338 1.6835 -1.4728 -2.4363 1.8658 0.52628 -2.3934 0.036671 0.61902 -0.94649 0.31879 -2.4123 -1.0063 -0.58902 -1.8687 -1.4051 0.78274 -2.5169 2.6839 2.8335 3.4228 0.28893 1.9754 -2.8492 0.36511 1.2971 -0.69553 -0.1398 0.41586 -0.17486 0.93462 0.31702 1.4119 -1.7458 -0.46369 -0.69658 -0.66915 0.71738 -2.7535 0.48328 -0.50475 -2.1591 2.7402 0.75685 2.997 -0.20393 0.11156 -1.1434 1.4061 -1.5381 -1.3391 2.3739 -0.38836 -3.7499 3.105 1.6377 
anise 5.3289 -1.3045 -2.3053 0.27156 2.1016 -0.84655 0.48798 -0.99628 -2.4961 -0.79794 0.25499 4.903 0.46493 0.26541 -1.4145 2.4284 1.5086 -0.83292 1.7807 0.052805 -2.6676 -1.4939 0.8589 -2.2232 2.6982 0.43131 -0.6551 -2.4445 2.5454 0.83713 1.14 4.2527 2.495 0.49804 -2.7438 -3.3978 -1.1756 3.6426 -1.1256 -1.605 -0.45251 0.19288 1.7995 -0.25537 -0.46021 4.6557 -0.46582 1.6275 -4.4148 0.16175 3.3879 -3.0401 2.4442 -0.82018 0.071661 2.1008 -2.5936 -0.90895 0.046496 1.2698 2.0255 -0.29264 6.3127 4.7887 -1.9645 0.55017 -2.5058 -1.6136 0.85189 2.334 -1.1731 -1.4389 1.8725 0.4596 1.3581 -1.6282 -4.3275 -0.46307 -0.57299 1.2514 0.43471 -4.9488 1.8914 1.2224 2.7056 -1.4946 -0.72005 -0.21679 -1.5928 1.2797 0.46028 -1.4 3.2527 -3.2729 -2.182 -0.91678 -2.9488 0.33241 1.9422 1.5856 
potato 2.5035 1.3855 2.2392 -2.4487 -1.3696 1.6382 -1.482 0.16328 -0.6002 0.92906 -0.024927 2.5921 -0.1385 -0.039447 0.85933 -0.42601 0.8673 0.65643 -2.7135 -0.80523 -1.604 0.93216 1.7085 -0.012994 -1.3938 -2.4885 -1.4116 1.0689 2.5684 4.6566 1.8606 -3.3572 1.5441 1.227 3.8939 0.34686 -0.84626 -1.0051 -0.30179 1.777 1.8122 -1.4882 0.62921 -0.53001 0.96978 2.8169 4.0552 -0.26432 2.8715 -1.3923 -1.6847 0.3149 2.3881 -0.96591 -3.948 -1.7691 2.4004 2.6268 2.0866 -3.9299 -3.7501 -1.7727 0.32266 -1.783 1.6067 -2.2506 -2.1369 0.30182 -0.4152 -0.043545 3.9188 -1.2502 2.6725 0.20879 1.1254 -3.0309 0.8665 2.7786 4.8687 2.1665 -0.99711 -0.80452 1.857 0.76332 0.12679 -1.095 1.4848 -2.7988 -2.0517 -1.0217 -3.6288 3.0574 -1.9844 -1.1213 -0.83413 -0.82114 2.3661 -4.592 2.8369 -0.39353 
garlic 0.9466 0.34933 1.4856 -2.4106 -0.079882 -0.041371 -0.19067 0.98977 -1.3329 -0.537 0.12399 4.4438 1.8547 1.4749 1.9607 0.63441 4.1664 0.77844 -1.5068 0.47059 -1.0051 -0.19705 -0.54934 -0.29091 -0.88924 -1.7679 -2.2201 0.43788 5.0819 2.6648 0.57399 1.7226 -0.46484 3.7916 2.2038 -1.1716 1.0742 0.39666 0.28262 -2.6746 1.0257 -1.2332 0.61089 0.40926 1.0491 3.1433 2.9945 1.5211 0.44097 -1.8331 0.51663 1.7067 1.9825 -0.52943 -2.8158 -1.7255 -0.70591 -0.11697 -0.55878 0.27973 -0.36471 -1.0231 1.5702 -0.20212 0.73486 -2.1139 -0.21307 2.9919 -3.5693 -0.59391 3.5766 -1.0323 0.88664 0.98422 -0.39474 -3.3754 -3.1424 -1.3044 1.4455 -1.6643 -0.8858 -3.7781 3.5834 -1.9661 2.2119 -0.37977 0.68955 -3.916 -1.447 -0.95732 -4.2839 2.7885 0.2152 -1.7264 -3.5005 -1.4984 1.4162 -3.1958 1.6378 0.72415 
soap 2.3546 1.9083 -2.3155 -0.84405 0.90468 -4.7457 1.4644 -1.4402 0.16889 1.9552 -4.936 -1.4345 -4.1103 1.7906 -0.1096 5.0563 3.7903 -1.5008 1.2262 -0.34759 1.86 0.716 -1.3994 -0.20259 -0.87041 -1.9612 -1.1655 0.082523 -2.9853 -7.3361 2.9337 3.877 4.1865 0.16989 -1.5799 0.18013 0.48425 0.94895 0.71811 1.2958 -3.7976 4.4006 1.8279 1.514 -2.2654 0.12903 1.763 3.3607 -5.9032 -2.4577 -2.3286 -2.6175 4.6013 -1.8603 -0.51504 -1.5434 -4.4424 -2.4938 4.9407 1.8094 1.8543 -2.8245 -1.5473 -0.50558 4.2057 -0.50897 0.488 -3.7713 2.5775 -0.40224 1.3187 -5.0804 -3.1255 2.0744 1.0521 -2.7909 -0.083351 4.4207 -1.8385 -2.7609 -3.7857 -2.1457 1.7814 1.5927 5.6428 0.081697 -1.4239 -3.21 3.2418 -1.7674 -2.0503 2.3942 3.6533 -3.4862 -0.12047 2.2436 1.6202 0.25605 -1.9618 3.3005 
geranium 3.7585 -1.5414 -1.227 -2.307 0.80803 -2.5135 0.65401 -0.95586 0.50186 -1.2116 2.1541 3.0792 -2.0564 1.1348 -0.68052 3.2675 2.3428 -2.1709 1.7452 -2.1456 -1.2648 -0.74116 1.6821 -2.0577 1.7976 0.50391 0.033679 -0.66586 0.54263 -0.21862 -0.48808 2.4472 1.6556 -0.88054 0.53388 0.479 0.50925 1.5165 -2.284 0.10583 1.0039 -0.26508 1.3391 1.4778 0.46214 0.53557 -1.2032 1.0206 -1.5056 -1.1069 0.66112 -3.6173 2.0358 -2.5374 -0.2962 -0.62576 -2.3224 -1.693 -0.407 2.3111 -0.29949 0.48639 3.3191 2.7978 -0.3426 -0.95091 -1.6675 -1.2967 2.3749 1.2635 -2.3734 -1.3231 1.7453 -0.0012913 1.7244 -1.4031 -3.0216 -0.30596 -2.0168 -0.50689 0.4401 -3.0512 2.3707 -1.069 2.1636 0.92235 -0.66108 -0.45155 0.94188 0.85485 -1.4268 0.3811 0.64223 -2.7652 -0.54456 0.33447 -0.74807 1.19 1.6 1.1405 
pine 5.3178 3.5701 -1.1125 -2.5773 2.3736 -1.829 -0.6831 -3.6316 -3.443 -0.76814 -1.2101 1.5354 -1.9828 0.44596 -2.8189 6.799 3.288 -3.5972 2.1335 -5.615 0.69569 -2.4678 0.35623 -0.39512 6.2086 -0.18579 -0.55224 0.21445 1.2237 -2.6454 0.14317 3.8846 3.2702 -2.4448 -3.1122 -3.091 -2.0621 -0.54933 -1.9675 0.30021 -3.5988 -0.71944 -0.84566 1.2717 2.3482 1.8002 -2.1186 2.0181 2.3019 -0.76555 -1.5239 -3.7136 1.0892 -1.1897 0.30858 -2.1811 -2.7987 -1.5602 -2.1785 2.7013 2.8747 0.41122 3.4272 1.5616 0.9454 -0.84809 -3.582 -2.9366 2.91 1.576 -0.50387 -1.5198 2.7547 0.69734 -0.82658 -2.3838 -4.901 -1.4279 1.4913 2.2814 1.9047 -5.2251 2.3646 -4.3427 0.46022 -0.33608 -0.93834 -1.0592 -2.1281 0.66438 1.2793 0.35391 6.749 -2.3914 -1.3521 1.0087 -1.0187 -0.58098 3.0943 5.1933 
onion 1.2016 -0.36347 1.477 -4.403 -4.1282 1.2539 -0.7123 2.3162 -1.5229 -0.13887 -1.3331 4.5846 1.9405 4.2615 2.0623 0.084989 3.5398 0.095551 -2.2663 -0.86587 -2.1122 -1.0397 -0.93221 0.41653 -1.0956 -1.6838 -1.8186 0.97791 4.7316 4.7444 1.029 -0.46477 -1.0322 1.8022 2.0031 -1.3159 1.993 0.77315 -1.6316 -1.7715 3.472 -1.6408 -0.24377 -0.69346 2.57 2.9552 3.2223 2.8886 2.17 -1.032 -2.6257 0.72872 2.4269 -1.2626 -2.6052 -3.261 -1.3671 1.0641 -0.45562 -0.90242 -3.3861 -1.5183 2.9242 -1.4415 0.12484 -1.1065 -0.89993 2.8449 -3.4198 0.33919 3.0482 -0.94971 1.8176 2.4377 1.1401 -4.555 -1.6544 0.26572 3.7415 -0.65673 -2.3704 -2.6765 4.3069 -1.8998 1.8497 0.20692 -0.68523 -4.846 -1.6639 0.51671 -5.2806 3.651 -1.2292 -2.6989 -3.8269 -3.1846 1.8499 -2.8201 3.0669 1.4603 
vinegar 3.3023 -1.0263 0.62768 0.92842 -0.093144 -1.3762 -1.3081 -0.88094 -0.028216 -0.20104 -1.9437 1.9116 1.8895 0.3943 1.2824 -0.76101 2.7031 0.62181 -2.3409 0.62502 0.24419 -1.5413 -2.2649 2.3833 0.82853 -2.1281 -0.19119 1.0032 1.1759 1.1203 3.2067 1.4523 0.12106 5.7177 0.59933 -1.3177 -0.97382 0.70415 -0.52065 -1.5394 2.8175 0.18278 -0.83511 1.0192 0.033171 1.3544 2.4761 -0.19592 0.74066 -2.3703 -0.69016 -1.219 2.4265 -0.05252 -0.55443 -0.29655 0.017537 -1.0184 -0.18491 -0.32465 -0.43173 -0.49823 -1.783 -1.1822 -0.028799 0.014863 -2.397 3.4406 -1.7142 -2.1113 0.14306 -1.378 0.66041 2.6198 -0.056547 -1.557 -2.7166 0.80517 2.9995 -1.1302 -0.62352 -2.682 2.0776 -2.2188 0.19377 -0.77926 0.44634 -3.0931 -0.28005 -1.7292 -1.9911 1.9737 0.49458 -0.70502 -0.89412 -1.718 -1.3619 -1.7199 0.76629 1.0614 
grass -0.19957 1.5571 1.7721 -4.6936 0.3592 -1.0525 -2.8318 -3.8285 -1.645 -3.0318 -1.7727 2.6556 -1.6534 0.84016 -0.2393 3.7661 1.4243 -0.14424 3.1985 -4.6313 1.5853 -0.79806 -0.14004 -0.83835 -0.669 -4.0083 -1.4574 -1.7953 -0.022 -1.0732 -1.3005 1.6071 0.53755 -1.3013 -1.6252 -3.45 -1.8863 -0.1319 -4.7263 1.0739 -3.6029 -0.15782 1.9364 -1.5677 1.1993 1.4149 0.2846 1.8818 1.2863 0.42216 -0.54377 -0.95658 1.9272 -1.993 1.5324 -0.98868 -0.23907 -0.1643 -2.325 2.4442 0.29565 -0.48765 5.628 -0.26956 2.9263 1.1125 0.17662 -1.4225 1.6058 0.99718 0.47368 -2.3638 2.6076 3.7389 0.74218 0.26061 -2.7823 -2.2946 1.1704 -0.72505 1.3741 -1.3569 0.82192 -0.55115 -0.73131 0.88592 4.5011 -3.1721 0.21591 -1.771 -1.4469 -1.8502 0.48858 -2.2445 0.79407 1.0553 -0.73846 -4.1737 4.0952 2.6262 
peppermint 2.4608 0.89502 -0.33931 -0.010875 1.1009 0.23982 0.030919 -1.6802 -1.8446 0.15975 -0.04381 -0.9257 -0.99896 0.47272 -0.48772 2.8594 1.1359 0.28197 1.5421 0.17287 -0.63463 -0.060922 -1.1885 -2.2592 0.23149 0.51442 -0.72941 0.36001 0.37075 1.5236 0.41833 1.7017 -0.57574 0.77318 -0.29847 -2.8784 -1.0401 1.8822 1.0553 -2.7985 -1.9455 0.11615 -0.32172 0.061345 0.27654 0.28832 -0.30734 1.8648 -2.268 -1.2603 0.61579 -1.457 0.70746 0.1204 -0.41975 0.85902 -0.80036 0.024353 -0.39152 0.82604 -0.0022289 1.5725 3.0744 0.9552 -1.8496 0.16499 -2.8917 1.3087 -1.4294 0.87227 0.20175 -2.1613 -0.5145 -2.2535 -0.65305 -0.84035 -2.6043 -1.8409 -0.13233 0.19118 0.33623 -3.8475 0.40041 -1.6165 1.8525 1.2606 0.56752 -1.0682 -0.90137 -1.6667 -0.11277 -1.4146 0.79092 -1.8233 -0.34337 0.65394 -0.14662 -0.93215 0.84954 -1.1292 
mushroom 2.8451 0.54471 1.0466 -0.063971 -1.6247 0.017851 -1.3337 -0.18541 -1.757 -1.6969 -0.85779 2.939 1.5943 -0.24086 -0.67497 -0.040358 -1.1581 1.3672 1.2347 -0.61471 -0.7293 -1.8985 -0.68553 -2.5635 -0.88516 -2.372 -0.10454 0.31421 2.9051 -0.42454 0.30616 1.2038 1.9192 0.69643 -0.56221 -3.9834 -0.80452 1.313 -3.6693 -2.0216 -0.62737 1.7544 -0.93281 -0.256 0.68385 1.0871 4.1735 1.1387 0.4921 0.10458 -0.29993 1.1588 0.037889 -0.84569 -0.31944 -0.40996 -2.4721 -0.34223 -0.4034 0.56473 -1.9306 0.12917 0.80602 0.54672 0.94939 -0.21047 -0.23626 -0.82444 -0.41488 0.73447 2.7348 -2.4568 0.75149 1.2025 2.1981 0.036875 0.64602 -1.2388 2.0462 1.3471 -2.2931 -1.636 1.5031 -0.95243 1.6806 -0.67705 0.1046 -2.0943 -4.5704 0.7425 -2.347 0.92512 2.9096 -2.8727 -0.90876 -0.35769 0.31414 -1.7355 1.4093 0.88139 
rum 12.03 -1.7806 -2.0039 2.4592 2.6153 2.4842 2.1687 0.37588 -3.6955 -1.6676 -2.1835 3.2333 -1.1673 0.98477 1.3977 6.117 0.36126 -2.3933 2.2023 -3.3971 4.7361 -1.2499 4.3004 -0.68765 11.08 1.6826 3.394 1.5186 -2.3105 0.75226 1.2542 0.26188 4.6664 4.1584 -2.065 -6.4874 1.5159 0.041287 2.5863 0.043072 -0.45141 -4.652 -1.7878 -2.1161 -2.3797 5.1647 1.5588 -1.2104 -4.4878 -4.4035 0.020088 -0.71862 5.1084 -4.7852 -6.806 1.4112 -7.1841 3.3465 -0.44501 3.4802 6.364 -3.3343 0.26673 3.778 3.4322 -5.1775 -5.3117 -2.2576 -1.5947 3.3635 5.9948 -1.1972 -0.19715 4.1271 -0.29345 -0.69672 -3.2915 -0.29521 -0.86087 -1.7574 -2.6785 -0.33877 -2.5999 -6.6371 5.0951 0.73995 -3.4777 -1.5677 -4.2946 2.5242 1.9402 -1.6482 1.2723 -0.17386 1.8748 0.45742 -5.1697 3.8635 -1.0531 -0.36522 
rubber 2.8119 -0.41281 1.4925 1.476 -0.14407 -0.1153 -2.9586 0.31223 -0.90149 -1.0248 -2.1919 -0.20171 -2.1179 -0.12846 0.36468 1.7307 -2.6474 -0.32918 1.4705 0.36901 -1.5133 -4.5716 0.16011 0.41794 0.78681 -0.53364 -0.7883 -1.3773 4.1514 -1.7561 0.72367 1.6553 1.8592 -2.2357 -4.0395 -6.3511 -1.9023 0.43053 -0.92294 1.1453 0.13102 2.746 2.3067 1.6169 0.24561 0.090729 -0.76106 1.183 -2.5424 -0.72773 0.18317 -0.45361 1.0601 -3.9439 0.2345 -0.79988 -2.1192 -0.93153 0.37544 -1.1995 0.55461 -1.6015 0.77018 -1.904 0.3983 1.1493 -3.3606 -2.8122 0.025922 -0.91336 3.7351 -0.4565 1.8511 1.8915 -1.388 -1.1337 -1.5048 0.058646 0.19377 3.7163 2.2778 -0.75351 0.6462 -1.04 0.22858 -1.0379 -0.2486 -1.0576 -2.0096 1.3666 0.38997 0.24457 2.4295 0.12959 0.64287 0.85545 1.4526 3.4101 2.6541 3.2931 
carrot 3.8836 0.76442 3.2463 -2.7594 -1.1718 2.3309 -0.77663 -0.80054 -1.0005 0.2185 0.51962 3.741 -2.2562 0.57267 1.6894 2.1335 1.1068 3.2077 1.9826 -0.9966 -0.69477 -0.83004 1.8107 -2.4217 -0.09053 -1.3848 -0.24948 0.73016 3.2006 4.3357 0.082826 1.4054 0.40745 0.85455 -0.06456 -0.60173 0.82472 2.3593 -2.2959 -0.78076 0.85718 0.47709 0.84138 -1.3714 0.95844 2.034 1.7787 1.2182 0.41096 -0.73025 -0.088977 0.42218 0.95149 -0.86837 -2.5944 -0.13987 -0.043071 -0.13685 -0.46752 0.66701 -3.2196 1.0802 4.5865 -2.9139 1.8618 0.18092 -0.14435 -0.53663 1.3501 -0.69999 1.4676 -1.4108 3.162 3.1733 1.1509 -2.5268 -1.2566 0.19787 1.6566 1.1825 -2.7283 1.1972 0.75011 0.87899 -0.022418 0.71528 0.83468 -4.1341 0.83147 -0.16171 -3.5882 1.2511 -0.22851 -3.0567 0.53388 -0.56253 0.75731 -2.5497 2.2859 0.20371 
mustard -0.42987 -0.46856 -0.23551 -0.90482 -0.48003 -0.11448 -0.27627 0.09106 0.55537 -0.58336 -1.4911 0.94916 0.74263 -0.17969 2.614 -1.2418 2.9603 1.4129 -1.578 -0.070704 0.70983 -0.9684 -2.4752 1.1773 0.48809 -0.21633 -0.15526 -0.057993 1.2695 1.8093 1.2521 1.338 -1.0932 1.813 0.065473 -2.6612 2.4129 -0.86772 -1.5735 -1.5442 2.7409 1.2475 0.51579 -0.61 0.48819 0.19655 2.7521 0.56391 0.53427 0.021457 -2.9081 0.33512 2.2069 1.095 -1.9372 -1.153 1.1198 0.17 -1.234 -1.4854 0.15995 -0.5825 2.3941 0.48201 0.81994 -1.5934 -2.4476 1.3892 -1.2743 -0.3055 -0.40516 -2.8893 0.42001 1.1781 0.42107 -2.0761 -1.1657 0.56512 2.4541 -1.9266 0.63311 -5.8133e-05 1.2479 -3.3151 1.3325 -1.2626 -0.19176 -1.7938 -0.53041 -2.0534 -0.44019 2.8443 -0.77453 0.65256 -2.789 -1.8678 0.85968 -2.2188 1.86 1.9054 
hay -1.831 -3.2891 -0.79457 -5.6633 3.5602 -3.7347 -5.9172 -4.4649 -0.9099 -0.0722 -0.057834 1.964 -4.1835 0.75935 -2.6527 3.182 2.2491 -1.4716 5.7129 -8.2675 0.88284 -2.2708 3.0692 0.28288 3.5698 -6.1401 -1.4131 -0.020158 -0.11703 -1.5765 -0.27007 0.73166 0.71315 -7.348 -4.3863 -7.7118 -3.1795 0.88809 -3.0966 -2.0339 0.037356 3.8869 3.8634 0.53983 1.5645 1.9835 4.5785 3.5485 -1.0469 -1.9068 -0.59765 -4.5139 2.5187 -8.0201 0.38217 -0.33775 -2.0232 0.45515 -2.4217 2.398 2.4068 -2.3245 7.8429 -0.66739 1.8316 2.6208 -3.3679 -5.8386 2.3781 7.0037 -0.20851 -1.2317 2.1072 4.5888 5.6676 1.3819 -2.5308 -1.7893 2.1622 2.0964 1.6773 2.8512 -2.3796 -4.3886 4.0082 -3.9471 4.2146 -4.2208 -1.4154 2.9149 -2.469 -3.3604 3.1624 -1.2192 0.46499 1.2369 1.085 -4.0101 5.42 3.2825 
blood 2.9784 0.61349 1.4017 -1.3216 -1.9704 -0.54825 1.5971 0.18281 2.954 -0.39351 -0.94842 -1.7023 -1.9054 -0.53707 -0.13244 2.9026 -6.0433 -2.391 1.1901 -2.7061 -0.85409 -1.795 -1.662 1.4627 0.75721 -4.1647 -0.49826 -3.7387 4.2363 0.48934 -0.31694 -1.6306 5.9798 0.96988 -2.5964 -0.57217 -1.1006 1.9706 -2.4703 2.9631 0.093923 -0.11233 0.16396 0.82317 0.68465 -1.187 1.1087 1.1744 1.3974 1.3145 -0.67419 -0.96123 1.3286 0.24445 -1.397 -0.55314 -1.313 -3.0537 1.7946 -2.2552 1.3016 -0.24198 1.3403 0.74677 -2.5015 2.2862 -1.8841 3.6533 0.22435 2.8532 0.11572 0.1449 -0.48076 2.082 -4.2563 -0.8737 0.17128 0.83903 -0.35811 -2.5518 -0.33009 2.2041 -2.7789 -1.4932 0.10231 -1.0844 1.539 0.476 0.72945 -3.9446 -1.5581 -2.7856 -1.4634 -1.8033 -1.8965 2.0044 -4.7641 -0.0091295 -0.43394 4.4283 
cardboard -0.41077 0.72826 -0.30504 0.92679 0.92219 1.2779 -1.3311 -0.8191 0.95357 0.84656 -1.2011 -0.69436 -2.907 0.95985 0.6381 1.5609 -1.1482 0.88421 -0.00049025 0.83036 0.19168 -0.28837 0.27931 -0.11351 0.22659 -1.9047 -2.0134 -1.6027 1.3591 -0.35366 -0.20288 0.97725 -0.056738 -1.2405 -2.3072 -2.1723 -1.0357 -1.0846 1.9695 0.69487 0.68568 1.9579 1.3736 -0.11763 0.90313 0.21244 1.8259 0.25526 -0.92272 -0.56305 -2.1639 -0.46409 1.3689 -0.71905 0.50426 0.34438 1.9028 -0.20351 1.1884 -1.8722 -1.879 1.6709 -0.35355 -1.0426 1.8677 -1.1111 -2.7849 -0.484 1.8852 -1.1365 2.9519 -1.582 -0.2527 1.9351 1.4466 -0.43093 0.027406 -0.35262 0.68191 1.0792 0.52066 -0.51108 -0.33935 -0.020059 -0.64522 -2.1363 0.53889 -3.3731 0.82574 -0.32008 0.8634 0.58069 1.1555 0.084976 1.2224 -0.24986 1.2165 -0.48113 2.1016 1.0654 
tar 5.1389 -0.32011 1.2724 -0.68155 0.23538 -2.6118 -0.33542 1.7798 -2.1343 -1.6003 -2.3138 2.0905 -1.3617 -2.9837 -4.2116 -0.34761 -4.2074 -3.5756 2.9885 0.96728 -2.6878 -4.3864 -0.13859 3.1544 7.7059 0.4447 -2.6499 -6.254 7.6952 -0.42566 -1.4656 1.3675 3.8443 3.6878 -6.4124 -10.309 -1.5971 5.6478 -2.1696 1.3943 -2.3004 1.1991 4.769 0.1777 1.9836 1.489 1.3689 0.42281 -4.4901 -1.7377 0.080762 -0.68202 3.3684 -4.5819 1.3628 1.0975 -4.2252 -0.83497 2.656 0.53244 1.3866 -2.9514 0.34843 -1.4244 1.1979 4.0382 -8.0165 -3.7901 2.0448 3.8368 9.0729 -2.5482 3.4927 2.0812 -2.4418 0.52381 -4.1788 -1.4426 0.34966 4.2452 3.5655 -6.0877 -1.9803 -3.6038 1.5902 -5.066 0.36835 -0.077709 -4.5506 1.5437 0.55361 -1.6036 5.976 0.066537 -0.36574 0.32637 -4.436 2.2744 1.5976 7.7536 
beer 3.4304 0.79745 0.68116 0.26806 -0.47868 1.7746 -0.76453 -1.6584 0.70695 0.0018289 -3.3375 0.39743 -0.75376 2.0123 2.294 2.0394 -1.0657 0.91475 1.7671 -1.2661 3.0071 -0.70588 -2.4508 -0.7907 -1.0492 1.9705 0.71481 -0.43105 -1.8047 1.5789 0.93521 -0.32485 -0.31555 3.5383 0.78005 -3.583 -1.9292 0.66114 -2.0776 -0.98434 2.1813 -1.3128 -0.52078 -1.4066 0.94841 -0.39427 4.6283 0.17709 1.2523 -1.6697 -0.89185 -0.37268 0.42257 0.81814 -2.0278 1.0996 -0.92154 3.2046 -1.3205 0.47041 3.1094 -2.3568 -0.53238 -0.36848 -1.3433 -0.89547 -4.2915 1.9307 -2.8546 -2.2319 -0.9353 -0.47045 3.3 2.0824 0.98653 2.8407 -2.6031 0.84249 3.645 -3.4058 1.6401 1.7928 -4.0025 -6.6319 -0.28266 0.15268 -0.001958 -2.9339 -1.3458 0.96365 1.2039 -0.020107 1.262 -3.1578 -2.7812 -1.0789 0.96471 -0.65105 5.247 -0.62486 
walnut 1.2091 -0.55167 -1.5919 -0.52988 -0.14218 1.3656 -1.6057 1.6696 -1.2625 1.8074 0.44515 1.1738 -0.4493 -0.26655 1.7293 1.6996 2.5261 2.8395 0.014034 2.1446 -1.0447 2.0105 3.0188 0.35026 2.3788 -0.24337 -0.62372 0.65044 2.1026 0.83596 -1.5767 -0.14595 -1.3853 1.2146 -1.4112 -2.7682 -3.4223 0.805 1.2895 -1.1872 0.14354 0.25816 0.49972 -2.9747 0.9709 4.8022 4.0078 0.4781 2.1954 0.34811 -2.0582 -1.0795 3.4584 -0.13571 -0.94426 0.38931 -0.87357 0.19917 1.1752 -0.51413 -0.64245 0.94828 2.8997 -2.2066 -1.1527 -0.98065 -1.9789 -0.68201 0.72027 1.8986 2.326 -1.8063 0.22232 2.5552 -0.65121 0.05962 -1.0108 -1.7494 4.5065 0.01507 -2.3925 1.2795 -0.088277 -0.22578 2.5351 0.40057 -1.5276 -3.3069 -1.1706 -1.5388 -0.65804 -0.47448 0.98539 -0.14559 -0.54703 -0.49657 -3.7839 -3.4406 -1.2166 -1.9009 
ham 3.2698 1.4263 0.8852 -3.075 0.77929 2.1958 0.15518 4.1722 0.85402 0.52011 -2.6382 0.51612 5.1648 3.8848 3.739 -3.0871 0.25409 4.0233 0.079221 -2.7765 1.2735 -0.13897 -1.4219 -0.41182 2.8732 -0.3436 -3.9349 -4.4916 4.2012 2.8057 0.59968 -2.1676 2.4221 2.5374 2.2993 -6.2778 -1.4144 -1.6118 -4.474 -1.5531 3.2345 3.6519 -1.9622 -0.65754 1.3982 1.9579 9.5463 4.842 2.8245 -1.6085 -3.5655 3.7047 3.4382 2.4547 -3.3116 -2.4838 -0.83132 2.7041 0.9296 -4.3891 1.3898 -1.9245 3.5187 -2.8814 1.2901 -1.0711 -6.0394 -3.1132 -0.29639 1.6906 5.9082 -1.9466 4.0033 -1.3939 1.0366 -0.61083 4.073 1.3818 5.7372 1.5363 -0.73394 0.7132 -2.3499 -4.2299 -2.4282 2.4864 -0.89077 -0.89406 -4.9306 2.9565 -3.6295 1.2351 3.4254 -1.4843 -3.5696 -2.0864 4.3288 -4.4542 3.7129 0.48285 
celery 2.1667 -0.75979 0.49681 -2.0078 0.9052 0.22267 -0.70965 -0.069919 -1.5664 1.3649 -0.43913 4.0265 0.90951 1.0008 2.0053 1.6212 2.4765 0.60072 1.934 -1.0376 -1.4966 -0.18934 1.0333 -1.4471 0.41835 -1.2116 -1.0026 0.68944 1.7159 1.5175 0.066495 2.1191 0.98223 0.53679 -1.5343 -1.2472 -0.29634 0.20352 -2.4605 -1.7749 1.798 0.63599 1.3495 -0.74157 -1.0316 2.3497 1.8658 1.3527 1.4333 -0.61542 -1.5103 -1.6878 0.90363 -0.86843 -1.0391 -0.71492 0.031932 -1.3655 -1.6879 1.2091 -0.56318 0.14624 4.7997 -1.0727 1.1505 -0.25503 0.060985 -0.30234 0.027561 0.52857 0.94811 -0.32856 2.2768 2.9119 -0.04245 -0.93854 -1.5323 1.0009 0.66908 1.1557 -1.0663 -2.1767 2.3005 -1.6303 0.08589 -0.28131 1.2921 -3.1538 -2.2269 0.29413 -3.5525 0.77322 1.0439 -3.1224 -0.31782 -1.9993 1.0277 -1.115 2.7366 2.6924 
cucumber 2.968 0.34119 0.39962 -0.81097 0.1256 0.079106 -1.401 -3.0516 -1.4999 0.89917 -1.7783 2.3697 0.92278 2.368 0.79059 3.6578 1.5005 -0.56303 1.1776 -0.90598 -0.49018 -1.0866 0.52137 -1.5023 1.0969 -0.43227 -1.2256 0.66259 -0.71953 0.57496 1.149 0.98944 1.8632 0.50538 -1.4791 -0.29657 -1.2123 -0.96366 -2.1215 -0.15725 1.8018 0.55933 -0.96644 -0.20765 0.32472 -0.53962 1.2068 2.5835 0.44446 -1.2958 -0.59861 -1.3662 1.5068 -1.9836 0.70203 -0.64452 -0.69375 -1.0847 -1.0935 1.2586 -0.86878 0.70288 3.3727 -0.45813 0.25467 -0.22546 -0.50262 -1.0027 0.78978 -0.1689 1.3764 -1.3643 -0.0053266 2.6632 1.197 -1.8683 -1.2398 1.4475 -0.10102 -1.4517 0.0066513 -1.8785 2.2496 -1.0337 0.083515 0.53226 -0.62282 -1.7383 -0.13176 0.68209 -1.3866 0.66518 -0.031174 -1.9951 1.6771 -0.59047 1.5124 -1.6511 0.46355 1.7564 
eucalyptus 2.2112 0.09268 -0.0071486 0.23256 1.3367 -0.7848 0.10131 -0.9535 -1.8031 0.034479 -1.1757 1.8118 0.28239 0.23624 -1.0186 3.6296 0.80172 -1.0256 1.5895 -0.59084 -0.3477 -0.11901 0.61541 -2.438 2.7225 0.2041 -0.37385 -0.11914 1.8717 -0.13326 -0.21431 2.4442 2.0471 -0.0030238 -2.2203 -1.5497 -0.88364 1.4027 -1.0914 0.056645 -1.42 -0.0023841 0.0052109 0.5844 -0.25411 0.58234 -0.73069 0.94153 -0.88378 -0.080938 0.24469 -2.1335 1.5086 -1.645 1.3217 -0.81799 -2.1845 -1.384 -0.37942 1.9286 1.1144 0.53576 2.2131 0.73957 0.0036466 1.0199 -1.6602 -0.91744 0.82385 1.3654 0.35458 -1.2172 0.74921 -0.3467 0.32518 -0.85358 -3.3845 -0.86291 0.096626 0.29089 0.74992 -2.5618 -0.13049 -2.5887 1.4325 0.1515 0.5522 0.0024962 -1.8414 0.16277 0.21489 -0.92297 2.0969 -1.3807 -0.86333 -0.087925 -1.0893 -0.17572 0.94566 0.76602 
rope 3.258 -0.16881 1.323 0.20494 -5.0231 0.93203 -1.2468 0.27202 1.2841 -2.1933 -0.52056 -2.3661 -7.5926 2.6544 1.8386 0.27735 -0.83966 1.5238 1.6697 -0.070249 0.31517 -1.9475 -2.0376 -3.3211 -0.30305 1.0705 -0.44446 -1.5775 -0.30711 -1.0765 2.0188 0.26756 -0.21097 -5.8203 -4.3089 -6.8565 1.4696 -2.7873 -2.8782 -0.60844 -0.065563 1.4236 -0.44285 -2.4621 0.095329 -0.45857 -3.0406 -1.495 -1.863 1.4535 1.816 -4.3796 1.6805 -4.7439 0.85718 1.7466 -1.2824 -4.9147 -1.0568 -0.39596 1.0795 -0.3159 -1.7008 -2.8611 -1.2946 0.56568 0.9764 -2.4533 1.9736 -0.94023 3.1448 1.1664 1.5793 0.94331 2.0938 -5.9296 -1.4378 -1.8328 -0.73672 4.5717 3.6059 1.5848 -2.3684 3.7323 -0.52459 -0.052509 -1.479 -2.6129 0.44456 -0.6415 1.0211 -1.0761 -1.351 -0.34953 -1.6798 -0.5866 -3.4735 2.3454 1.8376 2.2598 
paint 2.3734 2.2836 -0.42408 -0.0457 -0.82218 0.81927 0.013114 0.37178 0.74117 -0.29492 -0.59923 -3.6452 -2.3253 3.2229 -1.9452 5.6204 -3.9 -2.6555 0.51855 -0.047371 -0.23521 -2.3357 -0.91109 1.447 -0.94001 -3.541 0.24136 -3.1151 2.4566 -1.9399 -1.5509 -0.0748 2.8955 -1.1512 -0.84676 -2.5761 -0.54417 0.26299 -0.34782 2.417 0.2387 0.70374 2.6107 -3.448 -1.3105 -0.20596 -0.62988 3.0986 0.17833 -1.2451 0.23338 -0.59298 2.7341 -1.2293 -1.0312 -2.9993 -3.9686 -2.8454 0.13916 -1.7311 -0.77169 0.62507 -0.54474 -1.5484 3.4711 0.39544 -1.4429 -2.0447 -0.50277 -0.85296 0.83379 0.61412 1.1813 1.8051 2.1529 -1.2489 -0.84939 -2.0414 0.23464 1.4945 -1.1889 -0.81352 1.6941 -3.3122 -1.5065 -1.5063 -4.2509 -1.7867 -0.18666 -0.25574 -2.5868 2.799 1.6595 -0.2156 0.66517 0.34396 -0.71402 1.3164 -0.7867 3.0775 
bark 1.4551 2.6531 1.8255 -2.4102 -2.3317 -0.47874 0.67189 0.74106 -2.4136 -1.7634 0.56886 1.4512 -3.2923 -1.9317 -1.1916 2.7478 0.47806 -0.90126 5.4209 -0.97961 1.0904 -1.3174 0.79826 -3.4022 0.83022 0.073263 -1.8 0.08717 2.6742 2.1449 -3.4765 2.0218 0.94818 -3.7627 -1.762 -4.9848 -2.3343 3.5657 -1.246 -1.1634 -4.5397 0.0799 2.8513 -1.4482 0.83492 4.6113 1.7049 1.41 -1.9276 0.52536 -0.67776 -1.1712 3.6236 -0.28328 -2.2422 2.5669 -1.3963 -0.78782 1.0094 1.1272 -0.2883 3.9199 1.8586 -1.7648 -1.1144 0.16201 -2.4599 -1.2821 2.45 1.4301 -0.5244 -0.28753 3.1731 -0.20526 1.185 1.3248 -2.9046 -4.1751 2.4252 4.717 1.4967 0.53478 -0.030601 -1.9469 2.6718 -0.75835 2.0702 1.3282 -1.5099 -2.2423 0.29029 -1.7821 1.1446 -2.521 -0.63499 0.44297 -4.7693 -0.044119 3.7311 -0.10525 
bakery 1.4566 2.6262 -1.0394 -1.7322 0.92328 1.3781 1.9289 4.2257 -1.7707 -1.1414 -0.5236 -0.58009 0.21275 -0.61043 1.4409 2.1268 -1.0336 2.0494 2.1343 1.9628 -0.0014126 1.7758 0.30287 -0.12261 -0.051738 -1.5852 0.22845 1.2982 -0.66451 -0.27387 -2.5807 -1.5792 -1.2791 -0.77718 1.3357 0.68189 -3.5766 0.16022 2.5561 -1.7308 0.29513 -0.49175 1.8189 1.2489 -0.065121 0.55991 2.6763 -1.355 0.81315 -0.084745 -1.4125 -1.7305 2.5494 0.79273 -1.4879 -1.7515 1.771 1.3234 -1.0619 -2.4917 2.1871 -1.6183 4.0263 0.58577 -0.43585 -1.1913 -0.35027 -3.3102 1.3787 0.13037 -1.3103 -1.8657 1.2824 0.51537 2.754 0.069737 -1.8762 0.65962 3.9545 2.6515 -1.7222 -0.77795 -1.4772 -1.5404 4.3575 -2.5488 0.64375 0.32576 -1.2917 -0.43597 0.76008 1.2597 2.6269 1.9039 0.47126 1.8933 -0.15321 -3.699 0.31434 -2.4851 
birch 2.6583 -0.36677 0.36189 -0.73808 0.44728 -1.2568 -0.24441 -1.8568 0.35012 1.8746 -1.2 3.36 -3.3455 0.56503 -1.6606 2.2092 -0.043946 -2.5783 2.4689 -4.7494 2.169 -3.7376 1.2847 0.043352 2.6113 1.0494 -0.02992 0.035758 1.9928 1.6496 0.30873 1.2964 0.32336 1.8191 -1.5005 -4.0373 -1.2972 0.88552 -1.4352 0.72657 0.31879 -0.17549 0.46119 1.2035 1.8234 1.5558 -0.99809 1.3444 0.65021 -0.90942 -2.5384 -3.4417 1.4391 -1.3197 0.17116 -0.35958 -2.3754 1.388 -1.493 -0.05008 0.85056 -1.1823 0.43073 1.9275 -0.58915 -1.9195 -4.295 -3.9109 1.1326 3.0583 -0.81678 -1.0557 2.4093 -0.24242 1.604 0.44798 -3.2978 -0.44827 2.5456 0.41561 2.3477 -0.3923 -0.95825 -5.6914 -0.19356 0.51314 0.49575 -0.062646 1.3811 1.6475 0.8776 0.15722 2.5448 -1.5935 1.7844 0.022459 -1.545 0.31675 4.8203 -0.16143 
urine 0.718 1.0185 -0.42675 -1.3313 0.3575 1.0207 -1.0443 -2.5429 0.81579 1.7364 -1.0523 2.1135 -4.3999 -0.26388 -1.2497 3.6208 -1.3399 -2.7515 0.58442 -3.698 2.2038 -2.5665 0.24719 2.3992 1.9153 -4.7664 -3.7414 -3.0113 2.4098 -2.4947 -0.044007 -0.0942 3.5412 -0.081671 -2.6224 -0.13909 -2.6921 0.24 -0.97532 1.1437 -0.13604 2.8317 0.50565 0.5286 -0.81527 -1.0573 0.31411 -0.079177 -0.92981 -1.3034 0.36022 -1.0386 -0.47256 -2.7144 -0.49153 -1.5213 -1.7121 -0.92803 -1.2738 0.11093 2.4087 -1.7995 0.76227 0.62468 0.95823 1.4694 -0.06427 1.2391 -1.2004 -1.0086 -1.5299 -1.6283 -0.17989 5.3268 -3.4254 -3.2018 0.04348 1.7927 -1.8157 -0.31327 0.68088 2.2874 1.0583 -2.4489 1.0963 -3.968 1.4007 -1.9595 1.9126 -1.4969 -0.15328 -2.1846 0.19647 -1.5759 0.054361 1.1091 -2.5169 -0.52994 1.3349 5.2675 
glue 0.4506 2.185 -0.51872 2.0665 -0.64125 0.49991 -1.9625 1.1035 1.466 1.9662 -2.8227 -2.8332 -7.4172 1.6799 0.84816 2.1969 -2.2881 0.41125 -1.3335 2.8724 0.50947 0.59009 1.4264 -1.7067 -2.0696 -1.8527 -0.26078 -0.71418 4.1765 1.5162 1.8963 2.1075 3.7858 -0.90436 -2.6873 -3.231 0.66563 -1.1471 -0.36884 1.418 1.8071 1.2053 4.845 -0.66581 -1.2941 0.66037 -1.5154 1.7357 -0.50124 0.28479 -2.3744 0.71957 0.5814 -1.8428 0.42864 0.70577 -1.0592 -0.021807 -0.18016 -2.6392 2.2423 -0.93591 -1.8177 -2.0884 2.479 -0.54366 -3.0636 -2.7238 1.1678 -0.51644 3.9004 -0.23044 1.8221 3.5229 0.63567 -0.85688 -0.81694 0.65758 0.95179 0.16307 0.1022 0.89503 -0.42674 1.5794 -1.0256 -2.8173 2.4162 -1.9073 0.35305 -0.84922 1.5332 1.7218 1.7362 -0.82531 0.72223 0.24445 0.93485 -0.30286 2.3378 0.92593 
gasoline 2.5308 -1.9333 0.21115 0.33938 1.5437 -2.2357 0.086797 -0.82958 0.98994 1.12 -0.54764 1.0072 -0.065982 0.50738 0.75063 1.9375 0.028053 -1.576 0.78621 -2.3271 0.5955 -2.0823 0.21028 2.7638 2.2639 -0.70734 -1.1648 -0.14662 1.7047 -2.2405 0.92109 1.615 1.0465 1.061 -2.3523 -2.09 -0.50201 0.66489 -0.040445 1.5896 -0.045092 1.4096 2.3663 1.3174 -0.36483 -1.151 -0.30523 0.26282 -0.83349 -1.7983 1.3659 -1.5851 1.4335 -3.5395 1.1618 -1.0775 -1.7285 -1.6968 0.10218 -0.082461 0.064295 -1.7664 -0.22641 -1.2386 1.9038 0.94076 -1.4618 -2.7903 1.2748 0.39553 1.436 -0.61323 2.7605 1.4191 -1.4298 -0.59645 -0.64443 0.64672 -1.8452 1.1733 0.84463 -0.95224 -0.75606 -1.7469 -0.12509 -1.3049 -0.32847 -0.34196 -0.71307 -0.046781 0.054094 0.079786 2.1579 -0.73558 0.82217 1.1774 1.4898 1.5649 0.49899 3.0135 
detergent 0.72459 0.029109 -1.5389 0.22356 0.062353 -1.0683 -0.72396 -1.7244 -0.38671 1.1671 -2.0341 -0.29243 -1.894 0.17438 -0.96427 3.4063 0.78903 -2.9587 1.1186 -0.051536 1.6657 -1.6344 -0.045505 0.78706 -0.41758 -3.1325 0.03319 0.23641 -0.65119 -1.8962 1.8684 3.0684 2.7124 1.1556 -1.1722 0.58363 -0.58575 0.33832 1.2327 -0.62475 -0.72641 1.1574 0.57875 3.1544 -1.3247 -0.4846 -0.44903 1.7804 -0.17386 -1.3368 0.0087757 -1.8527 1.6461 -3.1757 1.7326 -1.2104 -1.3683 -1.304 2.0811 0.35877 0.49801 -0.29083 -0.078579 -0.92052 1.0965 -0.74081 -0.079377 -1.6202 0.6166 -1.1284 0.43203 -1.1891 0.11542 0.99246 0.29576 -1.3569 -0.57239 1.0768 -2.5822 -0.54686 -1.724 -1.3326 0.90651 -0.32413 1.6273 -2.0177 -0.95226 0.33177 0.81891 -0.61389 -0.50658 1.4656 2.0238 -2.8121 0.56346 0.55896 0.90849 -0.64738 0.51465 1.8066 
camphor 2.248 -1.2342 0.43051 -0.79053 1.2664 -1.5914 0.77903 -0.3245 0.01729 1.6922 -1.006 1.3086 -1.3868 0.67225 -1.2327 5.0285 -0.80631 -1.4161 1.1939 -0.96758 -0.48399 -1.7713 0.23757 -1.6211 1.6096 -2.1238 -0.95858 0.041762 3.2254 -1.0082 -0.54254 4.2179 1.8938 -1.498 -1.4358 -2.3887 -1.0903 1.6929 -0.54858 -0.019287 -0.16175 -0.028626 1.0365 1.7427 0.092813 1.1052 -0.42953 0.96148 -0.25824 -0.31651 -0.96281 -2.3104 2.2366 -2.5583 0.93538 -0.74701 -3.0368 -1.3059 0.41509 0.82744 0.59817 -0.23775 1.167 1.154 1.5614 -1.6206 -2.0906 -0.54365 1.058 1.8637 -1.2967 -0.14017 0.34776 0.72851 0.30258 -0.51109 -3.7486 -0.63336 -1.9565 1.2896 -0.095722 -1.7655 -0.88331 -4.0682 0.96169 -1.9135 0.52857 -0.60601 -1.3238 1.0226 1.5252 -0.2945 2.7827 -1.7914 0.40029 1.39 -0.51505 -0.032839 0.6384 2.1976 
weed -0.28909 -0.5866 1.5014 -2.9486 -2.616 0.59732 -2.3807 -1.1502 -0.26103 0.13597 -2.8139 0.80558 -0.26596 -2.3224 0.97064 -0.55789 -0.16385 -2.0609 1.7617 -2.226 2.2076 -0.94573 -0.1922 -1.2908 0.35046 -0.97564 -4.3005 0.40947 0.42922 0.74913 -0.76189 2.5448 2.1534 -0.88759 0.41932 -4.3663 -0.41471 0.77432 -4.5885 0.98236 -1.6373 1.6064 -1.5905 -1.2299 0.055075 1.3921 2.3961 0.50252 3.5087 -2.1438 -4.0271 0.33162 0.86813 -0.25518 2.2611 -3.7685 1.1259 -2.309 -1.9984 1.873 0.077358 -2.4867 2.9916 -2.3701 -0.097395 0.96619 -0.65466 -0.48308 0.65347 0.35066 2.1369 -0.74091 1.5071 4.866 0.35635 -1.4542 -3.3175 -1.2467 0.61373 -0.96505 3.7905 -0.19936 0.33248 -1.4202 0.87749 -0.66395 2.9474 -1.0657 -0.52181 -2.2903 -2.3901 -1.1048 0.052368 -3.0368 1.7446 -0.82422 0.99028 -4.1007 4.5498 3.3484 
mouse 1.432 1.1554 0.80407 -1.8719 -2.7029 1.6799 1.3173 0.84905 -0.001546 -0.66104 -1.652 -0.16956 -3.3369 2.8906 1.4578 1.2344 -1.2899 -1.913 0.22266 -0.71074 -1.3589 -1.8137 0.091604 -0.87107 0.45755 -2.4094 -1.4462 -2.2231 0.9491 -0.2419 -2.9114 -0.72015 1.4461 -3.9157 -1.9133 -3.4886 -0.4884 -1.365 -1.1044 -0.43625 -0.71467 1.2237 -0.73666 -1.1249 -0.73988 -0.11929 -1.3859 0.22416 1.1818 -0.50173 -0.14653 -0.69261 1.8407 2.4987 0.1652 -1.4674 0.49456 -1.0136 0.92164 -2.7383 1.7103 -0.78481 6.0374 -0.72221 1.0178 0.5814 2.4073 -2.3462 0.16029 -1.0711 0.64339 -0.081001 1.0316 -0.32473 -0.19935 0.55829 -0.34034 -2.6463 -1.6734 1.9307 1.276 2.1921 -0.7316 1.0927 0.71493 -1.3779 0.17532 -1.2016 0.1553 0.13113 1.0795 0.28129 1.5384 -1.7037 0.68404 3.0102 -0.68151 -2.3085 2.4706 2.9315 
cork 2.2821 -0.097384 0.62843 6.5452 -0.8525 -0.51038 -1.8266 2.5581 1.2907 -2.9699 1.2976 1.3699 0.81103 4.3105 0.85703 1.0321 -4.8984 2.5704 -1.4733 -0.75735 2.1485 -0.1847 -0.76846 -3.9689 -0.19081 -1.2795 1.9294 -1.2601 0.72213 -1.2146 1.0278 2.4156 1.1374 0.49076 2.5116 -0.97889 -0.75965 0.5885 -2.0146 3.1488 2.8128 1.5851 1.0561 -0.37614 -2.3078 -1.6852 -2.3568 3.7997 0.94759 -0.73023 -0.04492 -1.4865 3.3182 -1.8064 1.2399 -0.5823 -3.8022 1.1763 -0.56607 -2.2487 0.81976 -1.0368 -0.1589 -0.35377 -1.1053 -1.2442 -3.794 0.50095 -1.0583 -2.4126 3.4563 -0.036936 6.6736 0.83245 4.1026 -3.2347 -1.2418 -0.95947 3.6926 3.0162 4.6274 0.2092 -0.57236 -0.14029 -1.1352 0.2731 -0.22754 -5.1125 -2.7151 -0.21565 1.6341 0.080006 3.3553 -2.7113 -1.5699 -1.3575 -2.4585 3.8929 1.498 -2.7327 
solvent 2.039 -2.0051 -1.4262 0.17719 -1.6644 -1.472 -0.40576 0.17223 2.1042 2.2421 -1.4589 1.8866 -2.969 -1.4347 -0.65036 2.8023 -2.4127 -3.2222 0.53827 -0.28404 3.1979 -2.443 -0.3159 0.076766 0.0039859 -3.4541 0.042844 -1.0878 1.445 -1.8457 1.8093 1.7204 0.28425 2.3604 -0.85241 -2.5458 -2.3482 0.78681 1.2482 -1.1811 -0.79187 2.5771 -1.8538 1.0916 0.4355 -2.5703 -1.4388 0.24684 -0.54689 -1.4378 -0.14334 -2.2387 0.66189 -3.117 0.61857 -0.70582 -2.544 -3.2271 1.7448 -0.62361 -0.34202 -2.8095 1.5699 -2.0083 -0.79595 -0.47601 -0.5691 -1.2883 0.52695 1.0254 1.6701 0.096573 5.1867 -1.0229 -1.1294 -1.7266 -2.025 0.24981 -1.6219 -0.98985 -0.066424 -0.013858 0.04758 -1.3963 -1.4221 -2.0154 0.52502 -2.421 0.11822 -1.1519 -1.1749 1.7093 1.0111 -2.0965 1.6182 1.6418 0.29817 1.7385 -0.58894 -0.20335 
ammonia 2.7172 0.12668 -0.25125 -0.096295 0.72349 -0.51891 -0.96328 -0.72484 -0.67089 1.9146 -2.3364 1.6683 -1.6659 -0.24623 0.0018551 2.7384 0.84397 -1.0816 -0.21046 0.66922 0.53724 -1.9622 -1.4358 0.51358 2.2035 -2.8397 -2.3762 0.0083232 0.19624 0.045854 1.1375 0.0099276 3.0829 -0.066694 -0.57761 1.1827 -1.5063 -0.50552 -0.01849 -2.0786 1.2884 0.25668 1.3999 2.3232 -0.40418 -0.27226 1.0141 -0.35987 -1.6743 -1.9663 -0.16521 -0.49691 -0.43204 -2.4349 0.12915 -2.703 -2.1926 -1.529 0.29799 0.29727 0.84574 -0.1536 0.92748 0.43214 0.19938 -0.14704 0.19183 -0.29467 0.23681 -0.83573 1.0254 -1.4489 1.8843 1.4419 -1.0286 -1.4642 -0.69533 1.0572 -2.095 0.81799 -0.30765 -2.0302 1.269 -1.9924 0.46401 -1.9416 1.0325 -0.27246 -0.10394 -0.86462 0.63657 0.00029079 1.9727 -2.2446 -0.95149 -0.095275 -0.88252 0.16979 1.2219 2.3987 
turpentine 2.3961 -0.38066 0.35803 -0.33275 1.0743 -0.63755 0.024277 -1.0003 -0.26185 1.0564 -1.2654 0.20695 -1.1073 0.42966 -0.25526 2.67 0.091898 -0.34005 1.0377 -1.3995 0.82825 -2.5438 -0.27988 0.42466 1.6098 -0.68655 -0.17512 -1.1297 1.7444 -1.1629 0.2398 2.1362 0.42674 -0.43042 -1.3068 -1.1702 -1.6341 0.10721 0.034676 0.41436 0.73083 0.39787 -0.14821 0.34167 -0.23766 0.36286 -1.0938 0.57918 -0.23092 -0.38162 -0.79208 -1.6313 1.1735 -1.2032 0.57119 -1.3576 -1.3046 -1.6807 1.3957 0.92501 1.734 -0.34131 0.92482 -0.2172 0.37125 -0.50859 -1.3959 -1.5543 0.56166 0.082522 0.43814 -0.13036 2.126 0.91648 0.46487 -0.0095892 -0.44492 0.37696 -0.74108 1.5902 0.82312 -0.55768 0.9427 -2.9941 -0.65089 -1.7482 -0.17739 -0.071211 -0.04715 -0.10277 -0.73895 0.48604 2.6925 -1.3046 0.44716 0.47123 -1.3968 -0.313 -0.23099 2.2987 
varnish 1.3321 1.7596 -0.53845 -0.79502 2.2316 -0.34043 -1.0486 1.481 -0.040394 0.23535 -0.90949 0.33073 -2.582 -0.12121 -0.62995 2.9186 -0.53699 -0.71559 0.046059 0.174 0.74108 -4.674 0.7441 0.35922 1.4298 -2.5943 -0.19919 0.27722 1.0221 -0.076204 -1.1126 1.2007 2.2087 -0.93605 -2.3882 -2.976 -2.9143 -0.043989 0.23785 1.3643 0.76913 2.6678 1.4566 0.092679 -0.52681 0.82154 0.042866 2.3176 0.1651 -1.2542 -1.9369 -2.883 3.5878 -2.7559 0.031221 -0.88418 -3.9832 -1.5403 1.3108 0.024208 1.0331 0.32165 0.046413 -0.76883 0.053442 -1.4412 -2.6548 -0.088602 0.088909 -0.71516 1.5595 1.5953 2.5252 2.1038 2.1762 0.070897 -0.12564 -0.17707 -0.16942 1.4882 0.92019 0.0072546 1.9816 -3.1812 0.11152 -1.8459 -1.9611 -1.5595 0.31451 0.28053 -0.92856 2.5135 0.90832 -1.1595 0.2239 0.28326 -1.5663 1.7466 0.025413 4.0633 
mothball 1.6818 0.71278 -0.56218 -1.5951 1.2954 -1.1296 0.13009 -1.1862 0.62981 1.4452 -2.6766 0.081293 -3.614 -0.14199 0.79656 2.8359 -1.6446 -0.46752 0.42924 0.49586 0.17311 -1.2652 0.73651 -0.30022 -0.21136 -1.2399 -1.3208 -0.074348 1.4795 -1.5408 -0.35172 2.4494 1.0393 -2.8802 -0.54408 -2.3413 -0.39086 0.65044 0.73789 1.3553 -0.091643 2.2829 0.4216 0.26359 -1.3384 -0.3109 -0.16911 -0.84218 -0.67451 -1.3267 -0.28527 -0.69692 1.963 -1.3411 -0.76229 -1.1144 -2.6535 -0.94655 -0.23412 0.048045 1.6717 -1.18 0.59022 -0.58449 0.23534 0.14529 -0.55684 -0.53365 0.83324 -0.0040552 0.35188 0.18778 0.40587 1.1058 -1.4028 -1.4942 -1.1695 0.36784 -2.0464 1.3674 -0.17111 0.20362 -0.6568 -1.7525 1.0799 -2.363 -0.38707 -1.1276 0.58942 0.012055 0.31951 -0.13424 0.49882 -1.6297 1.2219 2.1548 0.36004 -1.5668 -0.194 2.4066 
disinfectant 1.7224 -0.81505 -0.28234 -0.27026 -0.42344 -0.67059 0.1559 -0.49711 -0.77244 1.9851 -2.3935 -0.43881 -2.8922 -0.36266 -0.66692 3.2832 -1.2041 -1.5933 1.0236 0.40907 0.80784 -0.16454 -0.41353 0.78917 0.75073 -2.9363 -0.53171 -0.90969 -0.017266 -2.4179 1.1492 2.0926 2.8168 -0.23474 -1.0196 -1.2047 -1.6955 0.2035 0.79893 0.2241 0.20336 1.215 1.265 1.1166 0.36084 -0.84872 0.0056731 1.7739 -0.99846 -1.0961 -0.65036 -0.39075 1.2938 -1.2896 0.40071 -1.1203 -2.0876 -1.3885 1.5678 -0.22153 1.4902 -0.86712 1.5538 -0.73767 0.019919 0.075392 -0.28071 -0.73245 0.36068 -0.34683 0.35156 -0.12396 1.2689 1.1895 -0.82124 -1.4512 -0.70863 1.2672 -1.0464 -1.1012 0.46425 -0.1106 0.36174 -2.0134 -0.099208 -2.3747 0.81993 -0.4203 -0.66278 -0.41891 0.77171 -0.12998 0.36138 -1.2669 0.83548 0.56036 -0.475 -0.10845 -0.2107 0.95697 
kerosene 1.4806 0.27843 -0.5625 -0.075726 -0.035683 -0.7321 -0.69651 -1.1979 -0.52181 0.4215 0.32698 0.5831 0.66642 0.78004 -0.8709 2.0509 0.57866 -2.406 0.089404 -1.2086 -0.78949 -1.6542 -0.33934 0.68021 2.929 1.7973 -0.087541 -1.0445 2.7819 -0.39994 -0.18026 -0.65357 0.2731 2.0331 -2.7639 0.82433 -1.7722 0.82053 0.62823 -0.37456 0.79589 3.1183 1.238 0.1309 -2.0781 -0.87605 -1.1205 0.060539 -1.8725 -0.2056 -1.1521 -1.3675 0.20455 -1.2974 1.3601 -0.43145 -0.40868 -1.5487 -0.18828 0.44997 2.0369 -1.277 1.1468 -0.010406 1.1156 -0.36736 -2.0713 -2.3641 1.6426 0.093503 -0.19748 -1.0563 3.0516 1.6779 -1.9303 0.29385 -0.33441 0.09842 -0.12569 0.38941 0.35482 0.91096 -0.44559 -1.2209 1.0569 -1.1765 -0.85244 0.48928 -0.90782 -0.77158 -0.86356 -0.62383 1.74 -0.0091352 0.21164 -1.0809 -1.7722 1.1191 -1.5161 0.18702 
manure 0.66051 -1.6735 0.87869 0.34589 -1.9274 -0.18214 -1.6182 -2.7019 0.9807 0.077494 -2.3644 0.93941 -0.031928 -1.3136 -0.74597 1.3124 0.45597 -3.1824 1.2987 -2.3973 1.6885 -1.2984 0.65104 2.876 0.74663 -2.774 -0.55405 0.34802 1.5378 -0.24941 -2.764 0.31329 -1.1804 -1.0864 -0.97461 -3.706 -1.9017 -0.37308 -0.0071363 -0.47707 1.3472 1.7047 1.0504 -0.75209 0.45655 0.027188 0.44562 0.97506 0.68529 -0.96748 0.27999 -2.1536 -0.80337 -2.3831 -0.53229 -1.3714 -0.90065 -0.51426 -2.2958 0.055022 2.512 -2.2648 0.78735 -0.63388 2.0363 0.29023 -0.046031 -3.2001 -0.51076 -0.060484 0.49124 -1.1425 2.7542 0.63031 1.1184 -1.3641 0.53706 0.1764 -3.2766 0.3196 0.39057 2.2411 -2.6443 -2.6885 0.12264 -1.7906 2.6244 -0.17974 -0.47639 -1.774 -1.0671 -1.8998 0.52045 -1.066 -0.30965 1.7601 0.5616 -1.2876 -0.96438 0.7931 
creosote 2.2599 0.10414 0.74085 -0.12116 0.25097 -2.2025 -0.059423 -0.25634 -0.82958 -0.53202 -0.67274 -0.45523 -1.4836 -0.50458 -1.0881 1.9444 -0.97509 -2.8568 0.41688 -1.7585 -0.62267 -2.8247 0.28798 0.49761 1.4658 -0.31875 -1.0405 -0.50361 0.16689 -0.7493 -0.47681 0.52172 0.89685 1.0724 -1.8448 -4.0024 -2.1719 1.7333 0.41703 -0.64469 0.31829 0.56646 1.482 -1.5459 -1.0546 1.4752 0.35443 0.079758 0.3056 -0.5523 0.12819 -0.66841 0.51503 -0.77389 -0.10721 -1.2969 -0.97576 -0.98324 0.5925 0.022884 1.5957 -0.46451 -0.49417 0.1166 1.1605 -0.31568 -0.87456 -1.8993 2.3305 0.11409 0.33463 -0.62017 1.5961 0.78744 -0.17697 0.83117 -1.8994 -0.15745 -0.85445 1.1254 0.041124 -1.2879 -0.56452 -2.5102 0.99493 -1.3018 -0.94791 0.36191 -1.0494 -1.1774 -0.64648 0.87491 1.6677 -1.0413 1.8875 -0.45663 -0.31215 0.084602 -0.3436 2.036 
