96 100 
coffee -1.5018 -0.86919 -0.40823 3.9402 -0.72211 1.4273 -0.17714 0.011725 -1.3656 0.9332 1.09 0.76973 0.66014 0.98834 -0.66967 0.47931 2.2861 0.95061 -1.714 -1.3221 -0.37251 -3.065 -0.20089 -0.77796 1.1975 -1.0543 0.75111 0.34037 2.0025 -0.35885 0.71352 -1.9484 1.0537 -2.1937 -0.71758 0.25356 0.22268 2.9115 -0.7181 0.93891 0.64002 -0.52398 0.10726 -3.6359 -0.15348 -1.3078 0.89198 -0.45986 1.1395 0.32712 0.37762 -0.44118 -1.5001 1.257 0.15512 -2.6153 -2.2758 2.0905 -0.7037 -1.3104 -1.208 -0.34105 0.70151 -1.0621 0.18616 0.13292 -1.4622 2.4903 -1.4551 -0.56156 -0.97386 -1.3447 2.1884 0.59809 0.92848 0.47812 0.65626 2.3652 -0.14524 0.23581 -0.34878 1.4258 -1.2581 2.431 3.4195 0.080648 2.9475 -0.69489 -1.0507 -3.0233 0.71082 -0.65518 1.5816 -0.17489 1.6432 1.1323 0.56145 0.88913 -0.090551 1.1348 
tea -3.855 -0.48373 -2.653 8.6108 -1.3946 1.6998 -2.1233 -2.5919 -2.411 3.4764 3.6962 1.5544 1.0628 4.6587 -3.9778 2.0471 -0.62844 0.0022847 -3.9981 -1.2362 1.188 -4.1578 -0.96291 -3.3501 1.6262 1.8476 4.8594 -2.0979 0.65813 1.6887 -0.67904 -0.056519 -3.1391 -2.4357 -2.5936 5.696 0.89377 2.9758 -2.7475 -1.074 -1.4042 -0.35751 1.5701 -3.1847 -0.23436 -1.8095 1.5384 1.3777 0.40953 -2.4027 -2.7471 -4.3546 -1.4753 -0.37449 -0.85114 -2.6304 -4.7732 0.64621 -2.4108 0.042557 -1.6043 -0.91429 0.21452 -4.1167 0.8627 0.23198 0.6025 6.06 1.3435 -1.9044 -2.5565 -5.0513 2.2986 -4.0835 3.502 -4.1349 1.6277 2.8073 0.39781 -3.0336 1.1563 2.031 -0.81998 -0.76709 6.5646 3.162 4.6683 -1.2447 -1.2826 -2.2564 -0.63274 -1.797 -1.1795 2.1084 2.338 4.0286 -0.99449 2.2958 -0.51327 0.67147 
wine 1.5115 1.4873 -0.59339 3.3265 1.473 4.4784 -2.7637 1.7485 0.88227 -1.1181 3.1648 6.1071 4.4369 3.1142 1.6946 3.2313 -1.8679 -1.2124 1.5394 -1.4587 -0.26581 -3.6451 -1.2633 -3.1038 -0.9227 1.5206 1.1217 -0.91828 2.3172 -4.0628 4.1963 -2.6226 2.3219 -0.32011 0.85552 3.4225 -2.2176 1.154 1.6185 1.4818 1.3546 -0.85253 0.85394 0.49345 -1.3764 0.69794 0.4205 0.86475 -0.78933 0.069157 -0.10519 -1.347 -6.6289 2.2279 -1.7345 -3.747 0.22072 -2.5429 -2.0131 0.38277 3.7763 -3.8046 2.8224 -1.7585 0.6624 1.2473 -2.326 0.76348 -3.9171 1.955 -1.6835 2.2599 4.01 1.2689 -0.64211 -3.2143 0.41271 0.79897 0.95434 3.5316 2.9249 0.59351 1.108 -2.1044 -2.2967 -1.0007 -2.0795 -1.5418 0.61945 -1.6105 -0.013241 2.0098 3.3543 5.4473 -2.5219 -3.1861 -4.5025 -0.55042 0.59732 -4.4105 
perfume 0.78091 -0.0929 0.60333 -1.3588 0.57976 0.19045 -2.5046 0.94517 1.8545 -0.28001 0.29933 -0.0086368 -0.26316 0.20078 -0.81229 0.066838 -0.61647 -2.8506 -2.2123 -0.83009 0.19694 -0.56221 -0.82651 -0.46103 0.428 -0.7097 -0.42244 -1.7759 2.3021 2.2713 0.7787 -0.22311 -0.59886 -0.024817 -1.0534 -0.062892 1.0312 -0.40185 0.04909 0.22625 -0.03068 -2.1473 -0.79386 -1.2277 -1.003 -1.2331 -0.4285 -0.43355 -0.37948 -0.48695 -0.47916 -2.6281 0.32689 -1.5528 0.42361 0.053056 -0.74497 -1.9 0.94344 -1.2773 -2.3552 -1.3768 1.3746 0.93855 -3.6003 0.57438 0.024777 -0.17273 1.4783 -1.027 -0.049454 1.8791 0.78817 1.3483 -0.98667 -2.3703 0.91244 -0.60724 0.47684 -0.27116 0.92398 1.2256 2.0948 -0.91662 0.50333 -0.40577 0.40017 -1.5716 0.041955 0.036473 -0.18729 -0.24454 2.244 2.6442 -1.226 -1.032 -0.00098702 1.3165 -2.7904 -1.3155 
vanilla -1.0107 -0.81639 -1.3185 1.1112 -0.011873 0.55276 -1.1659 0.48091 1.643 0.16174 1.8462 0.48837 -0.3218 -1.5272 0.22482 1.4662 0.39604 0.39926 0.20845 -2.174 -0.070069 0.93618 -1.1091 0.977 1.1563 2.3119 -0.63745 0.34966 1.8865 -0.34527 -0.15285 -1.2638 1.375 -0.83387 -1.7627 0.75357 1.9471 -0.66267 0.84427 -2.7939 1.971 -2.4581 1.6928 -1.5236 0.80507 1.3359 1.3025 -2.3944 -0.4774 -0.2376 -1.7539 0.21914 0.81757 -0.9651 0.74106 -0.43337 -1.0351 0.4851 -1.3547 -1.4395 1.7991 0.099243 -1.4095 -0.62448 -1.4311 0.94772 0.046882 1.3899 -1.542 -0.3733 -1.7339 -1.9726 1.2524 1.7099 1.7892 0.68237 -1.6484 -0.62532 0.40676 2.4571 1.9167 -0.57852 0.76962 1.0518 -1.1507 -0.73611 1.9902 0.24801 -0.019174 -0.090304 -0.6129 -1.0026 2.9387 1.1155 -1.826 1.2989 1.0284 -1.254 -1.2811 0.079852 
chocolate -0.9533 0.44697 -0.9808 2.4007 -0.80549 0.71399 0.86679 0.46504 -0.064591 -0.22988 0.72115 0.35995 0.97775 -0.23221 -0.8634 2.248 1.2876 0.62954 0.9928 -1.261 -0.0076355 0.93519 0.917 -0.87022 2.0026 0.56937 0.57586 0.29425 1.6725 -0.27945 -0.65604 -0.49267 2.5271 -2.9209 -0.27426 0.84683 1.8565 0.56805 1.6212 0.39911 1.1433 -1.0211 2.5891 -1.65 0.96841 2.052 0.51909 -1.5903 -1.374 -0.58969 -0.71098 1.3125 -0.30245 0.11179 -0.59384 -1.3207 -1.1448 0.87581 -0.73367 -1.7816 0.94684 -0.75533 0.40816 -1.1965 0.24652 -0.23515 -0.53836 1.367 -0.11734 0.022574 -0.63955 0.41108 0.31056 1.2052 0.60849 0.44232 -1.1687 0.61458 0.51402 2.2828 0.58158 -0.34414 -0.60455 1.3935 0.65265 -2.4233 3.1503 -0.40764 -0.85541 -0.40061 0.14635 -2.0257 0.84745 0.94014 -0.29041 1.5416 0.70487 1.1107 -0.44132 0.30725 
citrus 0.31266 0.34422 1.7097 -0.58768 -0.58233 2.183 -0.51212 0.2871 1.303 0.70237 1.435 0.84566 1.4423 0.27783 0.85129 2.6579 0.50437 -0.30838 -1.1001 -4.3088 -0.062563 1.1706 -2.8018 0.68682 2.8279 1.7003 -0.89507 -0.22783 -0.18693 -1.1771 0.922 -0.44464 -1.7446 1.2509 -0.91191 3.5347 1.6635 -3.0469 -1.3643 -2.2649 1.1907 -2.1901 2.0998 -0.037287 0.24596 0.28448 1.2928 -1.1661 0.82671 -1.1898 -1.6072 -1.6871 -0.71228 -1.4192 2.6591 -1.2218 -1.9701 -2.0419 -1.0282 1.316 1.8725 0.5783 -0.48845 -0.65755 -1.3852 1.9228 -0.6531 2.1706 -1.3313 -0.83813 0.94251 -0.37368 1.7292 3.167 -0.13462 -0.98435 -2.749 -0.79666 0.52104 2.1734 2.33 -0.76861 3.6171 -1.2807 -0.029392 1.2169 -0.82518 -0.38626 1.1884 2.3511 -2.1683 0.85287 3.3836 0.17898 -2.2154 -0.13844 0.20408 -4.2839 -0.87502 -0.78902 
cherry 1.3215 0.61825 -0.31183 2.7392 2.7076 2.1071 -1.1379 1.3972 -1.3516 -1.1835 3.0878 2.3842 1.8623 1.274 1.1844 3.45 -0.76856 -1.9078 3.4623 -2.3174 -0.78105 -0.62374 -0.54168 -0.2183 -0.27127 3.8167 -0.35715 -0.016215 1.3088 -2.627 -0.28709 0.1951 2.4052 -0.67299 -0.57124 2.4703 2.834 1.2566 2.9517 -1.4892 2.5122 -0.079923 7.3657 0.60492 3.1091 2.7861 0.32256 -1.7596 -1.8441 -2.6095 -1.1077 0.22852 -1.6808 -0.96081 0.81716 -3.766 2.4545 -1.4661 -2.6302 -0.5705 4.8405 -1.4504 0.83792 -2.6675 1.6246 1.8997 -0.82652 0.67698 -3.9179 2.4885 -0.38164 -1.56 1.1728 3.01 0.55609 -0.32798 -2.755 0.9383 0.45002 3.5801 4.5469 -2.3847 -1.4242 0.23841 0.39009 -2.3162 1.4315 -0.68079 -0.79624 0.15304 -1.7652 -0.51683 2.46 1.9639 0.18502 -0.23077 0.013603 -1.868 0.4205 -0.98753 
leather 0.46154 -0.7279 1.3838 0.52353 0.69699 0.39874 -0.81238 0.26729 -0.84159 -0.17654 2.5456 1.221 0.82343 -1.5286 -0.47905 0.76151 -1.0878 -2.1119 0.8643 -2.6091 -1.2291 0.49389 -0.94864 0.28262 3.3244 1.4661 -0.44515 -2.0314 2.2931 1.3682 0.70194 -0.29497 0.88617 -0.1065 -2.2805 -0.55915 2.6285 -1.4833 0.63967 0.078397 1.9341 -2.7104 1.2741 -0.61314 2.1206 1.0549 1.2556 -1.0163 -0.77872 -2.0726 -2.7713 -1.9569 -1.5608 -2.2888 0.25391 -1.2081 0.43288 -1.0451 -0.72956 0.43772 1.0618 -1.0837 -1.5566 -0.33348 -2.4587 2.5526 1.2229 0.79091 -0.015198 0.41008 -0.76338 1.6117 1.3555 1.8628 -0.27623 0.89209 -0.24513 0.057926 0.455 1.5855 1.4128 1.5639 1.4106 -0.25197 -0.44472 -0.41308 0.22124 0.52801 -0.96584 0.81958 -1.6919 2.215 3.8645 0.43572 -3.9676 0.87992 1.3165 1.2403 1.3207 0.48306 
rose 1.0711 -0.59689 -1.2496 -2.3488 1.3653 1.0224 -3.1117 2.3214 0.62292 -3.8188 3.2603 0.80542 2.8993 0.20405 -3.3966 -1.3782 -0.18711 -3.5408 -1.7781 -3.3662 0.55241 0.69231 -2.2517 -0.69618 1.3215 3.5287 -0.90283 -5.2677 1.6518 2.7157 0.81902 -1.0662 -0.66243 0.39462 -1.3393 3.6757 6.5656 -2.3228 1.0855 -1.2017 2.0673 -0.14097 5.5107 2.1484 -0.13101 -0.14186 1.7171 -1.6129 -0.91928 -1.3257 -4.8575 -2.8699 -0.035925 -2.0059 0.083238 0.46783 -1.2015 -1.3747 0.72745 0.0035398 0.14406 -4.2062 -4.147 0.43183 -4.9748 2.1853 1.1824 -0.34769 0.59204 -1.6745 -1.8816 -0.41396 1.004 2.377 2.8024 -2.0668 -1.1342 -1.7008 3.5944 1.1659 1.4251 0.35372 2.0551 -0.89742 1.3793 1.6808 -0.10708 -1.3541 -0.079685 0.68154 -3.6468 -2.538 3.1986 1.0615 -1.2684 1.7489 0.10564 -0.46367 -2.584 0.22589 
honey -3.3234 -1.9254 -1.4744 2.8584 -1.9025 1.7471 -1.2363 1.4398 2.2649 1.2761 1.6514 1.1858 1.2435 -1.7814 -0.8372 3.6671 1.0035 2.2774 0.90229 -1.4225 1.9905 1.562 -2.0061 -0.050896 2.0191 1.495 0.20315 -0.2334 1.3374 -0.97045 0.52593 -0.54861 2.0038 -0.22487 -1.5494 0.8898 2.7745 -1.3038 0.11429 -2.9042 -1.4476 -2.4849 0.80597 0.59244 0.8794 0.8727 -0.58672 -1.1216 -0.33587 -2.5647 -0.96947 -1.9486 0.57358 -0.71346 -0.45389 -1.5837 -1.7598 -0.31285 -0.95209 -1.8871 2.9643 0.9593 -2.7121 -2.229 0.82241 3.2001 0.28133 1.351 0.3337 -0.1516 -3.2981 -1.3347 0.88367 1.1312 1.5851 -0.67636 -1.9491 1.5359 0.55888 -1.0285 1.2519 1.4444 1.457 0.20907 -1.2378 -1.2651 2.0033 1.5384 1.2431 1.1293 0.25521 -1.6193 1.4324 0.95747 -0.76813 1.8913 -2.1673 -0.41688 0.16162 0.53809 
berry 0.61977 1.1004 -0.43176 2.3752 2.237 2.6715 -1.5627 0.77971 0.13107 -2.6983 3.6285 2.2497 2.9802 1.1002 1.1548 3.921 1.6551 -0.89005 3.2751 -3.3257 -0.53838 -1.5007 -1.0523 -0.54856 0.28857 2.9379 0.17166 0.036153 1.7986 -2.874 -0.52248 0.30382 1.776 -0.090579 -1.6936 1.984 2.8633 0.83777 0.76088 -1.4914 3.1727 -0.24995 8.2905 1.4847 4.2935 2.9879 0.98671 -2.6054 -1.4904 -2.3805 -1.0393 0.43143 -3.6748 -2.057 1.2098 -1.6629 1.6853 -2.7316 -1.8278 0.45166 4.6955 -1.282 0.23041 -4.472 1.2818 0.95048 0.70063 1.0851 -3.4009 0.5426 -0.57577 -1.9834 2.2721 4.349 0.71411 -0.68726 -3.0563 -0.3125 0.24896 4.5722 3.7708 -2.0542 -0.58163 0.11298 1.0951 -1.2018 2.3724 1.2824 -1.6109 -0.0016409 -0.067318 0.050234 2.5846 1.1194 1.2844 0.50086 0.29134 -2.7743 2.0915 -1.2894 
lemon -1.0004 -0.5073 0.86305 0.54063 -0.90074 2.3603 0.15173 0.83797 1.3938 2.3801 2.0906 0.014842 0.947 0.8294 0.28572 3.4728 1.2959 0.5532 -0.47621 -3.4807 2.3236 2.1716 -1.8347 0.24723 2.4222 2.4325 -0.77027 1.2199 -2.4666 -1.408 -0.47792 0.28342 -0.47425 1.6774 -0.36739 3.4413 2.1408 -3.1617 -1.3516 -2.851 1.3926 -1.5648 3.449 0.36291 -0.26718 0.83994 0.96354 0.4813 1.5146 -2.4271 -2.0319 0.029514 2.1282 0.74305 1.9698 -2.6113 -3.8538 0.0065226 -1.7555 0.59086 2.6277 -1.1378 1.2197 -2.105 1.2908 1.9739 -0.77541 2.3399 -0.62173 -0.0061952 0.51646 -1.8664 1.1442 2.7823 0.86216 -1.3793 -3.8207 0.19355 0.55019 0.71114 2.1664 -2.619 2.2891 -1.6905 1.3103 0.42697 -0.17659 -0.98243 2.0889 0.95414 -2.8858 -1.1335 1.6109 -0.36332 -2.2377 1.3645 -0.078039 -2.7324 -0.18301 0.71244 
apple 0.48973 2.0765 0.31447 0.92613 0.16249 0.97536 -1.6137 1.008 0.33236 -0.15448 1.5312 1.0567 0.8586 1.9616 0.13835 4.6024 3.262 0.72307 2.0045 -1.7419 -0.36537 0.90264 -2.9711 -0.53119 -1.3176 2.1038 -1.1076 4.1035 -0.4256 -2.5112 0.06876 -1.5832 1.653 1.7415 0.7671 1.8755 1.3442 -4.8228 -1.2727 -3.5089 0.28981 -1.7042 4.4586 0.86147 1.2395 1.5046 -0.60177 0.79593 0.91432 -2.4759 -1.3303 -1.0345 -0.45919 -1.2876 1.8217 -3.2099 -2.2104 -1.2865 -3.0176 -2.1227 2.714 -0.76867 0.66873 -4.2634 1.3461 1.7077 1.1861 1.5153 -2.3595 0.29165 -0.80151 -2.6209 1.7683 3.5093 0.67961 -0.85627 -2.6624 0.45751 0.30655 1.5867 1.5906 -0.65219 0.85008 -0.888 0.60788 -1.9521 1.8087 1.496 2.3189 3.0395 1.0357 -0.14192 3.0008 0.34804 -0.99716 0.62348 -3.0676 -3.8013 0.94088 0.58101 
cinnamon -2.1128 -1.3096 -0.58534 1.3012 0.66274 0.47913 -0.89326 0.12738 -0.43326 -0.024864 1.6114 0.78323 -0.40715 -1.0969 0.43697 3.1364 1.7525 0.4303 0.25206 -1.0567 0.19127 2.1493 -1.7975 0.15518 1.0169 2.2795 0.071093 -0.16466 1.1943 0.53488 -0.63656 -1.1395 1.3764 -0.3946 -1.7611 1.2558 2.7592 0.25558 1.9561 -1.9874 1.0805 -1.2317 2.8066 -0.60875 0.84476 1.7275 -0.20769 -1.1443 0.90845 -1.3031 -0.24286 -0.44393 0.12956 -0.22734 -0.44304 -1.5676 -0.95122 0.55522 -0.89911 0.33021 1.8819 -0.39397 -1.4374 -1.1434 -0.59412 0.41625 0.58999 1.46 -0.37241 -0.2379 -2.6674 -1.4912 0.79761 0.31283 1.577 0.67627 -3.2466 0.26415 -0.22389 1.4215 0.64899 -0.83169 0.06423 -0.24322 0.06175 -1.311 2.1985 0.68163 0.59154 -0.071112 0.4557 -0.48655 1.5511 -0.41517 -1.7049 1.4195 -0.36223 -2.6385 -0.64101 0.38869 
orange -0.090936 -0.087741 0.47048 0.36779 -0.045235 2.8301 0.073359 -0.19961 1.4145 1.543 2.892 0.12796 0.02981 0.50515 -1.1777 2.5145 1.0792 -0.75314 -0.78475 -2.8891 1.09 1.831 -1.7262 -1.5182 1.8827 1.6446 -0.48905 0.063942 -1.3642 -0.15183 1.5449 0.4033 0.71576 0.35498 -0.26709 1.5926 3.8288 -2.9314 -1.4581 -1.906 2.7013 -0.52803 3.0902 0.30557 0.55422 0.6526 0.35555 -1.5653 -0.25916 -2.8428 -1.598 -0.89286 0.66267 -0.66537 1.5446 -1.6382 -1.4336 0.45943 -1.682 -0.62101 0.76489 -1.3625 -0.27862 -1.783 1.0591 1.0905 -1.4686 1.9793 -1.0225 -0.001668 -0.53356 -2.0793 1.1552 2.3363 0.0081134 -0.18394 -2.7519 -0.63605 0.063002 0.65558 0.46649 -1.2367 1.7102 0.14364 0.85086 1.4388 -0.49106 -1.6369 0.60225 2.0203 -1.8099 -0.54598 1.0338 0.41805 -1.6491 1.0799 -1.4746 -2.5251 -1.4142 2.0194 
tobacco 0.061813 -1.4455 -0.24261 1.313 1.4974 1.0961 -0.74552 -0.091638 -1.1141 -0.14616 2.5291 0.88279 2.1578 -1.9914 -0.25442 1.5142 -1.9426 -1.1149 -0.033256 -2.4721 -0.8091 1.1228 -1.2328 0.92926 1.4099 1.7966 -0.75138 -1.7978 2.9956 0.38129 0.28618 -0.63763 0.35421 -1.132 -2.686 -0.52404 2.7598 -0.38947 0.43654 -1.4923 2.1046 -1.8036 2.0836 -1.0567 2.1308 1.645 1.0932 -1.7151 -0.2531 -1.7203 -1.6218 -2.0897 -0.87956 -2.2428 1.0026 -0.5801 0.098898 -0.59527 -1.2325 0.28453 1.8345 0.33726 -1.4659 0.075049 -1.8143 2.9111 0.22725 0.77337 -2.5321 0.5353 -1.9774 1.2837 1.7823 1.6128 0.06117 1.3929 -0.46338 0.17885 0.74094 2.7619 1.9184 -0.81485 -0.66131 -0.59974 -0.19897 -0.006766 1.2197 1.1026 -1.8608 1.2435 -1.706 1.4167 4.0915 -0.3312 -3.1237 0.84595 0.62452 -1.5387 0.53707 0.47315 
blackberry 1.3955 -0.24988 -0.33752 2.111 3.0423 2.1542 -1.2501 0.91844 0.1927 -0.80504 3.1384 2.9717 2.0263 1.7896 2.036 2.3514 -0.57887 -1.6054 2.0254 -2.424 -0.29271 -0.86985 -0.59337 0.29663 1.1491 3.4739 -1.6298 0.23551 1.6245 -2.5432 -0.68778 0.15642 3.2425 -1.0715 -0.24821 1.5859 2.8776 1.4832 2.9747 -0.48449 2.9214 -0.005952 5.0032 1.5047 2.41 3.1635 0.69024 -1.8949 -1.5768 -2.5728 0.11844 1.08 -2.6886 -0.77148 -0.5312 -2.9868 1.97 -1.7711 -2.7142 1.1967 3.197 -0.40215 -0.3439 -1.6642 0.1833 2.2613 -0.48521 1.379 -3.0862 2.1775 -1.835 -1.3544 2.4488 2.2291 -0.10746 0.56064 -0.63074 0.27947 0.10345 3.7844 3.7704 -1.5229 -0.96512 -0.5118 0.13214 -1.2542 0.81601 -0.19618 0.359 -0.4071 -1.1182 1.1513 2.5466 1.0523 0.95065 -0.0207 0.41493 -1.701 -0.62978 -1.0313 
oak -2.1374 3.4021 0.0097923 -1.8697 -2.8014 4.0902 2.2269 3.776 2.1102 2.3935 10.606 7.3291 1.6825 4.3623 9.8626 3.5616 -5.8674 0.27927 1.9052 -5.9158 -4.4528 -5.5874 -2.3206 -0.53821 6.2211 4.3203 -8.6096 0.90841 3.8274 -1.4311 2.484 -4.792 0.4221 -2.1477 -0.72036 1.7068 2.3831 1.8418 2.7953 -1.9803 0.067247 -3.2534 4.6624 -1.4129 1.9512 3.2053 0.22862 -1.5295 -0.37521 -6.5653 1.9815 -1.9858 -8.8102 2.5776 -0.64261 -4.064 5.3735 -5.2045 -8.2495 -1.2812 5.4318 -2.1534 1.5036 -5.8106 0.57395 6.9115 -2.4323 5.1911 -7.0779 1.2141 -6.8108 -2.8948 1.7282 1.5926 2.4211 6.4023 1.2405 -6.1341 3.4199 7.8783 3.97 -2.1248 -2.872 1.9358 -6.8848 -10.943 4.3856 0.14166 5.2043 -3.9289 2.2715 5.19 10.64 5.6804 -4.4161 -1.3044 1.4553 4.9409 2.6016 -2.4201 
peach 2.4389 1.5284 -2.2037 2.0451 -1.1143 2.9895 -2.5478 0.66797 1.8407 0.85163 2.9867 1.9448 0.40274 2.1594 -0.13162 5.4844 1.1769 1.2931 2.6185 -3.0165 -0.16424 1.0645 -2.3388 0.17922 -0.28897 2.1696 -2.2034 1.5553 -0.21771 -2.8187 0.29942 -1.4787 2.1098 0.98158 -1.027 2.3524 1.2245 -4.2152 -0.7193 -3.0408 1.1212 -1.6494 3.9236 0.66087 1.1604 0.22424 1.001 -0.96175 -0.3924 -3.0078 -2.0213 -2.1359 0.59775 -1.9014 1.6345 -3.7322 -1.5507 -0.9094 -1.3871 -2.4604 2.0927 0.38415 -0.89579 -2.796 -0.13686 1.1928 -0.42811 1.9695 -1.2794 1.1188 -1.7001 -3.1805 0.2876 1.4971 0.87025 -2.7503 -1.077 0.12798 1.4244 -0.81049 2.4327 0.98907 1.3505 -0.33977 0.35268 0.98822 1.0939 0.90401 2.5723 2.0034 -1.1822 -1.4133 1.4331 0.71787 0.20569 0.59744 -2.3381 -3.7856 -0.5735 -0.35208 
coconut -1.6989 0.94015 -1.1041 1.7226 -1.8396 1.6263 -0.11278 1.6428 1.6993 0.7135 1.7716 -0.9345 1.3087 1.0476 -1.8137 1.2645 -0.18223 0.34383 -0.79868 -2.0154 1.4899 1.3376 -0.20048 -0.85919 2.7367 0.89576 -1.0586 1.1937 1.6651 -0.45212 -1.7271 -0.050511 3.8129 0.4453 -1.1557 0.83398 0.73627 -0.71331 -0.67699 -0.78822 -0.20007 -2.0878 0.6861 -0.16036 2.124 0.45128 1.2968 -1.7413 0.19586 0.1839 -1.9078 -0.022135 0.77159 -0.60916 -0.4709 -1.5172 -0.75207 2.5067 0.91683 -1.3525 1.0509 0.19882 1.3102 -2.2185 0.34459 -0.93266 0.6853 1.9272 -1.536 -0.34086 0.62865 -1.3903 1.0085 1.9038 0.5606 0.56766 -1.0749 0.94904 1.1985 1.2219 -1.041 -0.70431 0.73318 1.1901 0.1782 -2.1653 2.7384 1.6922 1.0921 -0.70557 1.6321 -1.9359 0.8798 -0.44383 1.7739 0.98454 -1.5844 -1.0576 -0.79575 -0.59535 
incense -2.2633 -0.50289 -0.52845 -0.14364 0.83745 1.3018 -2.2781 0.62049 -0.81313 0.14187 0.41787 -0.20233 -0.50714 -0.12748 -1.2429 -1.3432 -0.55355 -1.7956 -2.1415 -3.5594 -0.10482 1.2376 -2.6742 0.85878 1.5166 1.8359 -1.7178 -3.9707 1.4738 0.16136 0.17361 -0.66807 0.63897 0.63623 -2.4521 0.44649 2.6136 0.078286 -0.18502 0.29522 1.0296 -2.3354 1.9098 -1.1977 0.0018019 -0.6098 0.058064 -2.528 0.16702 -0.54745 -2.9993 -1.5734 -0.21615 -1.7628 0.27027 0.41994 -1.1411 -0.26006 0.15034 0.78326 0.83942 -0.5172 -3.2989 1.5278 -3.1985 1.6408 0.18222 1.9451 -0.18553 -1.8342 -1.7309 0.96859 1.9675 1.3435 0.2476 0.38416 -1.083 -0.30731 -1.1287 3.4737 1.2192 -0.040188 1.0344 -1.6085 -0.47629 -0.21434 0.80969 -0.040056 -0.63205 0.83213 -1.5213 0.77423 3.4753 1.6357 -4.5182 0.66841 -0.72122 -0.90313 -0.8194 0.02149 
raspberry 1.0191 0.53677 -0.23651 1.8679 1.6562 0.69054 -1.1986 0.57405 0.07271 -0.97979 2.9078 1.9057 1.4231 1.3956 0.38728 2.2975 -0.24495 -1.0244 1.7307 -1.8791 0.149 -0.53548 -0.87339 -0.52675 0.28958 2.9711 -0.62405 0.030307 0.15103 -2.022 0.013761 0.35236 1.6678 -0.36838 -0.65625 1.9451 2.3473 0.16139 1.6314 -1.992 2.2183 -0.4118 5.6548 0.36059 2.1951 1.6079 0.12535 -1.1295 -0.62503 -2.0861 -1.2618 0.26165 -0.60198 -0.58565 0.97789 -1.7945 1.1121 -0.72365 -2.3874 0.077722 3.1666 -1.4627 0.16763 -2.2126 1.3009 1.5885 -0.84238 0.82697 -1.7 1.301 -1.1427 -1.9802 0.23654 2.4602 0.65579 -0.51687 -1.5123 0.38227 0.072179 1.7702 2.9747 -1.8051 -0.68606 0.21169 0.20429 -0.76842 1.2114 -1.1715 0.00010758 0.31959 -1.1027 -0.77113 1.7878 1.5431 0.74125 0.66461 0.01744 -2.1862 -0.21576 -0.89709 
almond -1.2797 -2.0394 -1.1653 1.4424 -1.8009 1.9498 -2.3692 1.4353 0.92461 -0.58632 0.79994 -1.1595 -0.10199 -0.91975 -2.1477 2.9835 1.0035 1.5353 0.10083 -1.1334 0.30136 2.184 0.37771 -0.27484 2.1135 2.8149 -1.1291 0.9881 3.7568 -1.3068 1.5131 -1.9079 3.4596 1.3878 0.19317 1.2677 1.9346 -2.0494 1.5751 -1.1075 1.1304 -1.5 2.6589 -0.90654 1.6585 1.626 -0.14095 -1.0267 -1.5514 -0.22304 0.091244 0.72713 0.91343 -0.96595 0.26301 -0.67394 -2.6497 1.1007 -0.1725 -1.558 2.4724 0.72671 -0.3011 -1.5878 2.2442 -0.0085857 1.3498 0.10138 -0.48275 0.40965 -0.95473 -0.14282 -0.14784 1.8139 1.3595 1.5958 -2.9344 0.56332 1.0879 0.88579 0.10189 0.41402 1.1153 1.0186 1.1287 -2.0218 2.5147 1.2688 0.1729 0.57853 0.60222 -1.8828 2.0733 2.1652 0.79988 1.1978 -1.9963 -1.3202 0.093177 0.96642 
lavender -1.2877 -2.3669 0.13303 -0.52704 0.93592 0.53461 -0.7594 -0.33574 0.33026 1.2921 1.0692 1.0387 1.0771 -0.73573 -0.72574 0.23631 0.1553 -0.20764 -1.1323 -2.9148 -0.3188 1.2034 -1.1437 1.1479 2.5933 1.7339 -0.13273 -1.5571 0.8938 1.677 0.85609 -0.38558 -0.8854 -0.75003 -1.8634 3.0574 2.1056 -2.8906 -0.13706 -1.2948 0.87278 -1.2643 1.1926 -0.50955 0.84585 0.50753 0.6558 -0.2878 0.68865 -0.85511 -1.889 -1.1129 -1.3452 -1.3648 1.5163 -0.70015 -2.053 -0.56308 -1.2409 1.3938 1.2267 -0.307 0.094551 -0.12175 -2.2127 1.9128 0.32956 1.1284 1.2013 0.18133 -0.12637 -0.27948 1.9898 1.412 1.0262 -0.68602 -1.8606 0.016073 -0.14675 2.1697 1.7075 -0.58849 3.1113 -1.2812 1.3408 0.037007 0.4361 -0.14366 0.86457 -0.18451 -1.5566 0.51332 3.486 0.14315 -2.0147 0.722 1.4002 -2.1085 -1.3861 0.58081 
cologne 0.43454 0.59706 2.6968 -0.32078 0.60485 0.1998 0.00019364 0.46337 0.76677 1.0767 -1.0655 -0.82078 -1.1312 -0.6844 0.62767 0.042055 -1.0234 -3.3375 -1.5424 -0.79829 0.62043 -0.078114 -1.1478 0.20882 1.3255 -0.60697 1.7147 -0.82091 1.929 1.6074 1.7239 0.43465 -1.4328 -1.1391 -1.9293 0.54176 0.26293 -0.3183 -0.017377 -0.017628 -0.69168 -1.2941 -2.6575 -0.80616 -0.4581 -0.83905 0.34986 0.2078 0.24141 0.11167 -1.0414 -2.2407 0.62237 -1.7486 1.7438 -0.36938 -1.9362 -2.5356 0.32425 0.36743 -1.6311 -1.892 2.45 0.62559 -1.6258 2.057 -0.35463 1.2132 1.1568 -0.22726 2.8892 1.4156 0.83774 2.3461 0.029571 -1.3677 0.48046 -1.2878 -0.23527 0.0010646 0.67693 -1.8002 2.7943 -0.42597 2.3038 0.30354 -0.68985 -2.423 -0.52594 0.44921 -0.96716 0.55157 2.5937 1.673 -1.6386 -1.2818 1.0345 -0.58254 -1.3778 -1.2925 
cedar -1.6262 -0.099115 0.36759 -0.2195 0.92063 0.77179 -1.3943 0.0062487 -1.6201 0.63409 1.356 -0.97268 0.67428 -0.5636 0.60094 0.26327 -0.54925 -1.949 0.090824 -4.7743 -1.1844 2.1509 -1.6025 3.1069 2.5839 4.0619 -1.2532 -0.67809 2.4219 0.9468 -1.1983 0.014318 0.58595 0.046886 -2.6153 2.2404 2.279 -0.15765 -0.20751 0.095509 2.5073 -1.3973 1.8708 -0.035913 2.8826 1.2674 0.58245 -2.8788 0.53208 -1.6871 -2.554 -1.3013 -0.86374 -0.6105 0.48944 -0.25208 0.65849 -1.0164 -2.1586 2.6059 3.4454 -0.47893 -2.5459 0.29953 -1.2314 3.7688 0.85692 1.4779 -1.1509 0.39275 -2.2134 -1.3532 2.1192 0.8048 1.0795 1.2547 -2.0928 -1.2062 0.92077 5.2295 1.0041 -1.6044 0.91509 -1.0743 -0.4382 -0.78458 0.76382 -0.46298 0.32157 0.17972 -2.3667 1.2662 5.8584 0.50532 -3.2047 1.2446 0.60451 -1.535 -0.16052 1.5146 
cheese -0.4428 0.94681 1.93 1.284 -3.1548 -0.92523 2.1965 1.1852 -0.90067 -1.1668 -1.6661 0.94798 0.059092 1.0585 -1.147 2.2102 4.4577 0.86271 2.4704 -0.5924 -0.90408 0.3245 0.28813 0.9806 3.2562 1.2636 0.53897 -0.54078 -0.51635 -1.7111 -1.3724 -0.62821 2.6421 2.4698 2.2611 -0.66517 -0.034931 -1.6734 1.0572 2.0617 0.81624 0.87553 1.191 0.1114 0.73354 3.2075 0.83496 -1.0996 1.0765 -1.3409 -0.65904 1.4514 -2.8212 2.5991 0.52931 -2.4345 0.22881 2.5569 -2.2149 -2.4709 0.7237 -4.6046 0.74522 -1.9123 1.6154 -0.78444 1.0696 1.3022 1.1849 1.5385 1.1337 -0.22348 -1.3045 0.20512 0.6775 -0.11373 -1.479 1.2262 0.30999 0.12979 -1.6225 2.4146 1.2445 0.32904 0.48482 -2.9713 1.4764 -0.68281 0.89981 -0.3204 -0.15631 0.52031 1.4753 -2.7222 -2.6715 1.4573 0.043914 0.84973 3.2405 0.59947 
mint -2.0666 -1.5867 1.4917 2.2398 0.36553 1.02 0.23486 -0.67297 -0.54344 3.4211 1.7431 -0.82217 3.5194 1.8578 0.0042149 3.2553 -1.5024 0.32635 -0.91402 -2.2809 0.0007101 2.0477 0.94398 -1.735 4.1684 3.3596 -0.86072 -0.14474 0.35956 2.2866 -2.1457 0.91317 -0.71363 -4.3382 -2.6011 3.278 2.9769 -3.432 0.15379 -0.4339 1.2201 -1.2029 5.3487 -1.4912 1.0868 1.7105 0.75232 0.42501 1.0808 -0.75428 -3.5107 -0.83085 -0.56204 -0.6071 0.66655 -0.81233 -3.1501 0.63321 -2.0687 1.5736 1.3779 -0.0258 0.38742 -2.7218 0.91168 1.8914 -0.63076 3.1603 0.87697 -0.11367 0.47386 -0.46412 1.6181 1.2395 1.101 -0.32295 -3.7987 -1.557 0.91207 3.1591 3.998 -4.1001 1.8685 -0.93956 2.8714 -0.028716 1.8007 0.5971 0.085451 -1.3071 -1.8159 -1.0246 2.6347 -0.76509 -1.1309 1.5738 1.2126 -4.198 -0.68324 0.16938 
popcorn -1.0272 -0.15482 1.0484 2.2554 -3.077 -3.2306 -0.21196 2.18 -0.54546 0.49788 -0.7857 -0.57995 -1.1575 0.96031 -1.3233 2.5599 1.5836 1.4192 1.4233 -0.49224 -2.2543 -0.8681 2.3629 0.56614 0.0053573 0.18552 -0.96326 -2.9019 0.68957 -1.1873 0.71086 -1.0005 2.3148 1.9535 1.204 1.9753 1.2452 0.76887 -1.0567 0.23357 -0.87073 -0.79979 0.44407 -1.4634 -1.2762 -0.91281 -0.019657 1.054 1.138 -0.27749 1.9945 2.2255 -2.1767 0.76213 -0.44585 -1.5477 -1.2944 1.5298 0.081062 -2.1823 -1.8742 -2.5555 -0.66778 -1.676 1.7166 -2.1969 -0.14472 -0.81654 0.82285 -1.0927 -0.48215 0.083951 0.99276 0.23977 0.25711 -0.88569 -0.08253 0.61558 -0.20161 -0.053978 -1.4018 0.1468 0.61046 0.55722 -1.1314 -3.3567 1.7129 0.30204 1.0407 -1.959 3.7911 -1.8576 1.1733 -0.51617 0.8427 -1.3911 -1.7188 0.36789 1.2104 -0.32263 
bread -1.2274 -0.0054593 -2.0891 0.64457 -0.13619 -0.4664 2.5284 0.12137 0.057405 -2.9778 -1.312 -2.4313 -0.93674 1.6867 -1.321 5.1214 4.4199 2.808 0.58003 -0.18195 0.27083 -0.068092 -1.1592 1.7589 0.46677 -0.78803 0.27511 -1.4948 -0.3011 1.0811 1.2923 -1.7022 1.7219 0.259 4.1474 1.7365 -0.80083 0.97435 1.3796 -1.2915 -0.19448 0.062521 -0.16479 1.7243 -0.16531 0.71655 0.60185 -0.68688 1.4974 -0.90051 -0.16416 0.19982 -3.7545 0.65764 2.297 -3.6267 -1.803 3.3791 -1.802 -2.6151 0.46484 -1.179 -0.21189 -2.0001 0.65226 0.055288 3.4633 -0.75107 2.5961 -0.62651 0.093735 -1.0565 -0.41799 1.4781 0.91471 -0.6233 -2.0663 3.7829 -1.2151 -2.3591 -1.4865 0.74771 -1.0569 1.1017 1.188 -3.0766 4.1624 -2.2025 0.30462 -0.79174 1.6114 -0.97619 2.3819 1.4482 -2.5494 -1.2587 -1.013 0.27378 3.1984 -1.0099 
smoke -2.3619 -0.70009 0.71625 2.463 -0.09376 -0.67416 -1.6466 -0.553 -2.066 0.44276 0.66854 0.020187 1.8163 1.9428 0.031583 1.7964 -0.66709 -0.56048 0.66841 -3.3078 -0.049722 -0.38284 -1.8192 1.8612 1.7783 3.6338 -1.4128 -1.7238 0.7475 -1.1365 -2.6975 -2.7549 4.5141 1.0784 -1.0556 -2.4687 2.3793 0.30445 1.0512 -0.5811 2.3872 -0.65747 2.9074 -2.1109 2.8248 -0.69797 0.42533 -2.4983 -0.7493 -1.67 0.063026 0.17918 0.48493 -1.2145 -0.76543 -1.7233 1.4899 1.0539 -1.9797 -1.1735 1.0995 0.29548 -3.1144 -1.058 -1.1367 3.152 1.3481 1.0818 -2.4801 2.1408 -0.58598 2.4708 2.4326 -0.30244 -2.5189 2.1508 -0.60448 0.26906 0.477 2.1806 2.2205 0.0084107 0.056431 -1.5245 -2.5542 -0.10807 1.0536 0.095766 -1.8946 -0.2795 -2.0389 1.5814 2.4091 0.37762 -4.0376 -0.86187 -0.38645 -1.2558 3.638 0.70041 
licorice -1.1358 -0.59664 -0.27662 3.5262 0.86407 0.17224 -0.30524 0.35161 -1.4575 0.42107 2.3141 1.2032 1.1357 -0.29493 -1.0054 3.2639 0.53485 -1.3376 0.43981 -1.7668 1.1382 0.69101 0.17822 0.6297 0.75466 2.5323 -0.90673 -0.49017 1.6994 -0.060429 -0.522 0.35845 0.42146 -2.1727 -1.3978 1.1027 1.4911 -0.162 2.2312 -0.36186 1.7229 -0.69124 3.749 -1.9455 1.7396 0.28418 -0.29679 -0.84893 -2.127 -0.32271 -0.915 0.10504 -1.3258 -0.90634 -0.06757 -1.8033 1.1225 -0.75176 -2.4115 0.21843 0.84204 -1.3426 -0.96321 -0.91383 -0.32748 1.5854 0.23768 0.39259 -1.1466 0.42429 -0.19439 0.77319 1.4913 0.15408 0.13166 0.29344 -1.5098 0.66832 -1.0425 1.7594 2.1259 -2.1134 -1.2277 -0.37052 1.6442 -2.6327 2.2968 -0.16698 -0.8308 -0.15674 -0.50597 0.15423 1.9636 0.037187 0.38026 1.3941 -0.28218 0.29416 0.094793 0.9559 
violet 0.17846 -0.9116 0.55669 -0.94094 0.57821 -0.7572 -2.4428 0.43298 -0.36846 0.66809 1.4299 1.7761 2.1687 -0.28494 -1.0665 0.67755 -0.38695 -1.7405 -0.23627 -3.0841 -1.3328 1.6328 -0.1957 0.55791 1.8947 3.1966 -0.73217 -2.3349 2.1565 1.1461 0.26564 -0.28888 0.84054 -1.129 -1.1511 2.7406 3.7879 -3.102 0.15979 -0.50325 1.7931 -0.20434 4.2451 0.22962 1.5356 0.79351 0.49679 -1.0436 -1.8468 -1.119 -2.7923 -0.092263 -0.58885 -1.8334 2.0099 0.17207 1.4372 -1.1346 -0.40001 0.0071607 0.36529 -0.77078 -1.9342 -0.78616 -2.1825 2.0619 1.2657 0.19083 1.1048 0.86169 -1.1125 -0.58871 1.8693 1.8923 0.10537 -0.83497 -2.2834 -2.0338 0.95627 1.7779 0.96159 0.2406 0.4922 -0.35343 1.5787 0.045397 0.34647 -1.3951 -0.047993 -0.93217 -3.2772 0.087847 3.0501 0.47029 -1.2442 0.49791 0.47829 -1.5923 -1.9655 -0.02972 
strawberry 0.25735 1.2646 -0.99193 1.0908 -0.029419 0.57494 -0.65285 0.41602 0.48528 -0.90465 1.553 0.53949 1.4927 1.2238 -0.47998 2.9596 0.78063 0.0035286 2.8939 -1.1098 -0.35443 0.17557 -0.72202 -0.58923 0.058034 1.1883 0.16246 0.89297 0.60473 -1.1914 0.030765 -0.19315 1.6297 -0.71816 -0.01514 1.0103 2.0703 -1.1543 0.9666 -1.7681 0.73297 0.072368 4.2909 0.10436 2.2899 0.86073 0.23551 -0.092843 -0.039511 -0.8978 -1.1497 0.045049 -0.64324 -0.45435 0.92415 -1.055 -0.26415 0.70478 -1.1259 -0.91082 1.3907 -1.7092 0.63773 -3.3469 1.1091 1.1313 -0.052736 0.59806 -1.2066 0.18109 -0.10848 -1.3152 0.36598 2.382 0.93363 -1.1057 -1.9266 0.35895 0.96532 1.3432 2.0111 -1.3849 -0.22585 0.82459 0.64182 -0.92345 1.1621 -0.67099 0.040635 0.62572 -0.51347 -1.0464 1.1092 0.97811 -0.34298 0.96416 -0.58171 -2.3706 0.17354 -0.76732 
pear 2.6003 1.7686 -0.17282 1.231 -1.1065 3.1643 -3.2848 1.9491 2.5677 0.06604 2.596 2.6667 1.6569 2.9905 0.38614 6.2909 1.6158 1.6749 2.513 -3.0215 -1.157 0.91688 -1.6811 0.24918 -1.4215 3.4831 -4.3166 4.2784 0.7239 -2.0298 0.20423 -1.6238 3.1186 2.1341 -0.3062 3.1637 -0.52809 -5.9778 -0.93447 -3.5247 1.1631 -2.3704 4.0391 1.7737 0.5416 0.87236 -0.76725 -1.2904 0.10795 -3.0622 -1.8523 -2.6905 -0.78652 -1.2085 0.94711 -5.2448 -1.9449 -2.0824 -2.0878 -3.0234 2.4661 -0.0013498 0.85265 -4.1236 0.46196 2.0535 0.77309 1.1342 -2.251 0.72248 -3.0856 -2.9229 2.2152 2.1739 0.56309 -2.6223 -1.8125 1.2602 0.64636 0.54581 1.1184 1.0108 2.6525 -1.0987 0.57654 -0.59649 1.8336 1.1807 4.3548 3.0463 0.11135 -0.43166 3.8248 -0.42042 -1.3525 -0.44873 -3.2043 -5.3128 -0.050671 0.0061347 
pineapple 0.7541 0.28039 -0.72634 0.77983 -0.36643 1.9344 -0.68707 1.1119 1.8464 0.9226 2.0872 0.37732 1.0216 1.7814 1.1946 2.8201 0.74434 -0.20454 1.3663 -1.95 0.017045 0.5717 -2.5639 0.058518 0.1982 1.7239 -2.2509 2.0109 -0.65483 -2.0705 0.078867 -0.30278 1.623 -0.21849 0.0018719 1.5046 1.739 -2.268 -0.3508 -2.7673 0.64761 -1.7768 2.7484 0.7709 0.73892 0.47923 1.0898 -0.5531 0.59478 -2.2208 -1.0717 -0.58935 -0.078987 -0.77029 0.63151 -2.9382 -0.88875 -0.1977 -1.6368 -0.64188 2.1569 -0.72587 0.89711 -1.5161 0.46019 1.2635 -1.0005 1.6817 -1.8319 0.34614 -0.47066 -1.9748 0.60972 2.5309 -0.8991 -0.19903 0.08267 -0.057203 1.2452 1.6999 1.9082 -0.24257 0.51415 -0.49975 -0.26032 -0.41051 0.2943 0.72703 2.5802 2.3341 0.10402 -0.429 2.4128 0.44725 -0.80844 -0.051975 -1.8553 -2.6121 -0.65997 -0.29337 
caramel -1.0896 -0.43493 -0.7288 1.0539 -1.0755 0.31536 -0.81071 1.6751 1.3404 1.2694 1.5451 1.3204 0.14261 -0.77641 0.57905 2.8576 1.2913 0.808 0.83477 -1.0386 -0.083106 1.3853 -0.36334 0.092946 0.87037 1.7312 -1.3061 0.59794 1.0606 -2.194 -0.094515 -1.8989 2.9267 -2.2333 -0.21071 0.37054 2.7169 -0.28215 0.15684 -1.3432 2.0736 -1.6041 2.5674 -2.3007 0.083635 1.2348 0.083765 -1.9138 -0.72646 -0.55381 -0.56698 1.73 -0.13991 -0.25889 0.96657 -0.42553 -1.505 1.1768 -1.7814 -2.7239 0.82766 -0.66976 -1.9487 -0.95635 1.0606 0.51309 -0.87808 1.0047 -1.4701 -0.025786 -1.7628 -0.67371 1.2338 1.5309 0.55447 1.2117 -1.9351 0.029441 0.18647 2.7948 0.80983 -0.21771 0.38356 0.97684 -0.92133 -1.8837 2.4919 0.19792 0.32836 -0.063892 0.30755 -0.92702 1.849 1.2872 -0.65191 0.16022 -0.2358 -0.3585 -0.34448 0.7436 
grapefruit 0.54866 1.4259 0.65485 0.1023 -0.68682 1.7606 -0.80196 0.97258 0.79612 0.079018 1.4285 0.32797 1.73 1.0808 -0.0001692 3.2018 0.81283 -0.59454 0.15007 -2.8826 1.377 0.52795 -1.8493 0.13284 1.0153 2.1496 -1.6615 0.59556 -0.48031 -1.1923 1.4748 -0.3331 -0.2622 0.618 -0.82224 2.3899 1.5507 -3.1087 -0.97173 -1.6902 1.8304 -0.87485 2.9337 0.53264 1.0081 -1.0504 0.38196 -0.67047 -0.038212 -1.2344 -0.48722 -1.2753 -0.29251 -0.23669 1.0995 -1.546 -0.4936 -1.3752 -1.0218 0.9715 1.5858 -0.25084 -0.28522 -1.5625 0.57004 1.1299 -1.123 1.4133 -0.48264 -0.023925 0.3737 -1.3184 1.6081 2.5646 -0.48481 -0.86537 -1.7093 -0.24832 0.72693 1.6689 1.9558 -1.2558 2.0224 -0.68585 0.37099 0.7928 -0.20768 -1.3513 1.2667 1.3122 -1.6627 -0.47694 2.4258 -0.59073 -0.59792 0.58177 -1.0598 -2.9897 -0.26389 0.18382 
clove -1.7595 -2.5404 -0.33649 1.0501 1.4558 0.98144 -1.3646 -0.81499 -2.1443 0.1337 2.1426 1.1344 0.94778 -1.0443 -0.04062 2.5308 1.984 -1.3578 -0.58312 -2.63 -1.0381 1.8439 -2.3825 0.98609 1.9205 3.8803 -1.7584 -1.6383 1.9739 1.7666 -0.206 -0.53223 1.3774 -0.15659 -3.0936 0.70626 3.1869 -0.93522 2.2555 -1.4585 1.5119 -1.2319 4.5788 -0.54462 0.57407 0.39373 -0.32346 -0.67965 0.36611 -2.3048 -0.50798 -1.414 -1.1289 -1.0405 -0.79873 -1.8262 -0.6213 -0.96116 -1.908 1.9746 2.7556 -0.5987 -2.2144 -1.159 -2.5577 1.9372 0.74623 0.75628 0.19526 0.77693 -2.2974 -1.0902 1.7081 -0.121 1.4456 0.63368 -3.2529 0.28827 -0.081484 1.3512 1.3937 -1.4159 1.3181 -0.86785 1.3638 -2.0399 1.2783 1.0589 0.35185 -0.90954 -0.74664 1.6964 2.4393 -1.5168 -3.9753 0.51795 -0.57719 -3.0895 -1.5488 1.1799 
syrup -0.89377 -1.6671 -2.0787 3.0906 -2.2434 1.8024 2.1625 2.7524 2.4042 -0.029987 0.14681 0.055515 0.49689 -2.5163 0.70941 1.2978 1.6464 2.1792 2.3659 1.2529 1.9397 0.14706 -0.92879 -0.31293 0.12705 0.57875 1.9163 0.11079 0.67483 -0.29959 0.39407 -1.2649 3.8795 -2.1622 0.36321 -0.4118 2.7107 1.9608 -1.3731 -5.4436 -2.4842 -0.0075126 0.60938 -1.5965 0.47332 -0.53602 -0.80474 -1.8202 -0.60179 -1.0903 -0.80389 0.42187 1.4277 0.53991 1.2518 -1.2216 0.3735 0.11149 -0.88998 -2.1526 -0.6765 -0.13884 -0.14486 -2.1547 1.4921 0.78189 0.061554 1.6916 -0.88391 -0.60172 -0.59697 -2.6542 3.7493 1.1649 0.80567 -0.084867 -2.3135 1.9619 -0.52591 0.40998 0.6228 -2.0277 -2.1869 2.0487 0.2291 -0.51946 1.8892 -1.496 -0.0038192 -3.3466 0.98442 -1.9332 1.0065 2.3198 0.57161 -0.40958 -0.57898 0.1336 -2.126 0.07339 
grape -0.43576 0.10181 -0.25043 1.2876 -1.3984 1.1149 -0.012706 0.70324 0.10889 0.84949 3.386 3.1979 3.562 -0.28224 0.776 2.9671 2.7409 -0.55755 2.3494 0.076002 -0.3073 0.39342 -2.0821 -2.7976 -1.1941 -2.5374 0.041517 0.54709 0.60966 -0.77328 1.4016 0.31326 0.89645 1.1586 -0.36367 1.8918 1.9515 -2.7634 -0.61715 -0.59627 1.1969 2.5899 2.813 1.7677 1.7924 -0.58137 0.76907 -0.047208 -0.35764 0.17648 -1.2888 -2.377 -3.8393 1.0716 0.11435 -0.82019 0.5805 1.9051 0.06038 0.44141 2.8207 -2.1008 2.5822 -2.9269 2.7988 1.6905 0.49162 0.73368 -2.6884 0.2657 0.1671 -0.33446 3.0866 1.2245 0.30311 -3.0719 -3.7364 -0.88084 2.5226 2.1463 1.8784 -1.2984 -0.79077 -0.70515 -0.87276 -1.8352 -0.87332 -3.0074 0.44154 -2.3096 -1.5457 0.67265 3.852 2.9934 -0.13754 -0.19041 -5.4543 -2.2801 -0.38691 -1.7532 
fish -0.21896 0.48021 1.918 0.19665 -1.4543 -1.5642 1.0482 -0.1243 -0.99843 -1.1901 -2.3185 -1.8978 1.7872 3.1293 -1.6812 3.1622 0.39074 -0.11456 0.26266 0.41178 1.4555 0.14951 -0.46785 2.8582 1.5855 0.29913 -2.4381 -1.1928 -1.3005 -1.2082 -1.4753 0.05938 3.7371 3.1129 4.4522 1.6206 -0.62595 -1.8584 -1.1303 0.081854 1.8981 1.1459 0.11383 1.9722 0.48296 -1.8899 0.12321 -1.741 2.11 0.1053 -2.2297 1.1916 -1.5109 1.7687 -3.5625 -3.1239 0.84189 2.5328 0.41798 -3.125 -0.61541 -3.2243 2.0488 -1.1076 -0.12907 -0.18183 3.3872 3.1635 0.088881 0.48508 0.91197 -1.0304 0.28695 0.01239 -4.694 1.3374 2.4387 -0.35537 2.2996 1.7862 -0.68501 -0.41529 0.98951 -2.5255 1.0224 -0.53182 -0.28822 0.63619 -0.40974 -0.75524 -0.3387 -0.3243 -0.21735 0.040802 -0.33179 1.5076 -3.6942 -1.1485 5.3313 1.1876 
banana 0.15347 0.3939 -1.1097 0.1146 -0.96492 0.30754 0.01583 0.83491 1.5199 -0.51017 0.4684 -0.90491 1.0311 0.56757 -0.32926 2.8711 1.9474 3.3336 2.1913 0.13973 -0.54128 1.8604 -1.1457 -1.7935 1.0001 0.75436 -0.63796 2.694 -0.48388 -0.095384 -0.82694 -0.366 2.2117 0.18789 0.90606 -0.54349 0.53743 -3.0633 0.66233 -2.0865 0.39234 0.49308 2.9223 0.0146 1.6531 1.3764 1.0883 -1.074 0.32562 -0.99907 -0.95026 0.58069 0.41883 -0.66439 0.31205 -0.8017 -1.4695 1.1161 -1.2775 -1.7471 1.1943 0.48427 1.0273 -3.2002 -0.056271 -0.40108 0.53721 -0.19984 -0.049333 -0.27837 -0.66488 -1.5138 0.056415 3.4677 1.0718 -0.50607 -2.2515 1.1554 1.963 -0.19241 -0.25788 0.096594 -1.3672 1.7985 0.72714 -1.5992 1.6076 1.327 1.9563 0.82927 0.78226 -0.36743 0.86749 -0.30572 -0.2628 1.1817 -2.3548 -2.7867 0.31333 -0.52786 
egg 0.16602 2.6215 -1.496 0.99229 -4.1568 -1.1269 4.8317 -1.4857 0.57348 -4.001 -3.0791 -0.57073 -0.88319 1.42 0.83981 -2.8944 6.218 5.7021 1.9645 3.5006 3.8496 0.97796 -5.0146 3.0641 -0.56174 2.7679 -1.9724 0.34979 -0.77077 -2.3275 -0.29566 0.19685 5.3033 4.4453 8.2487 -0.56912 -0.17556 -7.0603 0.39479 0.64433 2.017 2.6862 1.6665 1.8496 -1.0026 -0.3955 0.27413 -3.6099 0.059394 -0.48685 1.1633 4.5292 -1.9285 1.5445 -2.1779 -0.9484 -1.4873 4.0072 -4.2877 -6.0498 2.2197 -2.3878 -2.3154 -2.3078 0.54881 0.06444 8.284 2.1018 2.6608 3.0367 2.6053 -3.6061 -1.7 -2.9429 1.8667 3.7239 -1.668 1.828 -1.0791 -4.0314 -0.82857 -1.3271 -0.65541 -1.0613 4.8558 -4.7235 3.2899 -0.97676 0.002129 -2.3856 -0.45856 2.1885 2.7545 -0.5271 1.1679 -1.9665 -5.8449 0.19882 -0.46633 -3.9947 
peanut -1.6189 0.92849 0.19658 1.2361 -4.3237 0.90873 0.1997 1.8234 0.57303 -0.68776 -0.21064 -1.6794 0.72397 -0.15357 -1.616 2.9315 1.1649 2.8007 0.71135 -0.58768 0.45826 1.949 1.3329 0.44602 3.9055 0.36839 -1.8734 0.13867 1.0941 -0.11847 -0.19062 0.81562 3.5815 0.17167 1.1078 0.82465 -0.13563 -1.0348 0.52299 1.0481 -0.18655 -1.2807 0.11215 -0.15959 0.15224 1.4894 -0.33699 -1.1425 -0.34079 -2.0382 0.12095 1.6443 0.29226 0.42852 -2.2341 -0.55892 -2.5139 1.4788 -0.583 -2.5885 2.0162 -1.2824 0.54417 -0.99484 2.5225 -2.1862 1.2446 0.26572 -0.3478 -1.1371 -0.26034 0.21806 0.10273 -1.1327 -0.012991 1.357 -1.1321 0.32788 0.25502 0.83358 -0.70173 -0.22463 -0.0013469 1.4001 1.0871 -5.4449 2.1928 3.2819 0.40738 -0.4694 2.3283 -0.69473 1.0949 0.53284 0.78577 -0.0046609 -3.2811 0.57992 0.50948 2.413 
vegetable 0.19592 -0.43072 0.11212 1.2565 -1.0427 -0.152 1.5745 1.0401 0.45883 -1.4241 0.059217 0.32017 0.94299 0.53943 -1.6126 1.7841 1.4979 0.66297 0.35462 -0.058582 0.36197 0.18206 0.35552 0.54215 1.5936 0.12853 -0.62697 -1.0783 1.6099 -0.74001 -1.5955 0.33365 2.1016 1.9435 2.684 0.24853 0.060767 -2.2425 0.31101 -0.99686 1.4379 0.50962 0.19515 0.65387 2.5946 0.29376 -0.95052 -0.16486 0.8331 0.23397 -0.75192 0.086467 -2.5625 0.72481 -1.9562 -1.1591 1.2562 -0.9352 0.011012 -1.9868 -0.65779 -0.11143 1.5414 -1.5633 0.53958 -0.4139 2.8012 2.7769 0.57088 -0.35565 0.78684 -1.8002 1.3492 0.30895 -0.046481 0.83232 -0.82683 0.56489 0.1075 1.0992 0.28867 0.57385 -0.88821 -1.1496 1.2921 -0.87858 0.8898 0.62008 0.1149 0.08848 -0.16539 0.77711 0.78131 -0.87102 -1.2446 1.5847 -1.704 -1.7711 1.559 -0.34423 
raisin -0.026968 -1.0368 -0.63212 1.8807 0.16966 1.3281 0.87165 1.6252 -1.0493 -1.5947 0.20297 0.91302 1.1565 -1.3693 -0.41709 3.9577 1.2747 0.83519 1.078 0.23627 -0.27954 0.40994 -0.24681 -1.3368 1.2593 0.21364 1.1866 0.33379 1.2159 0.41901 0.1683 -0.58382 2.1511 -1.5468 0.025149 1.6765 0.54299 0.6049 3.4072 -1.2534 0.022129 -0.96792 2.4226 2.1414 2.2166 1.9876 -0.83746 -0.61332 -2.0667 -2.3062 -0.155 0.4594 -1.1195 -1.6919 -2.129 -2.1434 -0.30627 -0.17592 -0.99003 -1.4831 2.7149 0.66601 -0.33065 -3.3094 0.37151 1.0543 1.1823 0.76992 -1.5567 -0.14393 -2.0702 0.63615 0.95383 1.5452 1.844 1.7494 -2.053 0.63885 2.6384 0.86853 0.33124 -2.5611 -2.9833 -0.3266 0.79211 -3.8018 2.6975 1.2587 0.83338 0.5093 1.4225 1.2298 0.81456 0.81669 0.40848 0.50455 -2.0024 -1.1981 0.044947 0.63327 
animal -1.325 -0.54101 -0.75387 -0.60099 -0.17384 -0.76281 -0.42463 0.62645 1.2776 -0.17293 1.9002 1.8452 -1.5972 -1.9325 -1.5146 0.87581 0.29164 0.26098 1.0712 0.30768 -1.0027 0.14243 0.64166 1.4145 1.6829 -0.94309 -2.7816 -2.1169 0.23464 2.4538 -1.1879 1.7613 -0.061422 0.63252 0.73971 -1.7989 -0.80234 -1.3781 -0.32236 -0.64087 0.70584 -0.96079 -0.32398 0.88495 3.2134 -1.852 -0.22488 -2.7019 0.91479 0.20516 0.33496 -1.5652 -2.6887 -0.22244 -2.377 -0.00083916 0.7359 -0.46821 0.23328 -3.4509 1.7901 -1.9582 0.22232 -0.15032 -1.0522 2.7265 1.7173 1.3433 0.24644 -0.92374 -1.3717 2.5082 -0.9454 0.70551 -1.3315 0.70071 1.3444 -0.1563 -2.0919 1.9539 0.97508 0.30974 2.9968 -0.19004 0.29985 -1.4121 -0.44385 1.4227 -0.65209 1.5128 -1.1147 -1.2571 0.35642 0.35655 -2.8127 2.0402 -1.1959 0.25769 0.68056 1.0509 
anise -1.23 -2.5213 -0.92755 1.0089 1.8143 0.2427 -0.65535 0.0673 -0.44857 0.83607 2.8026 1.2583 1.5621 -0.081667 -1.2033 2.709 -0.012637 -2.0017 -1.0723 -2.7908 0.7325 2.6576 -1.154 1.8109 3.6601 4.1917 -2.1261 -0.73083 1.3372 1.0676 -0.39334 0.48369 0.41315 -2.199 -1.9519 2.3563 2.4482 -1.5448 3.3526 -1.2936 2.6964 -0.45836 4.642 -1.3315 1.2855 0.55192 -0.82613 -1.8915 -1.034 -1.0015 -0.41705 -0.20981 -0.64352 -0.74215 1.1426 -1.4687 0.89257 -0.71846 -3.0732 0.54704 2.1404 0.025423 -1.3257 -0.77504 -1.8642 1.5678 -0.27036 1.3935 -0.0002979 0.65271 -1.4056 0.5014 2.0995 1.1226 1.2596 1.2788 -3.7626 0.90256 -0.46323 3.3907 1.8937 -2.2081 1.1938 -0.89283 2.2605 -1.9393 1.1652 -0.69515 -0.64903 0.047395 -1.1089 0.79433 4.3583 -1.4863 -1.8027 0.90895 1.2305 -3.0427 -1.8454 0.48917 
potato -0.28138 -0.33706 0.4666 -1.3746 -1.8689 -0.395 1.6339 1.7733 -2.1215 -1.0846 -1.2052 -2.5668 0.59197 0.074141 -0.47777 2.4901 3.1469 1.953 1.3059 0.36273 1.5344 1.0057 -0.20938 0.32175 -1.6802 -0.84647 -0.4163 -1.1144 0.21691 -0.47316 -1.1839 -2.4999 4.4043 2.9157 3.7931 -0.39586 -0.19954 -2.5049 -0.055444 -0.095043 0.22538 2.6988 0.28058 -0.034306 1.2845 2.4981 -1.1037 0.60722 1.0515 -0.34397 -0.45723 1.8267 -2.4743 0.92932 -2.0212 -4.1112 0.86098 1.5158 -1.3405 -2.5751 -2.2887 -2.1912 0.72832 -0.2129 -0.76765 -1.2248 3.8286 0.90684 0.16736 -0.12672 1.298 -2.7184 0.56039 0.42426 -0.1394 1.9332 -0.34508 0.41685 -0.55469 -0.35538 -0.83878 -0.2991 -0.40536 -1.769 1.4903 -2.0653 2.1057 0.46578 0.23517 -0.48591 1.6311 1.1387 0.51435 -1.1609 0.27246 0.23202 -1.1173 -1.5056 2.0436 1.2771 
garlic -3.2943 -2.549 1.8596 1.079 -2.355 -0.61372 2.4041 1.1679 -1.8123 -1.8194 0.61093 -0.045581 1.4274 -0.6216 -0.099732 2.889 2.3438 0.11821 -2.1271 -0.33884 1.8272 1.0699 -0.50691 0.65124 1.8716 1.5495 -1.5408 -2.4875 0.49258 -0.5414 -0.92778 -0.42541 2.2642 3.392 1.3288 -0.95901 1.031 -2.5394 1.2609 -1.2565 0.95087 1.1329 1.7239 -1.247 1.2109 1.8206 -0.43603 0.58112 1.5334 -0.36511 1.4164 1.1283 -0.30837 0.63937 -1.8905 -2.3861 -0.26263 -0.41174 -1.9464 1.1122 0.46564 -0.88191 0.74036 -0.98314 0.50782 -0.90959 1.5711 2.3974 -0.51503 0.94648 1.8768 -2.5265 0.16144 -0.010647 1.5323 -1.0566 -1.7428 0.12524 -0.081347 -0.71111 -0.15928 -1.005 2.6693 -2.0904 1.3291 -3.1016 1.2482 0.050741 0.8947 -1.0361 -0.7499 1.2508 0.14937 -3.3629 -0.37662 -1.0757 -1.4124 -1.7506 2.7017 -0.094669 
soap -2.226 0.71963 1.9731 -1.0494 -0.44314 -1.5985 0.14321 0.053002 2.2727 1.7837 -1.4617 2.4617 -3.8493 1.3179 0.13965 1.4734 -1.8923 -1.5603 -1.9009 -2.3339 -0.45129 3.0647 -0.27121 2.0229 2.3104 1.7636 2.733 -2.0885 -0.16845 1.9675 1.2252 1.5118 1.6901 -1.0452 -1.6955 1.7216 3.9682 -3.5796 -1.3681 0.46788 -1.7231 -2.0158 -1.5094 0.098581 -0.84658 -3.509 1.5163 -0.37688 -3.5354 0.084226 -5.0931 1.1446 2.0599 -3.5761 -1.402 -1.4104 -3.96 0.27924 3.3308 -0.88837 1.904 -2.3362 -0.78445 -0.7067 -1.4367 2.9375 3.8376 0.63285 -1.3006 1.4703 3.4117 -2.0287 1.5809 4.8585 0.08116 -0.12399 -2.205 1.375 1.2449 -0.99249 -1.0932 -0.092283 0.9479 -0.65978 3.6257 -1.2303 -1.8213 -2.2919 2.8664 -2.6679 -4.1238 -1.3708 2.4748 0.69834 -1.4037 1.467 0.88633 -1.6228 0.087006 0.24051 
geranium -0.73363 -1.7271 0.224 -1.3809 0.52048 -0.16746 -0.12108 1.0556 -0.58418 0.84945 1.081 0.27929 0.92041 -0.7427 -1.3506 0.21409 0.18573 -0.55694 -1.2998 -2.9914 -0.74705 1.3753 -1.4808 0.84649 1.5709 2.9428 -0.24594 -1.7586 0.81693 1.9183 0.22081 -0.25167 -0.58231 -0.2106 -1.5792 3.533 2.3967 -3.222 0.24862 -0.63691 1.3862 0.25824 2.4226 0.39739 0.93664 0.01012 0.23032 0.3322 0.59668 -0.96064 -1.0969 -0.76542 -1.1265 -0.023586 1.2067 0.36124 -0.89237 -1.1996 -0.81964 1.5861 0.92792 -0.65329 -0.59554 -0.30593 -1.6506 0.87998 0.80836 0.89678 1.785 -0.35383 -1.9972 -0.42778 1.913 1.1265 1.0198 -0.53225 -1.4518 -1.0391 -0.32917 1.9075 0.57838 -0.3075 2.2358 -1.0765 0.84241 0.573 -1.1253 0.30145 0.8468 -0.16547 -2.3038 0.44862 2.4169 -0.64891 -1.9104 1.1749 0.72753 -2.6154 -1.0537 -0.048578 
pine -3.8365 -0.81653 0.62322 -0.34146 1.9764 -0.6208 -1.6711 -0.97881 -1.8619 3.4438 0.15815 -1.4951 1.6309 0.57283 -0.020506 1.3849 0.5101 0.16494 0.069062 -4.5311 0.2733 1.2635 -1.406 0.9255 2.7339 1.8081 -2.8246 -2.4138 -0.72546 0.91203 -1.8479 1.5791 0.49352 -1.4965 -1.4101 1.4597 2.3859 -2.2859 -2.3956 -0.8342 1.1713 -2.5044 1.5356 -0.64401 2.4547 -0.34623 -0.022915 -1.1023 2.4504 -2.2379 -3.6143 -1.6467 -1.8103 -0.4979 2.1535 -0.87337 -3.3411 0.22881 -1.3879 2.0669 3.3509 0.062743 0.13602 -2.1558 -1.296 5.7035 -1.2154 1.9932 -0.46315 -1.8891 -0.44669 1.9751 3.5798 2.5146 -2.195 -0.66022 -3.2533 -1.8996 -0.2336 5.5627 1.73 -1.5753 1.934 -2.4975 1.2771 -0.47388 -2.1085 0.28699 0.9968 -0.53227 -2.5151 2.8394 4.7335 0.93718 -3.55 -0.90087 -0.38743 -4.0718 1.7661 0.93549 
onion -3.5856 -1.1071 1.4811 -0.38514 -2.5339 -0.60175 2.2084 3.1367 -2.3248 -2.7304 -0.51773 -1.2566 1.4083 0.44555 -0.97526 2.7951 3.3004 -0.46485 -2.2819 -1.3841 2.1648 -0.20552 -1.4587 0.42226 -0.069482 1.9058 -0.37022 -1.1116 0.22323 1.0582 -1.7385 -2.3952 2.6236 4.0336 3.4184 -1.8063 1.0073 -4.8858 0.62052 -1.4739 -0.34193 1.1163 1.4779 -2.1753 1.6516 2.997 -1.8831 1.3413 1.8717 -1.453 -0.10306 1.1953 -1.0419 0.77588 -1.8357 -2.615 -0.033623 0.15102 -3.817 -0.28901 0.50951 -0.40174 1.1741 -1.766 0.68637 0.063882 3.552 2.7579 1.4921 0.4022 2.5711 -4.2693 0.14871 -0.18957 1.5111 -0.47848 -0.86741 0.56511 0.63192 -0.32275 -0.71687 -0.093326 0.7731 -1.5225 0.93766 -1.8615 1.1559 0.52211 0.7247 1.2715 0.32127 2.7524 0.86744 -2.4073 -0.92176 -2.4179 -2.6331 -2.2172 3.2761 0.39571 
vinegar -2.7441 0.2386 1.0899 1.4011 -2.0682 -0.51821 2.1204 3.7151 -0.7659 0.38805 -0.053142 0.14171 0.87172 -0.76552 -0.53859 0.76247 2.8076 -1.8291 0.16518 -1.0306 2.7978 -0.46514 0.15993 -0.24382 2.815 1.2979 0.64022 -1.2765 -0.38747 -0.14105 0.79523 -0.41023 3.1702 2.1881 1.3717 0.34756 2.5365 -0.84579 0.36808 -1.7258 0.20717 1.5336 -0.050687 -0.34018 -0.17382 -1.1596 0.13835 0.69413 1.076 -0.75907 0.019088 0.81358 -0.33956 0.97328 -0.48326 -1.1135 0.35075 -0.43806 -1.4752 -1.0226 0.23042 -0.22082 -0.49398 -1.5184 2.5254 0.70562 -1.3315 3.2716 -0.95143 -0.31758 2.1623 -0.87148 1.3368 1.4241 1.0455 0.37786 -1.4039 1.1187 0.91658 -0.49638 0.03932 -1.1973 0.64916 -2.3359 0.020921 -2.4106 0.077484 0.51803 0.93618 -0.29215 0.82572 -0.0059585 1.043 -1.104 0.37093 -0.62743 -1.367 -0.28474 0.66665 0.74415 
grass -2.6322 0.51875 -0.26054 0.95152 1.9056 -2.0212 -1.6908 -1.6205 1.1836 -0.91866 0.5132 0.87225 1.9602 -0.10993 -1.6938 1.1514 -0.10626 3.2845 1.3949 -4.4946 1.1225 0.64483 0.47354 0.44727 1.6532 -0.32194 -1.199 -1.3378 0.64992 -0.07153 -1.2486 1.6114 -0.17156 -0.57997 -5.366e-05 2.3521 -0.29395 -3.2729 -3.1202 -1.2557 2.1354 0.53155 1.2619 0.78834 5.5078 -0.82448 0.70686 -1.4682 0.80599 0.47228 -0.69262 -2.3438 -2.0274 0.043223 0.30096 -0.56475 -0.60379 -1.5527 -1.2052 -0.92835 2.105 0.46185 1.2811 -3.3261 0.65874 4.3927 2.1284 0.0096913 0.29771 -0.49429 1.2105 -0.32608 1.7584 1.8002 -1.864 0.59206 -2.4884 -0.17827 -0.56296 0.67194 -0.48332 -0.53223 2.6932 -1.7177 2.1105 0.34325 0.30881 0.59003 1.5608 -0.60601 -1.4077 -0.54578 2.0069 -2.0374 -0.5984 -0.13166 -3.2562 -1.7054 1.6602 0.87166 
peppermint -2.1419 -0.63743 0.034415 1.9274 0.68079 0.1055 0.10478 -1.0126 -0.70138 2.1285 1.0819 0.58848 1.037 1.0022 -0.34635 1.9844 0.18233 0.045717 -0.84002 -0.8088 0.62626 0.91879 0.35528 -0.86986 1.6882 1.8898 0.0085011 -0.37215 0.55561 0.80552 -1.2098 0.30792 0.097789 -1.6127 -1.3632 1.89 1.5077 -0.14135 0.6541 -0.12477 0.31101 -0.21636 3.3087 -1.4226 0.56592 0.75903 0.26247 -0.2497 0.51379 0.1384 -1.4747 0.10282 -0.82842 0.15202 -0.22662 -0.98224 -1.871 0.0076676 -1.1551 0.5045 0.53436 -0.66804 0.57482 -1.3398 0.88585 0.77542 -0.9149 1.9529 0.11827 -0.11159 0.13903 -1.0918 0.36029 -1.1496 0.41101 -0.16377 -2.2879 -0.85465 -0.44808 1.5381 1.2741 -0.69134 0.068544 -0.57225 1.8185 -0.28517 2.1852 -0.21105 -0.057776 -1.2001 -0.87643 -1.2813 0.42216 -0.58123 0.12389 0.99236 0.52676 -1.7517 -0.69115 0.0059255 
mushroom -0.3572 -1.2054 -0.55131 2.9516 0.46638 -1.8673 0.10512 0.94448 -1.3522 -0.8331 -0.111 0.82745 0.06749 0.14645 -0.44702 2.8867 0.34844 -0.51513 -0.50656 -2.0136 -0.46958 -0.70181 1.4542 1.7249 0.42764 2.2484 -0.54581 -1.1743 1.4053 -0.83905 -2.0902 -0.42728 2.2192 0.53107 0.7069 -0.49657 1.3291 -1.3774 -0.14904 0.11136 2.2103 -0.086686 2.3399 1.3521 3.0251 -0.033711 -0.13105 -0.18048 -1.2052 -0.28054 -2.0036 1.4345 -1.5516 0.21185 -0.27606 -0.73414 1.1028 0.19345 -1.9598 -2.0725 1.6277 -0.91096 0.49759 -1.2709 0.71957 1.889 1.0457 1.2981 -0.72256 0.47212 1.1257 -0.84681 -0.51725 -0.63011 -0.58057 -0.36675 -0.11182 1.305 0.66971 0.95825 -0.32521 -0.27456 0.51305 -1.1427 1.531 -0.91162 0.70083 0.28599 -0.36282 -0.68825 -1.1015 1.2618 2.17 -0.67042 -1.3008 -1.735 -0.50176 -1.8125 2.4002 -1.046 
rum -2.3443 -5.0023 -2.925 2.6171 -0.31704 4.6639 2.0296 0.12215 -2.5218 1.8037 3.038 -0.36939 3.7609 -3.3561 0.91384 0.94425 -3.1587 -0.056791 -0.032551 -2.2917 1.4402 2.1223 -4.2227 0.31662 -0.19076 5.8438 0.039657 -1.0077 3.4157 5.3784 2.9484 -2.9933 4.3054 -3.7823 -4.9602 0.51956 4.0583 -0.97365 -5.2566 -2.1165 1.0672 -1.6734 1.6694 0.12247 0.025803 0.78661 1.9233 -2.9286 3.4113 -5.1591 -3.0514 0.010554 5.7551 -3.4597 -0.54123 -2.5733 -2.222 3.6501 -0.95226 -1.0543 0.16949 -1.0168 1.7125 0.54501 -3.6457 -0.2629 -2.3801 2.4228 -4.5794 2.3481 -1.1904 -1.6799 6.4038 0.62462 -2.6002 3.1403 -3.9867 0.69865 3.467 2.1067 2.7695 -4.9933 1.0167 2.1291 -0.86774 -4.2135 1.6911 0.92749 -1.6826 0.48044 1.1984 3.0194 4.014 0.51759 -5.6643 0.10287 -0.83596 -2.5983 -0.33436 0.71013 
rubber 0.91978 0.83989 0.90904 0.64873 0.76395 -0.86027 -1.0145 1.95 -1.0742 1.5575 -0.24298 0.84806 0.53392 -0.24178 -0.64691 1.4018 -0.93526 -1.2686 2.7344 -1.7429 -0.42324 0.82567 -1.5808 0.6743 1.5764 1.1251 -1.2038 -1.2665 -1.3886 1.2504 -1.8015 1.0942 1.8335 -0.76056 -1.4354 -0.69489 2.2542 -0.94014 -1.404 0.69685 0.82869 -2.1091 4.6623 -2.0068 0.9374 -0.94845 -0.58155 -0.56265 -1.9003 -1.0112 -0.31038 0.63291 -3.2374 -3.8603 -0.7769 -0.13679 0.19369 0.85082 -1.1391 0.25709 1.3063 -1.1281 -1.9352 -3.1696 -0.86067 2.0443 0.8231 0.59339 -1.3784 -0.099809 -0.30725 2.1756 1.6613 1.7195 -2.7341 1.6157 -0.81346 0.26152 0.20493 0.59625 0.013067 0.43621 -1.3761 0.81463 -0.59531 0.70152 1.3129 1.2704 -0.47352 -0.62868 -0.19985 2.2232 2.6465 -0.99483 -3.1106 0.19561 0.46326 0.22907 2.6141 0.43654 
carrot 0.50414 -0.86093 0.079015 -0.81772 0.87349 -1.3404 1.2589 0.35407 -0.6944 -0.64413 -0.24253 -0.75868 1.5274 0.040705 -1.7726 2.152 2.2757 1.9025 -0.13605 0.021141 -0.10627 2.0846 -0.36568 -0.5632 0.18116 2.3021 -0.31644 0.33248 1.0269 0.94108 -1.6785 -0.40426 2.7681 -0.26399 2.0394 0.90043 1.2035 -3.0246 -0.50816 -2.1099 1.9141 1.33 2.4452 1.132 3.1627 0.72247 -1.76 -0.3517 -0.39181 0.26911 0.011488 0.95651 -0.95458 0.25691 -1.6041 -0.76323 1.211 -0.38059 -1.1031 -1.1106 0.21671 0.53284 1.9451 -1.8266 0.1874 0.89363 2.5074 0.80804 1.0814 -1.4868 0.60878 -2.6152 0.38943 0.5141 -0.84935 0.11903 -2.883 0.32365 0.33456 -0.10413 -1.8299 0.45484 -0.73704 -0.80551 1.8784 -0.70426 0.58382 1.3708 2.899 -0.11186 -0.0039896 1.1594 0.48844 -2.9918 -2.1838 0.75189 -2.0728 -2.958 1.4465 0.77132 
mustard -2.6078 -0.43772 0.23246 2.3238 -2.3383 -1.7128 1.7661 1.7833 -0.16606 -0.90856 -0.44268 0.78549 0.33708 0.12698 -0.81533 2.3063 2.9727 0.40058 -0.53732 -0.66669 2.3335 -0.31092 -1.918 0.20484 1.7359 0.0017886 0.46208 -0.83176 0.27387 1.0656 0.65354 0.5156 0.35624 0.70311 1.0267 -0.29105 1.7521 -1.32 0.24313 -1.8893 -0.67598 0.091236 -0.78453 -0.93031 -1.4944 0.68433 0.011712 -0.37661 0.88374 -2.225 -0.052028 -1.2074 -0.82417 1.0706 -0.93609 -2.3591 0.29521 0.0016817 -1.8 0.0014214 0.94287 -1.2247 -0.77302 -0.68348 0.94367 0.23524 0.36619 1.58 0.32213 0.90798 0.20352 -1.4447 -0.45608 -0.41284 0.24929 -0.81771 0.045761 1.1168 -1.0946 -1.5504 -1.1777 0.29465 1.1637 -2.6224 0.41229 -1.603 1.3905 0.61709 1.3691 1.4874 0.55944 0.84828 0.75295 -0.46543 -0.53511 -0.84685 -2.1126 0.95901 2.5526 0.40225 
hay -4.5512 -1.3826 -0.78166 1.4625 1.2969 -1.4746 -5.0649 -3.2093 -1.0438 3.6266 0.42674 1.0244 1.3282 -3.3075 -3.3603 3.751 -0.32773 4.8155 2.5632 -5.5338 -0.36229 1.7541 -0.71324 0.40088 1.6468 -1.0578 -1.24 -4.0071 4.4903 2.4591 0.16471 1.1838 -2.1198 -2.403 -4.8573 2.0319 -1.0756 -4.9021 -3.8858 -4.0776 3.2636 -2.3448 0.5374 -0.37645 4.6182 -0.70607 2.9309 -1.245 -1.3058 -2.3744 0.54338 -3.1671 -4.1357 -2.3833 0.83861 -1.2178 -2.5066 0.44101 -1.4504 -4.8381 3.9414 1.9633 -2.5157 -5.5987 -1.1263 5.1703 3.8173 -1.6219 -0.76697 -0.13326 -2.1647 1.7935 2.8325 2.5763 0.1407 1.0451 -1.4961 3.1253 0.05749 0.312 0.53752 3.6233 2.2215 -3.0353 2.2015 2.1301 2.2626 2.978 -0.71174 0.41687 -1.392 1.4314 5.5306 -0.11598 -3.6428 1.3841 -2.4626 -3.1727 3.8283 2.8597 
blood -0.88969 1.4774 -1.8083 -2.2723 1.0203 -0.43157 -0.15801 2.3834 -3.0841 -1.0779 1.0469 0.46303 -0.88762 0.057636 0.18806 0.43441 -0.64402 0.43342 2.6506 -1.2067 1.3556 -0.92022 -2.2758 0.75554 -1.2724 1.4375 -0.87175 -2.4996 -0.26163 3.1261 0.56093 0.030625 2.0368 0.39662 0.46105 1.8895 0.36597 2.4378 -1.4681 1.9972 -0.33494 1.8007 2.3342 -1.0983 2.3596 -2.8327 -1.0836 -1.822 -0.86324 -1.5004 -1.0164 -3.1797 0.79625 -0.68005 -1.0322 -1.2722 3.3288 -2.3335 0.036694 -1.0554 1.7466 0.42872 -0.83813 -1.8566 -0.12113 2.3112 -0.071402 3.7426 1.9902 0.65436 -0.37662 1.1341 0.37137 0.77198 -3.092 2.315 0.1242 3.0889 -0.75508 -1.6975 -0.53382 0.57301 -0.98596 -0.051479 0.87843 0.96558 -1.0409 0.75239 -1.0322 -1.4526 -2.1733 -3.2417 -0.75729 2.518 -0.96048 2.0611 -3.3603 1.8668 -0.078312 -0.40232 
cardboard 0.27083 1.107 0.65768 0.071918 -1.0301 0.004069 0.085611 0.043892 0.0046924 0.15961 -1.0388 -0.51897 -0.80208 0.95061 -1.4275 2.3162 -0.61333 0.73018 2.5771 -1.1109 -0.57086 2.0595 -0.02205 -0.062886 1.6408 -2.6171 0.6448 -0.6342 -0.16423 -0.047123 -0.64313 1.3749 1.166 -1.7829 0.094322 0.28494 0.86428 0.27806 -1.0554 0.3289 0.17136 -0.85431 0.83915 -0.19844 -0.485 -0.22498 -0.16277 0.5829 -0.41709 -0.5256 -0.30797 1.2209 -1.6945 -0.45253 -0.67601 0.3995 0.26558 0.89823 0.087674 -0.99692 0.85445 -1.0668 -0.46393 -2.0141 1.6447 0.50981 2.0097 1.1448 -0.83417 -0.89451 -0.2744 0.10683 0.18831 0.39361 -0.27196 0.83944 0.29958 0.81554 -0.31886 0.12041 -0.57079 -0.034441 -0.29671 -0.034129 0.56556 -1.4628 2.2029 0.082013 0.30965 -0.39035 -0.22209 0.99545 1.4575 -0.79242 -1.2163 0.74956 -1.0595 0.67532 0.88956 2.459 
tar -2.4768 -1.0692 0.93376 3.3941 0.15077 1.5483 -1.8491 1.755 -3.9713 1.38 1.5438 0.21196 2.1797 -2.7173 0.88879 1.6269 0.37341 -2.5832 4.8722 -3.791 -1.1052 1.7263 -2.3198 1.0963 3.2891 1.0653 -2.1847 -3.0985 -0.098936 1.3082 0.34153 0.65054 4.9163 -2.7737 -3.5753 -1.9378 2.6808 1.8874 0.649 1.4705 4.2711 0.51919 7.8896 -3.4068 3.111 -2.2874 2.1777 -0.98981 -4.4665 -1.0378 0.87301 0.14826 -0.63438 -4.8416 -1.6896 -1.8072 2.9186 0.97622 -1.5921 1.7598 1.274 -0.91774 -3.1345 -5.0262 -1.7852 6.2877 0.70968 2.1455 -3.1202 1.4228 -2.989 2.255 5.7542 1.7945 -3.0099 3.3101 0.033156 2.207 -0.56365 1.442 2.4673 -2.7723 -2.2936 0.14827 -0.24649 -2.4909 2.0529 2.0432 -1.5033 -1.5509 -3.322 3.8331 6.5517 1.1947 -3.619 -1.4259 -1.0393 -0.1272 3.4382 1.0833 
beer -4.0592 0.1716 -1.7222 3.0118 -0.016115 -0.8097 2.8839 0.014826 -0.43778 2.8834 0.45947 0.12502 0.85656 -1.3782 -1.0396 2.9279 1.9084 -0.30123 0.22736 -1.7818 2.3636 -0.16403 -3.2218 -0.62425 0.0087395 1.9262 1.6404 0.075619 0.93575 1.444 -1.0185 -1.9283 1.5428 -0.56368 -0.91303 1.3625 -1.0318 0.30199 -1.1764 -1.1523 -1.4776 3.0787 0.31818 1.0847 1.3345 -2.3313 0.84338 0.15179 2.1113 0.22739 -1.1219 -0.24648 -0.6025 1.646 1.2724 -2.5643 -0.31391 2.8898 -3.4153 -2.2208 0.54357 -1.6716 0.63159 -0.078649 2.3202 1.6035 -1.5125 2.182 1.3244 0.45126 1.467 -0.088416 3.7366 -0.080005 -1.7653 0.80696 -1.8586 0.77321 -2.007 -2.0621 1.9477 -0.96448 0.097878 -0.44966 0.11197 -0.59395 0.41725 -0.87346 -1.713 -0.12906 2.7709 1.3881 0.36201 -1.1011 -2.6579 -1.0899 -3.6988 1.0059 2.7257 1.2499 
walnut -1.5306 -0.97172 0.42481 0.94857 -1.0324 2.1975 0.10175 1.6395 0.15296 -1.525 0.12668 -1.1696 0.96578 -0.13798 -0.97238 2.5907 1.4503 1.7653 0.72421 0.16486 -0.93326 0.85616 0.7166 -0.038303 1.0884 0.70861 -0.061611 1.2715 1.9757 -0.086986 0.14008 -1.07 2.918 -0.13824 1.1045 0.33388 0.40645 0.61441 1.4549 -0.6071 0.084287 -0.83283 1.4905 0.41816 1.3141 1.7221 -0.70769 -0.59342 -0.38512 -2.4107 0.18413 0.0082687 1.6863 -0.23906 -0.9459 -2.2577 -2.6531 2.1443 -0.70876 -1.4398 2.599 1.1063 1.8237 -2.247 1.363 0.66674 0.65697 0.3472 -0.77071 0.23235 -1.0747 -0.2689 0.0024636 0.78728 0.78543 1.7745 -3.5618 0.65586 1.6798 0.7247 -1.7994 0.68893 0.2994 0.95044 2.225 -3.2728 3.1071 2.235 1.5477 -0.00052566 0.90763 0.91798 1.9764 1.2686 0.23186 -0.19193 -3.3815 -1.3422 0.95687 0.84546 
ham 0.23836 0.083355 0.37938 3.1723 -1.0242 -0.61891 1.3482 1.7737 -3.3905 0.20494 -2.3649 -3.7429 2.3175 2.0291 1.4509 4.5736 3.3439 1.566 0.17172 -1.8389 1.185 -0.14101 -1.1877 2.967 -0.99997 0.7552 -0.89582 -1.7492 0.1653 -0.96047 -3.9168 -3.2123 2.4293 1.2968 2.2089 -3.843 1.3049 -1.159 0.4898 0.058534 -0.38445 2.8869 -0.93019 0.63144 -0.19502 0.41243 1.2306 -2.2544 0.20038 -4.4894 0.029387 0.043101 -0.95924 3.8582 -1.6445 -5.7677 -0.011852 4.7427 -2.2663 -4.9726 0.94731 -3.9575 0.23325 -0.57892 0.70552 3.2769 3.6524 1.0976 -0.049636 5.7689 -1.593 -0.98057 1.3416 -0.27076 -1.9813 1.5457 2.4397 0.58327 2.6829 0.053344 1.0685 0.11008 -3.1031 -0.73126 0.14151 -0.42954 3.8451 0.62402 1.1294 1.4012 -0.49624 2.6086 2.2764 -1.3442 -3.3536 -1.7862 -1.6102 -1.5975 7.624 -0.011687 
celery -0.66721 -0.74351 0.20651 -0.31884 0.25417 -0.82813 1.759 1.3201 -0.94295 -0.49551 -0.27 -0.42819 1.0256 -0.56725 -0.49241 2.5336 1.5882 0.55152 -0.92609 -1.793 0.013254 0.46844 -1.0073 0.36857 1.2163 0.77782 -1.3821 -1.0449 0.93247 1.1728 -1.9155 0.53821 -0.35359 0.76205 0.28828 0.3469 0.82014 -2.5143 -0.28725 -1.477 1.9056 0.23672 2.2464 -0.54172 1.2032 0.0787 -0.78657 0.62999 0.77928 -0.73172 -0.35509 -0.24605 -0.92379 0.75515 -0.69314 -0.80647 0.86262 -0.64969 -2.0535 -1.3576 1.343 0.76595 0.56835 -1.002 0.41317 0.73898 2.4615 2.3119 -0.61734 -0.19107 -0.030135 -1.0718 0.90749 2.608 -0.6403 0.54439 -3.3061 0.6895 0.84229 0.71121 -0.40317 0.67793 1.2071 -1.2283 1.911 -1.0782 0.43978 0.70414 2.0952 1.1825 0.34021 2.6622 2.4003 -2.5553 -0.94318 -0.85731 -1.0788 -2.0671 2.1871 -0.067908 
cucumber 0.51702 0.30944 0.85529 -0.50945 -0.95515 -1.2121 0.089199 1.6268 0.18618 0.80078 -0.43479 -1.1718 1.0215 1.1135 -1.3738 1.6834 0.1683 0.34565 0.11338 -1.9165 -0.10513 0.63207 -1.0036 0.22954 1.262 0.88068 -0.17327 -0.61438 -0.35401 1.107 -0.94667 0.25044 0.16806 -0.098146 -0.83427 1.2123 0.36841 -3.3826 -1.6387 -0.90648 1.1412 0.45998 0.92774 1.0566 0.18449 -0.29558 0.48716 0.17231 0.92908 -0.9266 -2.0533 -1.0366 0.28114 -0.49985 1.0919 -0.6274 0.49229 0.15873 -0.92018 -0.70227 0.41968 0.53367 1.1174 -2.366 0.012919 1.4089 1.9011 2.4225 0.4874 -0.039288 1.6263 -0.91 1.043 2.5184 -0.33213 -0.91913 -2.2735 0.10772 0.67139 1.0785 1.046 0.028157 0.70038 -1.2532 0.85247 -0.53285 1.1094 0.16504 1.568 0.81135 0.36607 0.80911 1.9076 -1.4564 -0.74079 -0.18683 -0.44901 -2.536 0.39522 -0.53364 
eucalyptus -2.2309 -1.2619 0.67728 0.84178 0.99674 -0.020064 -0.4703 0.11876 -0.98652 1.7054 0.35115 -0.35352 1.5529 -0.19713 -0.10907 1.2277 -0.23564 -0.38974 -0.20092 -1.6223 -0.27274 1.2902 -0.61007 0.13624 1.4062 1.3766 -0.76633 -0.44991 0.40892 1.5672 -0.3893 1.2068 0.10844 -0.48338 -1.8826 0.67949 0.94919 -1.0311 -0.30294 -0.31548 0.68088 -0.25367 2.4227 -0.11559 1.2919 0.020987 -0.51923 -0.49696 -0.63385 -0.66416 -1.2802 -0.43975 -0.65589 -0.51115 0.95205 -0.60625 -0.27203 -0.82231 -0.43818 0.61673 1.8098 0.3578 -0.065737 -0.95581 -0.012379 2.7032 -0.56579 1.18 -0.1605 0.42169 -0.63681 0.61516 1.8371 0.65761 -0.22067 -0.80286 -2.3576 -0.18055 0.2035 1.8181 1.6809 -0.41524 1.7218 -0.84904 0.76203 -0.50234 0.83684 0.83405 -0.013896 -0.78073 -0.74276 1.0642 2.2819 0.18471 -1.4936 -0.23719 0.043168 -2.057 -0.82859 -0.48675 
rope 4.7639 1.7331 -2.1031 1.2849 1.77 -0.78569 1.3586 2.1113 0.79459 1.7086 -0.16898 -0.12911 1.1055 -1.1279 -1.0306 -0.67277 -0.17921 1.1893 4.4182 -0.35894 0.10779 1.0347 -0.82083 -0.2228 0.82194 0.31695 0.054645 0.45083 0.045869 2.1201 1.4034 1.2742 -0.0030787 -3.3049 -1.6544 2.6096 3.8599 -4.9808 -0.93359 2.9195 -0.82536 -0.44028 2.9505 -3.2198 -1.4668 -1.8568 -3.4412 -0.75471 0.1399 -0.73945 1.1641 -1.1918 -4.345 -2.9505 -2.026 2.0693 -0.17087 -1.0302 -2.1416 0.13318 0.19201 -0.96397 0.048807 -2.4603 0.22146 1.4895 0.50643 -3.6116 1.1436 -1.3905 2.4484 2.5394 0.43652 -0.91732 -1.0643 0.29372 -1.0612 -1.3773 0.8984 1.5664 -1.7298 0.04135 -1.1685 1.8509 -1.7727 1.319 0.75992 -0.51399 -0.58078 -1.4957 -1.9038 0.80819 1.9639 -0.92874 -2.824 0.83578 -2.9358 0.85239 0.59394 1.9173 
paint 0.45726 1.0621 0.98933 -1.5312 1.3336 1.4605 -2.5967 1.1963 0.44922 -0.4098 0.018831 0.00028687 1.223 1.26 -3.046 1.6116 -3.5994 -1.4383 1.7513 -2.347 -0.29916 0.77201 -1.2775 -1.99 1.2755 0.76878 0.6873 -2.4179 -0.79033 0.68656 -0.8028 -0.68347 1.3299 -0.6402 1.1257 -0.10047 2.2084 -2.4443 -2.5757 1.3811 1.3503 -0.10837 3.2105 -1.6321 -1.0546 -2.3766 -0.5962 -1.4594 -0.49043 -2.2575 -1.8919 0.26371 -0.93295 -2.1193 -0.92236 0.14405 0.42237 0.36848 1.0737 -1.881 0.33613 -0.54912 -0.70501 -1.0596 -0.14417 0.29229 1.6157 0.88992 2.5721 1.4819 0.44546 -0.33136 1.4049 0.53627 -3.1006 0.7424 -1.1108 0.43839 0.45704 0.99739 -0.4221 -0.76055 2.3913 -0.59038 -0.28829 -0.79973 -0.43698 -1.495 1.7626 -4.0048 -0.56323 1.5123 1.5154 1.2748 -2.4158 -1.4828 -0.87937 2.1058 2.7268 0.45763 
bark -2.5895 -0.35498 -0.86076 1.0966 2.5285 -0.57127 0.079611 -0.38861 -1.9806 2.2834 0.8339 0.20512 1.1274 -0.95106 -0.61179 1.1159 -0.057386 1.8988 1.6422 -2.4304 -1.3768 1.1799 -0.81384 -1.2304 -0.27583 1.8286 0.038082 0.48673 3.2365 1.477 -2.3838 1.3498 -0.41887 -2.2131 -1.7687 2.0003 1.9149 1.6619 0.41857 -0.070564 2.6731 -0.061625 4.9707 0.17059 3.9567 0.42962 -2.1173 -1.9106 -2.5626 -0.73588 -0.88724 -0.16929 -2.451 -1.2143 -1.3324 -1.7689 -1.2075 -0.80073 -2.0329 0.25796 2.8059 1.8552 0.41523 -0.85122 -0.40094 2.8917 0.38015 -1.6753 0.21019 -0.89719 -2.3582 0.010689 0.81095 -0.87359 -1.1899 2.0079 -2.5968 -2.0292 -2.2318 1.8825 -2.6224 -0.51234 -0.39829 -1.638 -0.22323 -1.7593 1.0566 1.1092 0.021899 -1.8066 -1.449 -0.56084 1.6214 -0.11217 -2.3411 1.9875 -3.3084 -0.75296 1.7888 1.489 
bakery -0.80186 -0.33895 0.25873 0.079352 0.66747 0.81127 0.92541 -0.08905 -0.19869 -0.37473 0.13772 0.86528 -0.15762 1.0563 -0.74556 2.2426 1.5963 2.916 0.39691 0.95797 -0.062048 0.47372 -0.51372 -1.8507 -0.79772 -0.46397 0.36074 -0.24115 1.2254 1.1766 0.34449 -0.4151 1.237 0.60227 1.5382 0.47893 -0.68999 0.74197 1.8606 -2.5535 -0.97992 -0.44414 0.82004 0.56265 -0.53594 0.1987 1.9348 -1.2707 -0.63623 -1.2941 -0.22107 0.34431 -0.17345 0.71572 1.9086 -2.1849 -1.0056 1.9177 0.76014 -3.9301 2.1552 -1.3635 1.3635 -0.47909 -0.96809 0.0040498 1.3439 -3.1108 0.30872 -0.3731 -1.575 -0.0072669 -0.63538 -0.084254 0.18543 0.18063 -3.4569 -0.27051 -1.9567 2.8534 -1.3134 -2.5246 1.2248 0.18534 0.82583 -2.2516 2.0626 -0.6518 -1.6439 -0.068172 0.28597 -0.70226 2.717 2.1993 -0.45756 0.057092 0.99518 -0.79 2.5621 2.0183 
birch -3.6454 -0.40862 -0.35584 -0.024992 0.45173 -0.024967 0.78884 0.45413 -1.4055 4.1182 1.7063 -0.83313 0.99837 -2.0544 -1.0927 0.16246 1.2366 -0.9051 -0.12387 -2.7018 0.17426 1.0661 -2.1982 1.6857 1.4299 1.7634 -0.52057 -1.4285 0.96702 3.1936 -1.382 -1.4525 0.52586 -1.8609 -1.2872 1.0626 0.2934 -0.68281 -1.8439 -1.2714 1.3673 -0.84517 0.1507 1.9371 2.7407 -1.2178 -0.32365 -1.4037 0.99629 -0.63792 -1.9708 -0.98604 -0.82249 -0.33604 0.53036 -0.65656 -0.020613 1.6343 -1.5237 0.77835 0.541 -1.247 -1.8116 -1.1318 0.16995 2.046 1.0968 1.8943 0.64054 0.50225 -1.6785 1.7199 3.0102 -0.047987 -1.1346 1.9441 0.1035 -0.479 -1.6489 3.2638 1.506 0.32691 1.0169 -0.9083 -0.655 0.41682 1.7042 0.6552 0.024748 0.78181 -0.046563 1.4854 2.9299 0.60469 -2.3364 0.28935 -1.7866 -0.4132 1.1926 2.3895 
urine -2.318 1.0871 -0.84155 -2.4486 -0.6572 -1.1826 -0.86281 -0.0016187 -1.4032 0.49593 0.7277 1.6922 -0.54028 1.4035 -0.67098 2.9187 -2.2729 -0.50657 1.7581 -1.8084 2.112 0.52333 -1.9854 3.1054 1.421 -0.9631 -2.2522 -2.974 -0.077309 1.5845 1.0749 1.2553 1.7196 0.38583 -0.3048 0.23775 0.47548 -1.899 -3.2805 -0.88555 0.84189 -0.19274 0.84439 -0.020416 0.99065 -5.1466 -0.31247 -1.8323 0.14629 0.43867 -0.45158 -1.8377 -0.099757 -1.996 -0.4457 -0.10035 -0.066498 -0.64669 -0.22794 -0.81519 1.9495 1.1723 -0.28424 -3.2529 -1.422 2.8797 -1.0802 2.2487 -0.61451 -1.6095 0.12245 1.7607 1.6005 2.0373 -1.7956 1.6947 0.21485 1.707 -0.50986 -2.016 0.3319 0.028146 1.2499 0.099782 0.65126 0.55893 -1.1938 -0.23447 0.017017 -1.2929 -2.1923 -0.93466 -0.19683 -1.2019 -1.5407 0.99525 -1.2695 0.41493 1.6703 -0.495 
glue -0.33102 1.6998 -0.25544 -0.87154 0.076845 -1.8433 -0.30072 2.1232 1.5409 -0.95461 -1.1738 -1.514 -1.3751 -1.1297 -1.2577 3.6219 -0.42673 -0.52357 3.4689 1.85 -0.54796 3.7044 -1.2159 1.0066 2.6612 -0.63096 0.25511 -0.49605 -1.1246 2.1711 0.4137 1.9514 1.0598 -1.2689 -0.20816 0.34299 -0.03398 -0.6465 -1.8788 0.4954 0.32544 0.0053355 2.5287 -1.1613 0.1434 -1.757 -2.3583 0.51018 -1.3905 -0.99116 0.61683 0.80514 -2.3011 -1.4123 -1.0954 -0.24814 0.31032 2.3394 1.692 -0.62997 1.2036 -1.4983 -2.7775 -1.2647 0.84078 0.35811 3.4855 -0.097796 -0.13559 -0.44802 0.13855 0.28361 0.30019 1.0861 -3.4372 1.5961 -0.63423 2.0217 -0.78746 -0.14324 -0.7383 -0.81255 -1.1654 0.097087 -0.91681 -1.4234 1.1002 -0.741 0.53026 -2.8858 -0.30636 1.4855 0.72891 0.061043 -2.5171 2.0851 -2.466 2.3059 -0.21669 1.4562 
gasoline -0.095428 -0.80148 0.59558 0.35957 -0.75332 -0.36307 -0.88097 0.90635 -1.0565 2.3621 0.26308 0.22045 -0.23909 -1.0084 0.26593 -0.087999 -0.62393 -1.3908 0.8916 -1.9659 -0.54489 0.63453 -0.93673 -0.21351 2.785 0.20976 -0.78088 -2.2167 0.2919 0.96161 0.74896 1.1624 1.5297 0.31228 -1.5057 -1.1342 1.436 -1.4939 -1.5601 0.64267 0.61067 -1.0978 2.1671 -0.54782 0.73385 -2.4975 1.2576 0.20343 -0.6997 -1.2022 0.029602 -0.074093 -0.46408 -2.2252 0.64374 -0.22492 -0.20685 -0.70086 0.82875 -0.65189 -1.0413 -0.70823 -1.2161 -1.3073 -0.57117 1.4429 0.69112 0.88521 0.1812 0.62879 -0.48398 2.2536 2.2849 2.7636 -2.1686 0.75155 -0.10958 0.49524 1.0035 0.52196 0.35063 0.58795 0.91271 0.056993 0.46588 -0.050297 -0.74441 0.71576 0.078544 -0.85957 -0.99501 1.225 2.1934 -1.0679 -2.2896 -0.40419 0.58821 0.0027529 0.086058 -0.32858 
detergent -0.87224 -0.67546 1.3342 0.29492 -0.56768 -0.91691 -0.36475 0.59491 -0.10555 0.83021 0.38138 1.6435 -1.3806 -0.45802 -0.50645 0.91146 -1.147 -2.3697 -0.50825 -1.692 -1.048 1.0629 -0.39455 0.85558 1.6095 -0.4216 0.36762 -2.3174 -0.91246 1.2754 -0.16866 1.5805 0.964 0.39642 -0.60756 0.40572 1.3421 -2.2524 -0.88721 -0.86915 -0.26109 -1.137 -0.065543 0.6059 -0.99606 -3.2431 -0.35778 0.61755 0.80648 -0.73017 -2.0605 -0.17141 -1.0162 -1.4905 0.293 -0.77943 -0.68026 0.33464 2.329 -0.80678 0.62891 -0.20776 -0.17732 -1.1001 -0.41777 0.625 1.3498 1.3391 0.1703 -0.82314 1.1648 -0.77682 0.91395 3.8489 -0.97823 0.77304 -0.56286 0.38643 -1.107 0.91109 0.50668 -0.31095 1.0027 -0.10368 0.53403 -0.34961 -0.45185 0.095757 0.98374 -0.95107 -1.7212 -0.9166 2.3214 -0.11749 -1.6743 0.6996 0.065704 -0.83454 -0.61626 -0.14082 
camphor -2.8178 -1.4889 0.43074 0.060077 0.86542 -0.38179 -0.35742 1.1963 -1.2013 1.9443 0.52788 0.15543 0.029715 -0.02469 -1.2535 0.60852 -1.0459 -0.34594 0.11096 -2.408 -0.80411 1.1826 -0.33308 -0.93962 2.1535 0.83844 -0.74501 -2.9271 0.65625 2.5116 -0.39665 1.5269 0.56731 -0.30446 -1.1294 -0.19456 1.5335 -0.76588 -1.1898 0.53129 1.1989 -0.98467 2.595 0.0060059 1.6401 -1.5565 -0.18517 -0.13282 -0.14787 -0.6248 -2.228 0.27227 -0.95126 -0.62368 1.4787 1.6074 -0.37292 0.39363 -0.7541 -0.14423 1.8867 -0.027252 -2.1243 -1.5583 -0.64255 1.4278 -0.16109 1.5417 0.65657 0.21168 -1.6073 2.0578 1.7732 1.1175 -0.91139 0.54143 -1.6104 1.413 -1.251 2.4869 0.84357 -0.80733 2.8996 -0.68804 0.72706 -0.81207 0.37621 1.1476 -0.24785 -0.40883 -1.3634 1.1049 2.0992 0.049175 -3.0515 1.4622 0.39128 -2.1436 -0.21272 0.16306 
weed -3.4631 -0.46633 1.0404 1.6779 -0.86254 -2.493 1.9553 -0.72994 -0.89441 -1.3427 -0.86703 -0.67508 3.2538 -0.23669 -0.26686 0.80321 -0.25142 1.3861 0.22753 -2.3444 0.33404 -1.7222 0.81052 0.4921 2.5134 -1.2463 -1.0001 -2.1025 0.024225 2.7806 -1.6659 2.4956 -0.94119 -0.88471 -0.10912 0.01891 -0.80881 -2.3614 -2.1292 -0.94402 0.78712 1.8144 1.012 2.1091 2.8381 -1.8295 0.092084 0.63849 -0.53747 -0.25418 -0.94875 -2.8957 -1.9803 -0.71636 -1.8695 -1.2649 2.0461 -1.1328 -0.2527 -0.73355 1.9442 1.8044 1.2598 -4.1997 -0.44139 2.7029 2.1386 0.12657 1.6246 0.45921 2.1035 0.9111 2.1161 1.3332 -1.3651 0.79751 -0.26141 -0.98616 -0.18805 0.79536 -0.34968 -0.45817 1.0677 -1.1779 2.3877 0.10043 3.0875 1.821 1.3524 -0.55489 -0.12975 0.47319 1.347 -1.1454 0.58382 -1.9198 -3.2785 -0.6052 3.6126 1.2462 
mouse 0.70772 1.3393 0.22903 -0.11339 1.5876 -1.3724 0.69102 -0.027261 0.18303 -0.57043 0.51905 1.2847 0.11747 1.8481 -0.95916 0.37229 -0.74849 1.2117 2.6435 -1.0222 -1.8928 -0.94003 0.76833 -0.49072 1.0608 -1.4762 -1.9571 -0.20985 -0.8538 2.7878 -0.52801 2.2721 0.64552 -0.50627 -0.23287 -0.42336 0.33853 -1.6264 -0.14388 -0.96808 1.9153 0.50057 2.9607 -2.0236 0.41005 -0.77649 -1.533 -1.8554 0.1644 -0.87331 0.26988 -0.87179 -1.6762 0.96202 -2.0585 -1.2839 0.52896 0.85542 -0.71557 -2.1005 1.6679 0.077863 2.6425 -0.50443 -1.8811 0.92586 1.4394 -0.44171 1.6661 0.26176 -0.40313 1.2048 -0.83195 1.046 -2.9455 0.65232 0.012966 -2.379 -1.1478 0.98872 -0.62653 -0.41893 1.2806 0.37479 1.2105 -0.56551 -0.62856 -1.1453 -1.218 -2.5432 -2.0389 -0.63213 0.16763 0.24671 -2.7919 0.98506 -1.1517 -1.8306 2.9485 1.474 
cork 0.46357 -0.80005 0.31676 -1.1224 1.599 -0.84424 1.3413 1.709 1.1892 0.82322 2.0898 1.0817 1.6892 0.58412 -0.87471 2.2137 -1.4275 -1.3788 2.0845 -0.32245 0.97711 0.84045 -0.54355 -0.59512 0.78735 3.0385 1.3486 -0.36056 -0.89733 -0.065573 0.73055 -1.0313 3.0524 -0.30508 2.1297 3.0287 1.908 0.32316 -1.8905 1.3943 0.55343 2.1818 3.9547 -0.44954 -0.16609 -1.2813 -3.6867 1.5106 0.19195 -2.4675 0.71205 0.85021 -3.7816 0.34335 0.64384 -1.876 -0.91675 0.67383 -1.2655 -0.77538 0.7114 -3.3157 -0.36587 0.82064 2.3878 0.87798 0.47833 -0.67177 -0.18149 2.9191 1.649 1.8253 3.2307 -1.3531 -0.27577 -0.56356 0.97497 0.31018 0.72199 1.1609 -0.99295 -0.38892 1.6961 1.1601 -3.7275 1.1952 1.2415 -0.66195 -1.359 -2.4105 1.8216 1.9299 4.036 -2.0531 -1.7303 -0.12494 -0.97588 -1.0659 -0.24622 -0.50013 
solvent -0.7244 -1.4459 0.031701 0.44539 -0.58769 0.37305 0.80863 1.0912 0.19581 2.6325 -0.16223 1.9885 0.48291 -1.1561 -0.49788 -0.062268 -0.45559 -1.8582 0.24329 -1.6351 0.55359 -0.12349 0.99279 0.88834 1.7727 -0.072985 0.88242 -1.8718 -1.3765 2.9537 -0.3017 -0.18356 2.4902 -0.5185 0.13326 -0.086708 -0.29389 -1.0917 -1.0177 -0.43642 1.272 -1.2724 2.4335 -0.4038 0.1325 -4.027 -1.9093 0.024926 0.9292 -1.2102 0.036726 -0.77693 -1.7532 -1.3891 -0.67198 1.0599 -1.0485 0.37811 1.227 -0.39564 0.09181 -0.31968 1.5235 -2.1791 0.80857 0.32937 3.2514 1.786 0.45076 -0.59974 0.24065 2.2931 2.0235 0.37019 -2.1091 0.73526 -0.4625 0.74847 0.53838 0.30446 1.4986 1.3093 0.25061 0.54938 0.81724 0.024636 0.14109 0.31172 -0.0047508 -3.0007 -2.2056 -0.16692 1.4834 1.3194 -2.2914 0.71454 1.021 0.93921 -1.1807 -0.9785 
ammonia -0.35546 -0.4834 -0.23321 -0.15762 -1.1575 -0.79947 -0.11427 1.2623 -1.2067 1.4833 0.26365 0.21852 -0.57876 -0.32651 0.11086 1.4853 -0.53791 -0.45647 -0.34357 -0.6903 0.63625 0.85991 -1.5039 0.29863 0.96046 -0.73444 -1.4235 -1.9173 -2.1014 2.2647 -0.1068 2.0727 1.4042 0.4671 0.26122 -0.19769 0.86672 -1.6295 -0.17097 -1.1917 0.24432 -0.32457 1.6805 0.3676 -0.053102 -2.3664 0.81554 -0.48419 -0.19556 0.20992 -0.7842 0.77053 -0.92634 -0.5613 0.40994 -0.44399 -0.49268 -1.1797 -0.14253 -1.3074 1.6941 -0.67554 0.24494 -1.3041 -0.26216 0.7505 0.14568 1.8244 -1.3777 -0.16118 0.10895 0.1303 2.3889 1.794 -0.64796 0.49604 -0.84813 0.17921 -0.72346 0.43445 1.5304 -0.76648 0.40793 -1.2195 0.35442 -0.40552 -1.3455 0.6815 0.46903 -0.90332 -1.424 0.0097518 0.72566 -0.70643 -1.5998 0.043815 -0.47771 -1.3311 -0.056133 -0.6479 
turpentine -0.49754 -0.15744 0.16329 0.12839 0.59328 -0.12321 -0.42031 -0.017042 -0.98592 1.4278 -0.17741 -0.54169 -0.15578 0.25987 -0.69887 0.82973 -0.31455 -0.79754 0.26301 -1.2656 0.41951 0.10625 -0.65026 -0.3086 1.3433 0.59259 -0.39497 -1.3333 -0.23367 1.8837 0.28027 -0.017899 0.54136 0.31212 -0.55763 0.030026 1.158 -1.0999 -1.0562 0.38569 1.5661 -1.0876 1.5051 -0.58838 -2.7064e-05 -1.8168 -0.8325 -0.96926 -0.55405 -0.61034 -1.2448 -0.060483 -1.3304 -0.02998 0.4136 -0.31952 -0.28844 0.58502 1.245 0.18431 1.1798 -0.51252 0.13168 -1.7439 -0.11642 1.4159 -0.086547 1.1145 0.21115 -0.3129 -0.43219 1.8855 2.6432 1.8262 -1.3077 0.64583 -0.52357 0.46696 0.1556 1.4925 -0.16112 0.31664 1.1325 -0.83918 0.21706 -0.70535 0.22348 -0.28727 1.0444 0.4251 -1.044 0.29358 1.9814 0.25046 -2.1357 -0.12908 -0.5892 -0.61052 0.41429 0.39504 
varnish -1.2682 -0.15311 0.48248 -0.82151 1.8047 -0.33805 -0.86547 1.2809 0.17028 0.39186 1.4477 0.2719 -0.96763 -1.0508 -1.3375 1.9074 -1.3756 -0.83678 1.5129 -1.558 -0.82397 0.20297 -1.4714 -0.66007 1.5681 0.67173 0.32285 -1.0966 -1.7243 1.5728 -0.38697 -0.1604 1.1502 -0.051552 -0.7376 0.74874 1.2294 -1.9838 -1.1622 0.95094 1.9223 -0.39812 2.1418 -0.80527 -0.17704 -0.35554 -0.57433 -0.28225 -0.45701 -2.5227 -1.538 -0.71495 -1.0961 -1.9094 0.46751 0.63569 -1.3167 1.4405 0.75328 -0.91531 1.6091 0.26926 -0.73928 -1.6054 0.7945 0.060756 0.97324 1.9208 -0.31519 0.51775 -0.60691 -0.49218 2.0109 1.192 -1.3401 1.7786 -0.43407 0.5994 0.41638 1.0349 -0.89486 0.31051 0.52308 -1.8735 -0.58426 -0.66869 -0.33108 0.08412 2.2955 -0.50728 -0.87943 2.0048 2.5734 -0.47512 -2.9447 -0.17533 -0.93372 0.86332 2.0232 0.8173 
mothball -0.88552 -0.57777 0.019222 -0.50983 0.78466 -1.608 -0.03937 -0.4734 -0.19962 1.3113 -1.0747 0.59473 -1.1078 -0.0015872 -0.60551 1.696 -0.81275 0.67178 1.4428 -0.26298 -0.73142 -0.1011 0.099348 0.21816 0.93417 0.19447 -0.012018 -1.3787 -0.66826 3.6875 -0.48621 1.3687 0.79927 -0.81427 -1.0975 -0.15948 1.5561 -0.95735 -1.0753 0.083418 0.24198 -0.54111 1.2594 -0.24114 0.057414 -1.4999 -0.16644 -0.7576 -0.23739 -0.60791 -1.0866 0.15166 -0.21273 -1.6362 -0.32247 0.57595 -0.25561 0.72834 0.68092 -0.41307 0.28269 -0.18876 -0.67325 -2.1871 -1.0695 0.80334 0.2419 0.48489 0.41113 -0.24471 0.4897 1.9223 0.65817 1.6852 -0.70684 1.0737 -0.85385 0.11142 -0.11814 -0.043658 -0.18009 -0.1477 1.6078 0.44954 0.3975 -0.24965 0.3178 -0.3523 -0.044792 -0.996 -1.5408 0.49032 -0.28469 -0.72263 -2.2511 0.54356 -0.37132 -0.06483 0.55608 0.33856 
disinfectant -1.0212 -1.0339 0.019176 -0.30226 0.28972 -0.49167 -0.29825 0.86407 -0.43956 1.2717 -0.86385 1.2144 -0.23377 0.27768 -0.90207 0.91619 -1.2711 -0.23593 0.28073 -0.73921 -0.25827 0.60128 -1.0369 1.1786 1.335 -0.39002 0.25842 -1.3906 -1.4619 2.072 -0.46178 1.2461 1.1193 -0.51322 -0.62497 0.18177 0.014066 0.028213 -1.5774 -0.69567 -0.37721 -0.96013 1.1631 -0.50793 -0.10066 -2.5913 -0.57489 0.21541 -0.80513 -0.6869 -1.3153 0.11425 -0.42043 -0.8664 -0.50788 -0.51539 -0.93459 0.50357 0.70523 -0.53543 1.1539 -0.026021 0.2742 -1.6514 -0.57767 1.3801 0.97809 1.6018 0.059883 0.50275 0.86447 0.25155 1.7862 2.1731 -1.4997 0.96369 -0.75687 1.1643 -0.94846 -0.2095 0.61364 -0.34563 1.1325 0.12273 0.49372 -0.43742 -1.0093 0.12089 0.56884 -0.82087 -1.014 -1.218 1.7977 0.67545 -1.4974 0.80714 -1.0272 -0.46135 -0.98488 0.34939 
kerosene 0.69296 1.7541 0.084839 -1.4674 -0.15331 -0.25884 -1.6234 1.5873 -0.013977 1.1735 -0.24965 0.32962 0.50212 -0.90054 -0.40551 0.63573 -0.43255 -1.3722 -0.5306 -1.1424 -1.2448 1.3029 -0.94822 -0.65255 0.40428 0.98975 -0.42731 -0.30744 -0.058869 1.6485 -0.040551 -0.17199 0.65045 0.69691 -0.86119 0.68316 0.37922 -0.56031 -0.33921 -0.88519 1.3451 -0.69807 0.86541 -0.80349 -0.17902 -1.0419 -0.5869 -0.65288 -0.15791 -0.29165 0.29267 -0.91004 0.76823 -1.1875 0.6705 0.32446 -1.6674 -0.91659 0.20814 0.36076 0.52267 -0.84568 0.20724 -0.59668 -0.68763 2.1142 -0.43228 0.79133 -0.48326 0.11637 -1.2394 1.674 1.5098 0.2967 -1.3695 0.25359 -0.32576 0.57456 0.60645 0.32639 1.2059 0.62894 0.9103 -0.47698 -0.18884 -1.336 0.6855 -0.12298 0.30421 -0.75467 -0.16123 1.1507 1.7076 1.4905 -0.29455 -1.8441 -0.42418 -0.77726 -0.73523 -0.84281 
manure -0.45302 -1.1656 -0.50889 0.53071 -1.1392 -0.99215 -1.2665 -0.082694 0.036001 1.5602 0.12986 0.83832 0.55262 -1.393 -1.932 -0.33732 -0.46015 -0.50396 0.80454 0.10894 0.93293 -1.0565 0.56454 0.34396 1.3108 -1.216 -0.25878 -0.88194 1.0057 3.5358 0.30196 0.68197 0.2052 0.38349 -1.1247 -0.85972 0.60016 -0.88322 -0.79397 -0.64788 0.62363 -0.92275 -0.23024 -1.23 1.6595 -2.5995 0.47352 -1.8696 -0.16712 -0.74195 0.41989 -2.0055 -1.1343 -0.62255 -0.93818 -1.1574 -1.1136 0.3196 1.0988 -2.2471 1.1959 -1.4109 2.0711 -1.6251 -0.40029 1.7972 1.3245 0.24035 0.86847 -0.72707 -0.40783 1.2888 0.66951 0.70336 -1.463 0.54847 0.049185 1.8686 0.085863 0.34178 -0.071342 0.92595 1.3266 -0.39811 -0.070335 0.99311 0.6287 0.75513 0.20119 -2.3512 -1.3805 -0.3443 1.3047 -1.0998 -1.4055 0.23362 -1.2201 1.2042 1.6571 -0.64127 
creosote -0.6745 -0.0060684 -0.28779 0.52591 0.05245 -1.14 -1.2047 0.76184 -0.98386 0.8334 0.2153 0.074322 1.3389 -0.60892 -0.28804 0.25223 0.047184 -0.017779 -0.042396 -2.2167 -1.2357 0.18858 -1.0034 0.066683 1.7384 0.18813 -0.12672 -0.85419 -0.3055 1.0882 -0.69575 0.060249 0.23346 -0.25217 -0.33327 -0.28647 1.1038 -0.24067 -0.69799 0.85912 2.283 -0.49263 1.2044 -0.11538 0.6081 -0.67645 1.1189 -0.9268 -0.52577 -0.64506 -0.36721 -0.63513 0.19808 -0.95777 -0.43473 -0.62043 -0.76133 -0.06193 0.46798 -0.72369 0.91297 -0.41666 -1.2642 -0.14748 0.19704 0.63541 0.49247 0.77685 0.093452 0.096914 -0.66213 0.10281 1.4979 1.5973 -1.014 1.4635 -0.16873 0.70669 -0.31378 1.3251 0.2392 -0.68971 0.24792 -0.50009 0.51939 -0.7616 0.54212 -0.55149 -0.22444 -1.4686 -1.146 1.1071 1.3128 0.98454 -1.5601 -0.52094 -0.57066 0.64195 1.025 -0.77795 
