96 100 
coffee 0.62973 -0.3101 3.2658 2.102 -0.94493 -0.95711 0.60495 1.2577 0.78176 0.30188 0.78355 0.64738 2.6134 0.17914 0.90685 -0.13598 1.7792 0.74708 -1.5424 -3.3476 -1.4019 -0.43963 -1.2555 0.75952 -0.85947 0.33799 0.98467 0.009229 1.429 -1.4466 0.79635 -1.7208 0.53027 -0.18995 1.4214 0.88552 -2.3835 0.24242 -0.90263 0.52721 1.2425 -2.9812 4.1598 -0.15507 1.7005 0.020362 0.44002 0.89233 1.4298 0.19878 -0.10139 -0.27163 0.17743 -1.2147 1.7581 -0.16128 -1.1412 0.18702 1.7639 -2.4414 -1.3621 0.089181 2.3486 -2.3913 -0.64313 0.44787 -1.5826 1.4095 1.03 -0.58587 1.3141 -0.94722 0.50463 -3.5832 0.511 0.049036 -1.2272 0.35572 -1.0608 -0.21604 -2.1935 -0.60119 -0.0051281 1.8959 0.25972 0.66575 0.66926 -2.3089 -2.2544 -1.4516 0.46675 -2.7448 -0.88021 0.76175 0.46121 0.36657 -0.064067 2.3399 -1.105 0.9499 
tea 4.3157 -1.1692 4.1786 -3.0949 -2.4378 -3.975 2.278 -0.11723 -2.3999 -0.19268 0.27125 1.6921 3.8496 0.99604 0.12644 2.1474 -1.6845 -0.049918 -3.7307 -3.921 -1.1032 -2.928 -3.7918 1.7167 0.16765 3.0523 3.3194 -0.92718 0.27701 0.39663 -3.3569 -4.4128 -3.5236 1.9416 -0.29698 4.8603 1.1507 -1.438 -6.7159 -1.628 -0.89602 -3.6945 5.6793 1.9627 1.3719 -1.2083 2.5951 4.7087 3.2975 -1.0671 -1.3673 -3.353 2.7743 -0.047191 1.2745 0.68813 -2.2825 1.5693 0.50309 -4.726 -2.3384 0.12824 3.3427 -3.4583 2.2723 0.38714 -1.0108 5.8808 3.7607 -0.79183 2.0289 -0.96952 -0.031221 -8.2487 1.595 -0.28316 -0.82194 2.4911 -0.23834 -4.6028 -3.035 2.1941 -1.4001 1.997 0.028475 3.477 0.15072 -1.2976 -0.31741 -0.53287 0.072466 -3.2864 -0.81267 3.8506 -0.90094 0.68074 -1.1396 4.6785 1.2609 0.10361 
wine -0.51267 5.0638 0.81766 5.1122 -0.25998 3.4194 2.4825 3.884 -0.92451 -2.9049 -0.23476 -1.1127 1.8625 1.6524 0.14792 4.5557 -0.94058 3.9742 -2.9466 -3.6622 0.61585 -2.3435 -6.0991 -1.6074 -1.6582 -2.0692 1.1053 -1.33 2.1152 -2.9546 0.028265 -3.0936 -0.49594 -1.0174 -3.1314 2.0572 -1.8747 -1.0137 0.23875 -2.2576 0.094641 2.1284 3.3619 -0.30785 2.6841 3.4604 -0.4252 -3.7539 0.45981 -2.1195 0.86726 -0.97396 0.8878 0.87184 -1.5446 -1.3468 -1.0371 0.42587 -2.6128 -0.34918 4.8221 -1.4961 2.8318 -1.1101 -3.66 0.82256 0.49068 4.077 -7.1458 0.21347 -2.1257 3.2825 0.2333 -4.4563 -0.7391 -2.6535 2.0226 0.50396 0.66798 -0.88825 -1.0732 -1.4122 -1.3649 0.54297 -0.14771 -2.7355 -0.90446 0.24652 1.2352 1.2792 -0.15597 -0.077567 3.5112 -2.7382 1.7792 0.32959 -7.0804 0.73618 1.9274 -0.86619 
perfume 0.49527 1.4527 -2.2833 -1.7941 0.53039 1.1615 0.1003 1.5711 -0.33067 -1.3678 -1.6136 -0.77868 0.88575 -1.9108 -2.1778 0.16967 -1.7207 -0.83409 0.23297 -1.2259 0.44973 0.063959 0.092609 -2.2824 0.37734 -1.5857 1.454 -1.3645 3.0177 0.46332 -1.1985 -1.3141 0.21008 1.7825 -2.3233 -0.3136 0.20385 -1.2058 -0.85737 0.65284 -1.0419 -0.28784 -0.071294 -0.39244 0.39516 0.18111 -0.53618 -0.88936 1.393 -0.62639 -0.9749 1.3847 -1.1239 0.038559 0.40738 -3.0421 -0.33725 -0.40786 0.44047 -1.3079 -1.1354 -1.3261 1.3064 -1.1318 -1.823 -0.18068 -0.4594 -0.43455 0.24125 -0.94489 0.5963 1.3389 1.3807 0.27411 -0.13862 1.2969 0.37563 -1.2917 -0.98996 -1.8358 -0.79253 1.5254 1.109 -1.8193 -0.5917 -1.0983 0.40337 0.26983 -0.27056 1.0249 -1.2124 0.47629 3.4975 0.55517 -0.84989 -0.82422 0.2332 3.0702 -0.82712 -1.5542 
vanilla 0.20092 3.1745 -0.60964 -1.8632 -0.75319 1.5103 -0.3448 0.46415 2.0302 0.70164 0.50832 1.097 1.2846 -0.26752 0.26859 -0.079857 -0.72188 1.4268 -0.25632 -1.2294 -1.3888 -0.30126 -1.2004 -0.66426 1.1156 0.56903 0.21221 0.13745 0.1529 -1.536 0.074302 -0.41511 1.1883 -0.0090517 -1.7916 0.80013 1.5402 -1.4583 0.08652 -1.1737 1.3155 -2.8184 1.6152 -0.45478 -1.0013 1.2012 2.5188 -1.7986 -1.1288 0.12207 -1.5573 -0.59926 0.24689 -0.52648 1.7233 -0.63863 -1.8753 2.2055 0.66827 -1.3314 2.2498 1.7746 0.62636 0.77894 -0.86671 0.58052 -0.33727 0.86154 -0.39325 -1.8228 0.1754 -1.2275 1.275 0.16875 1.4134 -0.46383 -1.313 -1.7181 1.3102 2.2121 -0.37454 -1.5158 -1.2732 1.8078 -2.743 0.028978 1.1595 -1.0819 -0.7569 -0.18461 -0.41546 -0.45976 2.8733 0.56706 -2.1496 1.4197 0.43278 -0.11342 -2.0213 0.96122 
chocolate 1.7493 2.438 -0.057294 -0.11606 -0.68629 0.99402 -0.030538 0.23537 1.8037 -0.2503 0.3085 1.8638 1.9897 1.4058 1.5712 0.18074 0.61008 1.2187 -0.50167 -0.74525 -0.58004 -0.5218 -1.057 -0.70989 0.088963 0.26624 0.58188 0.58267 2.0561 -1.5473 -0.32117 -0.50257 0.69832 -1.8226 -0.10643 1.7098 0.31858 -0.18542 -0.14383 0.82695 1.004 -2.4052 3.054 -0.68505 1.4155 1.9438 0.26886 -0.86973 -1.4325 0.33947 -0.036419 -2.2104 2.2688 -1.5061 -0.52002 0.64884 -0.96059 0.98192 0.78227 -1.3819 0.87074 1.536 -0.12648 -1.0843 -0.10633 1.3971 -1.799 -0.22095 1.841 -0.3074 1.3982 0.047076 -0.27708 -0.7305 -0.092368 -0.46909 -1.5687 -0.15325 1.0613 1.6937 -0.23387 -1.219 -1.1525 0.4754 -1.8583 -1.1929 0.6091 -1.0727 -0.35906 -1.4469 0.33258 -0.84018 0.40724 -0.11459 -0.82936 2.1619 0.43514 0.92414 -1.0145 0.78696 
citrus 1.0787 2.9997 0.025999 -2.3389 0.10951 1.5993 -1.0521 -1.9834 -0.016962 1.2447 -1.295 -1.1596 1.3775 0.40739 -1.2053 3.0891 -1.6918 0.24156 -2.0248 -2.771 0.46331 0.80219 -2.3245 -1.1867 3.1005 0.3666 1.0882 -1.1925 -1.1368 0.23789 -0.68323 -1.1856 1.7189 0.49921 -3.4673 1.7331 1.7162 -3.5824 0.96034 -3.215 0.67745 0.12205 0.8361 0.54747 -2.5992 1.2692 2.6645 -1.9785 1.1671 -0.36609 -0.88102 -0.90907 -0.06038 0.95763 2.0706 -2.4001 -0.42985 -1.7569 1.5416 -0.072982 1.5736 0.00050945 1.9823 0.92247 -0.8904 -0.06558 -0.96741 2.8918 -2.4864 -0.89134 0.55524 2.0888 1.161 1.4327 0.90881 -1.3621 -1.4127 -2.9753 1.1619 0.84631 1.4232 -3.5452 -0.054948 0.84412 -2.0351 2.0341 0.010393 0.44814 -1.2452 0.60298 -1.9344 1.2237 3.9432 -1.002 0.39275 0.13352 0.19571 -1.6365 -0.55483 1.1765 
cherry 5.0551 5.711 1.9065 0.31557 -1.0323 3.1066 -0.70689 1.5365 -0.98848 -1.3062 -0.17296 0.31742 0.38487 0.31574 3.896 2.317 -1.4536 2.6603 -2.1914 -0.4221 -0.2678 -1.8283 -3.3383 -0.53793 -2.1218 1.505 -0.16331 1.1568 1.095 -3.1997 0.21482 -1.3925 0.070151 -2.5972 -2.8797 1.7476 2.7333 -0.46445 2.922 -3.926 -0.50008 -0.83915 4.7618 0.039121 0.72466 2.154 1.8417 -3.6073 -1.0054 -1.8702 -1.2034 -1.031 3.6527 -0.39382 -1.1669 -1.679 -1.1599 0.37778 -1.2201 1.0883 4.1191 1.3568 0.46106 0.40353 -2.157 2.255 -0.28822 3.1011 -2.6125 -0.31614 1.1895 -1.8807 -0.547 0.811 0.62005 -1.7493 -1.0836 1.254 1.9157 2.4705 2.2214 -2.058 -2.4671 2.119 -3.3054 -1.438 0.01148 -0.70265 -0.63555 -1.0615 -0.047039 -0.76747 1.6606 -1.9109 0.053487 3.7382 -3.72 -1.9275 -1.557 2.8648 
leather 1.0525 2.7631 1.1963 -0.38748 -1.7049 1.0002 -0.69042 -0.050909 -0.34803 -0.89927 -0.1356 0.77894 1.6831 -2.0429 -0.9226 -0.18684 -2.0674 -1.1425 -0.68412 -2.9748 -0.50317 -1.2574 -0.27569 -1.5435 2.6171 0.61655 0.42782 -0.67261 3.2812 0.2273 -1.24 -0.093679 0.73519 0.54025 -2.9411 -1.4271 2.8744 -2.6354 1.2732 0.081146 0.23722 0.42913 1.5147 -0.99895 -0.3406 0.419 0.98485 -2.1418 -0.70923 -0.46017 -3.2642 0.12292 -0.34369 -0.62845 -0.56913 -2.5401 -0.25 0.1306 1.2997 0.92858 0.90977 0.67952 -1.6952 -0.13312 -1.5799 1.0272 -1.1935 0.42207 -1.5125 -0.10206 -0.0019303 0.41141 -0.37378 -0.38197 0.01515 0.7053 0.39003 -1.522 0.21351 1.8036 -0.50511 -2.1142 -1.1426 0.42951 -1.6121 0.01759 0.31715 -0.44279 -0.19156 1.1323 -0.35207 0.79998 4.8703 -1.4422 -2.842 2.1416 0.13677 1.2035 -1.384 3.5542 
rose 7.17 4.0318 0.50689 -6.1309 -4.089 0.35081 0.8219 -0.30585 0.13446 -5.5261 -0.76343 0.99454 0.78403 -1.9473 -2.3894 1.6309 -3.813 -0.56619 -0.1185 -2.5153 -1.3218 -0.17718 -2.8236 -3.758 0.5346 -1.1589 1.2517 -2.9625 -0.57945 0.077311 -1.3167 -2.6331 -0.73036 2.8601 -4.8814 1.4993 4.2839 -2.6681 -0.71615 -0.84003 1.3495 -0.74376 3.4596 -0.25575 -3.4653 -0.46857 2.2454 -5.3413 0.020924 0.45698 -2.3023 -1.3447 -0.31109 -1.2357 -1.2184 -2.1565 -0.81821 1.3021 -0.0077737 0.81428 0.61588 -0.30498 -1.2082 -0.83384 -1.7491 -1.163 -1.6481 -1.8243 -0.1808 -0.60282 -0.53866 -1.297 0.57791 1.1297 2.1933 -0.36213 -0.36094 -3.4063 -0.88006 -0.84651 -0.61414 2.503 -0.47752 0.93768 -1.9088 2.0409 0.21727 -0.037309 -2.0232 2.3041 -1.6763 0.27985 6.4449 -0.91066 -2.0947 0.26294 1.0322 0.1137 -0.21604 -0.81441 
honey -2.1593 1.8399 1.1633 -3.2011 -2.5927 2.1185 0.67741 -0.84681 1.592 0.36826 -1.3596 1.4456 3.0916 0.22097 0.25899 3.5473 -0.31976 3.0718 -0.4872 -2.1235 -1.4582 1.189 0.20055 -0.49959 1.8808 0.40484 0.88283 0.69244 0.61277 -1.5826 -0.38864 0.75487 1.8522 1.1262 -3.1046 0.030568 2.407 -1.85 -1.8616 -0.9224 2.0787 -0.93358 1.6369 1.2294 -1.4882 1.4618 3.5287 -0.16742 -0.86879 1.963 -1.7661 -2.5915 2.4764 -0.75946 1.067 -1.5803 -1.4108 1.5201 -0.45594 0.23622 1.4075 2.3703 -0.5289 -2.1147 -0.41994 1.0868 1.2835 2.4794 0.33529 -1.2801 0.29081 -0.12354 0.72681 -1.236 -0.16732 0.051208 -2.1528 0.081576 2.5538 -0.92201 -0.75772 -1.1817 -3.2339 1.144 -2.988 -0.97628 1.7599 -0.80392 0.21258 0.068964 -0.44286 -1.6138 -0.6971 1.1442 -2.3528 0.83293 -0.24385 -0.2762 -0.094452 0.71368 
berry 4.7548 4.7764 1.8769 -1.2205 -1.1723 1.6607 -1.1801 0.52279 1.1973 -1.937 1.0104 0.15067 -0.10956 0.94482 3.0316 2.0076 -1.4966 2.2059 -3.0972 -1.8835 0.2898 -2.6224 -4.2333 -0.86722 -1.1713 3.086 2.1701 1.1834 1.3099 -2.5616 0.1337 -2.4936 -0.1106 -1.9091 -4.5303 1.8301 1.6227 -1.0671 2.6541 -3.2769 0.083828 -0.29032 4.5642 0.23148 0.73541 2.2473 1.4792 -4.475 -0.875 -0.68689 -1.3475 -2.0348 3.3192 -0.27278 -0.90215 -0.49247 -0.24902 0.10028 -1.2798 1.6899 2.991 1.2041 1.6539 -0.89209 -3.8635 1.3926 0.46392 3.4576 -2.5284 0.12281 1.3504 -1.8705 0.50866 1.3822 1.6958 -2.6507 -0.1201 0.19797 2.5924 3.6088 3.3744 -3.6199 -3.1053 1.6403 -3.4489 0.1901 1.0059 -0.84187 -2.2028 -1.3895 0.30789 -0.51981 1.0794 -0.80599 0.32416 4.6365 -2.7979 -2.6267 -0.52276 4.5893 
lemon 2.6694 2.522 0.21238 -2.9438 -0.46805 0.95648 -0.19325 -1.8228 1.3656 2.0587 -2.2451 -0.95867 2.2317 2.3647 0.90942 4.6796 -0.22904 1.2516 -2.6273 -1.2636 0.80414 1.5081 -2.0538 -0.46693 2.9597 0.78071 -0.71021 0.36946 -3.7049 -0.65984 -1.4767 -0.77168 1.1636 1.5403 -1.6101 1.4793 2.5836 -3.1966 0.3287 -3.2525 0.89443 -1.205 3.1201 0.964 -2.7914 0.13964 2.9403 -0.92281 0.43174 -1.429 -0.46682 -1.6999 3.08 0.34074 1.4777 -1.1409 -1.2257 -0.19014 1.1338 0.10994 2.6562 0.56911 2.2588 -0.15631 2.4329 0.52412 -1.0923 3.0752 -0.6648 -0.22103 0.8072 1.1871 0.38205 2.3617 0.85795 -0.75273 -2.3365 -1.0854 2.0743 -0.76631 0.91581 -4.3072 -0.79536 0.72189 -1.5097 2.25 0.95953 -0.82542 -0.21654 -0.39822 -1.8703 -0.31847 1.83 -2.041 0.22226 0.52393 1.1145 -1.0981 -0.3455 -0.14195 
apple -0.48543 4.0641 0.60403 -1.9984 -0.50805 1.0584 -2.3589 -1.2627 1.7815 1.9155 -0.94057 0.050537 1.2295 3.6944 1.6617 3.1729 0.87751 2.0862 -4.18 -0.064251 -0.67197 2.3352 -2.0937 -3.0444 -0.13041 1.4384 -1.0285 2.0151 -0.25979 -0.75962 0.012496 -1.8212 2.645 0.26231 -3.0867 0.23217 1.6578 -3.169 0.21042 -2.9188 0.90628 0.19265 1.7358 2.4526 -1.8221 0.51266 1.9824 -2.1875 1.5118 -0.77636 -1.2008 -3.425 3.3685 0.65822 -1.128 -1.7804 -1.141 -0.90524 -2.3996 0.28031 0.90728 0.92897 3.5696 -0.69549 -1.2416 -0.0015266 0.33648 2.9129 -1.1206 0.55134 -0.016985 -2.1301 0.69055 2.2459 1.6805 -1.2901 -0.99727 0.027624 3.1322 -0.78526 0.66365 -6.4707 -1.0645 2.2284 -3.8728 -0.19462 1.2621 -0.6654 0.42556 -0.9206 0.10367 -0.89574 0.86713 -0.41907 -0.38695 0.52347 -3.7959 -2.7273 0.14212 1.5581 
cinnamon 0.35427 2.4153 1.0385 -2.8492 -1.5385 2.0355 -0.11228 0.51837 1.1626 0.92976 1.3195 0.90484 0.68526 -0.32305 1.7302 1.2095 0.52735 1.6238 -0.4777 0.0068457 -1.1531 -0.33593 -0.92194 -0.62939 0.69554 1.3814 -0.60343 -0.21902 0.94852 -1.964 -0.01739 0.02649 1.0375 0.62044 -1.6011 0.75881 3.3306 0.46549 -0.12561 -1.0922 1.718 -1.7501 2.2735 -0.34376 -1.1411 1.0556 1.8272 -0.82647 0.47453 0.33047 -0.46075 -2.5323 0.96602 -0.14285 0.26555 -1.6561 -0.98261 1.7911 0.70765 -1.5456 0.77358 1.364 0.6046 -0.24174 -0.023633 -1.0576 -0.40353 1.7425 0.561 -0.88572 0.38045 -0.88852 0.73225 0.2473 1.1844 -0.16461 -2.1971 -0.58252 1.3659 1.3681 0.57435 -2.3715 -2.3689 1.1797 -1.7899 0.74837 0.4227 -1.344 -0.73511 -0.16749 1.1552 0.25614 0.9635 -0.81916 -2.4596 1.5871 -0.018361 -1.0128 0.30997 1.6804 
orange 2.308 1.9361 -0.33174 -3.106 -1.0231 1.738 -0.68453 -1.2927 0.68302 1.3768 -0.41076 -0.85086 2.3263 1.0652 -0.94942 4.1523 1.3049 -0.5894 -2.9494 -1.472 1.1946 0.73107 -2.6397 -1.1549 2.1467 0.57493 0.047849 -0.041699 -1.9308 -0.47463 0.26951 -0.4339 0.7449 0.75221 -1.6427 1.1771 4.0757 -2.0958 0.029654 -0.21347 0.80284 -0.20578 1.3692 0.96527 -1.7401 1.1757 2.7505 -1.5679 0.12272 -1.2121 -0.98836 -0.28734 2.8309 -1.6765 0.4711 -1.0218 -1.83 -0.37341 0.30529 -0.23704 0.86497 0.26345 1.1641 -0.36661 0.54058 -0.47773 -2.1434 2.1144 0.27342 -0.19493 0.20055 -0.95967 -0.21813 1.7758 0.11366 -0.59895 -1.8827 -1.9159 1.3199 -0.44501 0.28321 -1.8751 -0.23751 2.1263 -2.4429 1.9532 1.0307 -0.6799 0.094206 -0.54342 -1.9856 0.24699 2.0984 -0.25558 0.28151 1.9037 -0.94905 0.15295 -0.57431 1.7628 
tobacco 1.7982 2.1496 1.4927 -0.55025 -0.67412 1.8799 -0.92912 0.12408 -1.4383 -0.024334 0.14124 1.8337 1.6879 -2.0013 -0.073015 -0.098764 -1.7252 -0.63812 0.083021 -2.6984 -1.087 -1.5177 -1.9452 -0.93417 1.9291 0.41994 -0.3643 -0.49027 3.1127 -1.3281 1.012 -0.93398 -0.28254 0.14782 -2.8701 -1.2263 3.3239 -2.6844 1.4515 -1.3011 0.39505 -0.3358 1.8485 -0.16379 -1.5701 0.76498 1.831 -2.005 -1.0775 0.035343 -1.9625 -0.70712 -1.125 -0.46189 1.9199 -2.0768 -0.82667 1.0537 -0.16419 0.08998 1.085 1.3821 -0.23899 0.13822 -1.3 1.62 -0.72147 0.045507 -1.4312 -1.0271 0.52508 0.36489 0.58616 -0.49856 0.38603 0.28139 -0.13115 -0.55895 0.49192 2.8495 1.0907 -2.7194 -2.5364 1.1037 -1.3872 0.46355 0.30255 -1.7423 -1.6883 0.48604 -0.43455 0.47871 3.9934 0.17648 -2.9929 2.2529 -0.7886 -0.95751 -2.0239 3.3526 
blackberry 3.3432 4.8083 1.6356 0.24126 -0.1619 2.2845 0.34955 1.6568 0.38043 -1.4007 0.54682 0.99711 0.26919 -1.5583 3.2534 1.641 -1.459 1.5131 -3.1352 -0.99187 0.19199 -1.8182 -3.6764 0.19694 -1.0726 2.6788 -0.73083 1.6182 1.6616 -4.4984 -0.19593 -1.0783 0.21865 -1.2365 -2.4747 2.1353 2.417 -1.0283 3.1564 -2.8999 1.1172 0.34677 2.6679 0.0076229 0.55272 3.2388 1.4519 -3.4362 -1.1599 -1.107 -0.4909 -0.17611 1.5312 -0.46923 -1.1007 -1.2562 -1.9232 0.53392 -0.83522 0.58794 3.4427 0.75374 0.15956 0.76894 -2.7229 2.0679 -0.70194 3.635 -2.4586 -0.52354 0.57049 -1.0789 -0.43775 -0.79947 0.13812 -1.3502 0.2704 1.2742 0.53361 2.2883 2.0147 -1.4582 -1.3314 1.2428 -2.6935 -1.0434 -0.37748 -0.55453 -1.123 0.35927 0.77655 -0.088749 1.6672 -2.0035 0.57484 3.2754 -2.8456 -1.5952 -2.2259 3.2449 
oak -2.1416 6.8097 2.2009 2.1461 -2.2996 3.9382 1.1902 1.0699 1.3345 -2.5138 1.9166 1.5887 3.4373 -2.0463 8.4971 3.7261 -5.7174 2.8349 -7.7507 -3.5822 0.95833 -0.43348 -6.1797 1.1913 1.8987 4.191 -4.3073 7.3479 4.3979 -5.8032 2.4224 -3.1791 1.1227 -0.28271 6.8405 1.0819 -3.7222 -5.9717 3.3968 -4.6612 4.345 -0.84139 4.6442 -4.4476 0.044337 4.9467 -2.3463 -7.0449 -1.4797 -9.2346 -2.8355 -1.7722 -5.417 2.5176 0.45296 -0.8409 0.54778 3.5996 0.51247 -3.767 7.8729 2.8015 -1.2329 2.209 -9.5192 5.9786 -5.7082 11.754 -6.7518 -1.1335 -6.0927 -0.069885 2.815 -1.6517 -0.69673 -3.3141 1.4985 -2.6028 6.0369 5.3675 1.5279 -5.3664 -7.678 3.0477 -4.6331 -9.8239 3.0634 -0.59461 3.1352 -0.1703 1.0283 2.6734 7.5531 0.1587 -5.5217 0.11222 -6.0957 5.4764 -0.84708 4.9093 
peach 1.2658 3.9988 0.21284 -3.099 -1.1392 2.3196 -0.82561 -2.0685 1.0786 1.5373 -1.7593 0.13524 1.1694 3.2665 2.156 3.9473 -0.30012 2.6403 -2.6848 -1.2239 -0.20742 0.94312 -1.3944 -1.1008 0.66143 0.38197 0.37658 0.90735 -0.096308 -2.3373 -0.87234 -2.8293 2.6508 0.96549 -3.868 1.9361 1.2073 -5.0476 0.10572 -2.5705 0.86351 0.87674 1.2866 2.0509 -3.2469 0.42969 3.2163 -0.86813 -0.63374 -0.31085 -1.4456 -1.6643 2.8361 -0.14076 0.3564 -2.2126 -2.5449 0.9566 -1.8604 -0.52063 0.9555 1.0823 1.9208 0.13755 -2.2327 0.76716 1.8948 3.6713 -0.29561 -0.47743 -0.60449 -2.2225 -1.2568 0.26777 1.8458 -1.959 -0.95214 -1.4155 1.9037 -2.0091 -0.42668 -2.1206 -0.21386 1.9592 -4.7437 0.76877 0.32314 0.35879 0.92689 -0.84743 -1.0794 -2.1691 1.377 0.71622 1.2358 0.55236 -3.3996 -1.8934 -0.96996 0.3781 
coconut 0.12888 1.9482 0.25286 0.10724 0.36227 0.54356 -0.26179 -1.4377 1.7475 0.78189 -0.41657 1.6934 2.9496 2.2757 0.90436 0.86594 -0.061665 0.43779 -0.48889 -1.5197 0.46211 1.5348 -0.31981 -1.313 1.2474 1.3858 0.97863 1.3565 0.12707 -1.8677 -0.95476 -2.0687 1.4884 2.5311 0.88384 2.6416 -2.437 -0.32316 -0.16022 -0.15194 0.71162 -2.4872 0.94189 -0.48896 0.34072 -0.66663 0.72756 -1.492 -0.71943 1.1325 -1.3742 -2.5661 2.1582 -3.0096 0.64246 -0.90346 -1.0929 1.815 0.17519 -0.68927 0.56413 2.5252 0.52232 -0.65552 -0.87077 -1.0837 0.42367 -0.37267 0.78526 -1.3673 2.3486 -0.34353 2.6417 0.57722 -0.47875 0.63742 -2.132 0.2231 1.5279 0.10105 0.23103 -0.5653 -1.8514 1.0314 -1.255 0.69174 1.6146 -0.19902 -0.15732 -2.8602 -0.61924 -0.99613 0.25891 -1.2289 -0.11846 1.7192 -0.89698 -0.86048 -0.64378 1.0636 
incense 0.071054 2.7131 0.32489 -2.7978 -0.30055 1.0367 1.0964 0.23269 -1.2672 -0.10984 -0.083645 0.59803 1.436 -2.5209 -2.393 -0.46339 -1.5582 -0.2768 -0.76282 -3.0601 -1.2058 -0.75921 -1.5726 -3.545 1.1806 -0.62236 -1.253 -2.3261 1.1533 -0.62834 -0.81531 -0.97791 1.7785 2.3629 -2.8958 0.41264 3.7718 -1.7199 -0.27183 -0.72897 0.022764 0.024497 2.9736 -0.53677 -1.2099 1.058 0.52181 -1.7843 1.0066 0.42297 -2.2341 0.54511 -2.608 0.19097 1.6661 -0.94347 -0.13198 1.5143 2.0472 -0.81138 0.52819 0.12347 -1.2947 0.19094 -0.051634 -1.0235 -2.2459 0.7916 -0.53967 -3.7444 -0.99335 1.6228 0.69852 -0.19819 -0.10949 0.2269 -0.46979 -1.4641 -0.25336 2.122 0.40699 0.14888 -0.57314 0.11553 -2.2515 1.5214 1.0822 -1.2793 -1.604 1.2688 -1.4954 1.1442 3.3993 -0.34057 -2.6858 0.70838 -0.087124 -0.15297 -0.67576 2.5893 
raspberry 3.8019 3.8713 1.1945 -0.97678 -0.69315 1.5102 -0.66895 0.66362 0.00033629 -1.1978 0.11622 -0.061655 0.60414 0.46919 2.5046 1.894 -1.1061 1.4502 -2.4396 -0.14673 0.31007 -0.88052 -2.7537 -0.29672 -1.3469 0.97487 0.1181 1.0492 -0.4641 -3.0889 -0.32856 -1.3903 0.28506 -1.2035 -2.6211 1.6621 1.7839 -0.89387 1.4025 -2.5454 0.45643 -1.2802 2.949 -0.2473 -0.30814 1.669 1.6266 -2.2232 -0.32022 -1.3207 -1.1352 -1.0401 2.7546 -0.4328 -0.74101 -0.66243 -1.5683 0.35244 -0.94156 0.94358 2.5784 1.1182 0.94229 0.72727 -1.2159 1.3935 -0.27999 2.8378 -1.4079 -0.1638 0.50452 -2.0252 -0.36146 0.90496 0.88256 -1.6968 -0.2552 0.16576 1.29 0.85462 2.0713 -1.3246 -1.7437 1.1678 -1.7557 -0.41604 0.44235 -0.53594 -0.32023 -0.59515 0.04648 -0.29952 2.0102 -0.3042 -0.1638 2.7771 -1.832 -1.3205 -1.4219 1.5252 
almond -0.55283 1.8772 0.27421 -1.8484 -2.3638 2.1259 -0.96555 -0.31797 2.3516 2.0966 -0.98545 0.61429 2.8758 0.036407 1.2827 0.71573 -0.15114 3.2891 -1.7459 -0.48035 -0.51555 0.97793 1.4472 -1.6592 0.4726 0.53491 -1.1759 0.12338 1.35 -0.82086 -0.076671 -2.5543 1.5533 0.78877 -2.1467 0.62967 0.33031 -0.53643 -0.42855 0.13773 1.1861 -3.4659 1.1193 -0.19746 0.56203 3.3157 2.6573 -1.1501 -0.76099 1.3657 0.02346 -3.5808 2.8923 -1.3143 -0.38898 -0.65634 -1.9332 0.43877 0.27983 -0.34853 0.49085 2.0886 0.2616 0.087599 0.27443 0.26598 1.6799 -0.90401 0.054099 0.4233 1.1779 0.09578 0.053588 1.9832 -0.26319 0.36959 -2.1052 -1.4428 1.6153 2.0251 -0.66566 -0.7263 -1.6554 2.1458 -1.338 -1.3119 0.8939 -0.84925 -0.34502 -2.8659 -0.97532 -1.6324 1.3886 0.78945 -0.92213 2.4565 -2.1937 -1.1493 0.37807 1.6609 
lavender 2.6999 0.88811 -0.28633 -2.278 -1.3017 0.4949 0.6406 -0.1268 0.74289 0.59496 -0.0052034 0.92799 1.6808 -1.5082 -0.69404 0.89881 -2.2043 -0.18128 -1.2905 -2.1907 -1.6158 0.82815 -1.3249 -0.89096 2.565 1.0344 -0.90463 -0.66049 0.1798 1.2273 -0.93256 -0.1837 0.85924 0.8764 -3.0931 1.1383 2.0875 -2.2541 -0.9956 -1.6703 0.59765 -1.1644 0.81697 -0.37328 -0.96606 0.72028 1.7941 -1.6527 0.94495 -0.27838 -1.1806 -1.273 -0.119 0.38085 1.7762 -3.1474 -1.8802 -1.2024 1.8861 -0.28303 1.4933 -0.19958 2.0002 0.78462 -0.68352 -0.21087 -1.6844 0.89672 -0.5851 -0.22323 0.42242 1.462 1.4647 -0.058878 0.98624 -0.69374 -1.1888 -1.2233 -0.49698 1.4888 -0.11222 -2.2288 -0.90455 0.31217 -0.97255 2.2168 -0.90643 0.031814 -1.1874 0.9948 -0.81325 0.54146 3.5198 -1.9411 -2.0483 0.5314 1.2366 0.56757 -0.60546 1.4038 
cologne 0.56272 0.85308 -1.0284 0.70337 2.2051 0.4459 0.5908 1.0355 -0.88739 -0.66698 -2.0064 -2.7193 0.053251 -2.3334 -1.8794 0.68017 -2.1229 -2.0269 0.26601 -1.1345 0.070839 0.89166 -1.6712 -1.5102 2.8271 -0.33817 1.3497 -1.6085 2.2164 1.0725 0.29221 0.40161 -0.59329 0.78195 -2.3442 0.70601 -0.6563 -0.71578 -0.55391 0.1057 -2.4843 -0.77823 -0.55123 -0.24524 1.2478 0.0016169 0.41553 -0.45813 1.6654 -1.7847 -1.3561 0.59467 0.56878 0.89874 1.8833 -2.6827 1.0584 -2.3296 2.1808 -0.73551 -0.3484 -1.4202 1.8493 -0.76192 -0.37228 0.46449 -1.6143 -0.035273 0.4609 -0.39469 2.4482 1.7402 1.7219 1.5211 0.55515 1.1068 0.097412 -1.3282 0.46343 -0.63587 -0.20004 -1.3744 1.6743 -0.63486 0.90551 0.0060553 0.11052 -0.36734 0.37368 1.3587 -1.3454 0.31414 3.8798 -0.23177 -0.28042 -1.3519 1.1859 1.8381 -0.83271 -1.2551 
cedar 1.8615 3.8955 1.6582 -1.9455 -0.99551 1.6201 1.0425 0.051484 -1.0083 0.77114 0.31549 1.167 1.3339 -2.6076 -0.3832 0.81961 -1.5838 -0.28246 -0.91574 -1.9912 -2.0601 -0.53151 -0.84499 -1.6332 2.5449 2.4138 -1.5975 0.53849 2.2939 -0.38717 -1.2715 0.06044 1.0275 1.9155 -2.7337 2.7888 3.0986 -1.913 1.4896 -3.3834 0.50744 0.14643 1.7557 -1.1586 -0.95313 0.34332 1.5684 -2.8868 0.76047 -1.7481 -2.4545 -1.4606 -1.5951 1.7041 1.4044 -0.77014 -1.0571 0.61046 1.6453 -0.46416 4.1095 0.49892 -1.3849 1.8936 -0.0073309 1.4844 -3.0239 -0.39126 -1.0891 -2.6107 -1.5509 -0.42414 1.2375 1.1757 1.0398 -0.1711 -0.98951 -0.94084 0.85248 3.7776 1.1401 -2.8262 -1.0262 2.8713 -1.7498 2.0183 0.29234 -1.764 -2.3133 1.4686 -0.44187 1.879 3.5166 -0.96647 -2.1485 2.2911 -0.4756 -1.0998 -1.5217 4.0153 
cheese -0.24101 1.8661 1.1862 1.5762 -3.0876 -0.27329 -0.074487 -1.8768 2.7602 -0.65456 -2.0961 -0.021868 1.5284 2.6281 1.0262 -0.45595 2.3668 2.3691 -1.8503 -0.16664 -0.82663 0.83088 2.2443 -0.13361 -0.075534 2.3884 0.50884 -0.49717 -0.39804 0.74434 -1.6758 0.71846 2.5735 0.30665 2.4769 0.60586 -0.96896 -1.9219 2.1859 1.6534 2.7166 1.9455 0.82247 -1.4362 1.9053 0.9596 -0.30108 -0.72499 -1.0798 -0.89106 -0.09272 -2.2568 3.4747 0.40868 -3.2453 -0.018529 1.4409 1.3608 -0.56646 -0.56553 -0.85692 1.1096 -0.36669 -0.86194 2.2732 0.53751 -2.7375 0.2238 -0.202 1.8631 1.8785 -0.57645 -2.2104 -0.52053 1.3607 -2.1746 -0.18858 -1.5975 -0.047835 1.026 -2.5909 -4.4884 -1.003 -0.80706 -1.2583 -1.6825 2.125 -1.9398 -1.632 -0.21071 1.3308 -0.64068 0.13977 -4.9333 -0.018156 0.70248 1.1899 -0.31898 0.6315 0.75621 
mint 4.9955 2.3411 0.34411 -2.6928 -0.37163 0.78585 0.063848 -1.3371 -0.94394 1.955 0.12259 1.3618 2.1992 2.2178 1.5269 4.2401 -2.8908 -0.78578 -0.76888 -1.6792 -1.2318 -0.094515 -2.0456 -0.092714 2.9533 3.0175 -1.3549 0.69148 -2.4141 -0.87899 -2.1207 -1.3051 -0.8921 -1.2395 -1.5246 2.8546 2.8226 -2.5647 -0.28818 -1.8212 0.41208 -1.4129 3.9411 -1.0778 0.27508 1.4472 2.352 0.32996 1.0917 -1.5859 -2.1306 -4.1784 2.7415 -1.1197 1.9216 -2.3428 -2.3532 0.50918 1.6828 -0.87986 2.8304 0.94743 2.2418 0.027596 -0.80659 1.3314 -3.2052 2.7804 2.6626 -0.35226 3.5291 1.9923 1.1117 -0.21346 1.0791 -1.0944 -1.5518 -1.9525 0.556 2.5372 2.1391 -4.5741 0.13121 -0.19494 1.3404 1.9834 -1.354 -0.74697 -1.6433 -1.4413 -0.11257 0.024839 2.2811 -0.55346 -3.388 1.7614 0.83857 -0.71974 0.44384 2.9071 
popcorn -0.73844 0.2709 0.88327 1.515 -2.0604 -2.3798 -0.55528 2.551 2.6588 0.078282 0.67715 -2.1285 2.1105 1.535 0.37661 0.24628 0.81925 3.062 -1.8201 0.037212 -0.08678 1.124 4.2862 -0.62112 -2.8767 -0.28209 -0.38083 -1.6295 1.5173 0.19872 -1.7599 -0.44856 2.0683 1.2698 2.228 2.0166 -2.1845 -0.82849 -2.0756 0.81508 1.2999 -0.39494 1.3733 -0.25099 -0.64962 2.3439 -0.6685 1.4585 0.14305 -0.27652 0.1457 -1.2348 1.1475 -1.2941 -1.0023 0.41542 0.18966 -0.33697 -0.24876 -0.039427 -1.635 -0.3429 -0.22822 -2.6809 1.0388 -1.2002 -1.7102 0.18371 0.93481 -0.084756 1.1723 -0.046115 1.2975 -1.1053 0.48742 -1.9702 0.31692 -0.09608 1.818 1.3156 0.61106 -1.2997 -0.82544 -1.3101 -2.2071 -1.405 -0.039055 0.27893 0.61343 -2.4728 2.1992 -0.67847 -0.67525 -1.4001 -1.1582 -1.6693 -1.2652 1.2575 1.3552 0.074003 
bread 1.3506 1.0639 0.18099 0.94953 -1.2486 -1.1587 1.5568 0.50762 5.7062 -2.3186 -2.0939 -1.1497 0.70691 -0.10153 0.44796 -0.64042 3.6369 3.7876 -2.6528 0.61467 -0.87774 0.51899 1.9152 -0.8002 -2.4169 -0.64497 0.4151 -1.2271 1.2776 2.0822 -1.2095 -0.57018 3.5831 -1.5341 1.2763 1.2279 -2.602 0.31374 0.2955 -0.64195 1.2464 1.2122 0.96436 2.9017 0.26627 0.90064 1.7231 -1.8507 1.0525 -1.3444 0.43229 -3.9315 1.3388 0.20896 -1.6569 -0.51312 -0.028748 1.3653 0.97361 -2.8684 -1.6344 1.7857 1.541 -1.3987 2.5537 -0.92561 0.35841 -1.2233 -0.0065596 2.0355 0.033962 -0.23987 -1.99 0.31329 0.58619 -2.5935 -1.0021 2.9823 1.615 -2.9361 0.19571 -2.4609 -2.8108 0.97578 -0.74382 -2.1607 0.96344 -1.9189 -2.3976 -2.0872 0.32468 -1.8171 0.37818 -2.2499 -3.964 -1.703 1.571 0.34907 1.2747 1.1822 
smoke -1.5821 4.9106 1.4638 -0.35642 1.0038 0.14356 -1.0682 -1.23 -2.401 -0.24833 -0.28376 -1.0698 4.3631 -1.7307 0.88857 -0.74967 1.1887 0.76913 -1.0651 -1.247 -1.082 -3.4945 0.74667 -1.5405 -0.45906 -0.11575 -2.6177 1.0448 2.2261 -2.7762 -1.6621 -0.47586 0.9724 1.7884 -1.4619 -1.4571 3.1869 -1.3876 1.7307 -1.6686 0.68789 2.8808 2.1458 -2.3799 -1.3891 0.98179 1.679 -0.77046 -1.9049 -1.5313 -2.0858 0.8006 -0.6158 -1.16 0.40462 -0.96047 -1.1204 0.28668 0.17663 -0.13641 2.837 2.4459 -2.3092 -0.61598 0.06299 -0.6115 -0.50247 0.89236 -1.7857 -0.82255 0.85688 -0.12982 -0.75696 -1.3854 -1.2283 -1.5539 0.58701 -0.12624 -0.32342 3.8305 -0.5565 -1.3846 -1.9541 -0.83253 -2.4912 0.65071 1.4567 -3.6815 -3.4267 -0.19378 0.02762 -1.6296 1.7464 -1.2972 -2.8212 2.2845 -2.2539 -1.2756 -0.60367 4.365 
licorice 2.8315 1.9376 0.98146 -0.51007 0.085046 0.75512 -0.059135 0.77691 -0.34676 -0.086309 0.2973 1.1283 1.7638 -1.4394 2.0461 0.22937 1.0924 0.761 -1.0286 -0.95492 0.37159 -1.8147 -1.2301 -0.026856 -1.2385 1.2566 -0.55284 0.21145 2.2534 -1.7675 0.037542 -1.3874 -1.1036 -0.71087 -2.2362 0.64233 2.7201 -1.15 0.72277 -2.3175 0.38472 -0.94811 3.3137 -1.9856 0.50289 0.79393 0.81358 -0.58081 0.1983 0.66321 -1.0708 -2.0541 2.2351 0.5835 0.028566 -0.67366 -0.36853 0.93478 -0.029925 0.11122 1.6648 0.92282 0.35407 0.88832 -0.2535 1.3727 -2.1703 0.20173 1.1398 -0.14815 2.504 -0.16041 1.1916 -1.2429 0.13293 -1.3392 -0.70211 0.46829 0.0049414 1.0596 0.40101 -1.8301 -2.4939 0.6407 -2.3127 -1.5727 -0.3541 -0.17564 -0.14825 -0.44049 0.10953 -1.2898 1.7327 -0.28438 -1.325 2.3721 -0.58331 0.84998 0.0017904 3.4458 
violet 4.6408 2.9339 0.29854 -3.5046 -1.6599 1.318 -0.11643 -1.1104 -0.28284 -0.93828 -0.19834 0.73949 0.97477 -2.5744 -0.59306 0.9946 -1.4291 -0.49575 -1.9317 -1.145 -0.87927 -0.14763 -0.064925 -2.3547 0.6241 0.53112 -0.55668 -1.1998 0.11362 -0.078882 -2.3129 -0.78754 -0.71054 0.091854 -3.6783 0.85529 2.7165 -2.5469 -0.37032 -1.1756 0.20598 1.305 0.93526 -1.4571 -1.3649 2.202 0.75763 -1.7551 -0.11249 -1.1098 -2.1856 -1.0499 -0.36523 -0.56665 0.16356 -1.2059 -1.822 0.47384 1.001 0.7535 2.169 0.27925 0.16903 0.7114 -1.5642 0.95031 -1.6483 0.55362 0.56101 -0.14875 0.61121 -1.041 1.7031 0.69351 1.6947 -1.9553 -1.14 -3.173 -0.8733 1.4843 0.24437 0.13 -1.9796 0.94312 -1.2 0.042777 -1.7664 0.30322 -2.4556 -0.16367 -0.95653 0.084932 4.3344 -1.8652 -1.8331 1.956 -0.61487 0.59092 -1.4334 0.91761 
strawberry 2.618 3.3834 0.54483 -0.85808 -0.63634 0.51449 -1.1637 -1.0965 1.4081 0.071782 -0.21475 -0.18844 0.28623 2.1839 1.579 2.1244 -0.34423 1.8236 -1.4395 -0.10359 -0.55515 -0.19496 -1.6159 -0.97989 -0.62844 0.47811 0.64901 0.46061 -0.061766 -1.0945 0.09994 -1.0721 0.12727 -0.77028 -1.3893 1.0015 0.83785 -0.77994 0.46343 -1.1421 0.28796 -1.2645 2.3037 0.173 0.12506 0.81624 1.1922 -1.9102 -0.64592 -1.0885 -0.97123 -2.1254 2.8982 -0.99356 -1.1465 0.13478 -1.2611 0.49255 -0.88232 1.4615 1.5203 0.7781 1.4677 -0.60497 -1.8245 0.95553 -0.17455 1.0112 -0.027885 0.19527 1.0181 -1.082 -0.15139 1.1401 1.0832 -1.8219 -0.50184 -0.17504 1.1914 -0.093567 1.1917 -2.4299 -1.5539 1.0864 -1.8512 -0.16755 -0.00058156 -1.2998 -0.23942 -1.0844 -0.15184 -0.83494 1.0938 -0.22465 -1.1038 1.6881 -1.9083 -1.6795 -0.65363 0.49329 
pear -1.181 4.4804 0.37741 -3.6514 -0.89789 3.4648 -1.7359 -0.71848 2.1052 2.2118 -1.1839 0.6828 1.9672 4.1567 2.2763 5.864 0.41924 3.4318 -4.0666 -1.0055 -0.16416 1.9108 -0.30696 -1.7752 -0.0017774 0.92827 -1.7497 1.583 0.27595 -3.0158 -1.1382 -3.0439 3.6568 1.1297 -5.3201 2.3553 -0.09647 -5.6673 1.2076 -3.6257 1.7067 2.3886 0.50567 3.7492 -3.678 0.44213 2.367 -3.4273 0.084862 -0.64146 -2.3039 -3.4477 1.999 0.3049 -1.4333 -3.1895 -1.7661 1.15 -2.7386 -1.4521 0.5733 1.1462 4.7058 -0.31403 -2.1576 1.7445 1.2411 3.8051 -1.5304 -0.54448 -1.0322 -1.596 0.85707 0.64841 2.1655 -1.5109 -0.8017 -1.3052 1.3185 -1.6362 -0.59836 -4.6395 0.92387 2.1225 -4.842 -0.12074 1.4401 0.52287 0.70745 -2.0201 -0.50086 -0.71182 2.4261 -0.65322 0.42178 -0.28846 -5.11 -2.4331 0.17282 1.4758 
pineapple 0.43872 2.5255 -0.050082 -0.76175 0.1597 1.4263 -0.89823 -0.92002 1.3641 1.6333 -1.3381 -0.0549 1.3733 1.9023 1.558 2.9902 -0.063511 1.3662 -2.6804 -1.1278 0.2263 0.94672 -3.0938 -1.4609 0.87593 0.40529 -0.6674 1.5375 -0.89074 -2.3913 0.22053 -1.4058 2.6991 0.46095 -0.9762 1.2328 1.0424 -2.9939 0.84714 -2.335 1.2665 -0.11926 0.43988 1.4668 -1.5721 0.47205 2.2911 -1.3142 -0.3589 -0.93852 -1.1147 -1.2971 1.2792 -0.65503 0.42313 -2.1924 -1.1148 0.23834 -1.4863 -0.10179 2.1093 0.05301 1.7502 -0.088981 -1.5687 0.80984 -0.28661 1.8701 -1.2249 -1.1605 0.1179 -0.83284 0.38321 1.2026 -0.47752 -0.99068 -0.52889 -0.15806 2.3712 -0.71856 0.65386 -2.5984 -0.49255 0.74002 -3.1053 0.34801 0.02345 -0.10129 0.50949 -0.35502 0.061583 -0.086319 1.7529 -0.42473 0.16938 0.54394 -2.0102 -2.2125 -1.461 0.68209 
caramel -0.045799 3.0334 -0.37755 -1.2324 -0.65767 1.2457 -1.2118 1.2159 2.2213 0.99754 0.35495 0.39517 2.4018 1.02 0.4998 0.62107 0.73124 2.313 -2.0475 -0.59538 -0.79405 0.70376 -1.1726 -0.36956 -0.019862 -0.14787 -0.94232 0.37396 0.092012 -2.7514 0.30468 -0.20188 1.6231 -1.5293 -0.51033 0.48173 0.70656 -1.3484 -0.52705 0.62526 2.272 -1.416 1.9614 -1.0894 -1.1561 2.4411 1.4191 -1.004 -0.96616 1.0533 -0.55699 -1.4793 1.1079 -1.2024 0.63757 0.56088 -1.5906 1.8954 0.15216 -1.1456 1.4095 0.91404 -0.49612 0.51119 -1.0196 0.44923 -1.3187 1.0715 0.60189 -0.83896 0.30911 -1.3077 1.2775 0.20834 0.066321 -0.95275 -1.0385 -1.4868 2.3032 2.4365 0.039719 -2.0723 -0.84723 0.77024 -3.0195 -1.3106 0.71244 -2.3357 -0.67802 -1.7848 0.083365 -1.5227 1.1227 0.5889 -1.4594 1.6102 -0.89683 0.91649 -0.93977 1.422 
grapefruit 1.7338 2.0836 0.3179 -1.746 -0.58656 1.0272 -0.83493 -1.415 0.32138 1.3572 -1.0712 -1.3287 1.6014 0.90006 0.418 3.5816 0.38484 0.54524 -1.432 -1.0285 1.1419 0.43582 -2.108 -0.89133 1.3828 -0.010856 0.32357 -0.30229 -1.367 -1.3967 0.094671 -1.6218 1.2182 0.88109 -3.277 1.6396 1.5166 -2.889 0.43219 -3.2148 1.1818 0.45702 1.157 0.075194 -1.5566 0.54153 1.9072 -1.3258 0.77753 -0.64263 -0.73235 -0.94303 1.5408 0.51969 0.099693 -0.57857 -0.59831 -0.96387 -0.31182 0.42048 1.9986 -0.18126 1.6744 0.061916 -0.63354 0.75237 -0.88382 2.0231 -1.3637 -0.41689 1.0312 0.14984 1.1718 1.9393 0.36258 -1.6001 -0.88121 -1.7913 0.25859 0.29812 0.86236 -2.5228 0.074378 0.87996 -1.6242 1.3921 0.22578 0.62717 -0.68136 0.18767 -1.6741 -0.49981 2.4681 -0.68686 0.72308 0.50531 -1.6283 -1.0262 -0.44672 1.3548 
clove 1.7601 2.4106 1.7166 -3.6733 -2.239 3.1816 1.0256 -0.10571 -0.12459 0.44062 0.91822 0.91896 0.9464 -2.5404 2.0011 1.0856 -0.076098 -0.11966 -1.3256 -1.372 -1.8001 -1.451 -0.52827 -1.6916 1.0107 2.2317 -2.0249 -1.146 1.5064 -2.2162 -0.35665 -0.42551 1.0924 2.2965 -3.171 -0.21559 4.6508 -0.78928 0.065384 -2.4618 1.6739 -0.95201 2.9305 -1.1631 -2.0674 0.0065207 1.8921 -2.0356 1.0748 -0.59357 -0.32968 -1.5758 -0.074043 0.4233 -0.11755 -3.3386 -1.0341 0.56142 1.3166 -1.6429 1.8179 0.63779 0.60649 -0.12605 -1.0282 -1.2856 -1.265 1.2968 0.0643 -0.82223 0.81493 0.05194 0.7655 -0.53266 1.6869 -1.3179 -1.5286 -1.3307 0.3061 1.5323 0.072314 -3.0904 -1.8851 1.3627 -1.5055 0.66458 -1.2101 -0.30418 -1.2782 0.52402 0.81445 1.3388 1.6397 -2.2956 -3.8161 1.9337 -0.12645 -0.73406 -0.17591 4.1788 
syrup 0.1335 4.0083 -0.10283 -0.33741 -1.4289 2.2367 1.5041 -0.40823 3.2831 -1.4955 -0.61897 0.446 1.4205 -1.6949 -0.54282 1.7 1.8318 3.5302 0.23402 2.1859 -0.8313 0.70995 -1.0283 -0.28037 -1.2976 -0.087059 0.74951 0.064662 -1.4437 -1.5264 2.4623 1.8278 0.59456 -0.96062 0.34961 1.4637 -0.31153 0.53909 -2.8705 -1.651 -0.097563 -2.984 1.733 1.6015 0.7235 0.058002 2.245 -0.4962 -0.92312 -0.16449 -2.3394 -0.60304 2.6826 -3.7552 2.0101 2.6558 0.41886 -0.18532 1.8694 -0.67451 -0.055324 0.057431 0.76999 -2.2537 -0.6024 -0.42509 1.0437 1.9482 0.61106 -1.7545 0.77999 -1.5854 1.9279 -0.85083 -0.2668 -0.73234 -1.8386 2.5946 1.1091 -0.59693 -0.26438 -1.4139 -1.6257 0.45847 -1.9674 -1.143 1.3267 -3.2255 -1.1253 -3.0933 0.29403 -3.6701 -1.3668 1.8043 -1.4904 0.20666 -1.5366 1.3584 -2.796 -0.15796 
grape 3.0366 1.6083 0.216 1.1894 -0.34543 1.5401 -0.052447 -1.8443 -0.95123 -0.87988 1.2037 -0.99525 1.027 1.8857 -1.6238 5.0134 1.4884 2.3375 -2.4327 0.99482 -0.29569 -0.14943 -2.9459 -1.3462 -1.195 -0.19475 0.31567 -0.97427 -0.21772 2.1854 1.3409 -0.28178 0.02771 1.6306 -1.408 2.0835 0.90959 -3.5809 -0.31376 -1.2304 1.9572 1.4947 2.7431 0.18177 4.5604 0.31493 2.7748 -3.1947 -0.58752 -1.0173 -0.53256 -1.7898 2.7224 -0.36996 -0.27719 0.1669 -1.436 1.346 0.65356 1.6488 3.435 -1.1282 2.8088 -1.9106 -4.0037 1.1909 0.91716 3.0455 -2.1097 -0.096751 -0.91262 -0.00062091 2.3101 0.66999 -0.19908 -1.6067 -0.65291 -0.47504 2.3214 -1.1099 1.2014 -3.3645 -3.0219 1.704 -0.63979 -1.246 -2.5766 -2.0614 -0.98483 -1.5491 0.18051 0.9282 0.36001 -1.8128 0.42897 2.2038 -5.0412 0.5541 2.5183 -1.2867 
fish 0.3368 -0.14351 0.8559 1.9777 2.8953 -1.9312 0.97099 -1.5385 0.10789 -1.58 -1.0231 -2.7826 3.702 2.5446 -0.3825 0.488 2.7942 1.9606 -2.0433 -0.20879 3.0094 -0.88951 2.0152 -1.2142 -0.32146 -0.90492 -1.6139 0.34501 -1.9242 1.3593 -1.2627 -1.9798 4.0356 4.6675 1.6841 3.7294 0.056996 -0.44996 -1.4504 -1.0817 2.0607 3.4835 -0.74308 1.0885 1.4323 -0.38885 -2.215 -1.4599 -0.83157 -2.1572 -1.8944 -1.9929 1.2734 -0.083178 -3.8207 -0.22494 2.4294 0.88161 -3.7509 0.43911 -0.040901 1.3656 -0.24859 0.023897 1.4859 -0.33968 -2.1909 -1.1022 -0.30682 -1.465 0.75132 -1.0696 -1.497 1.2272 -1.4943 0.22473 1.1558 1.6874 1.2056 1.0419 -2.36 -2.4205 -0.36386 -1.8364 0.31446 1.7908 -0.87987 -1.1652 -3.2457 0.55316 0.90858 -3.1195 -0.22141 -3.5245 -0.32968 1.1837 -1.0994 -2.5376 1.9168 1.2809 
banana -0.55957 1.334 -0.45631 -1.9524 -0.95535 1.1295 -1.7715 -1.3949 3.3979 1.2141 -0.31568 1.2008 0.49425 2.7029 1.2929 1.3405 1.8106 2.3173 -0.85282 1.3288 0.20151 0.50895 -0.49438 -1.1857 0.91118 1.7649 0.090787 1.0864 -0.86743 -0.1862 -0.27786 -1.1278 2.6107 -0.60505 -0.13319 -0.20103 -0.71245 -1.1861 0.95477 -0.015122 1.8803 -0.36094 1.3608 1.5126 -0.45407 -0.095593 2.1658 -1.839 -1.2584 -0.50065 -0.89453 -3.3631 1.2225 -1.8133 -0.83087 -0.37162 -1.3355 0.13724 -0.74543 -0.31943 -0.23146 2.2584 1.5595 -1.5239 -2.4742 0.49537 0.60708 -0.21178 1.0831 0.46702 1.6223 -1.867 -0.66817 2.0031 1.289 -1.7362 -1.6341 -0.64591 1.2545 -1.0564 1.002 -2.4602 -1.9649 1.3013 -0.55575 -0.11625 0.45647 -1.2935 0.77019 -2.4465 0.054097 -0.09066 -0.29521 -0.32969 -0.59966 0.9512 -1.6069 -2.2862 -0.66781 -0.48205 
egg -1.3119 -0.44684 -2.5122 1.0817 -3.0375 -2.2353 4.0831 -4.3972 5.3927 -2.1499 -1.271 -2.7427 -0.055824 -2.2495 3.4182 -5.9076 0.38156 5.453 -7.1638 5.4387 0.43608 2.9432 0.2038 -0.33477 -0.32899 0.43088 -3.0294 0.42266 -5.0826 4.855 -1.0826 -0.35472 4.9724 2.6042 2.4759 1.2008 -0.44945 -2.0412 -2.7973 0.65763 3.4721 4.4618 -0.08253 -2.01 6.0731 -0.084881 0.30169 -3.7659 1.043 1.9934 1.0188 -4.0227 3.2174 -0.2019 -6.5267 2.9186 -0.13547 1.7269 0.96396 -2.1434 1.4541 4.2526 -0.03273 3.8358 2.1164 -2.8586 1.2915 -3.4127 -0.2662 -1.174 1.6113 -4.5435 -4.5644 -0.78008 2.1989 -1.1658 0.2385 0.95791 2.1514 -2.1993 -0.68083 -7.3701 -3.2138 0.21077 0.16728 -2.6419 3.2629 1.8805 -3.3378 -4.7319 -1.4046 -3.5095 -4.4437 -2.192 0.80936 -0.40695 -3.0634 -3.2402 0.081081 -1.6834 
peanut -1.7671 0.31422 1.4229 -0.53882 -1.4801 0.67914 0.21551 0.43792 3.0621 0.93878 -0.50722 0.88494 3.5051 1.8038 1.7576 0.89619 0.84691 2.6636 -1.7984 -0.62204 0.31591 0.60873 2.5321 -1.9415 1.8744 1.1063 -1.1958 0.72382 1.1202 0.78906 -0.092729 -0.21014 2.1746 1.2363 0.95328 2.3276 -2.0363 -0.64009 -0.42158 1.7473 2.3116 -2.4427 0.98469 -1.1067 1.6843 0.54862 0.085313 -0.79907 -1.0911 0.11585 1.2759 -3.019 2.6173 -1.3219 -1.8922 0.52892 0.96835 1.5493 -0.42074 -1.4305 -1.0348 1.9865 -1.8822 -1.0951 0.78643 -1.2104 -0.23002 -2.6544 1.9384 -1.7204 1.2126 0.67384 -0.24022 0.92516 -1.8325 0.5226 -1.5339 -0.017895 2.8204 0.65641 0.71327 -3.3012 -2.5277 0.18558 -2.1907 -2.9369 0.78662 0.18891 0.90072 -1.749 0.39612 -0.77243 -1.8073 0.16413 0.66678 0.69839 -1.2732 -0.40422 1.3067 2.6047 
vegetable 0.072026 0.3496 -0.2767 0.40962 -0.89998 0.10039 -0.072099 -2.2018 1.5514 -1.4825 0.15363 0.29183 0.52994 0.69988 -0.43154 -0.061922 2.4042 1.3088 -1.3569 -0.52708 1.1974 -0.29925 0.46932 -0.79766 -0.15642 1.2199 0.20027 0.29573 0.04769 0.77695 -0.86514 -1.8403 1.8093 2.4312 0.70826 1.706 0.19153 -1.104 0.16 -0.79278 1.4376 0.92383 -0.26284 1.0328 2.3937 0.81497 -1.3679 -0.894 -0.51493 -0.819 -1.4419 -2.4996 0.96421 -0.19829 -2.8728 0.23828 1.2085 0.80905 -1.3912 0.51545 -1.5905 1.5981 1.3693 0.2296 0.12854 0.27038 0.59016 1.4257 -0.13391 -0.88807 1.5951 0.048653 0.036714 -0.38014 0.8793 0.58236 -0.71724 0.65596 -1.1498 1.0136 -0.19113 -2.1401 -1.9221 0.1706 -0.61917 -0.62512 0.3912 -1.1134 -1.7822 0.46819 -1.2319 -0.7249 -0.7606 -2.1165 -1.8837 0.63184 -1.8528 -2.5064 -0.36429 1.5439 
raisin 0.92894 1.5709 1.9997 -0.17005 -0.0059601 1.4765 -1.6726 -0.34261 0.18585 -1.9708 0.076836 3.0577 0.57231 -1.2392 2.2181 1.7572 1.4304 2.7149 -1.2398 1.6098 -0.45925 -1.5302 -0.37751 -1.5763 0.95921 1.7798 0.18339 0.67116 2.7178 -0.65204 1.582 -0.57843 1.3928 -0.84453 -1.7448 0.65694 0.053653 1.1961 0.92112 -0.79772 1.0346 -1.6469 1.9032 2.1826 0.0031295 1.395 1.3567 -2.3928 -1.136 0.34084 1.0855 -3.7889 2.7271 -1.0297 -2.567 -1.2299 -1.0506 0.31863 -0.30069 -0.67694 0.48103 0.80898 -0.51647 -1.8044 -1.726 0.1995 -0.075408 0.41035 1.3243 1.0721 0.88655 -0.051665 -0.26225 -1.145 0.60256 0.8838 -0.35674 1.4883 2.5177 1.2223 1.3332 -2.8508 -3.7061 1.7311 -2.0355 -1.3998 0.16446 -0.87385 1.3955 -1.6597 0.73729 0.22234 -0.87182 -0.53723 -2.7577 1.638 -2.3261 -0.70649 -0.32871 2.2162 
animal 0.1045 -0.41294 -1.9999 -0.65618 0.29126 0.57274 1.6769 -0.086002 0.74946 1.2262 1.916 0.039955 0.48856 2.0427 -0.98777 0.58928 -1.0056 0.7536 1.301 -3.1884 1.3259 -0.42297 1.8537 -1.7871 1.0647 -0.79436 -0.71473 0.30264 0.57397 2.7659 -0.17201 -0.6846 1.029 2.1401 -1.3552 0.041938 1.5253 -0.69553 0.43349 1.3363 1.9834 0.3286 -0.93408 -1.2676 1.8891 -1.0324 -1.4114 -3.1654 -1.5325 0.84322 -1.4443 0.015078 -1.1967 -0.03372 -1.3421 -3.7587 2.2791 0.89092 -0.73322 1.8336 0.53643 2.2924 -0.86487 0.76132 -0.60857 1.7366 -0.8648 -0.79701 -0.74718 -0.73992 -1.3587 0.58635 0.47562 -0.30436 0.42421 0.69344 0.67381 -0.24507 -1.3014 0.79947 -0.32774 -1.3523 -1.9346 -1.6911 -2.5457 -2.3007 1.0342 -1.0513 -0.62639 1.4113 -1.104 -2.7399 -0.45649 0.17526 -2.589 1.3174 1.1805 -0.49025 -0.64448 2.7364 
anise 3.3923 3.2768 -0.16179 -3.5663 -1.1453 1.8075 -0.094069 0.76054 0.79723 0.6058 0.24439 1.6026 2.8343 -2.2848 2.0809 0.74933 -0.73261 0.23606 -0.96836 -1.3802 -0.27554 -1.0907 -1.737 0.13078 0.30583 1.9205 -1.754 -0.38492 0.50509 -1.7358 0.67227 -1.1384 0.22304 0.050144 -3.5108 1.2774 4.1601 -1.5511 1.3523 -2.1282 1.0429 -1.1091 2.5383 -1.7966 -1.4583 0.94178 2.5037 -1.7509 0.92998 0.068941 -0.34469 -2.0456 0.9928 0.95128 0.17021 -2.5521 -2.516 0.055893 1.3409 -1.4573 2.7523 0.89597 1.3881 2.226 -1.1164 0.83101 -3.3431 0.5503 0.094959 -1.1564 1.4202 1.1252 2.0508 0.13248 1.4021 -1.1981 -1.771 -0.88038 -1.5248 2.1332 1.1231 -2.6123 -2.064 0.83576 -0.72833 -1.0028 -1.2496 -0.56805 -1.3865 -0.53893 -0.58573 0.47158 3.658 -2.8398 -3.3692 3.2704 0.71135 -1.1154 -1.0277 4.5065 
potato -0.27504 -1.0131 1.2427 -0.49534 -0.19843 -1.0052 -0.27248 -0.90614 1.7368 -0.85589 0.56867 -0.88993 0.59847 -0.74954 -0.079825 -1.1712 3.8915 3.7649 -2.6295 1.9859 1.0613 0.84001 0.42014 -1.643 -2.0302 0.67027 -3.0607 0.096046 0.37025 1.6492 -0.10559 -0.94647 3.3559 1.0352 2.9118 1.1494 -0.35569 -0.055522 1.5067 -0.84932 1.5974 1.7723 -0.77147 0.82891 1.9779 1.4463 -1.0446 -1.1917 0.35603 -2.1626 -1.4717 -3.8627 1.8849 -0.97932 -2.5326 1.5684 0.99254 1.6409 -1.7661 0.52671 -2.8918 1.3618 0.19881 -0.11701 -0.081337 -1.2909 -0.52206 -0.84518 0.81555 -0.041596 0.45366 -2.3303 -0.90335 0.33549 0.45847 0.8069 -0.53204 0.63547 0.50398 -0.30866 -2.3896 -4.1651 -0.14598 -0.87885 -1.0641 0.19654 1.2498 -0.45111 -1.8778 -0.84002 0.57621 -1.8315 -1.16 -4.4014 -0.66981 -2.3579 -0.21809 -1.1924 -0.2541 1.1548 
garlic -0.44446 -0.83967 2.0652 -0.57603 -1.1268 1.5613 1.317 -1.6935 1.0994 -1.3928 -0.032067 -1.1271 3.1521 -1.3761 1.8622 0.89631 1.3322 0.60626 -2.2536 0.33087 0.96825 0.27715 0.76322 0.36906 -0.26552 2.9818 -1.4506 -0.92835 -0.38905 0.00094489 -0.0085424 -1.6238 2.1843 3.105 0.96913 0.62329 1.5672 -0.8666 1.3697 -2.9216 1.4105 -0.63829 0.66382 -1.4442 1.6459 0.93995 1.2613 0.41526 0.6019 -1.226 0.30576 -2.4328 2.1476 -0.25994 -1.4396 -1.1893 0.46448 0.25206 -0.38039 1.3531 -1.0377 2.0053 -0.10895 0.38411 2.0706 -1.9768 1.1146 1.482 -0.97017 -0.4034 3.7724 -0.056569 0.80734 0.26515 1.1103 -1.6501 -1.7056 -1.4498 0.57123 2.3629 -0.83174 -3.8812 -1.1361 -2.8173 0.034594 -1.3689 1.4683 -1.0143 -1.7351 -0.066235 -0.94943 0.1243 -1.822 -4.0712 -1.6599 -1.3545 0.89863 -1.4552 2.0643 0.65192 
soap -0.1734 1.3036 0.1163 -0.62822 2.8046 -1.1171 2.2264 -1.4909 1.0635 -1.5827 -1.1833 -1.8824 -1.8127 -1.0109 -1.3571 1.701 -2.6318 1.6696 -1.2215 -1.2466 0.03911 4.5166 1.4208 -4.5262 4.7706 0.34205 0.55178 -1.689 -1.09 1.6407 -0.11046 0.68329 0.33954 2.0139 -2.6587 3.3611 0.38783 -1.262 -3.6503 0.0029342 -2.0082 -0.66326 -0.20341 -1.2325 -2.8428 -1.5941 2.0701 -0.23547 -1.839 -0.042877 -4.4375 0.38907 -0.1284 1.2017 -1.9065 -3.906 -1.6906 0.51817 5.2333 0.4552 1.4324 1.1074 -0.37297 -2.5219 0.67743 1.5157 -2.723 -0.5262 -0.015235 0.37272 4.8338 -2.0736 1.3096 1.4779 0.4519 0.023394 -5.8946 0.18468 0.76632 1.8531 -0.73938 0.86076 -0.92963 2.1525 -0.99997 2.4158 -1.7248 -1.0094 1.9459 -0.23563 -2.5607 -1.2546 3.4627 -4.6289 -0.27136 0.16537 0.30304 3.3844 -1.3595 0.23372 
geranium 2.8523 1.0762 0.19639 -3.1566 -2.0279 0.57716 1.3327 0.13497 0.30105 0.3427 0.40228 0.78813 0.52507 -1.8909 -0.62243 1.6275 -1.5553 -0.52201 -0.83021 -1.6002 -1.0639 0.58478 -0.99479 -1.4474 1.5611 1.0709 -0.84855 -1.1889 -1.3809 0.63677 -1.4856 -1.0782 0.1757 1.0635 -2.6491 1.3583 2.7606 -2.1456 -0.43083 -0.9822 1.8317 0.50831 0.50342 -0.254 -1.3107 0.26135 0.88536 -0.58214 0.40057 -0.88555 -0.66267 -1.803 -0.77119 0.49787 0.97719 -1.8542 -0.92701 -1.7282 0.85025 0.53097 1.6075 0.0080064 1.4725 0.14084 -0.045504 -0.52938 -1.6458 0.25834 0.32763 -0.14245 -0.36823 0.8526 1.5109 1.092 1.9651 -0.37808 -0.94823 -1.8082 -1.3435 2.0681 -0.095728 -1.2835 -0.78369 0.5656 -0.58849 2.111 -0.80919 1.2331 -1.2756 1.2186 -0.98692 1.2015 2.8523 -2.4167 -2.7464 1.6038 0.20745 -0.2405 0.077168 0.62882 
pine 2.8274 3.3168 0.63153 -0.64925 2.1478 -0.21743 0.58535 -1.2053 -1.4319 1.7468 -0.38782 -0.16387 2.5633 -0.6452 -1.7203 3.1225 -0.86588 -0.033456 -1.5806 -4.6183 -1.4412 0.40173 -0.54572 -4.3579 3.7519 0.38295 -2.6001 1.3603 -0.535 0.14115 -2.2283 0.85564 2.6354 1.121 -2.8263 0.99312 3.372 -1.6292 0.51004 -3.2052 0.56226 2.0417 2.7845 0.52821 -1.2768 -0.92078 1.8489 -3.6365 3.0932 -2.3742 -3.6241 -2.1244 -1.4871 1.6673 3.2143 -3.2002 -3.1712 -1.3199 2.0303 0.99841 2.5933 -0.53053 0.45913 -1.1266 -0.065205 0.64956 -3.4572 1.7601 0.96787 -2.8381 -1.077 2.0448 2.7572 -0.26219 -0.10046 -1.8583 -0.15085 -0.5366 0.10337 2.6678 3.4998 -4.8325 -2.09 -0.66136 0.16077 1.3008 -1.714 -2.8831 -2.4243 1.4248 -1.8133 0.98028 1.8956 -2.0757 -2.3947 0.46432 0.40494 -1.1969 0.080332 3.8531 
onion -1.9853 -0.67274 0.81744 -1.1186 -1.4987 0.63008 1.1651 -2.2114 1.7659 -0.78583 -0.79345 -0.034433 3.3317 -1.9496 0.9299 0.35284 2.4705 0.6665 -3.207 0.83011 0.15418 0.9719 -0.2982 -0.84115 -0.77174 3.0037 -2.0193 -0.33116 -0.59305 2.4532 -0.094293 -2.1206 3.3888 1.4963 1.6871 -0.30201 2.6838 -0.50226 1.9936 -3.6376 0.94212 -0.46673 -2.1117 -0.62288 1.3407 0.17141 0.46135 1.3097 1.6327 -3.2186 -2.31 -4.8004 2.5719 -0.76346 -2.8415 -0.67812 -0.12725 0.33913 -0.88451 0.4636 -1.7195 1.7479 -0.59875 -0.92749 1.14 -1.2889 2.0252 1.2588 -1.2403 -0.25372 2.5578 -1.0637 0.018333 0.80687 0.74672 -1.5058 -0.61572 -1.1771 -0.14811 1.3458 -2.7752 -6.1274 -1.1035 -1.8336 -0.9568 -1.482 2.7758 -0.85854 -3.3025 0.29321 -2.0168 0.51157 -2.3926 -4.1108 -1.4713 -2.9278 -1.2155 -2.633 1.0468 0.8972 
vinegar -1.0404 1.2554 1.1019 1.9771 -1.7169 0.41954 -0.2133 -1.0063 0.34749 -1.5634 -0.92752 -0.97505 2.7665 -0.74893 -0.085171 2.0503 1.656 -0.24862 -1.595 -0.19127 1.1274 1.0876 -0.60418 0.72911 0.013397 1.6845 0.07026 -1.6089 -1.0734 0.45418 1.8139 -0.46773 2.6126 2.2646 0.52775 1.3046 0.83051 -0.7254 -1.0918 -0.98006 2.4842 -1.2038 0.25782 -0.57581 0.045398 0.22102 1.2673 0.21672 1.1076 -0.62496 -0.62067 -1.7967 4.116 -1.146 -1.805 0.79185 0.35356 0.099717 1.7815 2.6023 0.55923 1.0563 -1.2994 -1.1312 0.90387 -0.79405 -1.3081 1.9089 -0.34658 -0.91156 1.5945 0.64229 1.7968 0.96278 0.23338 -0.81661 -0.32523 0.83785 -0.12024 0.71306 0.40279 -1.4337 -0.59857 -1.4134 -1.5249 -1.8142 1.5284 -1.217 -0.5165 -0.097694 0.2782 -1.4722 -1.3092 -2.4652 -1.3952 -1.8584 -1.0985 -0.19647 -0.44739 1.0143 
grass 0.95907 -0.68489 -0.050837 -1.0329 -0.30869 -1.0424 0.041838 -1.7113 2.2389 -1.3153 1.5268 -0.027346 1.6218 1.6438 -1.6868 1.4428 -1.0409 0.57909 0.99949 -3.231 1.6873 -0.48344 0.79864 -2.2774 2.4937 0.65265 -0.47683 2.834 -0.42066 1.6192 -1.2739 -0.50439 -0.31052 1.8552 -2.4092 1.6407 0.50948 -1.1784 1.018 -2.2169 1.2615 3.5667 0.71539 -1.6017 0.16066 0.33805 2.4889 -3.3596 1.4552 0.56253 -2.7616 -3.738 0.38962 0.82879 -0.077118 -2.076 -2.1418 -0.7539 0.24086 2.4462 1.3158 2.4609 2.3751 0.20198 0.33489 3.4867 -0.94146 1.1736 -0.17191 0.79241 0.078894 -0.22874 2.5473 0.51228 -0.24211 -3.6767 -0.52443 -0.94418 -1.3957 -1.147 1.238 -2.9978 -2.0891 0.90024 0.27404 2.0041 -0.082289 0.56817 -3.0791 -0.54526 -1.9999 -2.7491 -1.4304 -0.56058 -1.7537 1.0883 -1.5039 -1.4047 0.26971 2.3815 
peppermint 2.3447 1.2988 0.34227 -1.607 -0.022275 0.42645 0.51267 -0.56209 -0.57799 1.1515 0.12994 0.51423 0.96796 1.1829 1.6571 1.6067 -0.48233 -0.73026 -0.70913 -0.74866 -0.85756 -0.13464 -0.90156 0.10507 -0.054123 1.603 -0.34231 0.69981 -0.64537 -1.0565 -0.93409 -0.7838 -0.52034 -0.27826 -0.46517 1.8201 1.9085 -0.57696 -1.0287 -0.77103 0.55722 -1.543 2.9665 -1.3385 0.64345 1.218 1.0056 0.40084 0.74988 -0.4393 -0.77541 -2.497 1.2662 0.13421 0.29956 -0.84074 -1.0861 1.0798 0.80672 -1.0075 0.84665 0.30293 1.459 0.015553 0.86619 0.45257 -1.643 2.0495 1.9808 -0.3241 1.8498 0.40165 0.79532 -1.4798 0.60877 -0.89475 -1.6497 -0.69708 0.19115 0.8994 0.82494 -1.04 -1.2978 0.035354 0.65309 0.75197 0.13917 -0.86806 -1.2527 -0.18492 1.004 -0.131 0.29257 -0.40413 -0.73379 1.1222 0.59653 0.16638 0.48068 1.1639 
mushroom 2.1906 1.4927 0.44259 1.7627 0.23786 0.81412 0.69081 0.0059231 -0.43671 -1.0708 -0.73134 -0.20922 0.63438 -1.1268 1.9455 -0.65491 -0.27618 1.8407 -1.2011 -2.4644 -0.092605 0.35778 1.507 -0.8172 0.22634 0.90658 0.69456 1.075 0.42727 -0.088814 -1.4667 -2.9544 0.24998 1.0327 -0.58015 0.32241 0.8703 -0.51077 1.2304 -1.847 0.1454 1.4709 -0.45654 -0.9552 0.040938 -0.31732 0.58009 -1.0381 -1.1372 -0.68619 -2.2529 -2.2915 1.692 -0.21338 -2.3165 -0.060188 -1.2675 0.91445 -0.39687 1.0276 0.051072 0.82792 -0.37504 1.1912 0.54539 0.90893 0.030563 1.3222 -0.44164 -0.93509 1.2164 -1.6468 0.40007 -1.0645 1.062 -2.5399 0.44048 0.67983 0.17283 2.1015 -0.38598 -2.3102 -1.1671 -0.31203 -0.4524 -1.2816 0.41466 -1.7696 -2.5311 -1.3125 -0.37737 -1.1498 -0.2622 -2.4026 -2.1955 1.1088 -1.4372 -2.0342 0.017357 2.3212 
rum 1.176 4.1006 1.8901 1.4223 -2.2803 4.9454 -0.64979 0.089764 0.36676 2.273 0.54131 2.8839 4.4267 -3.4235 1.5594 2.5513 -2.0859 -0.7245 1.6896 -1.405 -0.14021 -1.5058 -3.3344 -1.722 4.7616 1.4125 -3.675 0.80955 -0.23655 -1.3764 3.5248 0.10971 -1.2509 0.63844 -3.4712 0.81116 1.8244 0.48012 -2.5321 0.54275 1.8412 -3.7761 -1.4558 3.1737 -3.0624 -4.4601 3.2319 -4.1124 0.81862 -3.497 -4.1052 2.8696 1.4388 -5.9022 4.284 -3.6169 -1.508 -0.59053 -0.5519 -5.3919 4.1684 1.8512 -2.051 -2.3659 0.17521 -4.0726 -2.9755 -1.1045 -1.0046 -1.8989 1.9862 -0.39411 0.21283 -1.2667 -5.0247 -0.020864 -4.8646 -1.4939 2.9215 1.56 -0.52062 -5.8905 -2.9938 1.1083 -2.0433 2.8907 0.78078 -4.2038 -1.6357 -2.9624 0.71863 0.80369 4.458 -2.5026 -6.4783 2.9597 -2.9453 1.6221 -2.4427 4.0952 
rubber 1.1899 2.7178 0.83738 -0.16591 1.1324 -0.89032 -1.6862 0.22816 -0.33208 0.85327 -1.3268 0.63942 -0.010477 -1.2196 0.27747 0.25019 -1.0673 0.099488 -1.296 -1.5226 0.12433 -1.905 0.25928 -1.7445 0.55273 -0.44731 -0.61083 0.15728 -0.28938 -0.15665 0.010871 1.2796 2.0894 -0.99671 -1.5839 -1.3894 2.3856 -2.2385 0.43927 -0.63735 0.50472 2.1526 3.1296 -2.4209 -1.4462 -0.66819 -1.2238 0.023361 -1.5119 0.37667 -2.4655 -0.55472 -1.9561 -2.3509 -2.7394 -0.9593 -0.61656 0.46056 0.29338 1.7039 1.163 0.19609 -2.3391 -1.9279 -1.751 2.0505 -1.3629 0.3618 0.1443 -0.719 1.1612 -1.3199 1.0031 -0.42173 -0.43895 -1.9291 0.92749 -0.21395 -0.47698 1.147 0.81846 -3.4183 -1.7907 -0.77275 -1.2846 0.97144 0.39993 -0.99184 -0.084734 -1.7692 0.91693 -0.79246 2.0031 -1.2642 -1.5029 1.4649 -1.0858 0.37104 0.079798 5.7744 
carrot 0.9223 -0.098146 0.043795 -2.1519 -0.86934 0.79841 0.15169 -2.582 1.7694 0.30271 0.44784 0.4317 0.82363 -0.080999 0.21732 0.26679 3.5329 1.0593 -0.83827 1.3393 1.1241 0.23184 0.82743 -1.9923 1.6772 2.1085 -0.79734 1.9142 -0.84002 0.058008 -1.0999 -1.336 1.7108 0.61072 0.39478 0.50145 1.4933 0.35604 0.26621 -1.0031 1.6621 1.4416 -1.1874 0.2966 -0.30184 0.39411 -0.67887 -2.0239 -0.036009 -0.90884 -1.3036 -4.4978 -0.16032 -1.3298 -3.266 -1.1675 -0.53556 0.7405 -1.7922 0.58071 -1.5544 0.95331 2.0845 -0.066588 1.0935 0.67326 1.7595 1.1973 1.3832 -0.35842 2.0808 -2.1416 1.248 1.4217 0.97883 -2.35 -1.6748 0.06822 -2.0733 0.79439 0.5762 -2.3281 -1.3421 1.1666 0.40751 0.23698 -0.25536 -0.60685 -1.3272 -0.61961 -0.096838 0.15851 -0.80675 -2.5022 -2.6708 0.75017 -1.5837 -2.7208 0.31489 1.8591 
mustard -1.5497 -0.72419 0.99785 0.57542 -0.8727 -0.39399 1.757 -0.23951 0.17163 -1.7562 -1.4593 -0.42751 3.3695 -0.4455 -0.1927 0.89472 1.8207 1.0699 -1.2698 -1.0964 0.93303 0.59209 -0.29354 0.40798 0.46657 1.8005 0.32441 -0.87864 0.32195 0.14212 0.013027 0.25122 2.2422 0.019503 -0.36474 0.089016 1.5742 -1.4639 -0.77573 -0.95194 2.4562 0.15412 -0.73273 -0.71721 -0.080935 -0.74652 1.8986 0.63188 1.3015 -1.1297 -0.50389 -1.9413 3.2224 0.36438 -1.4602 -1.18 1.0649 1.0154 -0.033854 -0.20224 -1.0575 1.1188 -0.49772 -1.3779 1.6852 -0.98757 -0.051057 0.84964 -0.13408 0.059486 0.87255 -0.80691 -0.17303 -0.5003 -0.4856 -1.5742 -1.5295 1.2253 0.18402 -1.2474 -1.0658 -2.3614 -1.4423 -1.6456 -1.6385 -1.4559 2.4075 -0.018229 -0.51459 0.94127 0.2823 0.86086 -1.2228 -0.97307 -1.3301 -1.748 -0.15395 0.46112 1.671 0.44448 
hay 0.23395 -2.6241 2.1663 -3.6626 -2.5857 -1.0173 -1.7395 -2.2229 -0.088959 2.7631 -0.1917 0.69722 1.9188 1.5306 -4.4208 -0.32702 -2.436 2.3216 0.62178 -9.1111 -1.0718 -1.3128 2.5051 -3.6342 5.7179 -0.012653 -2.1043 1.8182 3.3038 4.0175 -0.94254 -0.55612 0.72378 -0.027648 -5.6257 -2.6427 2.1921 -3.2042 -0.62462 -1.3273 2.7084 2.8356 3.1083 -1.1038 -2.5582 0.13051 5.8323 -1.8851 0.080203 0.83661 -3.0563 -3.7921 -1.0065 -0.17754 0.27291 -5.0717 -5.7257 1.7844 0.66329 1.1064 0.68389 3.5841 2.1859 -2.1031 -2.0616 5.1466 -0.81897 0.6498 -0.15251 0.33815 -0.79801 -1.1902 2.27 -0.93663 1.6834 -1.3421 0.7117 0.37965 -0.12656 1.6391 0.86716 -3.7558 -6.4924 1.1464 -2.7934 2.0978 0.221 -0.86997 -2.0516 -0.3833 -1.2769 -4.0883 0.83608 0.73249 -5.5174 0.41985 -3.4935 -0.58498 1.2918 4.6973 
blood 1.3413 1.7491 0.45576 -1.5778 -0.96798 -0.27638 1.9396 -0.21373 -0.73021 -0.75433 1.5423 -0.24112 -0.30338 -0.11719 2.338 3.4359 -0.055447 -0.63502 2.8963 0.29074 1.7188 -0.98724 -0.84133 -0.31797 -1.9527 -3.1529 -1.6522 -2.0541 0.62145 1.0578 0.73765 -0.54909 3.187 2.243 -2.5763 1.5877 2.5875 2.7499 -0.52513 0.053463 0.27703 2.0105 2.1299 -0.31473 1.489 -1.8256 -0.30381 -0.26343 0.62728 -0.78977 -2.8593 -0.9397 -1.8328 -0.40538 -2.2691 -1.1416 1.278 -2.377 1.7509 0.71285 2.6532 1.576 -2.7429 -2.0166 0.95729 1.4932 -1.232 1.9628 0.65528 -0.32695 -1.8621 -1.2311 -2.188 1.4139 -1.9962 0.70725 -0.26559 1.7624 -1.2161 -2.5716 -0.9985 -0.0053258 -0.55576 0.75204 -0.51952 0.62636 0.38278 2.5364 -1.8629 -1.6264 -2.1521 -3.5464 -1.6886 0.80685 -2.2353 2.5483 -2.1634 1.7535 -1.7614 0.95885 
cardboard 0.48746 -0.29503 1.1698 0.056724 0.78304 -0.82569 -0.23906 -0.96072 1.8763 -0.23976 0.28419 1.1385 0.52205 1.1183 -1.0119 0.28762 -0.72215 0.71289 -0.85212 -0.84404 0.4995 -0.88992 1.4154 -2.6843 1.0112 -0.98399 0.58863 -0.19584 0.37015 0.56376 -0.35718 1.4941 0.87415 -0.78367 1.3855 1.2905 -0.087405 -1.0307 -0.195 0.47958 0.65856 0.8236 1.2116 -1.5177 -0.15106 0.08283 -0.4016 1.0638 -0.70067 0.2212 0.72409 -1.1353 0.89773 -0.73993 -2.5735 0.36172 0.47131 1.2758 0.64479 0.35531 -0.77428 0.30001 0.064488 -0.46101 -0.25776 2.0191 -0.94719 -0.56642 1.3392 -0.52433 0.21737 -0.94213 -0.64333 1.2044 -0.90677 -0.60453 -0.37015 1.4428 0.30605 -0.40986 -0.13161 -1.8228 -0.76407 1.1655 -1.0235 -0.2747 0.85468 -1.8386 0.89367 -0.9287 0.086175 -0.87713 0.48842 -0.75345 -1.286 0.21743 -0.97393 0.43445 0.64093 3.1384 
tar 1.5357 4.6864 4.9318 -0.91058 -0.039401 1.837 -0.29079 0.51775 -2.0278 -0.36199 0.72615 1.4325 2.6566 -6.3303 1.5694 0.41693 0.57599 -0.51273 -0.95946 -2.2575 -0.78151 -5.8365 -0.27382 -1.7077 0.77706 -0.42808 -4.1489 -0.64193 4.8799 -0.7956 1.2627 1.0509 3.0298 -0.57059 -2.2682 -1.889 2.4059 -1.1363 1.9472 -2.7146 0.70001 3.1165 7.1221 -4.439 1.2896 -2.2076 2.5946 -0.65908 -3.4619 -0.36557 -2.0574 0.19733 -0.56676 -2.9167 -0.69059 -1.74 -1.088 -0.58275 2.5841 3.5408 3.5065 1.845 -2.58 -3.6292 -4.183 4.729 -4.1703 3.3043 0.52261 -1.7878 0.32365 -1.8582 2.1124 -0.9323 -2.3391 -1.0465 1.707 -0.057527 0.46252 3.4176 1.3997 -3.8187 -1.8029 -1.0045 -3.9133 0.32094 -0.49518 -3.6698 -1.0826 -4.4709 -1.7153 -1.7034 3.8352 -0.063237 -3.6167 3.6631 -3.7671 -0.56619 -0.46591 8.9202 
beer -1.0878 0.77057 2.0525 1.9323 -1.1437 0.086492 1.8627 0.016735 -0.14139 1.2922 -1.2503 -2.0465 1.7835 0.7925 1.0457 -0.507 4.4534 -0.78123 1.0406 0.02969 0.25274 -0.52819 -1.9825 -0.4702 -1.3361 2.0388 0.26092 0.51217 -1.4347 1.6228 0.58178 -1.9622 -1.2378 1.4734 -0.99667 1.5501 0.25788 0.51241 -1.9482 0.017048 2.2718 1.024 0.92957 -0.55964 0.11424 -0.46149 1.951 1.2589 -0.13746 -1.0248 -2.7943 -0.28062 3.1796 -2.3497 1.4557 0.30387 -1.5842 0.82231 1.0239 -0.28821 2.3688 0.83083 0.55549 -1.5652 3.1356 -0.54937 -2.3416 0.71419 0.26043 0.44621 0.15699 2.864 1.6691 -0.19305 -2.4114 -2.6036 0.42642 2.4195 1.3721 -4.018 -1.1994 -4.6712 -2.9655 0.53651 -1.3744 -0.34564 0.21457 -2.261 -2.5212 0.17857 1.4435 -3.2156 -0.89694 -2.1409 -3.863 -1.0704 -0.56355 0.2813 1.4176 2.0274 
walnut -1.1653 0.77061 2.3924 -0.21392 -0.32688 2.0833 -0.37012 0.0094652 1.8706 0.5016 -1.1136 0.94449 2.1748 0.039557 2.0326 1.9227 0.67895 1.9178 -2.0897 0.70432 -1.5665 -0.16 0.98339 -1.7121 1.1899 1.4688 -1.0443 1.44 2.1264 -0.21088 0.23529 -1.2213 2.5175 0.33374 -0.3358 -0.051701 -1.0421 0.7059 0.20651 -0.056542 0.58739 -2.0703 0.53895 2.1808 0.77695 1.0402 1.4915 -2.0132 -0.23139 -0.2878 0.51343 -4.3382 2.5014 -1.862 -1.7858 -1.1348 -1.3705 0.92278 1.2163 -1.2417 -0.42853 1.2332 0.56307 -1.5807 -0.21166 -0.57584 0.47041 -1.7077 0.69983 0.90817 0.68796 -0.13844 -0.39818 0.62423 -1.4775 0.03266 -2.6416 -0.22549 1.3905 0.87808 0.16096 -3.0522 -1.8948 1.4883 -0.57028 -1.6447 0.75537 -1.6017 -0.31724 -3.0905 -0.63046 -0.31399 -0.94062 0.36471 -0.71528 1.9142 -2.3222 -1.6517 0.51311 1.2532 
ham -0.19434 0.91203 1.8035 4.1548 0.76785 1.1365 2.1547 -0.22636 -1.942 -1.0348 -3.2726 -3.4591 4.995 -0.99893 3.1072 -2.4919 4.4795 4.3103 -1.9059 -1.1268 -0.86294 -0.10669 3.086 -0.96746 -0.58499 0.30476 -3.7155 -0.21051 0.96402 -0.55462 -2.3707 -0.13122 1.7011 0.53469 2.3446 -1.5941 1.5159 -2.4483 1.6947 -0.46911 2.8458 5.1338 0.21767 1.5271 0.32663 -1.0325 1.6655 1.3381 -2.3698 -4.2968 -3.2491 -3.4475 2.4455 -1.3275 -0.0065855 -1.3135 1.2252 2.7645 -2.4105 -3.177 -1.0227 0.47535 -1.4439 -2.2481 0.75655 2.0173 -1.5733 -1.2347 -1.6502 1.4767 0.88166 -2.6338 -3.7465 -0.48261 -1.8919 -1.93 0.46998 -0.1325 2.69 -0.58153 -0.99433 -5.5696 -3.3571 -0.78485 -1.3289 0.35755 3.3297 -3.8269 -3.7567 2.032 -0.12492 -3.3278 -2.8723 -3.4445 -0.96926 -0.68816 -2.1354 -3.6636 -0.80037 1.0654 
celery 0.48966 0.13511 0.59224 -0.93427 -0.41478 1.1121 -0.43931 -1.7665 0.76998 0.19647 0.49667 -0.58799 2.3248 -1.3409 0.07597 0.28919 1.3931 0.40919 -1.175 -1.8192 1.1358 -0.30009 0.20307 -1.3465 0.71701 2.1024 -0.15667 -0.41076 -1.5369 1.4114 0.01973 -1.2802 2.3052 0.55409 -1.2695 -0.31982 1.5462 -1.8592 1.6365 -1.0855 2.2242 1.8548 0.17291 0.88484 -0.38075 -0.095055 0.8667 -0.35006 1.0554 -0.94024 -1.3088 -2.6033 0.0051147 0.35452 -2.2594 -2.1115 -0.84775 0.2289 -0.30372 0.24319 -0.85106 1.3189 1.7202 0.60981 -0.045178 0.42085 -0.2605 1.2049 -0.028777 0.88842 1.9667 -0.20867 1.355 1.6662 0.23404 -1.5476 -1.7588 0.042296 -1.0149 1.6762 0.94862 -3.6711 -1.2698 0.42023 0.11536 -0.92645 0.35271 -0.93665 -1.4094 -0.57311 -1.1528 1.103 -0.74634 -2.7766 -2.2164 -0.17494 -0.88074 -2.2122 0.50772 1.8582 
cucumber 1.6159 1.1203 -0.55997 -0.40051 0.39532 0.00085804 -1.1989 -1.4009 0.57612 0.31886 -0.54851 -0.12497 1.4833 0.56338 -1.2742 0.86468 -0.90122 0.15753 -1.0308 -0.42123 0.78005 0.51279 0.74187 -1.7356 1.5109 1.5442 0.032408 -1.1456 -1.351 1.6497 -0.72223 -1.3236 1.2742 1.1229 -1.0505 1.1259 -0.057939 -2.0725 0.31973 -0.85611 1.0621 1.8632 -0.93619 0.21265 -1.3089 -0.51025 1.0786 0.33496 1.5994 -1.7736 -2.1977 -2.1715 1.7928 -0.95962 -0.35258 -0.69731 -0.42833 -0.40148 0.24011 -0.28348 1.113 0.75455 2.4337 -0.31897 -0.85473 0.84798 -1.0743 1.5337 0.39519 0.05931 2.0615 -0.38967 0.64883 1.829 0.051187 -0.98187 -1.218 -0.32006 -0.67051 0.070018 1.1784 -2.1892 -0.38934 0.077407 -0.73817 0.8917 0.56813 -0.02498 -0.69534 -0.49547 -1.0354 0.20287 0.89146 -1.7971 -1.7997 -0.48151 -0.66556 -1.679 -0.089927 1.0362 
eucalyptus 1.7014 2.0286 0.77043 -1.5556 0.47666 1.895 0.57307 -0.18509 -1.1336 1.1538 -0.81164 0.62198 1.1618 -0.7684 0.12479 1.8737 -1.244 -0.72692 -0.64977 -1.4992 -0.60701 -0.28731 0.18812 -1.0631 0.76821 1.0383 -0.3346 0.47256 0.60013 0.76064 -0.51103 0.23795 0.10384 0.76891 -2.7993 0.090127 1.69 -1.0947 -0.21127 -1.4695 0.64258 0.75568 1.679 -0.41394 0.26682 -0.031086 0.79597 -0.99762 0.54585 -0.67462 -0.95604 -1.59 0.35295 -0.45227 1.4771 -1.4655 -1.1497 -0.64568 1.4076 -0.16323 1.9802 -0.31222 0.71013 0.30595 -1.0997 0.76576 -1.291 1.3521 0.52171 -0.38717 0.55258 1.0448 1.6226 -0.24902 0.23316 -1.1771 -0.74855 -0.16699 0.21652 1.6568 1.6712 -1.3629 -0.63012 -0.1988 0.056087 0.31385 -0.24088 -0.34247 -1.0031 -0.43832 -0.36195 0.30958 0.97196 -1.2696 -2.1068 1.2062 -0.07305 -1.1603 0.097496 1.9554 
rope 2.1765 0.2764 -3.9977 1.8737 -1.4648 -1.5703 -0.19339 0.23066 -0.46489 0.55585 -2.0528 0.70118 -0.72305 -0.60884 0.18875 1.5574 0.15217 -0.34277 1.5496 1.6603 -1.6479 -1.4451 0.13699 -1.0538 1.3543 -2.0441 0.26261 1.5025 -0.068306 1.1022 1.5045 2.041 0.2733 -2.112 1.272 0.20387 2.7083 -4.5991 -2.0815 2.486 0.83902 -0.010577 3.385 -3.5309 -1.7759 0.6614 -1.7855 -0.97999 0.65269 0.47977 -1.9217 -1.9425 -0.94149 -1.9433 -3.2093 -1.0547 1.0606 -2.2634 -1.9288 1.2527 1.8375 -0.68663 -0.61651 -1.2015 -2.2391 3.6139 1.2611 -4.7246 1.2187 -0.45136 0.11854 1.1777 2.0941 -0.11598 -0.45559 -4.4023 0.021431 -0.61744 -2.321 -0.87079 -1.5213 -1.9249 -2.5205 1.563 2.2752 1.0381 -0.29139 2.5356 0.022648 -1.3329 -1.5253 0.5307 2.3505 0.55978 -1.9328 0.80522 -3.854 2.0459 1.9183 4.1833 
paint 0.30001 1.4832 -0.91597 -0.50567 -1.4721 0.53472 0.14487 1.1244 1.8094 -1.6174 -1.6341 -0.55827 2.4569 -0.318 -0.95668 1.384 -1.5397 -0.55835 -0.49797 -0.27457 -0.67851 -0.4165 -0.34989 -3.5742 -0.4844 -2.8561 -1.0373 0.34742 -1.261 1.2721 -2.8656 -0.10266 1.2465 0.69066 -0.96306 0.27404 1.8543 -0.39956 -2.0158 0.44996 -0.95204 4.1217 0.79093 -1.3191 -1.241 -0.9527 -1.5942 -0.23804 0.13627 -2.2882 -1.4103 0.3731 -0.0094677 -3.2448 -2.8432 -1.4825 -0.42167 0.4085 1.1324 -0.22482 0.22421 1.1193 -1.6774 -0.65125 -2.0589 1.2233 -1.2701 1.4137 -0.71492 0.17496 1.849 -1.0972 -1.6164 1.3073 -0.69528 -0.87706 -0.41669 -0.65775 0.84391 0.85052 0.087125 -1.4822 0.8126 -0.79223 0.99685 1.8066 -0.19241 -1.7546 -0.75336 0.44292 -3.0176 -1.6846 1.4742 -0.77752 -0.65768 2.2552 -2.9184 3.7677 2.3161 3.0692 
bark 0.42847 -0.16354 0.08745 -1.537 -0.17626 -0.65457 1.6454 0.1912 -0.72662 0.66774 0.1417 1.6749 1.3259 -1.0606 1.9101 1.587 0.70947 -0.91787 0.72055 -0.93486 -2.5345 -2.032 -1.0434 -3.078 0.74561 1.8707 -1.1699 3.6968 1.5756 -0.20789 -2.2256 -0.11771 -0.15371 -0.36487 -1.2782 0.51738 3.0741 1.2328 -0.82539 -2.1051 1.5992 1.7785 4.9201 -0.15894 0.69113 2.5894 0.24186 -2.7082 -1.6992 -0.88239 -1.0243 -2.8395 -1.2052 0.47636 -0.0060737 -2.7267 -1.9437 0.91112 0.53656 0.24136 1.5403 1.2076 0.041054 0.1862 1.3242 3.1584 -0.66633 -1.1217 2.1278 -0.34055 -1.8085 -0.98424 2.5687 -0.59336 0.1206 -1.4135 -2.5389 1.3354 -0.018206 2.0867 1.2693 -1.6678 -2.7862 1.9463 -0.83651 -0.31039 -0.45408 1.0726 -1.8789 -0.7765 1.0624 0.66889 -0.94644 0.26752 -2.0314 4.5114 -2.3302 -0.25432 2.288 4.0727 
bakery 1.4234 -0.67977 -0.48094 -0.94365 0.59462 1.6265 0.58386 0.89347 2.3102 -0.92848 -0.21495 -1.282 0.80233 2.1917 -0.58902 -0.59094 0.58067 2.9474 -1.1146 1.676 -0.56279 -0.53519 -0.050638 -2.8518 -2.4021 -0.34282 -1.663 1.2493 0.17015 -0.24526 -1.0042 0.71811 -0.58157 -1.3119 -0.64379 0.65431 -1.0268 2.2803 0.38141 1.0368 0.37738 -1.1809 0.79155 3.0315 -0.13529 0.27178 3.2671 -1.9238 -1.1851 0.25147 -0.82956 -1.4989 2.3497 -0.14907 0.59175 -1.4153 1.0635 1.993 1.1428 -1.4077 -0.88526 1.8409 0.97538 0.14613 -0.091977 0.59817 -1.4474 -1.1065 -0.14578 1.7995 -1.5599 -0.19578 -0.1056 -0.32799 1.9985 -0.40964 -1.2994 0.58236 -0.39744 2.0235 0.73668 -2.823 -2.8542 0.13648 -0.34056 -2.9315 0.96142 -0.81663 -2.5703 -1.467 0.86231 -0.70965 2.2532 -0.025347 -0.61725 -0.37842 0.23953 1.4096 2.1383 1.2602 
birch 1.3051 1.469 1.9511 -2.2472 0.37337 -0.24314 1.2638 0.28087 -0.73593 2.2559 0.97826 0.39022 1.7762 -1.4452 -1.6571 0.60766 2.1115 -0.97289 -0.68824 -3.1919 -1.1042 -0.26269 -0.42232 -1.2647 1.8202 1.2206 -2.0145 0.97502 1.197 1.2224 -1.4637 -0.49702 0.37102 1.3775 -1.7292 0.02342 1.4071 -1.698 -2.4349 -1.2716 2.5105 2.2197 0.39544 -0.83376 -0.19247 0.29667 1.4432 -1.1898 0.25632 -0.30355 -3.3287 -1.4257 -0.59386 -1.5901 1.4407 -0.10843 -0.22624 0.81646 1.158 0.022699 2.4551 -0.9247 -1.0167 -0.18601 0.27122 -0.7155 -2.3812 -0.54167 0.80084 -0.58441 -1.4783 1.7396 2.7912 0.35482 -2.3074 1.8566 1.3163 0.50128 0.98954 2.1543 0.088517 -3.2671 -2.7188 0.13 -2.6488 1.6519 0.51698 -1.8247 -1.0835 1.2963 0.38798 -0.96573 0.9529 -0.20561 -3.3475 0.93829 -0.41279 -0.36276 -0.15655 3.7631 
urine -1.1732 -0.41713 1.2703 -1.4363 1.8947 -1.4269 0.10122 -2.4682 0.91934 0.18726 0.28252 -0.29276 0.37687 0.70338 0.43979 3.1872 -1.4307 -2.4273 2.1668 -3.1163 1.8766 0.6741 -0.37332 -0.40915 1.0559 -2.9841 -0.96234 -2.5487 -0.4107 1.1399 0.89535 -0.031022 3.4729 2.8671 -3.0164 0.99697 0.90132 -0.13955 -1.4103 -1.523 0.47589 2.28 0.72943 -1.178 -2.146 -1.7734 0.69488 -2.3035 0.11591 -1.2065 -1.218 0.63283 -2.2764 0.42233 -0.59761 -1.4295 0.13632 -0.52858 -0.56765 1.8317 2.5159 1.8784 -0.60771 -2.1905 -0.55926 1.473 -0.54783 0.91065 1.2018 -2.5377 0.17326 -0.91513 0.34048 1.376 0.053995 -0.22172 -0.40834 1.7722 -0.74648 -0.44311 0.057915 -1.1938 -1.7475 -0.47123 -0.83075 0.23427 -0.71336 -1.0148 -0.28062 -0.59282 -2.4284 -3.3365 -0.59117 -0.81305 -1.5427 0.51437 -1.1373 2.125 -0.36393 3.3288 
glue 0.63983 1.732 0.62157 -1.321 2.1236 -1.7898 0.092479 0.18936 2.915 0.3294 -1.1575 -0.64302 -0.64398 -1.6365 -1.8893 1.001 1.6672 1.0366 1.5548 1.8688 0.23 0.89532 2.7951 -3.8529 0.24025 -2.3374 -0.092967 0.15914 -0.67066 1.734 1.4487 1.4398 2.5531 0.018916 -0.029997 1.1851 1.6913 -1.2111 -1.7437 0.54681 1.5094 1.2944 1.731 -1.1404 0.5919 -0.57488 -1.9715 1.8295 -1.4409 0.094953 0.5363 -1.3286 -0.91236 -2.5388 -3.3535 0.93941 0.90183 2.2421 0.36739 0.47156 0.39721 0.9637 -2.6654 -0.2472 -1.1144 1.6225 -0.77271 -1.8935 -0.99796 -0.1355 1.453 -1.1294 0.93078 2.0133 -1.9333 -0.9189 0.09041 2.4991 -0.32978 -1.4752 0.87708 -2.3513 -1.2089 0.80924 -1.0879 -0.17603 -1.2323 -1.2064 0.74367 -2.017 0.55449 -0.32743 0.63479 -0.48424 -2.5864 1.9965 -0.79941 2.4564 0.64875 3.699 
gasoline 0.14808 1.8816 -0.13235 -0.034591 -0.26864 0.26675 -0.93037 -0.59807 0.15283 0.76634 -0.37907 -0.54988 0.43448 -1.9624 -0.37956 0.9561 -1.7057 -0.8764 -0.70763 -2.3661 0.83503 -0.73006 1.0176 -1.8138 2.1105 -0.97439 -0.90666 -1.1552 0.24909 0.80036 -0.3599 0.28768 1.3577 1.3097 -1.687 -1.3045 0.64123 -1.76 -0.56772 0.34978 0.41022 2.1996 1.5062 -0.93929 -0.66347 -0.96622 0.48617 0.61357 -0.46291 -0.21813 -1.5808 1.0283 -0.68142 -1.7557 0.048478 -1.2594 -0.39853 -1.7821 1.6297 1.4737 -0.0051972 -0.2031 -1.4016 -1.8183 -2.0651 1.0855 -2.3667 0.81266 0.5087 -0.17013 0.95924 0.3669 1.0632 -0.12641 -0.055969 0.07433 0.23626 -0.71498 -0.74033 1.182 1.3427 -1.1627 -0.13944 -0.68085 -1.1052 -0.067443 0.11854 -0.77908 0.0085384 -1.2259 0.01457 -0.62921 1.5953 -1.9365 -1.1111 0.8713 -0.18465 0.88256 -1.3819 2.6008 
detergent 0.55866 0.19547 -0.83574 0.34237 0.98185 0.45267 -0.16618 -0.20384 0.48104 -0.40849 -0.45436 -0.34385 -0.43691 0.7871 -1.3899 1.0312 -1.9398 -0.50547 -0.47412 -1.6788 0.24046 1.7645 0.62789 -2.538 1.0989 -1.0651 -0.46754 -1.1612 -1.4339 2.4187 -0.57638 0.055174 1.7431 1.8856 -0.98024 1.2947 0.63675 -0.95827 -1.3861 -0.44347 0.17905 -0.34519 0.089228 0.24011 -1.0317 0.17922 0.00055344 1.1604 -0.14101 -0.56929 -1.9872 0.036367 -0.26131 0.14998 0.18831 -2.3694 0.8175 -0.090202 2.4414 0.94899 0.63936 0.86713 1.2858 -1.0386 -0.44076 0.69162 -1.7498 1.1196 -1.1845 -1.7149 1.885 -0.97521 1.8181 0.32577 0.34843 0.56301 -0.66712 -0.22099 0.45721 1.4303 -0.074781 -0.35637 -0.63194 -0.72681 -0.87825 0.37944 -1.2958 -0.46971 0.95517 -0.42751 -1.1712 -1.2554 1.7225 -2.5958 -1.7943 1.0989 0.57147 1.1362 -1.3535 2.1697 
camphor 1.2559 1.1052 0.8688 -2.2158 -0.046883 0.47319 1.771 -0.62641 0.09003 1.5917 0.34914 1.4976 0.68875 -0.51304 -0.64058 1.6739 -1.6934 -0.019952 0.21162 -3.3074 -0.74151 0.058483 -0.56828 -2.4691 0.84907 -0.058163 -0.99367 -1.4856 -0.8999 1.3036 -1.4967 0.056822 1.0887 0.9106 -2.4456 -0.013754 1.9412 -0.15983 -0.90935 -0.33877 1.5415 1.3027 1.9282 -0.79508 -0.083309 0.21123 0.79515 -0.081881 -0.38941 0.0045921 -1.9456 -0.33037 -0.37248 -1.2677 0.81385 -1.3232 -0.65782 -0.28483 2.564 0.14621 1.5129 0.59022 -1.0227 0.42009 -1.2594 0.0015822 -2.9391 1.4617 0.3597 0.058426 0.266 1.3957 1.2003 0.74009 0.31631 -0.53505 0.2095 0.28747 -0.89578 2.6549 1.3675 -1.4873 -0.34144 -0.99345 -0.0030629 0.052474 0.54168 -1.3314 -1.0179 -0.47556 -1.2489 0.31437 1.4811 -0.86961 -3.8163 2.306 -0.48711 -0.61008 -0.093877 3.4813 
weed 0.77151 -2.8437 0.78874 0.0052755 1.0924 -1.5965 0.093385 -2.3169 -0.74505 -3.5571 1.0771 -1.0546 2.0367 0.19655 -0.78653 1.3224 -0.45941 -2.015 0.45661 -3.0755 1.5674 -1.4124 1.0239 -0.88594 1.0558 3.0325 -0.46793 1.8231 0.26026 3.5215 -0.9717 -0.6255 1.6264 1.1865 -0.99631 -0.54801 -1.2785 -1.4313 0.37832 -1.7351 0.7111 2.8271 -0.065925 -0.60203 0.71038 -1.0922 0.32992 -2.3651 0.1164 -1.3109 -2.4329 -3.3097 0.94227 -0.028217 -1.7899 -1.9683 0.66511 0.17728 1.2989 0.8041 0.34383 2.3877 0.91289 -2.7133 -0.72547 1.7759 -0.27478 0.49569 1.2684 1.3928 0.67253 -0.11512 2.797 -0.69923 -2.1764 -2.738 0.91875 1.3935 -1.2287 0.43609 0.6755 -1.8773 -2.8992 -1.7003 -0.077758 0.44617 0.36647 0.47339 -1.5977 -0.78484 -0.62945 -1.1079 -2.2129 -0.2829 -3.086 -0.56977 -0.67847 -2.4533 0.48012 3.2374 
mouse 2.035 -1.0249 -0.79852 1.1871 0.38122 -1.1318 0.89264 0.078248 0.40817 -0.60838 1.5338 -0.80273 0.76387 2.5624 0.10282 0.7194 0.6406 -0.69967 0.54494 -0.9935 0.082315 -1.6932 0.49805 -3.0598 -0.12463 -1.5066 -1.1123 2.3404 -1.881 0.3942 0.23086 0.15805 1.2227 0.94765 -1.4662 0.036163 1.1184 -1.0078 -0.089124 0.24207 -0.044019 0.67119 1.608 -1.4198 0.17132 0.22235 -1.6026 -1.7995 -2.0329 -3.0416 -1.5671 0.43559 -1.3756 -0.70164 -2.0887 -3.1418 0.45297 0.081454 0.4681 -0.38448 -0.17546 3.3712 0.53814 -0.039379 -1.5196 2.926 -0.51043 -1.9989 0.68223 -0.34965 -0.58119 -0.73309 -0.78623 1.5523 1.035 -1.8436 0.13879 -0.47152 -1.7112 0.34423 -0.45631 -2.7212 -0.70261 -1.5589 1.2431 -1.4102 -0.20721 0.78649 -2.5075 0.0015481 -0.92118 -0.5558 -0.36515 -0.14004 -0.84396 1.5896 -0.65713 0.07365 1.8504 2.2799 
cork 0.73334 2.7923 0.55258 -0.79003 -1.4043 -0.49821 1.5425 3.2087 -0.25589 -1.4558 -1.4458 -2.3299 0.65866 -0.054628 1.3991 3.1327 0.29982 1.2808 -1.6125 1.2262 -0.50214 1.0593 -0.80554 0.78332 -2.4653 -2.0073 0.12675 2.6942 1.1634 -0.080119 0.24644 1.832 -0.22138 -0.59526 1.5801 2.1299 1.3632 -1.0482 -3.8029 1.4422 1.5786 2.8653 1.2986 -1.6683 -1.1781 0.12528 -2.2493 1.4687 -0.79968 -1.3891 -0.97791 -1.6506 0.55877 -4.137 -1.7499 0.63041 -1.135 -1.735 -0.18384 0.61702 1.2088 -1.7487 -0.93622 0.90962 -0.25009 0.39176 -1.4548 -0.57828 -4.5107 0.42924 0.96669 1.6161 1.9924 -0.64461 -0.96983 -2.1628 2.7782 0.12423 -0.25843 -0.65743 0.14108 -3.686 -0.38468 1.4805 -0.95627 -0.36659 0.51442 -1.5397 -0.79379 -0.1258 0.55218 -0.15418 2.2262 -5.5282 -0.8059 0.85073 -1.6596 0.077662 0.4524 2.2485 
solvent 1.218 2.0682 -0.79697 -0.49902 0.43201 0.85578 0.66164 -0.94106 0.82593 0.82634 -1.0261 0.86317 -0.29658 -1.6335 -0.22948 2.5772 -0.44688 -0.11944 -1.2942 -1.3699 0.60211 -0.67564 0.90642 -0.89197 1.6838 -2.9012 -0.84639 0.66925 -1.3412 2.6307 -0.27475 -0.67084 1.1521 0.88773 -0.81559 0.28955 -0.45219 -1.7509 -3.1431 -0.034023 0.58536 1.0307 2.257 -1.2516 0.18529 -0.7318 -0.43731 0.58385 -0.76882 -0.84667 -1.8029 0.12973 -1.1087 -1.4978 -1.9672 -1.5384 0.80345 -0.85115 1.7462 0.78239 0.90269 0.32575 1.4622 -2.5178 -0.45286 -0.99153 0.053128 1.0972 0.18594 -0.32757 0.27167 1.4716 2.3787 -1.0229 -0.44439 1.7382 1.6555 0.41178 -2.5107 0.4893 -0.10173 0.056146 -1.3661 -0.99716 0.20614 -0.17136 -0.84473 -1.9171 -0.57058 -0.80984 -0.8144 -1.3457 -0.61522 -2.4163 -1.7464 2.8411 0.73703 2.601 -1.2354 2.5278 
ammonia 0.77912 0.56458 -0.54343 -0.41847 1.1842 0.93966 0.18795 -0.42278 0.90078 0.8677 0.10753 -0.34037 0.39868 0.088713 0.39883 2.0103 -0.59033 -0.061465 -0.22719 -0.71461 1.8656 0.014292 -0.22548 -1.9529 0.27064 -0.63041 -1.1844 -1.7699 -2.2742 2.6115 0.49992 -0.074468 1.583 1.0015 -0.48959 1.2184 1.9622 -0.76912 -0.43769 -1.3308 0.9354 0.80977 1.0255 -0.43967 -0.3969 -0.91167 1.867 -0.11449 0.023372 -0.19918 -1.1648 0.73672 -1.1485 0.060208 0.55172 -0.65547 -0.010679 -0.40578 0.70581 0.49929 0.66889 -0.1601 0.44466 -0.56297 -0.89808 1.1118 -1.2951 1.5825 0.050966 -1.1246 0.64624 -0.62284 1.4811 -0.18561 0.85518 -0.30892 -0.69385 0.42354 0.33159 1.168 0.25118 -1.9228 -0.90507 -1.4166 -1.2577 -0.8421 0.13298 0.27172 0.34763 0.023016 -0.46137 -1.0671 -0.015685 -2.5523 -1.6533 0.63945 -0.18089 0.026517 -0.52591 1.4134 
turpentine 1.1042 1.3129 -0.16445 0.093529 0.56397 0.3095 -0.42191 -0.22863 -0.034064 0.59859 -0.28818 -0.51047 1.7547 -0.29361 -0.78669 1.6296 0.16166 0.071212 -0.065311 -1.0517 0.41723 -0.38003 0.29732 -1.979 1.195 -0.76136 -0.6454 -0.72813 0.16915 0.76224 -0.84761 -0.027671 1.1584 0.75908 -1.4905 -0.64916 1.1119 -0.90677 -1.1748 -0.36214 0.89206 1.0688 1.4024 -0.44201 -0.43695 -0.25634 -0.3739 -1.2382 0.11118 -0.30881 -1.5013 -0.45948 -0.9458 -0.38261 -0.25454 -1.4776 -0.55273 -0.46119 2.1619 0.58325 1.3167 -0.84238 0.46467 -1.2489 -0.086732 0.1525 -2.2681 0.56325 0.12709 -0.34607 0.1054 0.49906 1.2329 0.19302 -0.15733 0.22683 0.40714 0.66419 0.033073 1.0631 0.27099 -0.75287 0.029438 -0.30388 -0.35451 0.023481 0.61338 -1.0883 -0.21929 0.29087 -1.3289 0.33153 0.95705 -1.382 -1.2457 0.98292 -1.5177 0.51764 -0.51093 2.8082 
varnish 0.15817 0.95158 0.25812 0.026314 -0.22184 -0.25894 -0.85774 1.1294 0.41437 -0.93724 -0.20665 0.51173 0.69916 -1.137 -0.37069 0.78804 0.058086 -0.1113 0.49736 -0.70971 -0.98297 -0.069192 -0.66432 -2.9313 1.7642 -0.73701 -1.2119 0.71555 -0.59593 1.479 -0.096809 -0.19469 1.6188 0.53739 -0.78474 0.091234 1.8845 -2.3197 -0.54097 0.39045 1.3344 2.111 0.76341 -0.42674 -2.098 -0.54648 -0.13143 1.0642 -0.85496 -0.91329 -1.5234 -1.3972 -0.76234 -0.85041 -1.2014 -1.296 -1.135 1.1869 1.6111 0.80581 1.7112 1.1824 -0.73494 -0.91335 -0.8583 0.22401 -1.7784 1.6521 -1.0057 0.59065 0.2019 -1.0239 0.50464 1.3125 0.77219 0.38555 0.14266 0.37465 1.4068 0.82604 0.40193 -1.9295 0.46303 -0.34206 -0.52466 1.2137 0.44379 -2.0471 0.71291 0.10684 -1.9429 0.80705 0.8252 -1.737 -2.3988 2.0974 -2.2235 1.649 1.088 3.5842 
mothball 0.97205 -0.20403 -0.33308 -0.26784 2.0588 -1.453 -0.25791 -0.62544 0.69249 0.75218 -0.17004 0.071506 -0.37005 0.46621 0.13225 1.547 -0.55 -0.27284 1.9026 -0.72524 0.00016763 -0.3415 1.4429 -1.6994 0.6754 0.030061 -0.3072 -0.54944 -0.61242 1.319 -0.67894 0.94587 1.2414 0.51978 -1.682 -0.28924 1.4884 -0.30395 -1.6506 0.75076 0.091462 0.53277 0.78842 -1.0856 -1.3188 -0.19955 0.18339 -0.67487 -0.91165 -0.83528 -1.2876 0.38412 -1.4087 -0.98569 -1.1466 -1.5752 -0.56847 -0.20011 1.3913 0.64464 0.76306 0.81088 -0.073617 -1.6502 -0.9312 0.23209 -0.99418 0.012783 1.1663 0.12095 0.77201 -0.33178 -0.072105 0.047911 0.28577 -0.86072 -0.050951 0.39295 -0.57689 0.55536 -0.16999 -0.96163 -0.16871 -0.45788 -0.17047 -0.0049609 -0.52203 -1.4741 -0.74408 -0.92646 -1.2049 -0.31483 0.3914 -0.91529 -2.5054 0.62051 0.036855 1.1276 -0.065508 2.0394 
disinfectant 0.66028 0.27638 -0.1784 -0.83142 1.2563 -0.076928 0.49613 0.34093 -0.048644 0.70065 -0.9112 0.89013 0.384 0.14568 -0.51902 1.8503 -0.75102 0.036228 0.55135 -1.2848 0.023473 0.42065 0.30005 -1.6577 0.86049 -1.4602 -0.61917 -0.42906 -1.2749 1.8396 -0.087956 1.2585 1.8974 1.4981 -1.5259 0.74403 0.057037 0.29398 -1.768 -0.5741 -0.25934 0.42745 1.3615 -0.78691 -0.44492 -0.37355 0.57703 0.38413 -1.0337 -0.54212 -1.3098 0.78756 -1.1514 -0.36779 -1.08 -1.89 0.1865 -0.49665 2.0911 0.3007 1.1877 0.76775 0.60331 -1.5266 0.010938 0.42587 -0.91317 1.019 -0.43819 -0.65918 1.5122 -0.35129 0.89919 -0.18813 -0.56633 0.40652 -0.72023 1.4449 -0.25803 -0.54129 0.060678 -1.1283 -0.50693 -0.33407 -1.0432 0.11965 -0.90739 -0.33859 0.11536 -0.4563 -1.2447 -1.2626 0.21495 -1.0102 -1.2156 0.7563 0.08173 0.39201 -0.72095 2.3437 
kerosene 0.46913 2.8934 0.66478 -1.4516 0.73213 2.3053 -1.5 1.2936 -0.57634 0.91009 -0.26421 -0.51485 0.97766 -1.0674 0.035108 0.60448 -1.0809 -0.94705 -0.74463 -0.10651 -0.78153 0.31835 0.33966 -1.8697 0.23067 -0.88725 -0.10359 -0.90533 0.87456 -0.19628 -0.16454 -0.97897 0.95772 0.50511 -1.3912 0.2338 0.25597 -0.90029 -0.93557 -0.17127 1.7097 1.1505 0.77941 0.1606 -1.0524 -0.69111 0.109 -1.3057 0.83136 -0.71543 -0.5309 -0.30764 -1.2956 -1.0215 -0.38732 -1.7253 -1.0474 -0.68265 1.0592 0.19036 0.19119 -0.30604 -0.33584 -1.5006 -1.3595 0.7384 0.064308 0.66142 0.10926 -1.0514 -0.3371 0.78851 1.8246 0.92266 -0.70707 1.4133 0.69999 -0.46702 -0.52333 0.32578 0.70232 -1.6097 0.017846 -1.3273 0.32755 -0.4568 0.46711 -0.66751 0.42398 -0.62854 -1.0666 -0.3649 1.3494 -0.080311 -0.12938 0.20964 -0.34896 0.48248 0.60838 -0.15017 
manure -0.16728 -0.084836 -1.2808 -0.28664 -1.1773 -0.3658 -0.51301 -0.24461 0.26055 0.24961 -0.31474 -0.19429 1.9311 -0.10128 -2.2259 0.43868 -0.81713 -1.1608 1.3184 -1.4876 0.86961 -0.78381 2.0286 0.43777 0.89574 -1.3482 -0.36837 0.20222 0.87852 1.6432 -0.72731 -0.46951 0.66381 2.0865 -1.6401 -0.49948 0.10041 -0.38104 -1.5758 0.85555 1.2239 0.23323 1.0903 -1.1787 0.7359 -1.7875 1.204 -1.6205 -0.78348 -0.17959 -1.4561 -0.85741 -1.2732 -0.70739 0.50307 -2.8259 0.56964 0.88682 0.5469 0.77462 0.34334 -0.1904 1.0852 -1.9812 -1.2163 1.8209 0.077148 -0.44677 0.31334 -0.091714 -0.17916 -0.44191 1.3035 -1.2845 0.11282 0.29524 0.36568 1.2987 -1.006 0.98896 -0.36704 -1.7506 -0.68813 -1.9726 -0.3875 0.12312 0.58735 -1.0307 -1.1882 -0.70655 0.31891 -1.868 -0.24988 -0.92239 -1.4475 1.1788 -0.9002 1.6025 -0.44709 1.5618 
creosote 0.65729 0.91715 0.37655 0.40597 -0.32496 -0.35544 -0.52566 0.75203 -0.077906 -0.41506 -0.15898 -0.27568 1.6732 -0.78447 -0.52523 -0.40348 -0.4768 -0.5505 0.21807 -1.6185 -0.61568 -1.3124 -0.34102 -2.2058 0.28533 -0.28679 -1.0143 0.2233 -0.201 1.1601 -0.92839 -1.0663 0.37039 0.52568 -1.1015 -0.13454 0.12139 -0.41576 -0.50726 -0.26943 1.4042 1.0748 1.1627 -0.73682 -0.48518 -0.23626 0.74636 -1.0793 0.19017 -0.34169 -0.70328 -0.007569 -0.076791 -0.21522 -0.074327 -0.96908 -0.079787 -0.056126 1.5599 -0.36865 0.95307 0.62979 -1.2818 -0.96264 -0.76708 0.76306 -1.1416 0.54985 -0.43657 -0.78691 0.22788 -0.69084 0.98621 -0.047276 -0.1047 0.047342 -0.59525 0.071388 0.37147 1.3342 0.97388 -1.0723 -0.10969 0.19367 -0.511 0.49439 -0.073812 -0.77659 -1.0036 -1.0202 -0.7218 -0.098642 0.53219 -0.68522 -1.5004 1.6157 -0.23536 1.2879 -0.62573 1.157 
