96 100 
coffee 0.6021 -0.87124 1.4217 0.71773 -1.6381 1.0047 -0.058274 1.3769 -2.4518 1.6204 -0.68468 1.1887 1.1242 -2.4334 -0.075869 1.4094 -0.39508 0.23287 -2.0978 -0.42521 -0.31233 -0.46099 -1.2305 2.9411 0.79108 0.37932 0.9276 0.89792 0.092336 -1.2379 0.22306 -2.2736 -2.9434 -1.0215 -0.57591 -0.82832 0.22845 1.2891 1.5706 1.0143 0.016349 -0.91132 0.65608 -1.9001 -0.15928 -0.81283 -0.061406 -0.91377 1.4647 -0.12203 0.73802 -0.16025 0.54612 0.13966 0.95786 -0.67324 -0.85827 -1.5686 1.0325 0.95282 -0.41973 1.7689 -1.126 0.12863 -1.7958 -2.1524 -1.2398 1.7032 0.95808 -0.50791 -0.39467 -0.37534 1.2712 -1.9489 -0.18993 -0.97502 -2.9771 0.88705 -0.52522 -0.49902 -3.5596 -0.094116 -1.3037 0.83318 0.73156 1.0585 -0.95807 -1.5345 0.63163 -2.683 1.3287 2.0342 -1.4278 1.3727 0.14049 0.98394 2.1031 0.49599 -0.67097 -0.80157 
tea 1.5228 -1.5094 2.3323 1.8221 0.285 -1.5332 -2.229 0.66199 -2.6776 5.6257 -1.0567 3.9212 3.7598 -2.3053 -1.9047 5.8461 -2.7747 -1.1995 -2.5203 1.1171 0.20636 0.10755 -3.5221 6.9122 0.47682 -1.005 2.2798 -1.952 -4.2284 -0.59854 -1.1368 -2.8917 -3.8845 -1.8043 -4.4632 2.8025 1.0476 0.86062 1.2566 -4.3172 -1.0309 -2.0006 0.89703 1.2415 1.2937 -0.31398 0.85087 1.411 3.5898 0.72801 -3.5688 -2.5011 0.014969 2.6841 3.067 0.032399 2.3044 -2.5493 0.51247 -0.20613 -0.7384 -0.023316 -0.34816 -0.41479 -3.2896 0.18406 0.66156 2.9016 5.4294 -0.65419 -3.4183 -0.3449 0.97651 -3.4792 0.24975 -2.8719 -4.0098 1.3842 0.75207 -2.4768 -4.8426 0.030805 -3.7512 -2.205 -0.22827 4.9016 -1.0847 -3.1767 1.4412 -3.7776 1.0468 2.9939 -2.5825 -0.9266 -0.073222 1.2913 -0.32504 1.511 -1.7954 -1.2285 
wine 1.0779 1.5601 -1.1529 3.0367 1.9049 0.59612 0.29955 4.7689 -0.71215 0.44486 -2.8864 -0.47283 3.0186 0.31379 1.026 0.96581 -1.5782 1.2013 -4.2495 -4.8674 1.4047 0.20062 -6.6924 -0.65845 0.33521 4.5944 -0.029142 -2.1803 1.0228 -1.2618 0.68943 -3.3933 -2.5114 -0.89241 -1.6018 1.6226 -2.3223 -1.5493 0.13508 3.2596 2.8523 -0.40203 0.56698 3.2431 2.4826 -0.29328 0.21066 -2.5507 0.26173 0.73283 1.9991 -3.4917 3.0886 1.19 -1.2812 2.0455 1.374 3.2959 -0.56831 1.1302 2.2249 -2.0711 0.37868 -1.6014 2.8362 -2.6579 -4.037 -1.5408 1.5445 -0.43116 -1.6724 1.002 3.0424 0.60362 4.7414 -1.1098 -0.88519 -1.5372 1.4768 1.5731 0.63757 -1.3557 4.2302 -1.0683 -1.4865 -0.28209 2.0529 -3.0869 0.84259 -2.9907 0.63078 1.6155 -1.5674 3.6351 -0.48638 -1.1737 0.13329 -0.37974 -0.63709 -0.89991 
perfume 0.081738 1.1266 -1.1298 0.015269 0.71528 1.7312 -0.28616 1.7575 0.48003 1.0632 -2.317 1.9489 -1.725 -1.3917 -0.37914 1.3873 -1.049 -2.4045 -0.10039 0.3191 0.37056 -0.07408 0.32095 -1.2054 -0.51609 0.7503 -0.48931 -0.62377 -0.97042 -0.75864 -0.44627 -0.88254 -0.22663 -0.059636 0.063048 1.074 -1.3138 0.54548 1.7111 0.79848 1.855 0.0593 -0.50275 1.1093 1.3195 -0.18912 -1.3394 -2.0401 1.5444 0.51802 -0.51737 -0.028295 1.1186 -0.60394 -0.12249 0.35942 -0.41391 -0.59821 3.2831 -0.92493 -1.139 -1.0266 -0.55372 -0.32331 -1.2682 -0.49189 -0.24661 -0.47769 2.5698 0.69528 -2.7233 1.1742 0.53559 0.89954 -1.177 -0.64519 1.117 -1.504 -0.048678 -0.51657 1.8669 0.63874 1.3234 -0.21441 -0.33564 0.42215 -1.0815 0.24842 0.5662 1.8427 0.65035 -0.71666 -0.40393 1.0683 1.4873 -0.22845 -0.20979 1.4772 0.056122 -3.0556 
vanilla 0.077224 0.0064301 -2.0094 -2.2555 -0.028921 3.2022 -0.6787 0.13131 0.67775 1.2538 -0.93808 1.3055 -0.93786 -1.6142 -1.514 0.21774 -0.25587 1.7853 -1.3863 -1.6656 0.66055 -1.838 -0.30084 -0.37589 2.6122 -1.4966 0.99539 1.0854 0.68212 0.80446 -0.82309 0.26842 -0.60703 -0.77813 -2.46 -0.81532 0.23285 0.29427 0.18618 0.58423 1.7657 -2.6627 -0.4582 -0.81973 2.4732 -0.67028 1.0866 -0.34401 -0.088129 -0.42526 -0.98469 -0.34877 0.8243 -1.3814 -1.9372 -0.68492 -0.49468 1.3889 -1.2654 -0.33685 -0.078155 2.049 0.45656 -0.44761 -0.80681 -0.91146 -1.2701 0.74897 2.319 1.2256 0.16427 -0.99251 0.10399 0.33686 0.52442 -0.74466 -0.20191 -0.2129 0.63379 0.022463 -1.4601 0.73298 1.0531 -0.060778 -2.0086 1.3047 -0.33593 -0.89527 1.8616 0.48864 1.8703 1.1143 0.045306 1.4312 0.27976 -0.71045 1.1057 1.3334 -0.0049873 -0.043982 
chocolate -0.78764 0.7459 -0.97458 0.26109 -0.5291 1.656 -0.68014 0.22776 -0.29897 1.3884 -0.98431 2.2209 1.0183 -0.78145 0.83243 1.2844 -0.61058 2.6203 -1.9082 0.72133 0.15931 -1.0932 -0.30818 -0.34375 1.604 -1.9634 0.99142 1.7493 1.113 -0.32803 0.11469 -0.42036 -1.356 -1.5913 -0.76826 -0.47899 -0.15007 0.57524 0.12264 1.268 0.78982 -2.4872 1.2784 -1.104 1.5329 0.4273 0.22269 -1.0837 -1.8634 -0.09497 0.37086 -0.061863 1.5254 -0.45818 -0.90827 0.50461 -0.5375 0.047282 -1.3524 0.89488 0.5333 2.1204 -0.32677 -0.33541 -1.3907 -1.2704 -0.93389 0.05859 1.6469 0.4638 -0.3361 0.58488 -0.036406 0.19347 -0.15851 0.51689 -1.177 -0.034617 0.84588 0.19236 -2.3536 -1.1238 -1.5675 0.24335 -1.0527 0.76468 -0.10296 -1.4588 2.0203 -1.6511 1.3616 0.93785 -0.20121 0.73578 -1.1199 0.34068 0.25702 0.70895 0.16199 -0.39469 
citrus -0.30242 -1.5183 0.11836 -0.85728 1.8416 2.7779 -1.7519 -0.35409 0.77284 2.4405 -1.3747 1.678 -1.8427 0.35227 0.35531 1.1671 0.037886 0.98797 -0.22943 -3.8619 2.0641 -0.58616 -1.3441 -1.4882 2.3482 -0.33374 0.088909 0.26403 -2.0074 0.67152 -0.48403 0.0063717 -0.45384 0.23607 -3.1041 1.1939 -0.7178 -2.773 1.0131 1.0657 3.4123 -2.0585 -1.1908 0.50488 1.7162 -1.0093 1.236 1.464 1.5608 -0.97689 -1.1365 -0.76958 1.2491 -0.81672 -1.0835 -0.5421 1.7074 0.89022 -0.71852 -0.069163 0.93158 -0.21335 1.3805 -1.6832 -0.12983 -0.69203 -1.4058 1.5986 2.9752 1.5712 -0.009965 -0.16043 0.41873 1.3639 -0.063647 1.499 -0.46034 -1.3164 -0.26136 -0.56734 1.7371 0.54889 5.3564 1.8065 -2.6309 2.8046 -0.16276 -0.8771 1.214 1.3222 -1.0914 0.96877 1.1043 0.7114 0.62931 -0.95246 0.75295 -0.55449 0.80837 0.24425 
cherry -0.51428 -0.59759 -0.37688 1.723 0.9914 2.7307 -1.3508 -0.51341 -2.3423 0.26759 -0.075586 -0.48793 1.0412 -1.0011 0.55223 0.27564 -2.5237 2.7638 -4.2396 -1.6524 1.7779 -1.2039 -0.59368 -1.0581 2.4166 -1.1917 0.23047 1.5613 0.39642 1.327 -1.3051 0.10065 -1.965 -1.6955 -2.575 -0.18645 -0.81577 -0.2572 1.4286 1.4197 3.4826 -2.9145 2.1182 0.82145 3.6857 -2.0411 1.6619 -0.10211 -1.7515 0.6605 0.64903 -1.4349 4.3669 -1.4838 -3.7874 0.1388 2.7795 1.6237 -4.9001 2.611 1.3813 0.33745 2.1286 -0.29839 0.24955 -1.8593 -3.2237 -0.98983 1.6819 0.19544 0.73251 -1.8701 0.36266 1.1344 3.4698 -0.99599 -1.4538 -0.9129 1.8953 1.533 1.1926 -2.6849 1.6558 -0.52036 -2.6285 0.98781 1.9695 -2.5406 1.7775 -2.8411 -0.6946 0.98153 -0.83461 2.6158 -0.96019 -1.131 -1.8847 2.0485 0.29026 1.7723 
leather -1.5384 -0.53532 -0.33744 0.38349 0.4452 1.4732 -0.11863 0.064688 -1.6007 2.0583 -1.7061 2.2091 -1.3171 -2.8184 -1.4067 -0.39769 -0.73922 0.54788 -2.0219 -1.4658 0.40971 -2.0743 0.5443 -1.4304 3.0524 -0.067611 0.77283 0.41665 0.59009 0.56805 0.062181 -0.26465 -0.58658 -0.15631 -2.7575 -0.88208 0.46751 -0.80802 0.85787 1.3916 2.2397 -1.3883 -0.64788 1.5561 2.5531 0.42026 0.87056 -1.3506 -0.36421 0.28094 -1.6051 -2.5571 2.0255 -2.5128 -1.3742 3.033 -0.11383 -0.49099 1.0169 0.41471 0.32957 0.52106 -1.3218 -0.73778 -0.76916 0.1055 -0.33315 -0.64826 1.2273 1.8984 -2.1335 0.050266 -1.7636 0.41501 1.4594 -1.0556 0.76812 -1.7248 0.74815 -0.36106 1.9332 -0.7536 2.0766 1.5716 -1.6853 3.0142 -0.42529 0.80064 0.59445 1.0708 1.0654 0.25256 1.6656 0.42144 -0.27309 0.54364 0.59641 1.3158 1.1382 0.092702 
rose 2.357 -0.41559 -1.1146 -2.7489 2.1553 2.3968 -0.45923 -0.60766 -0.27524 -0.50268 -1.2169 3.428 -3.0118 -2.1467 -1.024 0.73023 -2.5181 0.85833 -1.5142 -2.2908 1.6066 -0.49256 2.2449 -1.058 0.6564 -3.5372 -0.05733 -2.5481 -2.1439 2.2438 -0.9377 -2.7613 -1.1253 1.4986 -1.8296 1.806 2.3863 -0.3818 0.99618 2.6939 4.9558 -1.9287 -0.28783 2.5256 4.2819 0.08591 0.26362 -0.16322 0.46971 1.02 -2.7647 -0.83168 1.6625 -2.5743 -2.8104 0.0262 2.8882 -0.52126 -0.039648 -2.2109 0.5332 -2.5778 -1.8791 -0.79953 -4.4588 1.9078 -0.4515 -0.30532 4.5684 0.2161 -3.8239 -0.8206 -0.086462 1.2269 1.2689 -2.5643 2.4802 -4.0155 0.55249 0.56543 1.2764 1.6253 2.0284 -0.91922 0.2734 5.6812 0.40129 -1.4764 2.2523 1.5633 2.2139 -0.073656 -0.64445 0.89354 0.13115 -0.45593 -0.82443 -0.52164 0.43722 -2.4493 
honey -2.7806 -1.3747 -0.57012 -1.6012 0.068513 3.1505 -1.6402 1.2332 0.33265 2.3322 -1.9073 1.5707 1.0392 -1.4162 -0.58539 0.5061 0.90482 3.0824 1.2588 -2.1029 0.3305 -0.12683 -1.1614 0.86116 2.1919 -2.8885 1.3321 -0.31027 0.70455 0.62401 1.0724 0.1817 -0.27149 -1.0915 -2.2888 -0.86698 1.2886 -1.4035 -0.37527 -0.97781 0.83644 -2.8579 -1.9019 1.2821 3.0383 0.47194 0.025093 0.038541 -0.0076629 -0.060666 -2.0074 -2.7777 -0.29556 -0.49759 -1.1826 -0.17189 0.59151 1.027 -0.42215 0.23554 1.7853 3.0548 1.0562 -1.6767 -0.42212 0.36514 0.22299 0.85843 3.5375 -0.56261 -0.23486 0.47244 -0.34406 0.56032 0.04017 -2.2096 -1.9554 -0.97214 1.3425 -2.8493 -1.4693 0.42111 -0.52379 -0.89562 -2.0989 -0.19998 0.71333 -1.6559 1.119 -1.1235 1.7574 0.14332 0.054304 2.7493 1.6648 -1.1831 -0.98654 -0.098147 0.043116 0.51691 
berry -1.2813 -1.362 0.18726 0.11479 1.7183 3.0108 -0.85622 -0.67958 -1.0387 0.077893 -0.65127 -0.41752 0.30583 -1.5135 0.4234 1.1202 -1.1021 3.9022 -3.6808 -1.6586 0.8091 -2.1624 -1.0939 -1.5505 1.9295 -1.1134 1.8077 1.6908 -0.32987 0.9887 -1.249 0.041518 -2.3971 0.23979 -4.4706 0.13607 0.94283 -0.42072 0.85522 1.9445 4.1799 -2.2408 3.2226 1.6415 4.4372 -1.9304 2.1956 0.059414 -1.9139 0.56638 0.43117 -0.62758 2.6988 -2.6264 -1.6725 0.41624 4.5273 0.99532 -3.995 3.1985 2.1167 1.277 2.1755 -1.1206 -0.98219 -2.9174 -2.9549 -0.14922 1.1437 0.10204 0.45148 -2.3411 1.3835 1.9213 3.1772 0.033851 -1.2773 -1.6753 1.4683 1.5603 0.68336 -2.6372 2.1255 -0.72071 -3.0499 3.5116 3.0888 -2.4257 0.40581 -3.9572 -0.42506 1.1436 -0.22481 2.9294 -1.3874 -0.60405 -1.8 1.7649 1.0272 1.6335 
lemon 0.78245 -2.1376 -0.36853 -0.60367 1.7541 3.3426 -1.6852 -1.5448 1.8992 3.3517 -0.83508 1.198 0.19472 0.65269 0.83016 1.7715 0.52562 2.3044 0.19854 -1.9722 2.8181 0.17211 -1.2601 -0.24085 2.5444 -2.2196 -1.032 1.5842 -1.8812 1.1458 -1.6318 -1.0154 -0.7462 -0.53899 -2.1086 -0.028596 -0.11357 -3.4877 -0.60293 0.68293 1.2979 -2.9387 0.017589 -0.58835 1.6746 -0.88889 0.022516 2.7767 2.0875 -1.3446 -2.5289 -1.4154 2.8706 0.72706 -1.3177 -2.3585 1.5921 -0.07497 -2.4858 0.14383 0.48748 0.020323 1.0781 -1.3095 -0.268 0.32403 -0.15811 2.7793 3.4753 0.67962 0.54159 0.19739 0.71964 1.7984 0.096284 -0.079843 -0.65064 -0.031763 0.37856 -2.2694 0.53497 -1.5196 2.946 0.82416 -2.1732 2.783 -0.64002 -2.283 1.733 -0.61521 0.22368 0.74643 0.62256 -0.63789 0.59133 -1.1941 0.84632 -0.22934 0.93889 1.4603 
apple -1.4846 0.4385 0.7767 0.70132 2.3004 1.918 -3.3017 -0.90385 2.3056 1.6499 -1.8937 0.57991 0.53529 -0.12157 0.70012 1.1301 2.064 3.5733 -0.22483 -1.537 0.66991 -0.99226 -1.6907 -0.93531 1.2195 -1.9367 1.8047 1.608 0.26945 1.6537 -0.4329 -2.7278 -0.31362 -0.50259 -2.2331 -0.84032 -0.73322 -1.7849 0.90224 2.7269 0.035984 -1.6973 1.4531 1.7427 1.8822 -1.6745 1.1308 2.3357 2.6234 -0.38847 -3.3798 -2.523 0.53695 -0.77147 -1.4546 -2.0322 2.127 0.54457 -3.1235 0.25809 1.3731 1.0448 4.8079 -2.0798 0.90111 -1.581 -1.8308 1.3371 0.72455 0.37804 0.24481 -1.4843 0.82672 2.0292 1.3724 -0.013886 -1.8905 -0.6691 0.85072 0.32908 1.0724 -1.3044 3.1868 0.2349 -3.8869 0.93125 1.4581 -2.7017 3.02 -1.9561 1.9964 1.6449 -0.1228 2.0873 2.2848 -1.2154 -1.3484 -0.26527 1.4771 2.3318 
cinnamon -1.1809 -0.025315 -1.0798 -2.0065 0.082479 1.3458 -0.51243 -1.0182 -0.14528 1.4161 -0.46646 2.1177 -0.4993 -1.9623 0.052422 -0.010458 -0.77308 2.771 -0.26953 -0.7956 0.612 -1.4165 -1.2783 -0.24756 3.3218 -2.5354 1.058 1.3802 0.53893 1.2262 -0.21883 0.94928 0.67594 -1.6755 -1.8207 -0.80956 1.7021 0.69253 0.69239 0.27512 0.44528 -2.2279 -0.17606 -0.12972 2.1825 -0.89742 0.5047 0.26407 0.97291 0.28809 -0.74458 -1.3143 1.0086 -1.2145 -2.4294 -1.4728 0.8111 0.94614 -1.0516 0.5847 0.17744 0.0093032 0.42203 -0.55233 -1.0126 -0.84141 0.18389 1.1487 1.6928 0.45038 -0.12969 -0.56233 -0.24422 1.1011 0.53986 -0.70815 -1.8815 0.082382 0.40909 -0.051039 -1.4889 -0.29128 0.97363 -1.1928 -1.7513 0.39322 1.3119 -1.2544 1.5343 -0.88402 0.94282 1.8107 0.23045 0.63796 -0.57153 -0.51523 0.69074 0.65346 1.2843 -0.238 
orange 0.48861 -1.3928 -0.60964 -0.073885 1.2737 2.6245 -1.8555 -1.7553 0.34513 1.7786 -0.50459 1.7806 -0.49754 -1.1236 0.82065 1.4046 0.75191 1.6468 -0.64138 -2.3283 1.761 0.35523 -0.15878 -0.53451 1.4933 -0.93479 -0.70794 1.1961 -1.9999 1.1147 -0.63587 -0.79366 0.75997 -1.1242 -1.2239 -0.37532 0.15289 -2.1816 -0.86207 0.00046692 1.9641 -3.0209 1.4881 0.30453 1.3429 0.1309 0.20708 0.71198 0.32733 -0.65869 -2.5298 -1.2342 1.6054 -1.212 -1.498 -0.8158 1.6962 -0.15146 -1.8952 -0.93509 -0.81367 -0.43022 0.7825 -2.4396 -0.22072 0.57103 -0.12442 2.531 2.3812 0.70662 0.25867 -0.77957 0.36845 1.7084 -0.42804 0.05948 -0.44857 -1.7922 1.3275 -0.45143 -0.65473 -1.4209 2.0396 1.3158 -1.1588 3.0109 -0.68771 -2.2137 1.9372 -0.50941 -0.3211 1.9561 0.88733 1.0014 2.6262 -0.088865 -0.66368 -0.36193 0.88241 0.74822 
tobacco -0.62605 -1.2457 -0.37755 -0.42865 1.4417 2.5071 0.26193 -0.13718 -2.2036 1.6712 -0.65312 1.8896 0.038191 -3.8709 -1.8048 0.053633 -0.95086 1.5484 -2.0489 -2.8149 1.0044 -1.7302 0.026785 -1.2916 2.537 -1.1402 0.89737 0.57074 0.96398 0.70226 -0.073404 0.7544 -0.17315 -0.91761 -3.6301 -1.5646 0.22824 -0.3079 2.2377 0.39413 2.6139 -1.7423 -1.8267 0.61113 2.7571 -0.94568 1.9322 -0.96487 0.47574 0.98724 -0.34452 -1.3184 1.7937 -2.3959 -1.6154 1.9061 0.95214 0.7295 -0.17497 0.26716 0.90459 0.67514 0.030172 0.066789 -0.52235 0.54101 -1.0647 -0.67792 0.77114 2.401 -0.99098 -0.86703 -0.69273 0.64798 1.2219 -0.61549 -0.22902 -1.004 0.86874 0.56234 0.78855 -0.22262 1.3661 1.041 -1.8551 2.2613 0.43912 -0.12475 1.0448 0.28146 1.4934 1.3165 2.5112 0.74259 -0.46819 0.096064 -0.022828 1.2938 0.11497 -0.29386 
blackberry -0.85159 -1.6908 -0.51576 1.4744 0.09049 1.5628 0.49263 0.82675 -1.5112 0.54527 -0.99654 -0.35968 0.24294 -2.2094 -0.13556 -0.25426 -1.7136 1.127 -3.6179 -1.4708 0.83822 -0.55526 -1.6929 -0.083948 3.0136 0.33047 -0.25734 1.8137 1.4614 0.78579 -1.2966 0.30689 -0.48466 -0.58231 -1.9627 -0.26281 0.38623 0.54046 0.46382 1.8488 3.7075 -2.0014 1.5074 1.3378 3.4642 -0.82295 2.0645 -0.72163 -1.8416 0.20717 0.93473 -1.4007 3.9277 -1.3549 -3.4203 0.48613 3.0418 1.3187 -4.4045 2.6504 1.5388 0.19734 1.1306 0.23195 0.19663 -1.2066 -4.0381 -0.35425 1.3767 0.12308 1.0241 -1.7761 -0.17267 0.75622 2.3464 -0.52286 -0.6713 -0.7561 1.3278 1.2226 0.35616 -2.2111 2.4703 -0.82203 -2.5627 1.6511 2.3567 -1.6617 2.1398 -2.5417 -0.16805 0.97833 -0.57147 1.435 -0.36343 -1.0943 -1.3752 1.4677 0.30984 0.62025 
oak 0.35118 4.0531 -1.2293 -2.7186 -0.59149 1.5895 5.4764 1.9745 -1.6891 6.9129 -4.2173 1.173 -4.564 2.0975 -2.5895 1.5986 -4.0335 2.382 -7.1708 -6.2835 3.0608 -3.2729 -2.8207 1.1226 10.134 6.3732 -3.328 7.1444 2.9295 -3.3203 0.906 -2.2701 -4.2035 -0.6777 -0.80857 -2.5449 -0.81467 4.6368 -1.5907 4.1116 5.2599 -6.1156 0.8445 5.4882 3.2264 0.15157 2.5228 -0.46349 -4.7495 -7.6268 0.93536 -6.6718 4.9342 -2.1117 -2.005 3.4793 2.2845 2.4437 -4.8016 -1.899 3.9636 5.037 3.1082 -2.2487 5.3529 -2.1114 -12.002 0.19261 0.23812 6.6582 -3.0939 0.31536 2.9995 -0.96634 5.1345 -3.7361 -4.6358 1.2486 -0.56268 1.9727 2.8835 0.35682 4.4362 -2.4558 -7.7118 -4.5236 1.2477 -2.3128 1.0392 -4.97 4.0473 6.1884 -1.16 2.7742 -2.6583 -1.921 -1.4905 7.629 2.9622 2.9816 
peach -0.16651 -1.2438 0.084474 1.3754 -0.98416 2.3292 -3.5238 0.70555 1.7995 1.3933 -1.1951 0.47875 1.3675 0.49944 -0.17146 0.60109 2.0243 2.8037 -0.78478 -2.4202 0.60458 -0.752 -1.1466 0.52296 1.449 -1.7817 1.4583 -0.50272 -1.2726 0.53288 -0.53474 -1.0446 -0.50771 -0.78129 -3.078 0.91338 -1.1687 -2.732 0.64359 1.3211 1.2203 -2.4011 0.49081 2.3845 2.5183 -1.6848 1.7687 2.0906 -0.102 -0.8855 -2.6355 -2.6267 0.70014 -1.343 -1.8438 -2.478 2.4207 0.37993 -2.5749 -0.5558 0.79364 1.2702 4.0729 -1.4153 0.51747 -0.47547 -1.4784 0.23314 2.4584 -0.14158 -0.14704 -0.62766 -0.070172 2.7343 1.2579 -1.8195 -1.1114 -1.1106 1.5181 -2.827 -0.36662 0.70617 3.5655 -0.10144 -2.5302 1.7764 -0.031671 -1.7355 3.8779 -1.0006 0.64109 1.6439 -1.0192 2.5408 3.1036 -1.9315 -1.7289 1.3058 0.12746 0.97087 
coconut -1.656 0.2404 -0.47756 -0.97376 0.24725 2.293 -0.25094 -1.4609 -0.16847 1.6338 -0.17774 1.6275 0.94158 -0.26937 0.40841 2.1481 1.2249 1.3011 0.19876 -0.066943 0.30032 0.4587 -1.3413 -0.505 0.83266 -1.994 1.2978 1.847 0.54621 -1.5345 -1.1315 -1.1808 -0.32114 1.6046 -0.75964 -0.38249 -0.65688 -1.1427 -0.5233 0.69662 0.099825 -1.7584 -1.4344 -0.4604 1.7352 -2.0755 0.70617 -0.47855 -2.0116 -1.1017 -1.2063 0.95536 1.4986 -0.88495 -1.1687 0.040813 0.54299 0.57409 -0.91598 0.96568 0.50491 3.5128 0.76493 -0.92409 -1.4542 -1.7768 0.35506 1.9198 0.037375 -1.3723 0.59648 0.56511 0.93576 0.95047 -0.097826 0.70948 -1.6952 0.57372 -0.032714 -1.0945 -1.7735 -0.03927 -0.14264 0.40574 -0.0085651 0.97188 0.31262 -2.103 1.2888 -0.75313 3.4865 1.4887 -1.3702 1.4319 0.97477 -0.90824 -0.18944 1.242 -1.3033 -0.18844 
incense -0.038655 -0.1877 -1.5544 -2.448 1.3145 1.5154 0.48241 -0.83821 -1.6392 1.443 -1.8347 2.9463 -1.3768 -2.5823 -1.6869 0.039989 -1.3164 0.8334 -1.1274 -2.8745 1.2453 -1.544 -0.88737 -0.39223 2.9663 -1.9512 -1.1634 -0.82911 -1.1629 0.44909 -0.0046527 0.69715 1.1108 0.012542 -2.5277 -1.1846 0.70716 0.5314 1.8494 0.76138 1.381 -1.0689 -0.82481 0.067491 0.932 -0.83272 0.78586 -0.82977 0.55357 0.1854 -1.8039 -0.43802 1.9635 -1.5642 -2.4461 2.8171 -0.33529 0.82123 2.8228 -0.41643 0.31793 -0.022311 -2.0797 -0.42451 -0.86255 -0.059203 -1.0139 0.39314 2.9766 1.0316 -1.7286 1.3199 0.084754 -0.95597 -1.1931 -0.42369 0.53951 -2.2958 -0.03961 1.5596 1.622 1.8206 2.3302 -0.085575 -2.2771 3.2014 0.34286 -0.25688 1.1295 1.6646 0.3181 0.41803 0.60285 0.7196 0.27152 -0.45304 0.58287 0.20872 0.83529 -0.50806 
raspberry -0.27651 -0.69001 -0.024574 0.74304 0.76201 2.246 -1.3795 -0.40417 -0.94056 0.17729 -0.22149 -0.28759 0.42793 -0.24343 0.69956 -0.24435 -1.6283 2.0298 -2.5554 -0.75435 1.3965 -0.94661 -0.51075 -0.56524 1.3754 -0.8879 0.098351 0.83244 0.0068208 0.84145 -1.4133 0.26621 -1.5488 -0.91508 -2.0101 0.087961 0.20925 -0.20597 -0.071607 0.46567 3.0815 -2.6845 1.8347 0.99351 2.928 -1.1432 1.5629 0.6498 -0.75635 -0.092988 -0.57417 -0.76471 2.7918 -0.771 -2.304 -0.71037 2.2183 0.76333 -3.6986 1.2409 0.68923 0.73932 1.7135 -0.19075 -0.37313 -1.1034 -2.3679 0.20482 2.1736 0.29682 0.66739 -0.98314 0.68219 0.91243 2.4083 -0.76342 -0.60616 -0.69914 1.4088 0.70442 0.5713 -1.7367 1.434 -0.99129 -1.5698 1.6588 1.6913 -1.705 1.8273 -1.7856 -0.26118 1.2894 -0.57275 1.6945 -0.2222 -0.7542 -1.2095 1.2823 0.76003 0.93327 
almond -2.0933 -0.16836 -1.5696 -1.1922 -0.17998 2.3619 -2.7601 0.30597 1.0837 2.2618 -1.2069 0.97321 0.70249 -0.31262 -2.3746 0.4657 0.63705 3.5976 -0.53453 -0.80925 1.3715 -0.23026 0.66606 -1.0302 1.562 -2.1901 0.82929 0.39075 2.1349 0.54647 -0.89593 -2.665 0.55767 0.46952 -1.669 -0.88457 -0.31831 0.18825 1.0063 1.5488 0.19675 -2.9418 -0.57439 -0.7984 2.3409 0.087324 0.16265 0.14297 -1.2372 -0.17802 -1.3394 -0.17738 1.6218 -1.0866 -1.9477 -1.9445 0.21788 0.55938 -2.3559 -0.0041809 1.4581 2.1215 0.070568 -0.53055 -0.053049 -2.6048 1.5082 0.56935 1.1743 -0.89459 1.1021 1.3649 1.0057 0.21391 -0.29398 1.5117 -2.6678 -0.86165 0.4235 -0.68821 -1.6693 0.24626 -1.106 0.237 -1.0157 0.77646 1.0832 -1.2878 1.3976 -1.5108 1.861 1.0804 0.8341 3.1551 0.6085 -1.2209 -1.5293 0.79915 0.2861 -0.12934 
lavender -0.24279 -1.9292 -1.3264 -1.8612 1.8828 1.0198 0.35982 -0.12986 0.084081 3.1161 -1.3172 3.7834 -1.7417 -1.0327 -0.4855 1.1141 -1.604 -0.27099 -0.41407 -2.4676 1.3054 -0.4369 0.23893 -1.396 1.6267 -0.98462 0.41767 0.21988 -0.57579 1.1262 -0.77902 -0.81873 -0.16709 -0.016235 -3.0443 0.98364 -0.17274 -1.2941 0.62016 1.6468 1.9908 -1.7597 -1.188 -0.76627 2.2756 -0.74587 0.010705 -0.11632 1.803 -0.75317 -1.3272 -1.2797 1.0305 -1.3121 -1.0888 -0.53742 1.071 0.83646 -0.17715 -0.063555 1.0137 -0.32532 -0.89365 0.43821 -1.7928 -0.23113 -0.39389 1.2908 2.9362 1.2132 -0.39265 -1.4735 -1.1205 0.033582 0.4101 -0.037083 -0.72721 -0.12624 -1.124 -0.089513 0.90543 -0.073669 1.822 0.98178 -1.6092 2.4166 -0.87621 -0.2501 1.3591 1.0525 0.21026 0.095916 1.1703 0.01269 0.068545 -0.53827 0.92617 -0.16207 0.3777 -0.24583 
cologne 0.60528 1.0575 0.44021 1.186 2.5862 2.1936 -0.1059 0.49687 0.34077 1.6152 -1.4286 1.3059 -2.1445 -1.3845 0.53242 2.6338 -1.631 -3.552 0.41985 -0.072048 0.99141 0.51608 0.26803 -2.081 1.1342 1.6934 -0.23651 -0.29206 -0.31286 -0.78838 0.21831 -0.37377 -1.6784 -1.048 -1.1096 1.7691 -2.4504 0.23542 1.3519 -0.056386 1.3838 0.18533 -1.4898 -0.40309 0.84946 0.22249 -1.0294 -0.96172 2.5204 -0.54102 -0.5742 -0.0554 1.2786 -0.53307 1.4715 0.71179 -0.18981 -1.2779 1.5273 0.46387 -1.474 -1.3581 -0.69037 -1.2587 -0.79849 -0.30487 0.015682 0.80335 1.68 0.66868 -0.45635 0.79313 -0.53593 0.95184 -0.51946 0.60113 1.1601 -0.42964 -0.8701 -0.16998 1.4387 -1.3307 2.158 1.2275 -0.79872 0.63825 -1.8071 -0.01535 -0.0085138 2.1477 0.03427 -1.6917 1.1465 0.17956 0.99303 -0.81191 1.1635 0.46238 0.69985 -2.1969 
cedar 0.43708 0.0074975 -0.3632 -3.4296 1.1302 2.0402 0.87953 -2.8182 -1.2583 1.6886 -0.66993 2.0763 -0.25198 -2.7396 -2.5124 0.52685 -1.7804 0.48996 -1.6504 -3.3846 1.143 -1.0167 0.88464 -0.24367 4.804 -1.2364 0.14099 1.7428 0.59316 2.3146 -1.5062 1.5089 0.43377 0.34421 -3.7824 -0.35053 -0.50289 -0.04376 0.72827 1.7791 3.2726 -1.7251 -1.1741 -1.0802 1.884 -0.41766 1.9037 -0.89655 0.42129 -1.6306 -2.1389 -1.491 3.2431 -1.7375 -3.566 1.9637 0.69343 0.88688 -0.3327 0.1795 1.939 -0.09674 -1.0491 0.12968 -0.39933 0.90586 -1.3148 0.4043 2.3639 2.1146 0.30237 -0.64352 -1.0189 -0.14117 1.8119 0.55899 -1.1241 -0.89348 -0.19394 2.561 1.1994 0.10586 3.4321 0.69718 -3.2473 1.9736 1.1234 -0.50119 0.67011 1.3532 0.88308 1.1628 1.2098 0.20913 -0.79711 0.043105 -0.082843 0.40501 1.5503 1.0896 
cheese -2.0477 1.0882 0.29372 0.97387 -1.6748 1.431 -1.3142 -1.4923 0.53959 1.4367 -2.8475 3.3156 1.2897 2.0374 0.71063 -0.71084 1.1828 3.7734 -1.6887 1.254 -1.4914 -1.5007 0.59229 -0.99224 2.0931 -2.7302 1.1133 1.0908 1.9626 -0.0040596 0.70348 -1.2387 -2.1318 1.3902 1.5575 -0.74107 0.85257 -2.4269 -1.8979 3.7244 -0.88908 0.99928 1.7013 0.11698 0.35563 2.2737 0.17174 -0.16995 0.051451 -1.6071 -1.2036 -2.2731 2.0994 1.3248 1.7895 1.0373 0.20144 -0.56912 -1.2293 -1.4641 0.055101 0.46525 0.11014 -0.23189 -0.028889 -1.9915 -0.15803 0.45191 -2.2304 -1.8167 -0.6641 2.0173 -0.67403 -0.79805 2.0214 -1.0171 -2.2286 1.7014 0.76266 -1.2151 0.19144 -1.0744 0.60538 -0.58902 -0.60038 1.207 0.46377 0.48773 0.72331 -1.488 0.87679 1.1297 0.34113 -1.4468 -1.298 0.012198 2.2063 -2.6631 1.7358 0.66137 
mint -0.057227 -2.7711 -0.39731 -1.5214 2.22 2.1516 0.87227 -2.4428 -0.8631 4.666 -0.45784 3.9306 0.56826 0.20706 1.514 4.3264 -1.5602 -0.55643 -0.5672 -0.35854 1.655 -0.95977 -0.97347 -1.8985 1.9929 -1.5177 1.3444 1.9402 -0.83444 1.1764 -2.6699 -1.3675 -2.066 -1.7136 -4.5825 0.51271 0.44509 -0.6632 1.3114 0.6316 1.3004 -3.9566 -0.72925 -2.183 3.2592 -1.1768 0.78206 2.3723 0.53171 -0.3161 -1.5454 -1.4282 2.6328 -1.2779 -0.91946 -1.9114 1.0834 0.41213 -2.6907 1.6523 1.6275 0.2693 0.64767 0.80816 -1.7293 1.1213 -0.36152 1.1758 2.6717 0.64901 1.3906 0.20138 0.16902 -0.12647 0.11998 1.3305 -1.5627 -0.30264 2.0894 -0.054488 0.60593 -1.836 0.049121 0.76534 -2.9953 4.1796 -1.083 -1.6834 2.9013 -1.2671 -0.312 3.0383 0.34272 -0.6377 -2.3857 -0.83113 0.53501 -0.47465 2.5978 0.16081 
popcorn -3.1046 1.5919 0.11257 0.19743 -1.007 -0.9006 -1.0894 0.81441 1.3013 -0.11698 -2.4176 2.5385 0.48952 0.76904 0.97743 -0.23245 -0.46297 2.6933 -0.97899 -0.79562 -1.5608 -0.28363 1.2419 1.5211 0.16677 -2.7749 1.4113 -0.52192 1.7379 -2.1591 0.51911 -2.4208 0.038177 1.4524 1.6014 -0.21754 -1.39 0.78667 -0.46529 -0.58516 -0.93436 -0.50523 1.2856 -0.66295 -2.114 -1.0852 -0.95604 0.20302 -0.06112 -1.1117 1.6161 -0.79912 -0.45847 -0.2314 0.23052 -0.89218 -0.43123 -1.0741 1.226 -0.4258 -0.56497 0.64423 -1.4597 -1.9659 -0.70003 -1.554 -1.1569 -0.74656 -1.0905 -2.2338 0.52754 1.3866 1.7627 -0.5219 0.64556 -0.072579 -2.2995 0.05683 -1.0652 -0.09716 0.8774 -0.64584 -0.64658 -1.4439 0.086796 -0.66208 -2.1566 -1.5457 0.81169 -2.4289 2.9919 1.4733 -2.2184 0.30419 -0.16185 -1.2282 1.704 -0.34312 0.54886 0.18304 
bread -1.7368 0.76824 -2.0593 0.16035 1.236 -0.030086 -1.3303 0.49353 2.7622 0.64481 -0.9908 2.9107 -0.10957 -2.5131 0.73417 0.084491 0.35753 4.9218 -1.6091 0.24309 -1.2042 0.21205 1.4885 1.033 0.25532 -4.2652 -0.60147 0.72403 0.96673 1.9267 1.0018 -2.1291 -2.764 -0.96707 1.6339 1.2048 -0.1344 0.24746 -0.39226 2.4038 -1.0474 -0.044603 0.41294 2.3001 -1.0774 -0.6553 1.5648 -0.75158 3.6174 0.52896 -0.77754 -1.294 0.40809 0.054197 2.3899 0.74806 -0.43632 -0.25155 -0.3905 -2.1261 -1.0795 2.282 0.69494 -0.34243 -2.1053 -3.7826 -0.99135 -0.91044 -0.24514 -2.209 0.93238 1.1348 -0.69575 1.4155 1.8354 -0.95038 -5.1587 0.77991 -1.669 -2.6989 -0.2694 -2.1413 -0.13789 -0.31809 -0.21674 -1.5542 -1.1466 -2.4999 -0.61305 -2.4923 0.46024 -0.69263 -0.84859 0.40307 -3.1023 -0.69711 1.426 -0.7686 0.72993 0.97042 
smoke -2.4682 -0.84877 0.28185 -0.24762 0.18025 1.8097 -0.07215 -1.373 -1.7114 1.0378 -1.5639 1.6503 3.2071 -2.0128 -0.67312 -2.3523 0.32089 1.9555 -2.0763 -2.0927 -0.80378 -4.306 -0.54768 0.035637 3.6314 -0.99364 -0.485 1.2116 2.0939 -0.10214 -0.93081 -0.55424 -0.078223 -0.473 -0.60399 -2.5235 0.17263 1.311 0.98883 -0.79633 1.3253 -0.94333 -1.4135 0.61427 3.4866 -1.326 2.0574 -1.1664 0.11761 1.1189 0.85604 -3.9126 4.3327 -1.4068 -1.9978 2.3639 0.75471 0.15623 1.1379 -0.15013 0.37497 1.7048 -0.32992 -0.074696 0.76562 -0.04371 -0.32884 -1.0673 0.052643 1.1171 1.4517 0.40727 -1.029 -1.0727 -0.06612 -1.7812 -0.74962 -2.4956 1.4065 0.33151 1.531 2.0393 2.7537 -0.75715 -2.5753 2.5989 0.32986 0.089196 0.23243 -0.20264 0.373 1.7577 0.00014903 0.069499 -0.44005 -0.29155 0.76896 0.77406 2.5315 2.5962 
licorice -1.3983 -0.46883 -0.065405 1.0248 0.77707 1.6387 -1.1622 -0.5464 -1.8328 2.3975 0.0043604 2.8948 0.67328 -2.0562 -0.054721 1.1431 -0.36863 0.98819 -2.1531 -0.19891 1.2742 -2.5119 -0.64419 -0.38188 1.4446 -1.9724 0.51718 1.593 1.337 0.98974 0.032661 0.81013 -1.9018 -2.0122 -1.8596 0.26271 0.80991 1.9449 0.043429 0.44401 2.2015 -1.2678 0.96248 -0.3985 1.913 -1.0996 1.0425 -0.8786 -1.0364 1.0218 -0.24853 -0.86827 2.7585 -0.26319 -1.5858 0.07522 1.8325 0.13855 -1.4862 1.5893 1.2816 -0.59362 -0.6215 1.1156 -0.14022 -0.85781 -0.72397 -0.76553 1.3322 0.42327 0.18345 0.077678 -0.11512 -0.74481 1.3435 0.41285 -1.5115 -0.17563 0.39258 0.4571 0.50588 -0.76736 -0.90934 -0.29828 -1.159 1.2564 0.1308 -0.5049 1.6966 -1.924 1.5741 1.0294 -0.011084 0.4072 0.53221 0.0068767 -0.74471 1.4725 0.661 0.46105 
violet 0.22577 -1.2771 -1.2813 -1.1151 1.0265 1.5326 -0.68546 -1.0655 -0.69424 1.6227 -1.0327 3.8345 -1.2305 -0.26212 -1.7712 -0.29156 -1.9806 0.24647 -1.9751 -1.7675 1.4681 -0.71813 1.6754 -1.6137 1.7415 -0.93265 0.83818 0.22228 0.27706 1.3361 -1.5747 0.028522 -0.2555 0.36443 -2.0737 1.4161 -0.69193 0.64661 0.96253 1.7135 2.7625 -2.4886 0.56798 -0.58194 2.7826 -0.60356 1.302 -0.0065856 -1.5733 0.0096532 -1.2943 -1.708 2.421 -2.286 -1.3355 0.10281 2.3398 0.99576 -0.48493 -0.94554 0.89961 -0.84172 -0.33383 0.14656 -1.4845 -0.055814 -0.018537 0.41336 2.5673 1.6148 -0.62449 -1.5383 0.26388 1.7215 1.0043 -1.1667 -0.45159 -2.4596 0.17778 0.48403 1.9814 0.93461 1.1394 0.65826 0.042448 3.6414 -0.14826 -0.077048 2.4565 -0.23855 -0.55369 0.10636 -0.22201 -0.032196 0.5871 -0.52154 -0.76152 -0.76621 0.52515 -1.1371 
strawberry -0.52649 -0.23638 0.30898 -0.15304 0.92192 1.8714 -1.6619 -0.427 0.45769 -0.12114 -0.28887 0.48471 0.52619 0.54974 1.0909 0.89329 -0.16876 2.1137 -1.3946 -0.3979 0.38233 -0.92441 0.23238 -1.4777 0.37939 -0.97725 1.3476 -0.25859 0.48631 0.68442 -0.84244 -1.0141 -1.9906 -0.59004 -0.9476 0.092142 0.15338 -0.45622 0.55576 0.8542 1.152 -2.0873 1.5014 0.092711 2.9032 -1.1581 0.80673 0.58831 -0.19931 0.016778 -0.67833 -0.89398 1.3484 -0.62819 -1.0707 -0.26578 1.7705 0.95266 -2.8658 1.0428 0.35545 1.1675 2.0745 -1.0423 -0.54498 -1.4185 -1.4278 0.14751 1.1854 -0.12802 0.27633 -0.17502 0.66059 2.116 1.4362 -0.78356 -1.3581 -0.54596 1.1189 -0.61232 0.060911 -1.2516 0.18891 0.032271 -1.5837 1.551 0.036606 -2.127 1.6614 -1.5569 0.65653 1.3577 -0.35841 1.2307 -0.51831 0.2514 -0.88121 0.46501 0.72413 0.90309 
pear -0.93054 -1.9668 -0.28996 0.82946 0.12686 2.1783 -4.1346 1.5405 2.1583 1.7724 -2.48 0.29359 1.5353 0.39363 -0.74513 1.3462 2.3439 4.2172 -0.062702 -2.9039 0.65347 -0.36059 -1.2654 0.23748 2.4279 -1.6089 1.8327 1.1923 0.13191 1.7021 -1.1342 -2.1216 -0.22402 0.22853 -3.3414 -0.2514 -2.5961 -2.8367 0.72873 3.8176 0.43896 -1.9031 -0.03378 3.3864 2.3432 -1.9465 1.2857 1.7601 1.1854 -0.62377 -3.2085 -3.5822 0.96765 -1.5957 -2.2016 -3.3196 3.6136 0.57558 -2.4479 -0.69351 1.2825 0.13782 6.2504 -1.5401 1.7163 -0.47233 -2.4488 -0.31022 1.4669 -0.54278 -0.45848 -0.56209 1.9494 3.3007 2.1201 -1.3992 -2.1175 -0.42952 1.9167 -1.5918 -0.41043 -0.5268 6.5816 0.96178 -3.744 1.0714 1.2694 -1.5948 4.3467 -0.87369 2.6172 2.1948 -1.6962 2.386 4.013 -2.3951 -1.4084 1.1709 1.6573 1.7349 
pineapple -0.67717 -1.0832 -0.025339 0.73143 0.41519 2.1339 -1.2522 0.17637 1.4926 1.2888 -0.84846 -0.30851 0.55717 -0.44273 0.85897 0.55458 1.2087 1.8193 -1.047 -2.1494 0.99769 -0.37733 -1.8259 -0.34064 0.89793 -0.37769 0.13971 1.4526 -0.35462 0.15913 -1.1567 -0.8672 0.31012 -0.55849 -1.3751 -0.18044 -0.68881 -2.1042 -0.11207 0.98727 1.2274 -2.1761 -0.54038 0.78682 1.5436 -1.7514 1.3411 1.0776 0.02476 -1.6135 -2.0457 -1.7392 1.4804 -0.47441 -1.6822 -0.70755 1.1352 1.5122 -2.703 -0.17973 0.55966 1.0646 2.9091 -0.9946 0.40326 -0.58436 -2.7962 0.65212 1.4366 -0.23439 0.20017 -0.52066 0.61774 1.6981 -0.00019043 -0.45566 -0.20884 -0.4635 1.06 -0.52425 1.0973 -0.59033 2.8918 0.49373 -2.4837 0.49676 -0.013115 -1.7796 2.725 -0.5073 1.5629 1.5754 -0.10495 1.0979 1.843 -1.2807 -0.47601 0.33077 0.41181 1.0986 
caramel -0.70295 0.041507 -0.91633 -1.4708 -0.31801 2.9975 -1.187 0.40394 0.32226 1.2219 -1.2735 1.7452 -0.22614 -0.86132 0.27314 0.15984 1.308 3.7113 -1.8147 -1.5455 0.1389 -1.6422 -0.32577 -0.29522 1.6974 -1.2632 0.71185 1.404 2.385 -0.19411 -0.28002 -0.82289 -0.31089 -1.2699 -0.77481 -1.8 0.34559 1.4646 -0.66344 1.217 1.1415 -2.5836 0.76303 -1.4214 1.5858 0.11083 0.18023 0.36603 -1.1455 0.031877 0.059449 -1.0762 0.52646 -0.20926 -1.9328 -0.19093 -0.89232 0.6891 -0.89171 -0.076937 1.0743 1.8218 -0.12976 -0.79435 -0.43476 -1.0544 -1.4426 0.30546 1.2718 0.66572 0.66213 -0.23506 0.46047 0.58256 -0.87776 -0.70306 -0.22881 -0.16472 1.591 0.42634 -1.7393 -0.17089 0.77911 -0.37352 -1.5131 1.0691 -0.70499 -2.6399 2.3696 -1.0445 1.7178 1.7411 -0.85976 1.7144 0.44918 -1.4717 0.35851 0.90541 1.0075 0.29708 
grapefruit -0.21645 -1.8444 0.35824 -0.31618 1.3535 2.2339 -2.0451 -0.38102 0.83629 1.1437 -0.061467 0.6837 0.43497 0.41904 0.60404 0.79608 0.35269 0.86904 0.052151 -2.7772 2.4703 -1.3903 -1.1155 -0.34623 1.2082 -0.80889 -0.24752 0.62858 -0.76527 1.2404 0.010023 -0.82981 -1.1124 0.1274 -2.2257 0.81219 -0.53895 -1.8895 0.074883 1.1672 2.7145 -1.482 0.25659 -0.24087 1.5224 -1.1 0.63686 0.66884 0.52135 -0.9249 -1.3942 -0.91174 1.7042 -0.7833 -1.4459 -0.73991 2.6419 -0.2234 -1.5059 -0.19807 0.8461 -0.54307 1.7316 -1.3464 0.21558 -0.34956 -1.2155 1.541 1.9661 0.61678 0.85174 0.060907 0.76962 1.497 0.43251 0.40811 -0.85066 -0.98159 0.27447 -0.64034 1.415 -0.33196 3.9218 0.93942 -1.0672 1.7898 -0.21996 -0.88811 1.945 -0.11101 0.0020874 1.3699 0.11944 0.99397 1.5916 -0.32514 -0.41791 -0.29389 0.73054 0.60079 
clove -1.7093 -1.3147 -1.0883 -2.2793 0.36716 1.7733 0.18237 -1.0088 -0.51071 2.6223 -0.37513 3.8214 -0.89486 -2.4662 0.30258 -0.368 -2.0216 0.87765 -1.1732 -1.8131 1.2957 -2.0188 -0.57048 -0.71382 4.8298 -2.3413 -0.040991 1.088 0.24108 1.7699 -0.34253 0.48924 2.0667 -1.7791 -3.9381 -0.574 2.2483 -0.10639 1.2011 1.9367 1.2947 -1.7459 0.049 0.57529 2.6485 -2.2082 1.2269 -0.066626 1.8283 0.37045 -0.31962 -2.0055 2.4041 -2.0725 -2.7306 -1.2495 2.4989 0.08324 0.096612 0.38356 1.3416 -1.6692 -0.6227 0.072451 -0.52194 0.28291 0.56338 0.66156 1.6031 0.91213 -0.89434 -1.5522 -1.4309 0.97494 0.97334 -1.2128 -2.7379 -1.2543 -0.13454 0.68674 0.30217 -0.25436 2.1418 -0.10721 -2.4118 1.5971 0.45514 0.23792 1.5834 -0.89015 1.4781 1.6048 0.13349 0.68561 -1.0649 -0.51235 0.37547 0.14231 1.2739 -0.093147 
syrup 0.96617 -0.41453 -1.1357 -0.57344 -0.34057 3.8373 -0.10299 0.45786 0.35599 -0.66109 -0.98317 -0.16958 0.46803 -3.2138 0.56724 0.087207 0.3252 2.1058 -0.74599 0.00077925 0.36024 -0.40308 -0.23464 0.047785 1.3375 -0.7852 1.2646 -0.70034 1.0533 1.7036 1.5381 -1.3718 -1.0292 -1.7094 1.8286 -2.003 0.41854 0.34546 -1.7359 -2.2606 -0.2635 -2.603 0.13601 -2.2141 1.5338 -1.5532 -1.1336 0.21561 -0.37572 -0.19331 -0.8465 -0.43337 0.99404 -0.19681 0.89075 0.77273 0.1504 0.36273 -0.28269 2.3121 -1.1302 1.5319 1.4629 -3.0529 -1.5591 -1.1735 -0.45443 0.11216 3.3565 -0.072271 2.4313 -0.60567 1.4275 0.34334 1.0774 -1.9623 -1.7946 1.1896 0.052221 -1.6083 -3.9088 -1.2671 -1.7415 -0.50739 -0.57869 -1.4501 -1.4611 -3.8826 1.0789 -1.2198 1.9844 -0.97765 -2.7212 2.947 0.015621 -1.6624 -0.6135 0.050706 -0.80877 1.1287 
grape -0.10631 -0.026825 0.92467 -0.4749 2.268 1.5713 -0.14814 -0.090641 -1.1852 0.91412 0.36578 2.2435 1.5921 1.2494 0.11527 0.18807 2.0211 0.40081 -2.7528 -3.543 1.4958 -0.72401 -3.8712 -1.2335 -0.23863 0.61921 -0.10267 -0.14143 -1.7351 0.87013 -0.62251 -2.3805 -1.9232 1.1865 -0.35416 3.0625 -0.80275 -2.9416 -0.44187 1.4953 1.2285 -0.93721 2.979 -1.2563 3.8333 -1.79 1.3263 -2.5527 0.015434 -0.024771 -0.45034 -2.4227 2.4969 -1.3594 -1.0583 0.87503 1.1247 2.7301 -0.73321 -0.95433 0.96788 -1.4871 2.1509 -3.6101 1.72 -1.0287 0.036534 0.22046 0.52661 0.29749 -0.38156 -1.3205 3.1209 3.9933 2.9462 -1.1365 -1.4177 0.32089 0.10254 -0.59396 0.62155 -2.7872 -0.025005 0.030132 -0.50735 -1.05 -0.15476 -4.5873 0.53661 -3.618 0.45147 1.5499 0.056787 2.7774 0.71832 0.010053 -1.4121 -2.0307 1.2972 0.070721 
fish -1.4856 -0.64884 1.1872 0.68076 0.83534 -0.64284 0.58967 -2.571 0.69405 -1.4441 -1.2261 1.1403 3.875 -1.3544 0.76354 0.69247 1.218 1.9349 -0.73165 0.51968 0.94381 -1.8262 0.010575 0.89626 0.44861 -1.4316 0.21154 1.2065 1.9117 -0.47329 -0.32248 -3.3579 -2.2013 3.5812 3.5103 2.6023 -0.57403 -2.0341 -2.3891 1.1429 -1.4016 1.6415 -1.7721 -0.76126 -0.061559 -1.9305 -0.77338 -1.0631 -0.22595 -0.77906 -1.1698 -2.1093 3.0473 0.44808 -1.2065 3.2971 2.8291 -0.33792 -0.53564 -2.6248 -1.8214 1.3362 1.3626 1.1088 -1.2257 -1.4417 0.75426 1.1676 -2.8042 -4.6474 0.020126 2.3959 -1.8923 -0.49793 -0.44653 1.6987 -0.37031 -2.2922 1.4372 0.99443 1.1917 -0.59201 3.0621 0.2201 -0.10014 0.97296 -1.1664 -1.0675 0.94309 -1.8429 0.39148 0.091953 -1.72 -0.42023 0.024314 -0.91331 0.02215 -2.7555 3.0407 2.7632 
banana -1.0556 -0.48254 -0.87621 -0.52847 0.48201 1.5724 -1.9176 -0.80195 2.0997 0.58904 0.1317 0.77561 -0.043508 0.080119 1.1223 -0.72101 1.8971 3.3608 1.0602 0.64773 -0.39725 0.27266 -0.38635 -1.8061 0.41334 -1.5207 2.2612 0.90609 0.19579 1.6854 -1.358 -1.6659 -0.27845 0.073743 -0.84204 -1.1223 0.58635 -1.3502 0.64171 1.4146 -0.44832 -1.3622 0.74267 0.29643 2.1389 -1.6443 0.59105 1.3803 -0.71803 -1.0822 -0.79608 -0.4979 0.070253 -1.583 -0.60542 -0.84051 0.57781 -0.11079 -2.4849 -0.37587 -0.26468 3.1916 3.2049 -1.928 -0.95945 -1.1311 -0.77298 0.021588 -1.09 -0.8582 0.11673 -0.75817 1.0065 2.498 0.73709 -0.294 -1.9815 -0.095965 0.89098 -1.4142 -0.82755 0.33941 -0.8236 0.66938 -0.74589 -0.26562 0.62859 -1.3655 2.2261 -1.3514 0.94709 1.3438 -0.32976 1.127 0.26821 -0.37338 -0.32264 -0.80405 1.2375 0.53726 
egg -0.61985 2.6341 -0.4663 1.7811 -0.98156 -0.16235 -0.51729 -4.4376 5.1452 0.49158 -1.251 4.0462 -1.3393 0.98747 -1.8904 -3.5101 3.051 4.7986 0.10421 4.3835 2.1926 -0.95814 0.53189 -0.70344 1.4879 -2.1273 -2.088 -0.035753 0.63966 0.25088 1.2803 -4.3112 -0.93102 2.2174 2.5554 -1.389 2.9096 -1.523 -3.057 5.889 -4.1075 -0.69385 2.3345 -1.4853 0.84393 -4.7348 3.6756 0.077945 0.57905 -4.5349 -4.0704 -1.9868 0.073588 0.87754 3.3937 4.4083 -0.96668 2.9294 -3.1373 -5.3332 -0.43158 4.2328 4.018 0.50781 1.5225 -2.5859 2.0871 -0.86717 -3.0965 -4.7474 3.8725 0.46511 -3.0474 -4.0069 0.79399 -0.52849 -5.6646 0.0019792 -1.191 -0.71502 -1.4381 -0.29718 0.45454 -2.9335 0.91682 -2.4052 2.4926 -0.42835 -0.025037 -2.9372 -1.5998 -3.6178 -3.373 1.747 0.72295 -6.1275 -2.9647 -2.3248 0.4559 2.0289 
peanut -2.631 1.4245 -0.0034535 -0.2065 -1.2891 1.7339 -0.49441 -0.33624 0.6551 1.6833 -1.4712 1.4465 1.0608 -1.1634 -0.18124 1.4198 1.9406 4.1251 0.72012 1.0275 -0.74816 0.30425 -0.027562 0.039932 2.6879 -2.8147 -0.51537 0.9233 1.0434 0.041242 -0.24741 -1.7754 0.09982 0.60209 -0.20498 -1.237 -0.3093 -0.6817 -1.2164 2.1116 -0.57463 -0.80244 -0.24642 -1.0581 -0.23389 0.11891 -0.79514 0.1178 -2.6773 -3.0734 -1.104 0.59611 0.58548 0.95667 -0.5693 0.5478 -0.049031 0.47326 -0.78381 -0.65941 2.0827 2.6407 -0.33526 -0.18153 0.041014 -1.9764 1.3594 0.038905 -1.1888 -2.7616 0.037568 2.1551 1.4994 -0.14051 -1.0593 1.6937 -2.4479 0.17611 0.13899 -0.072918 -1.1924 -0.81641 -1.3083 0.50534 -1.599 -1.973 -0.69162 -1.2021 0.3236 -1.9344 3.7037 1.2732 0.035578 1.4809 -0.0017808 -0.93068 -2.3351 -0.32877 1.4649 0.11217 
vegetable -1.4251 -0.96054 -0.57966 0.96984 -1.3797 -0.05725 -0.47125 -0.82404 0.83723 -0.083075 -1.06 2.1065 -0.33246 -0.89495 -1.3319 0.4117 1.0741 1.4427 -0.62547 0.80719 0.039406 -1.3927 -0.91001 -0.27075 0.80446 -1.5653 1.2285 -0.1343 1.1044 0.38708 0.55133 -1.2656 -1.0141 2.4108 0.66148 -0.93548 -0.45637 -1.3493 -0.80866 1.0171 -0.38364 -0.33438 -0.24086 -0.070503 2.6833 -0.96798 -0.32386 -0.52142 0.51294 0.1499 -1.6287 -0.9865 0.80148 -0.43052 -0.17199 2.1187 3.0364 0.26942 0.21779 -0.28166 -1.3286 1.2738 2.3782 0.41661 0.6297 -1.6088 0.62643 1.1176 -1.3295 -1.9755 -0.63171 0.2111 0.16163 0.37098 0.61534 1.4836 -2.0834 0.35279 0.081552 0.74231 -0.38329 -1.4444 0.71308 0.05718 -1.1443 0.5303 0.15837 0.055173 1.0215 -2.0587 -0.011845 0.71169 -1.1341 -0.44098 -0.54835 0.24513 -0.16604 -1.9738 1.0387 0.33131 
raisin -2.5885 -0.21934 -0.50741 -0.12526 1.4357 0.58828 -0.20919 0.50147 -1.0303 -0.64704 -0.23934 0.67901 0.41005 -2.0108 0.15661 0.66944 1.0498 3.0671 -1.0633 0.35606 0.89055 0.81014 -1.3445 -1.5959 3.0901 -1.8779 1.8358 1.0352 1.9189 1.5074 0.39946 -0.86345 0.57488 -0.96924 -1.5134 -0.011542 0.64181 1.1518 0.7979 1.4145 0.075191 -3.0767 0.78733 1.875 1.6986 -0.12579 0.23814 -0.83568 -0.13177 -0.087624 0.056493 -1.0636 1.0654 -1.7844 -1.527 -0.46394 1.2983 0.38346 -1.5587 1.0501 0.63041 0.97612 1.7178 -1.9818 -1.3946 -1.1577 -1.0053 -0.018674 -0.23964 -1.4997 -0.61387 -0.24237 -1.1037 0.73564 2.3344 -0.13625 -3.4084 0.25711 0.51178 0.93311 -0.74821 -1.5279 -2.6649 0.83945 -2.6372 -1.5311 1.8703 -2.0233 1.2192 -2.3401 1.2986 0.13629 0.41931 1.0058 -1.8098 -0.63817 -3.2163 0.34275 0.01423 0.30144 
animal -3.0597 -0.66252 -1.2932 -0.96663 -0.47729 -0.46879 0.20584 -0.75501 -0.15972 1.1054 -1.7834 1.6722 -0.81672 -1.4722 -0.3277 2.471 0.55335 1.214 2.2171 -0.7124 -1.2422 -3.3263 0.50123 -0.10778 1.2133 -2.6656 -1.6908 0.055782 -0.059253 0.41599 0.51136 -0.046271 -1.2336 1.131 0.42285 -0.80158 -0.17343 -1.6067 -0.86309 1.8787 1.16 0.49917 -0.95811 -0.3803 1.3485 -1.7543 -1.1235 -2.1368 -0.94498 0.95077 -0.52721 -0.46346 -0.74985 -1.1106 0.99216 2.5138 1.1295 0.83951 0.74151 -0.74663 -0.076297 1.3511 0.74306 1.3438 0.89836 0.30588 0.047601 -0.22011 -0.36836 0.39327 -4.5732 0.7332 -2.0073 -0.43847 0.2463 -0.61304 2.0666 -1.5077 1.706 1.3345 0.90229 -0.58975 1.0809 1.553 -0.88663 -0.91917 -0.95548 -0.34874 1.0394 -0.89223 0.017018 -1.6471 1.4261 1.5886 0.27699 1.2411 -1.3843 0.64432 1.5246 2.0434 
anise -1.8394 -1.9455 -2.7715 -1.9507 0.99595 2.4785 -0.17266 -0.65072 -1.2722 3.2824 0.51568 4.8001 -0.5207 -2.0631 -0.41879 0.70142 -1.7022 0.6553 -1.9989 -1.4412 2.8342 -1.3382 0.3542 -1.8007 3.577 -2.0237 -0.71257 1.9333 0.45701 1.7922 -1.6375 0.91153 0.40246 -2.1972 -2.9574 -0.7534 1.1048 1.2938 1.5808 1.9553 3.401 -2.2981 -0.44667 -0.8355 3.1325 -2.2018 1.057 -0.41476 0.8648 0.44998 0.044987 -0.86143 2.6155 -1.4226 -3.0868 -0.20034 2.2851 1.2012 -2.7325 0.59202 0.87855 -0.90785 -0.13471 1.5592 -0.93116 -0.58118 -1.3008 0.88057 2.8163 0.6752 0.48516 -0.18801 -0.42315 0.25075 1.3926 0.37641 -2.3413 -0.44467 0.18918 1.3087 0.2733 -0.63894 2.1942 0.69546 -1.4136 1.9633 -0.88309 -0.20398 2.2173 -0.79338 0.61173 1.3945 0.80417 -0.36871 -0.069327 -0.50671 0.35267 0.69309 1.9433 0.42964 
potato -0.9633 -0.063333 -0.17701 1.0741 -0.30156 -1.1661 -0.076159 -1.9866 0.50986 0.52405 0.28603 1.5316 0.35394 -3.2967 -0.092319 -1.3616 1.4493 2.4298 -0.23298 1.9293 0.35719 -1.2155 -0.74468 -1.0458 -0.68708 -3.779 1.0864 -0.24704 1.6405 2.4737 1.7642 -3.4932 -1.2277 2.0426 3.9439 -0.25871 -0.34438 -0.60583 -0.34906 2.7987 -2.7362 0.0085231 -0.025241 -0.77715 0.097858 0.85561 -0.78211 0.88308 0.31609 -1.9931 -0.86688 -2.0514 2.0951 -0.91648 0.2217 0.22295 2.0775 0.4344 -0.64869 -1.1422 -2.6239 1.1409 0.84448 -0.093697 0.29896 -1.5486 0.022576 -0.19443 -3.1909 -2.8164 0.59347 0.32721 -0.63675 -0.34373 0.32803 0.3205 -1.4904 1.1888 -1.1029 1.0736 0.16 -0.041243 1.0753 -1.5953 -0.56367 -0.49364 -0.53121 0.33591 -0.41788 -2.8499 1.6956 1.0858 -1.3682 0.23888 -0.050681 -1.2502 0.063223 -1.4853 1.5074 0.58099 
garlic -3.4088 -0.60363 0.26715 0.88859 1.2992 2.8127 -0.77235 -1.173 1.376 1.8781 0.25609 3.1329 0.42363 -0.082498 -0.11237 -0.15349 0.037447 0.86175 0.31875 0.97425 1.3946 -1.2821 -1.2054 -0.52307 2.2084 -3.4627 -0.88163 0.13078 0.58868 0.356 1.4544 -2.2953 -0.13852 1.8075 0.2027 -0.9204 2.691 -2.6819 -1.3783 0.33511 0.088994 0.34707 -0.86219 -0.67827 2.3184 -0.0919 -0.39291 0.68101 0.8179 -1.9644 0.30605 -1.0876 3.0718 -0.31892 -0.60435 -1.5435 2.9177 0.056327 0.028768 0.013421 -0.34463 0.41933 0.11069 0.2652 0.50225 -1.5114 2.0068 1.1134 -2.2899 -1.7382 -0.084725 -0.2846 0.18248 -1.6221 1.2501 -0.43807 -2.3315 1.0183 -0.90678 0.26354 0.13381 -1.0774 1.6045 -1.5193 -0.37497 -0.040053 0.76272 1.0421 -0.46843 -2.8051 -0.14558 2.8714 -0.76801 -1.8402 -1.1913 -2.0754 0.85319 -1.0297 1.4397 -0.29245 
soap 0.51087 -0.65095 -0.48333 -0.95619 4.6819 1.0805 -2.1678 -0.21474 1.5326 1.3756 -2.19 1.9424 -3.9175 0.26493 -2.5066 3.2986 -1.2643 0.40155 0.82903 -1.1118 1.665 3.6697 2.3817 -1.1179 4.8369 -0.043311 2.1756 -0.25078 -0.9325 -2.921 -0.41149 -1.6826 -2.3958 -1.1936 -0.81392 1.6993 -2.3188 0.012567 -1.7255 1.1076 -0.30571 0.42654 -1.3144 -0.74098 2.39 -2.3999 -0.75779 0.26451 -1.6106 0.30337 -1.9462 -0.0028354 3.2837 -2.0624 -3.5951 1.1025 -0.96207 -0.13324 2.3608 -0.057645 1.2578 0.34615 -1.374 -2.3058 -3.4701 -0.60825 3.3521 2.6472 1.9392 -0.56259 1.2629 -0.38805 -3.0084 1.6413 -1.0321 -3.3609 0.056295 2.173 -0.89872 -1.3309 1.2173 0.55162 1.3278 2.0726 -0.87877 2.5708 -3.7139 -0.16971 2.8226 -0.51934 0.31215 -2.8231 -0.53467 -1.6637 2.5424 -1.5035 1.1394 -0.51658 0.41563 2.0395 
geranium 0.63612 -1.8872 -2.1048 -1.8015 1.5368 0.65394 0.56301 -0.97734 -0.041303 1.9845 -0.023795 3.5967 -1.3514 -0.34175 -0.95588 0.8812 -1.9047 -0.046947 -0.71914 -2.4163 0.7313 -0.23235 0.4688 -0.89026 1.8994 -1.4162 0.69801 -0.11519 0.035292 2.2611 -0.78231 -0.70251 1.3026 0.46613 -2.0646 0.74978 -0.24405 -1.2195 0.55759 1.7367 2.2742 -1.2436 -0.25396 -0.8933 2.2181 -0.80945 -0.15253 1.1323 0.8196 -1.1588 -1.1636 -1.9552 0.51272 -1.4638 -1.053 0.032114 1.5904 -0.29434 -0.14692 -0.18604 0.71314 -1.6242 -0.25668 0.2343 -1.3781 0.37361 0.10951 1.7967 2.7451 0.69211 -1.116 -0.99146 -0.63012 0.69305 0.93445 0.092577 -0.46328 -1.0218 -1.1385 0.5831 1.1344 0.074167 2.1994 0.037694 -0.52591 2.5006 -0.34766 0.24316 1.4278 0.69556 -0.34186 0.3382 0.88456 -0.10547 -0.5097 -0.24101 0.60759 -0.96323 1.2859 -0.29813 
pine -0.24165 -2.3026 0.0011353 -1.7836 3.4949 2.0733 0.53744 -2.4009 -0.44863 4.1922 -0.1969 2.966 0.21364 -1.2511 0.19122 0.77779 -1.1561 -0.41047 0.15996 -4.8624 0.91982 -1.8901 -0.7943 -0.74856 2.3243 -1.1141 -0.52408 1.382 0.40946 1.9828 -1.9598 0.18849 -1.4753 0.020705 -2.8619 -1.2973 -0.16973 -1.2145 1.7407 2.9577 2.2217 -1.7417 -1.338 -1.6448 1.4433 -3.5516 0.19338 -0.044057 2.2294 -1.8086 -3.1156 -2.3672 5.1065 -0.99615 -0.70919 0.70648 -0.50441 2.2483 2.0808 1.2765 3.9553 0.76342 -0.8346 -0.36033 -0.53002 0.99141 -0.70255 1.341 3.1073 -0.25042 -1.0422 0.10529 1.0703 1.4701 -0.27958 0.31399 -0.72084 -1.735 0.1892 2.643 3.8416 0.11983 2.781 0.68724 -3.6176 3.1126 -2.7081 -1.2446 1.6424 0.11514 -2.2414 1.3219 1.7783 -0.52746 -1.5861 -0.32082 0.49731 -0.76426 2.2402 2.7744 
onion -3.3633 0.58149 0.31878 0.82007 1.512 1.8837 -1.1426 -1.7224 2.4004 1.9006 -0.085233 4.4647 0.7223 -1.3847 -0.41086 0.47766 1.0353 1.3206 -0.19342 2.0126 0.64172 -2.467 -2.181 -1.7342 0.54997 -2.8501 -0.062061 -0.44591 0.86457 1.8112 2.2794 -3.9544 -0.67486 1.9145 0.81356 -2.6375 2.2091 -2.2061 -1.2532 1.0385 -0.96426 0.12027 -2.3429 -0.28328 1.1681 0.48411 -1.0088 1.6453 2.7459 -2.8901 -2.2609 -2.9986 3.1675 -0.47434 -0.16957 -0.58001 2.4844 0.87373 -0.50642 -1.0545 -0.39484 0.94929 1.1985 0.108 0.98856 -1.0674 1.4629 1.7827 -2.9062 -1.758 -0.11582 -2.311 -0.49655 -0.70181 1.7845 0.28389 -2.5685 1.7056 -1.714 0.52034 0.30654 -1.853 1.9387 -1.2115 -0.41234 0.23789 0.38256 2.2668 -0.92459 -1.7662 0.21911 3.1968 -1.1717 -1.9387 -0.92713 -3.0025 -1.4236 -1.6436 1.23 0.59239 
vinegar -2.7258 1.9457 1.0153 1.1135 0.80835 2.8125 0.11744 -0.30985 0.83847 0.60215 -0.92345 2.8732 0.34048 -0.81194 1.3964 -0.33157 1.8018 -0.35501 -0.26057 -0.44704 2.1114 -0.94574 -0.60972 1.2015 1.1154 -1.4675 0.58503 -0.60592 0.58296 -0.35911 2.0036 -1.7406 -0.15428 1.003 1.3599 -1.8142 1.4569 -0.90447 -1.3135 -0.85335 1.7058 -0.97732 -0.45585 -0.87851 1.3113 -0.062093 -0.54346 0.91374 0.97554 -1.2388 -0.10684 -1.0913 1.5596 0.034525 -0.92731 0.083537 2.5489 0.25269 0.37946 0.80358 0.36874 0.1138 -1.1092 -1.9639 -0.2292 -1.372 0.048869 2.8109 0.46497 -1.2419 0.7947 1.2872 0.53907 -0.4927 1.1141 0.90294 -0.4299 1.5041 -0.58349 -0.35414 0.23939 -1.4622 -0.039853 -0.30538 -0.58858 -0.1896 0.14395 -1.2768 0.47581 -2.3216 0.92601 0.69704 -0.6238 -0.29843 -0.63666 -2.3701 -0.37143 -1.8434 0.56716 2.0832 
grass -2.4115 -2.0385 -0.18405 -0.87872 1.6807 -0.87941 -1.7926 -1.5146 0.56579 0.98081 -0.72714 3.6375 1.0518 -0.51822 -1.1868 0.98665 -0.10965 0.96337 3.7819 -2.5985 0.59691 -0.36886 -0.56797 0.32947 0.67134 -1.1408 1.4565 1.2458 -0.28361 1.5936 0.084329 0.5118 -2.5737 1.0937 -1.7512 0.85154 -1.8861 -1.1233 -0.79618 1.6713 1.1576 -0.20488 0.16527 -1.6135 3.7819 -1.9953 0.98777 -1.0857 0.080462 0.73068 -2.364 -2.0353 2.042 -0.9666 2.3098 0.42838 2.4688 0.26802 0.62179 0.17406 2.3061 2.7899 1.4287 1.2593 -0.4464 1.9675 -0.023098 1.0388 -0.87936 -0.0012297 -1.0436 -2.3092 2.039 2.5072 -0.66225 1.167 -2.7909 -0.96905 0.8734 0.37139 0.92321 0.17108 2.4721 1.1705 -0.41014 2.8288 -0.73334 0.121 0.42932 -2.2896 -0.77715 -1.0959 0.50512 0.99698 -0.32628 -0.48959 -0.72478 -1.1604 0.76694 2.0253 
peppermint 0.28855 -0.7598 0.27473 -1.0933 0.77558 1.2131 -0.082622 -1.0346 -0.73863 2.7573 -0.2154 2.172 0.344 0.17332 1.0177 1.8222 -1.6132 -0.064119 -0.72837 0.33625 0.36397 -0.72634 -1.0269 0.17552 1.2025 -1.3654 0.41993 1.2045 -0.47353 0.16821 -0.92894 0.14783 -1.6095 -1.3812 -1.4234 0.38031 0.62529 0.19188 -0.07899 -0.065418 0.59831 -1.652 -0.16768 -1.4232 1.6946 -0.56575 0.81921 0.87935 0.35095 0.40022 -0.79222 -0.92051 1.3335 -0.11667 -0.8661 -1.0777 1.1589 0.081739 -1.3769 0.86073 0.50908 -0.69719 0.030335 0.77645 -1.0135 0.22312 0.28235 1.2469 1.6697 0.074635 0.25609 0.14369 0.50248 -0.51849 -0.33646 0.44312 -1.4357 -0.21439 0.78875 0.17144 -1.1464 -0.72995 -0.69845 -0.00013609 -1.3696 1.5043 0.010116 -1.0759 1.6211 -2.2192 -0.051096 1.9281 -0.28693 -0.63913 -1.1226 0.028265 0.47843 0.17211 0.95473 -0.12954 
mushroom -1.6613 -0.87395 0.69691 1.3117 -0.38318 1.8227 -0.40217 -0.78031 0.53146 -0.57704 0.29073 2.9998 1.2628 0.29595 -0.94449 0.67184 -1.128 0.81714 -1.9776 -0.45067 -0.28025 -0.74673 1.426 -0.33138 1.6062 -1.9714 1.3234 0.59249 2.1744 -0.11359 -0.35081 -1.6252 -2.2616 0.84119 -1.1378 -1.5429 -0.55659 -0.27622 -0.28571 1.0346 0.64509 0.7579 0.45936 0.82566 1.508 -2.2023 0.85654 -0.40397 -0.69472 0.29894 -1.202 -2.5677 2.7224 -0.77242 -0.64419 1.054 1.3718 1.281 0.44232 0.45364 -0.2574 0.32825 0.74533 1.6007 0.1483 -0.32815 -0.1639 0.097941 -0.32647 -1.256 0.6021 -1.4526 -1.3054 -0.73814 1.949 0.044145 -1.6097 0.53548 1.1303 1.1095 0.70079 -0.28563 1.3147 0.28121 -1.0181 1.1283 0.39037 -0.20956 -0.40126 -2.0902 0.35304 0.26968 -0.8239 0.071384 -1.8116 -1.7944 -0.96836 -0.39888 1.1252 1.3076 
rum 3.0839 -2.9511 0.64041 -0.9437 6.1901 2.9761 3.4404 -1.6105 -1.0203 1.4986 -0.92607 4.9429 3.8857 -7.4389 0.98852 2.2369 -1.449 -0.31377 -0.71525 -2.1074 4.1588 -0.96192 -1.0414 -1.7429 4.4471 -1.7236 2.7756 1.8161 0.86529 -0.17955 -1.4869 -1.8908 4.8818 -1.8929 -3.039 -4.6463 0.6169 -1.3464 -1.1884 -0.98821 0.90866 -5.1214 -3.1869 0.60712 1.7982 -5.1624 -0.89532 0.22851 2.4354 -2.7303 -0.52791 -2.4574 2.9442 -2.4109 -2.4953 2.178 0.77954 2.2344 1.385 -1.0909 1.4506 0.34087 0.81362 -2.1944 -0.94024 -1.6763 -0.873 -0.16314 -0.013777 3.7481 3.1132 -2.7858 -0.81871 1.8672 -0.33582 -3.1202 0.41356 0.4457 2.2958 -1.106 -3.8337 -0.82629 0.19325 0.12432 -2.0585 0.35502 -2.4741 -4.5887 1.3345 2.7973 3.9524 1.3232 1.7298 2.8384 -0.83855 -2.5938 2.903 2.5409 -0.38957 -0.55926 
rubber -1.7702 -0.77198 0.10437 -0.052348 1.7908 0.83449 0.26253 -0.50787 -1.789 1.0487 -2.0128 1.6694 -0.12517 -1.8367 -0.33143 -0.60154 0.18205 1.5075 -1.5524 -0.35374 -0.65563 -4.0544 0.70357 -1.1496 0.52696 0.93268 1.7062 0.47131 1.1413 0.59166 -0.9048 0.90397 -1.0731 -0.46836 -0.97135 -1.0857 1.4133 0.66597 0.44703 1.6391 0.97938 -0.7074 1.5628 0.51165 -0.052245 -2.3697 0.72917 1.8589 -1.4231 0.7305 0.75219 -2.9774 1.6981 -2.8304 -1.0973 2.9287 -0.95554 -0.17008 1.3381 0.83086 1.4107 0.65603 -0.29755 -1.5689 -1.2428 0.52665 -0.6534 -1.0692 -0.39403 0.82069 -0.019523 -0.38192 0.36327 -0.36025 -0.41562 -1.0849 -0.88634 -1.0303 1.3828 -0.85392 2.7146 -0.40636 1.2463 2.3934 -1.5088 2.9637 -0.53075 0.53855 2.3567 -1.5547 1.9283 0.175 0.58928 -0.72742 0.15667 -0.62647 -0.65906 0.11864 2.3157 2.5299 
carrot -1.1216 -1.7608 -1.0207 -0.14523 0.39695 -0.61128 -1.4543 -1.9265 1.9443 0.21733 0.49916 2.8645 -0.057706 -0.62897 -0.51907 -0.83033 0.51976 2.3248 0.78814 1.4538 -0.25523 -0.41076 -0.24301 -1.4294 0.51226 -1.5626 1.8106 1.381 2.0031 2.0904 -0.48864 -1.7519 0.33646 1.3486 -0.53035 -0.50028 0.56674 -0.3578 -1.2749 1.6305 -0.50164 -0.75992 0.26039 -0.3376 2.442 -1.5895 -0.44667 0.37807 0.86054 0.04034 -2.5372 -2.1373 0.74899 -1.3934 -0.75394 0.016848 3.5485 0.27201 0.016871 -0.66462 -0.87779 0.56948 2.0539 0.48579 0.04635 0.70556 1.7108 0.61703 -1.6324 -1.3179 0.54225 -2.1498 0.78013 2.2519 0.40674 0.60875 -2.5186 0.099383 -0.064585 0.47774 -0.84884 -0.39588 1.8413 1.1263 0.093097 -0.40492 -0.2668 0.13058 2.6356 -2.5117 -0.641 1.3126 -0.29035 -0.85032 -1.644 0.36902 -0.30315 -1.083 1.699 0.54697 
mustard -1.9274 1.272 0.60862 0.84902 1.2158 1.7277 -1.1478 0.94743 0.8503 0.94315 -1.767 3.1813 0.57042 -1.406 0.25259 -0.03052 1.5542 1.0412 1.0234 0.26276 0.070302 -0.28898 -1.0053 1.4655 1.2588 -2.0059 -0.51978 0.92538 0.0054493 -0.3229 2.285 -0.48913 -0.36406 -0.93357 0.51312 -0.34311 2.1477 -1.9352 -1.8496 -1.4133 1.3823 0.017791 -1.0008 0.22834 -0.55694 0.69551 0.28624 -0.17383 1.5687 -1.3073 -1.7862 -2.6177 0.99087 1.0436 0.64616 0.0099521 1.3668 0.47762 1.6302 -0.56235 0.054804 0.85256 0.43134 -0.19893 -0.40937 -1.218 0.48291 0.43556 -0.49548 -1.7485 -0.59582 0.25038 0.2234 -0.30259 0.98012 -0.82418 -2.1213 0.34463 -0.33095 -1.4841 -0.07614 -1.295 0.36763 -1.7736 -0.43807 -0.4823 0.29479 0.84078 0.21931 -0.84335 0.85113 1.5335 0.50704 -0.43177 -0.14635 -1.602 -0.084124 -0.95432 0.96357 1.3335 
hay -4.841 -3.152 0.59359 -3.6754 2.1728 -0.18461 -3.0498 -1.9803 -1.5675 4.2 -2.3944 4.276 1.3258 -3.3867 -4.1044 1.03 -0.53084 2.9347 2.2948 -6.0211 0.088559 -0.82526 -1.124 0.1999 2.03 -1.8582 2.5098 -1.1558 1.7597 3.6453 -1.8475 -0.91176 -2.2525 -0.65421 -5.678 -0.2478 -1.5811 -0.93504 3.3564 0.79748 -0.030817 -1.9497 -0.64773 -0.13154 3.372 -2.4603 1.9995 -2.6232 2.2512 0.15515 -0.97762 -5.0311 -0.80506 -2.0652 1.3721 1.0592 1.0414 0.96404 4.0575 -1.3861 2.6818 4.3665 0.12676 0.054555 -2.6707 1.7042 0.4718 -0.19423 -0.27933 0.59732 -2.9939 -1.9792 -1.5074 3.0086 0.059933 -0.41822 -2.156 -0.94144 3.4086 -0.042723 1.8004 0.73148 0.32712 1.3347 -2.0309 3.7372 -1.5378 0.44152 0.99053 -2.4 1.1721 -0.50012 3.3432 3.3975 0.047397 -0.67322 -2.1406 -1.4652 1.3888 3.6989 
blood 0.08661 0.24973 -0.67864 -0.16882 0.47522 -1.0089 0.095357 -1.403 -1.0529 -0.46451 1.1504 0.48632 1.7124 -2.6718 1.8917 1.5145 -1.4982 0.9656 2.3185 -0.22945 1.2067 -1.9303 -0.53001 1.4595 -0.3389 -0.57644 -2.2443 -1.6213 -0.18836 1.5064 2.1597 0.1059 0.37702 0.63825 0.66437 -0.13198 -0.60471 1.712 0.99634 1.0512 1.1666 -1.5374 -0.32037 0.2919 2.0224 -2.4589 1.1707 0.49259 -0.83317 -0.13645 0.60112 -3.8803 1.8066 -0.38292 -1.5089 2.8985 2.4278 -1.1735 1.6778 -0.8077 1.0591 0.060927 0.21905 -1.1402 -1.6069 0.39052 0.28549 0.051705 1.6699 1.1386 -1.0003 1.9353 -1.3099 -1.0979 -0.9332 -1.4192 1.7385 -0.50342 1.6758 -1.3439 -0.12042 -2.7588 0.54126 1.2596 1.3379 0.081484 -0.11009 0.49442 1.5628 -3.2147 -3.01 -3.2905 -2.1591 1.6876 0.59282 1.9448 -2.5647 0.57638 0.34686 2.076 
cardboard -1.4931 0.57124 -0.49867 -0.0027418 -0.11643 -0.46428 -0.22173 -0.96601 -0.82372 0.62506 -1.4765 1.0364 0.39326 -1.3281 -0.64343 1.0584 0.30082 1.734 -0.28859 -0.13061 -0.43772 -0.090218 0.42503 -0.21538 0.37756 -1.1175 1.2299 -0.51125 0.17218 -0.42708 -0.5639 -0.29537 -1.1452 -0.91878 1.1153 0.84346 0.65562 0.26487 -1.017 0.70539 -0.42355 -1.313 2.623 -0.81238 -1.3135 0.091933 0.18697 0.5772 -0.99425 0.41158 -0.1727 0.10813 0.40676 0.11465 0.029279 2.0398 0.085389 -0.50034 0.70024 0.21814 0.90283 2.7355 -0.39762 -0.33151 -0.64829 0.20712 0.90766 0.42857 -0.30555 -1.1985 -0.11462 0.96662 -0.29137 1.4588 0.17129 -0.079386 -1.7115 0.66932 0.66089 -0.89045 1.4065 -0.52605 0.56919 1.6167 -1.9673 0.34328 -0.61068 -0.22135 1.219 -1.4617 1.1845 0.87665 1.1488 -0.23959 0.39435 0.21065 -1.3854 -1.2037 1.5812 0.42941 
tar -3.0276 0.61568 0.53114 0.90389 2.6826 2.7001 2.4015 -1.563 -5.2252 1.6364 -1.0843 1.9414 1.8573 -5.3379 -1.9348 -0.21446 0.86537 1.605 -3.8035 -1.3884 0.60643 -3.6349 0.0059674 -0.76279 4.9292 -0.46641 -1.1047 0.55913 2.6327 2.2547 0.56121 -0.39598 0.081095 -0.58076 -3.1019 -3.3094 1.6022 3.7133 1.6028 0.42091 1.7222 -3.6552 3.2112 -2.3066 3.8278 -5.0151 2.8772 1.69 -1.9851 0.12295 2.4052 -4.5101 6.6998 -2.6099 -3.2252 3.7435 -0.13212 -0.75239 1.6142 1.3588 2.507 -0.018935 -2.5662 -2.2311 -1.4052 -0.39713 -3.165 -2.0618 1.3768 1.3949 -0.30094 -1.391 1.0479 -1.0216 0.85914 -2.191 -1.3774 -1.3803 3.5911 -0.23206 2.9636 0.3528 1.3217 2.7991 -1.6612 1.8591 0.38595 0.52754 1.1762 -1.5819 2.0088 0.30333 2.0392 0.87596 0.22583 0.66001 -2.0205 1.1679 4.7006 4.1495 
beer -2.1263 1.5533 0.89933 -0.3713 1.2291 0.88079 -0.29717 -0.94789 -0.6613 2.9681 0.19792 3.4493 3.1553 -3.8431 1.6931 -0.41709 0.69267 -0.31445 1.0537 -1.2883 -0.13464 -2.6316 -2.9707 2.0926 0.199 -1.7443 2.0661 0.73228 0.2624 0.40433 0.30987 -1.3182 -0.66211 -3.3133 -0.19838 -0.2228 -0.40569 0.1786 -1.6711 -0.56134 -1.264 -1.2221 -0.089532 0.017816 -0.50493 -2.0903 -0.54936 -0.82837 1.2716 0.18856 -0.86348 -3.3691 1.9168 1.134 2.1148 1.6523 1.4954 1.118 0.61384 0.048484 0.21199 -0.96207 1.6643 0.68177 1.1713 -0.62224 -0.96543 2.6288 0.28053 0.20382 1.4886 1.3305 0.61806 0.18692 0.80208 -0.63339 -1.1321 -0.020572 -1.2285 -3.4985 -0.75076 -1.8075 -1.3162 -0.22613 1.4028 0.44019 -1.1699 -2.3308 -1.0676 -0.87233 0.78363 0.93315 -0.30642 0.53748 -2.0557 -1.6216 1.5722 -1.7495 0.042811 4.1887 
walnut -2.3561 0.30809 -0.21949 -0.079626 0.51202 1.3288 -1.2747 0.32821 0.62745 1.007 -0.42488 0.61521 1.1886 -1.4019 -0.62753 1.2325 0.83942 3.7638 -0.23882 0.33151 -0.072336 1.1963 -0.25757 -0.72207 1.8239 -1.8965 0.69224 0.84511 1.6045 0.48534 -1.6229 -2.5665 0.041607 0.10956 -1.107 -2.4299 0.26468 -0.43348 0.54362 1.594 -1.6748 -2.2005 -0.56128 -0.54683 1.3311 -0.33943 -0.83194 -1.0931 0.18288 -1.4965 -1.3061 -0.66798 2.3115 -0.53025 -1.0436 -1.9237 -0.10798 1.0258 -0.99596 -0.011842 1.0237 2.0572 1.1944 -1.1235 -1.4098 -1.7965 -0.29193 -0.41566 -0.59811 -1.7253 0.49339 0.83356 0.33649 1.4614 -0.0033558 -0.069454 -3.9982 0.30023 0.073996 -0.23702 -2.38 -1.2025 -1.2397 0.89621 -1.0318 -1.4033 1.8816 -0.92478 0.7564 -1.6224 1.1794 1.6226 1.4357 1.899 -0.5611 -1.5208 -2.3276 0.075915 0.39845 0.13187 
ham 0.25472 0.83519 1.4783 0.9196 0.70985 1.7675 0.84007 -0.90716 -1.3764 0.6379 -1.8175 0.72539 5.5406 -4.5478 0.90023 -1.811 2.2369 4.2948 -1.0474 -0.52405 -2.5612 -2.2722 0.49536 0.96223 3.0576 -4.1043 -0.13105 -0.41633 3.211 0.32797 -0.87275 -3.6484 -1.6283 -0.42977 2.1125 -1.3087 -1.2832 -0.70838 0.1615 1.0773 -0.84234 2.4433 -2.3946 0.63969 0.99522 -2.6407 1.6098 -0.826 0.33214 -2.4289 -2.3598 -6.3825 4.3102 -0.99634 2.4246 0.77612 -0.1778 0.46261 -1.4898 -2.6921 -1.2609 2.7582 -0.34893 1.0799 0.58726 0.34778 -1.3565 -0.72757 -4.4392 -2.2897 2.0075 -0.29958 -2.9294 0.094262 0.84899 -1.5711 -2.7823 0.8703 1.8621 -1.5454 1.7658 -0.50912 -0.32057 -2.9615 -0.84154 0.033377 1.5027 1.091 0.82016 -1.1426 0.29254 2.5548 0.024198 -0.95159 -1.1507 -2.6417 1.7926 -3.1726 3.3838 2.7008 
celery -2.5297 -0.92264 -0.97773 -0.02426 1.6542 1.5948 -0.84849 -1.1822 1.0199 1.0283 0.1624 2.9828 -0.33206 -1.6557 -0.64024 0.36822 1.2368 1.4415 0.77407 -0.99837 0.60189 -0.56969 -0.95864 -1.1731 1.4371 -1.87 0.96449 1.0792 -0.29757 1.8888 -0.68108 -1.2036 -0.70672 1.4524 -0.48281 -0.77779 0.85281 -1.1967 0.59205 0.95012 1.0697 -0.39544 0.51986 -0.21822 1.4287 -1.3812 0.49562 0.1988 0.96652 -0.3845 -1.3016 -2.3137 1.4567 -0.76853 -0.46093 0.22629 2.1255 1.0084 0.44185 0.020568 -0.054993 0.95124 1.4391 0.41163 0.15385 -0.061028 0.093975 0.87372 -1.605 0.47068 -0.21527 -0.50659 -0.18837 0.89945 0.41834 0.83423 -2.3281 1.0319 -0.60576 0.68147 0.83939 -0.62222 1.6328 1.2047 -0.24227 -0.14509 -0.0015376 0.5463 1.2587 -1.5307 -0.96644 1.7571 0.038972 -1.0528 -0.78213 -1.8426 0.11223 -1.8911 1.9104 0.51942 
cucumber -0.44919 -0.50667 -0.3121 -0.18714 1.321 0.93669 -0.68601 -0.78048 0.83328 1.3417 -0.60936 3.0498 0.45174 -0.21507 -0.42898 1.1021 1.3544 0.27544 0.41588 -0.15867 0.31856 0.18537 -0.097115 -1.5299 0.14235 -1.1844 1.135 0.093836 -1.0836 0.40913 -1.5901 -0.90986 -0.81638 1.4067 -1.3449 0.18421 -0.615 -0.73967 0.44994 0.45554 1.04 -0.4063 -0.54083 0.091253 0.91467 -1.5044 0.60985 0.69275 1.0399 -1.0703 -1.7583 -1.5555 0.9002 -1.4873 0.41644 0.090711 1.9504 0.69079 0.18936 0.45527 -0.50625 1.3709 2.1918 -0.26718 -1.0818 0.55558 -0.16518 2.3664 -0.067209 -0.14203 1.3466 0.22881 0.0022318 1.4511 0.016886 0.52922 -1.0483 0.48503 0.19846 -0.89102 2.1636 0.0023635 1.5884 0.77177 -1.3471 1.138 -1.1396 -0.047043 1.6631 -0.015496 -0.40996 0.8438 -0.11234 0.046002 -0.31284 -1.1162 0.36063 -0.9319 1.2731 1.3338 
eucalyptus -0.66743 -0.55527 0.16481 -1.3571 1.8173 1.6662 0.70568 -0.40245 -0.76396 2.4611 -0.64483 2.1235 0.64267 -0.2936 0.14723 1.2698 -0.78029 -0.63537 -0.82386 -1.3473 0.6355 -0.14672 -0.068002 -0.91174 1.0852 -0.86294 0.31753 0.97429 -0.15262 1.3677 -0.99858 -0.0039034 0.26428 0.064415 -2.3137 -0.29454 -0.094851 0.027373 1.0057 0.96049 1.5195 -1.5067 -0.19293 -0.7124 1.9506 -1.6554 0.31667 0.10729 0.26117 0.42018 -0.25967 -1.4707 2.0555 -1.0306 -0.29551 0.090178 0.97187 1.2161 0.49322 0.94689 0.68138 -0.44058 0.13004 0.42688 -0.12616 0.53334 -0.28244 0.74384 1.8387 1.0734 0.18814 0.44992 0.32381 0.44971 0.40966 -0.18963 -0.69903 -0.17606 0.64048 0.23188 1.1492 0.067152 0.74482 1.0606 -2.0017 0.9219 0.3061 0.30962 1.2449 -0.82413 -0.63874 0.62959 0.53091 0.29013 -0.5582 -0.52285 -0.36512 -0.063962 0.82044 1.0203 
rope 1.9799 0.16586 -1.1033 -0.078316 1.905 -1.1133 -0.72362 0.15468 0.050603 1.1845 -2.0172 2.9367 -0.78631 -0.07672 0.89542 -1.0999 0.44899 0.34475 -1.4521 -1.6162 -1.2563 -4.9666 2.7946 -2.0557 -2.4231 3.3006 1.0066 -0.39194 -1.0342 -0.84027 2.219 1.4007 0.48792 -1.9635 -0.19825 1.2465 0.16787 -0.69409 -0.42894 2.7857 0.93723 -0.66558 1.2935 -0.43775 0.17485 -1.9919 -1.3344 -0.036922 0.27431 -0.80337 -0.16025 -2.3692 -0.60709 -1.7231 -1.6843 2.9734 -1.4893 -1.1703 -0.53078 0.24206 2.8516 -1.2527 -0.92168 0.45965 -0.40759 2.9488 1.2549 -3.9054 0.36201 -0.99882 -0.026067 -0.59487 1.4709 1.7038 -0.44727 -0.444 -2.0601 -0.84466 -0.49469 -2.0544 0.58163 -2.2737 -0.84499 3.6269 -0.5521 0.52573 -0.53745 0.14834 2.3024 -1.8566 2.1403 0.60558 0.46709 1.052 -0.011954 0.36667 -3.0534 -0.95991 1.7859 0.75412 
paint -0.78122 0.57736 -1.6574 -1.4984 0.3079 0.27364 0.19199 -0.1684 -0.43271 0.12688 -2.5419 2.2299 0.7196 -1.5826 0.16416 2.0217 -1.5468 1.1261 0.76633 0.83698 -0.62478 -0.30224 -0.38519 -1.3935 -1.3541 1.3926 -0.46247 -1.6948 -0.61668 -0.099734 -0.99456 -1.9366 -0.84039 -1.0082 0.5537 0.34218 0.25356 -0.89849 -0.9892 2.3477 -0.14788 -0.65239 2.5823 0.71772 -0.29798 -2.855 -1.009 0.048677 -1.0763 -0.15248 -0.69022 -2.4572 3.9511 -1.528 -1.3944 1.8482 -0.61024 -1.275 2.2367 -2.9117 0.82558 1.2119 -2.1479 -1.4535 0.41718 0.46179 0.39144 0.39645 0.52044 0.57027 2.1655 -0.84366 -1.3448 0.65935 -0.61456 -0.6589 -0.47703 -2.4407 1.848 -0.19878 2.8887 0.047605 2.026 -0.66702 0.49668 2.7945 0.010095 -1.1239 1.143 -0.59422 -0.74237 -0.5787 -0.64758 -0.039167 1.3002 -0.53464 -1.7612 -0.31573 1.7746 0.8641 
bark -0.32968 -0.58868 -0.71923 -2.1109 1.9754 -1.3451 0.092109 -2.6686 -0.88924 2.9337 -0.57516 1.2431 1.5417 -1.2576 -0.62542 0.78083 -2.2449 1.7419 0.17116 -2.5211 -1.0241 -0.99809 -0.54769 0.10946 1.2448 -1.625 1.2687 3.4711 1.64 1.1208 -1.1911 1.2783 0.46359 -1.7286 -2.514 -0.80299 -0.02072 1.3422 0.044979 1.3557 0.91913 -1.793 1.03 -0.24052 2.6812 -1.4355 0.92768 -1.7576 -0.51363 0.43858 -1.1625 -3.0988 2.933 -1.363 -1.4353 0.2454 -0.52106 -0.13136 -0.25481 -0.88116 2.5296 -0.12025 -0.24688 0.86176 -1.1937 0.73592 -0.0003868 -1.8843 0.52459 -0.28265 -1.5044 -1.7223 0.76735 0.23842 0.061332 0.82538 -2.4847 -1.8272 0.44826 0.94703 -0.93635 0.017186 -0.2016 0.73149 -0.51958 -0.65712 1.2987 1.347 0.48351 -4.111 -0.077227 0.55991 1.6553 0.55667 -2.2274 1.4704 -3.6255 0.34817 0.37976 3.0086 
bakery -0.88696 0.80018 -1.9109 -2.1958 1.0716 1.153 -1.1437 0.42832 -1.4258 1.3737 -2.4525 0.61691 -0.78605 -0.077902 -0.045498 -0.73341 -0.48905 3.7512 -0.15093 1.0179 -0.083156 0.60524 -0.88354 -1.8323 0.57187 -3.2296 0.72902 2.3557 -0.44817 0.5841 -1.1017 -0.15044 -2.0039 -1.7664 1.0014 0.16101 -0.85698 -0.35551 -0.25802 0.89965 -1.6211 -1.327 0.46022 0.58589 -0.66065 -1.9451 0.61898 -1.6467 -0.10032 1.1888 -0.17932 -0.52551 0.93049 -0.49367 1.9828 -1.9319 -0.26638 0.50387 -0.94234 -1.2375 -1.0289 0.45745 -0.19298 -0.10645 -1.3562 -2.7503 -0.31376 -2.1188 0.51887 -0.092635 -1.0561 1.1383 -1.0657 1.9302 0.49772 -0.85796 -1.4276 -0.30058 -1.649 1.6505 -1.3717 -1.8995 -0.27205 -1.4273 0.0027554 -0.22108 0.22914 -1.3077 -1.0676 -0.90473 -0.22733 0.94886 0.93923 2.4746 -0.18404 -0.81144 -0.12674 0.16044 1.9481 1.6053 
birch -0.77419 -0.76348 -0.67742 -1.7403 0.79447 -0.86619 1.0405 -1.9066 -1.0476 4.2925 -0.19668 2.5383 0.74986 -3.3371 -0.35235 0.35416 0.60108 0.6625 -0.68412 -3.3872 -0.85382 -2.8173 -1.3328 0.29955 1.5379 -2.7297 -0.32738 1.802 1.4603 2.8343 -0.80578 0.050278 0.013842 -0.60515 -1.4464 -0.90784 -0.62889 0.54989 -1.1413 -0.17367 0.62076 -1.1186 -1.0236 -0.85968 1.148 -0.86065 0.78175 -0.23179 -0.052255 -1.3675 -2.0368 -3.7334 0.78721 -1.3347 0.58416 2.111 -0.27167 1.1237 2.6427 0.07609 1.0688 -0.55078 -0.041893 -0.09724 -1.09 -0.060358 0.45322 1.7609 0.83463 1.5377 -0.36553 0.83123 0.33258 -0.2397 -0.43474 -0.36082 0.14947 -1.2686 -0.35085 1.6069 2.1817 -0.55372 0.67227 0.59847 -1.1829 1.6413 -0.039168 -1.551 0.81593 1.6306 0.99496 0.72713 0.68973 0.13538 0.53404 0.26812 -0.16455 -0.65006 2.0007 1.4681 
urine -1.0254 0.23986 0.29394 -1.4217 0.98857 0.79197 -0.20408 -0.81743 -0.43219 0.37663 0.54107 1.849 -0.39741 -0.50798 -0.29103 0.77195 -0.8481 -0.44989 3.4804 -2.3957 2.2211 -1.2707 1.3366 0.83578 0.18088 0.20849 -1.0834 -1.7471 0.67435 -0.2379 -0.14732 0.32933 0.19986 0.54166 -1.0709 -1.0002 -0.24847 -0.14792 -0.63135 0.61861 0.66513 -0.58395 0.040559 -0.55479 0.10012 -2.9461 1.9102 -0.47615 1.0164 -0.21316 1.3356 -2.4713 0.77749 -0.6346 -1.6876 2.3966 1.9451 -0.069616 2.5913 -0.82865 0.72467 2.398 0.90304 -2.0369 -0.26081 0.4778 1.2436 1.7598 1.0038 -0.72444 -1.5043 1.5611 0.15929 -0.52542 -0.47944 -2.1854 0.26435 -0.75895 1.2826 0.41716 2.1667 -0.86453 1.9973 3.2583 -0.67302 1.9828 -3.2484 -0.37525 1.3728 -1.9946 -1.1057 -2.0446 -0.69384 -0.96632 1.3307 1.3544 -1.2739 0.94357 1.1395 2.7461 
glue -1.9498 -0.14991 -1.5569 -2.222 1.1042 -0.91005 -1.6163 -1.0644 -0.41392 -0.75361 -1.3651 1.1174 -0.74612 -1.6494 -0.61911 0.63331 0.30842 1.9554 -0.50033 2.4977 -0.62437 -1.6139 0.70109 -1.1223 0.38814 -1.0899 0.76863 -0.5991 0.60008 1.3376 1.1936 0.6015 0.27896 -1.0766 1.717 0.80866 2.2844 -0.45939 -1.0878 1.426 -0.30568 -0.6941 1.969 -0.64155 -0.75365 -1.2466 -2.0054 2.012 -0.90025 -0.37449 1.6774 -1.1391 1.3206 -0.05372 -0.42853 3.6906 -0.70035 0.14385 2.4795 -1.0295 1.4999 0.90687 -1.0465 -0.61914 -1.7757 0.11607 2.9124 -0.48204 -0.41773 0.5472 1.7585 1.4425 -0.51831 1.7853 -0.50877 0.67152 -0.86575 0.30618 0.85101 -3.0764 2.3706 -2.0914 0.85796 2.3954 -0.82449 -0.077373 -1.0958 -1.1408 1.8102 -1.9364 2.2068 -0.9272 0.057721 0.46263 1.4063 0.3451 -2.5715 -0.78078 1.2963 1.1693 
gasoline -1.6986 -0.64059 -0.35144 0.22134 0.87461 0.99026 0.25906 0.10135 -0.9921 1.1135 -1.1422 1.3861 -1.0537 -1.3063 -0.40861 -0.19843 0.47639 -0.61048 -0.40936 -1.6408 1.4486 -0.96704 0.33633 -0.71606 1.9775 1.0024 1.1141 -0.077471 -0.1349 -0.29273 -0.8782 -0.5461 0.46871 0.37838 -0.4474 -0.89398 0.084337 0.012065 0.47982 0.83048 1.0407 -0.56497 0.85582 -0.18874 1.1364 -2.618 0.2948 0.95209 -1.0951 -0.21755 0.67221 -1.6408 1.0949 -1.8412 0.48242 2.2208 -0.22023 -1.2976 1.9627 0.38991 -0.37857 0.29614 -1.1129 -1.6751 -1.1377 0.1991 -0.3205 0.6478 0.91688 0.75999 -0.63182 0.5264 -0.038155 0.67204 -0.85553 -0.54384 0.53222 -0.73386 0.93076 0.058279 2.6025 0.4986 0.86466 1.7935 -0.64247 1.7005 -1.2876 0.61429 1.2402 -0.69548 0.54124 -1.0155 1.2669 -0.51203 0.68041 -0.17917 0.73431 0.35392 1.5383 0.73345 
detergent -1.3404 0.13085 -0.70893 -1.3605 0.53738 1.2738 -0.12906 -0.14718 -0.73729 0.92732 -0.99693 1.6975 -1.7817 -0.13097 -0.80538 1.523 -1.0807 -0.60506 0.42675 -1.1246 0.76481 -0.41847 0.14776 -0.27567 0.75933 -0.65263 0.92346 -0.53817 -1.0858 -0.59308 -0.33048 -0.38891 -0.2859 0.21634 -0.33797 -0.028406 -1.2966 -0.88892 -0.55013 0.48696 0.26353 -0.54102 -0.19959 0.12322 0.86783 -2.1297 -0.97243 0.70723 0.089282 0.27003 -0.69417 0.090159 1.4666 -1.4012 -1.2848 0.80804 0.072866 -0.28833 2.3237 0.061493 -0.47617 0.64476 -0.082809 -0.91591 -1.5571 -0.83133 1.5685 1.8882 1.1614 -0.62668 -0.26816 0.21632 -1.5117 0.21791 0.038066 -0.30519 0.38808 0.27166 0.32562 0.1689 2.5976 -0.13179 1.6691 1.7795 -1.2824 1.1913 -2.137 -0.95194 2.1835 -1.1907 0.74718 -1.3325 0.26721 0.062735 0.73937 -0.69126 1.451 -0.77491 -0.097383 1.7552 
camphor -2.0182 -1.822 -1.1636 -2.0065 1.2682 0.45642 1.3692 -1.4985 -0.92804 1.8413 -1.3638 3.2477 -0.6309 -0.39368 0.02452 1.6665 -1.0124 -0.1922 -0.012242 -2.492 0.17421 -0.75999 -0.19096 -1.4949 1.7684 -1.7972 0.8579 -0.32065 0.0092238 1.0461 -1.4766 -0.28481 0.95485 -0.43648 -1.6373 -1.6494 0.12702 0.30124 0.5087 0.79351 1.6902 -1.7151 0.36264 -0.56194 1.6369 -2.4033 0.11244 0.75311 0.15111 1.0257 -0.33415 -1.9721 1.3667 -0.90749 -0.14305 2.0377 0.12945 0.51474 1.9952 0.33976 0.6893 0.33175 -2.1343 0.010425 -1.1398 -0.64702 -0.12239 1.5846 1.4225 0.96725 -0.10031 0.60913 -0.53599 -0.12425 -0.4842 -0.32044 -0.39364 -0.56903 1.4591 0.94963 0.99406 -0.25488 1.2409 1.3378 -0.80608 2.1284 -0.54725 0.21327 1.1577 0.2814 -0.91515 -0.10845 1.1098 0.59722 -0.69976 -0.23364 -0.51635 -0.0034005 1.4588 1.5976 
weed -3.3756 -0.14225 1.1618 0.45108 1.0979 -1.0431 0.10151 -0.76992 0.79086 -0.069537 -0.38106 2.6165 0.78284 -1.2596 -0.53878 2.7682 0.65413 -1.3994 1.6297 -0.6279 -0.22643 -0.97918 -0.18303 0.15689 0.60248 -0.88701 0.60897 2.3458 -0.40049 1.1411 -0.58609 -0.98791 -1.5359 1.8853 -2.1624 -0.0082317 -1.0903 -0.49858 -0.61678 -0.70027 -0.39544 -1.0053 -1.1206 -0.29029 1.7962 -1.5868 -0.5235 -1.0383 0.49965 -0.46495 -1.1667 -3.2983 2.0059 -1.2753 2.3772 1.2702 3.1315 0.57661 2.819 0.28925 0.41325 2.4869 1.3654 -0.98318 -1.7984 0.84965 -0.50464 -0.27742 -1.6648 -1.3333 -1.794 -0.43371 0.78632 0.89481 -1.1499 0.46754 -2.5241 0.0030456 -0.73073 1.0231 2.5641 -1.4498 -0.69028 2.5297 -0.56112 0.72641 0.29365 1.3283 -0.13706 -1.5246 -0.50903 -1.0824 -0.097891 0.88896 -1.3458 -0.45744 -0.96242 -2.2573 2.2262 2.5508 
mouse -0.24147 -1.0789 -1.4163 -0.61708 0.65216 -1.333 0.65888 -1.2113 -0.72907 -0.3234 -1.2331 1.9079 0.88199 0.24946 0.4309 0.51654 -1.5832 0.53335 0.86036 -0.23833 -0.46071 -2.4727 0.91387 -1.5224 0.38679 0.5923 -0.71608 1.6414 -0.70116 -0.28497 -0.70121 -0.29573 -0.44481 -0.46462 -0.39913 -0.52581 -1.1594 -1.2165 0.1461 2.652 1.1321 -0.36321 1.0474 0.24408 0.15017 -1.6941 -0.59381 -1.6781 0.054092 -0.16852 0.30007 -1.3654 2.3987 -1.3951 0.72165 0.45314 -0.97648 -0.59797 1.0222 -0.68361 -0.28949 1.6869 0.94528 1.868 0.12546 -0.15429 0.46144 -1.5033 -0.47364 0.29793 -2.0438 -0.6858 -0.67312 1.1946 -0.58189 -0.51376 1.0537 -2.3772 -0.25109 0.46193 0.30005 -2.7039 1.7292 1.3237 0.32243 0.46028 -1.5513 -0.15431 2.443 -3.1407 -1.7794 0.13038 -0.81352 0.65513 -0.40389 0.85071 -2.0986 -1.173 2.9226 1.921 
cork -1.0461 1.1549 -2.0093 -0.34645 0.81898 -0.69263 0.87481 0.27854 -0.92571 1.2843 -1.5017 1.0943 1.34 -1.0448 0.86175 -1.3038 -2.0867 1.6254 -2.3711 -0.12664 -0.045319 -1.3453 -0.12578 0.46163 -2.6038 0.2572 0.2918 0.22065 0.78761 -1.0312 0.43204 -1.5351 0.55495 -1.3683 1.6429 0.72047 0.40391 0.03305 -1.8383 2.2157 2.306 -1.3706 0.68838 -0.00043419 1.5323 -2.1252 -1.6899 1.7274 -0.57406 -1.4464 1.0153 -4.1528 1.6205 -0.49028 0.49811 1.4885 0.22409 -0.092091 -0.27082 -1.6601 0.21806 -1.6956 -0.97979 -0.18314 0.38791 0.81493 -1.1149 -0.71617 -0.28546 0.3603 3.1133 0.74773 1.0859 0.70002 2.4146 -0.52287 -1.8293 -0.7052 -0.36425 -0.86704 0.66414 -2.4965 2.7092 1.0585 -0.39915 0.30272 1.3969 -2.202 0.84547 -0.20294 1.6107 1.3397 -0.87709 -1.5111 1.1358 -0.40326 -0.22008 -1.9528 0.85358 0.86182 
solvent -1.9172 -0.77045 -1.9036 0.20122 0.40209 0.38023 1.4468 0.82347 -0.70111 1.9212 -0.92675 2.2084 -1.1362 0.020488 -0.1548 0.78821 -1.014 -0.31744 -1.2245 -0.40874 0.38156 -1.737 0.26405 0.96102 -0.028998 0.71708 -0.51136 -0.25484 -0.48554 0.73648 -0.32253 -0.84422 -0.13525 0.36985 0.42365 -1.8935 -1.271 -1.6153 -1.315 0.63627 -0.53751 -0.88823 1.0097 -0.51165 1.8993 -2.7043 -1.2984 0.57349 0.51514 -0.55244 0.56827 -2.3045 1.218 -0.3677 -0.056417 1.9599 -0.34981 -1.299 2.6665 0.21811 1.0346 -0.45858 0.80521 -0.44583 -1.9556 -1.3526 2.7071 1.5739 1.3088 0.0034265 -0.49547 -0.1651 -0.41954 0.12964 -0.75202 -0.60041 0.5834 -0.25819 0.71754 -0.16403 1.1142 -0.17027 0.33642 2.6747 -0.56367 0.86095 -0.93072 -2.1744 2.002 -1.5049 0.55818 -1.2555 -0.85957 -0.64301 -0.56236 0.62576 -0.035113 -0.010348 1.0067 -0.1113 
ammonia -0.95534 -0.043212 -0.84472 -0.66279 0.60542 2.5761 -0.050191 0.17871 -0.16825 1.5777 -0.033715 0.77569 -0.37187 -0.5353 0.042324 0.15994 0.40993 -0.24808 0.6796 -0.97253 1.7281 -0.70448 -0.26724 -0.033668 1.1136 -1.2554 0.15746 -0.40444 -0.86216 1.1723 -0.54005 -0.67313 1.0788 0.58116 0.13958 0.041818 -0.23623 -0.65304 -0.96192 0.3809 0.70348 -0.54939 0.50949 -1.0075 0.83431 -2.2813 0.39477 0.85025 -0.20162 0.0057148 0.46734 -1.1576 0.48657 -1.0336 -0.82924 1.1073 0.37858 0.85256 0.40138 -0.018257 -0.21797 -0.1402 0.079312 -0.80426 -0.22853 -0.0051832 0.65558 1.4397 0.35252 -0.32668 -0.42263 -0.31723 0.74326 -0.51106 0.17511 -0.36388 0.52576 0.65551 0.24957 0.33724 1.2675 -0.15632 1.4102 0.97744 -1.5409 0.31958 -1.7114 0.40727 1.6784 -1.3497 -0.63575 -0.58201 0.74298 0.34467 -0.31502 -1.3337 -0.37207 -0.37137 0.83075 2.0868 
turpentine -0.36435 -0.29323 -0.80794 -0.52394 1.0551 0.66162 0.038336 -0.90274 -0.45436 1.1982 -0.61954 1.5674 0.14986 -0.53637 0.68768 0.63578 -0.062268 0.46968 -0.65104 -1.2149 0.90104 -1.234 0.019425 -1.0865 0.77631 -0.19727 0.15125 0.31431 0.01532 0.91528 -0.99176 -0.71792 -0.60783 0.088533 -0.49389 -0.61928 -0.4142 -0.031856 -0.12084 0.79468 1.4653 -0.83897 0.54525 0.18571 0.93899 -2.3185 -0.46367 -1.1208 0.54969 0.090145 -0.29243 -1.5668 1.4 -0.96857 -0.59482 1.1796 -0.17243 0.047372 2.0393 0.3965 0.53711 0.049424 -0.9593 -0.54998 -0.93017 -0.0056339 0.076698 1.3267 0.52811 -0.34502 -0.26225 0.78722 0.16168 0.1145 -0.35531 0.28994 -0.61734 -0.62453 0.36516 -0.17304 1.7314 -0.21226 0.92899 0.93609 -0.68717 1.4555 -0.35852 -0.45704 1.8732 -0.39023 -0.25189 0.26427 1.2478 -0.092344 0.61537 -0.4458 -0.36649 -0.20157 0.68004 1.3473 
varnish -1.1016 0.22818 -1.271 -0.93739 1.9853 0.97279 0.33994 -0.35484 -0.74364 0.15853 -0.60894 1.6831 -0.30441 -1.4732 -1.5827 0.72378 -0.30867 1.1535 -0.73024 -0.75603 -0.30031 -0.55741 -0.48015 -1.2451 0.7269 0.25629 0.40393 0.53064 -0.54299 0.50063 -0.41945 -0.98539 0.6955 -0.3537 -1.0746 -0.63188 -0.26434 -0.38252 -0.59445 0.41909 0.41197 -0.92663 1.1905 0.60363 0.79594 -1.0495 -0.57355 0.31272 0.20793 -0.080149 -0.51801 -3.3621 1.3281 -1.646 -1.2658 1.0228 -0.7338 -0.03763 2.1658 -1.4895 1.3526 0.60299 -0.11354 -0.35852 -0.63858 -0.22452 -0.10081 1.8424 -0.32997 -0.2453 0.97381 -0.23087 -1.3345 0.77288 0.35576 0.018121 -0.73984 -0.0019968 1.1938 -0.54755 1.9369 -0.68048 1.2513 0.28312 -0.83325 2.541 -0.44533 -1.2724 1.565 -0.7654 0.45409 1.0938 0.70268 -1.0038 0.50104 -0.35243 -1.6501 -0.4265 1.683 1.554 
mothball -0.4267 -1.198 -0.7601 -0.3384 1.3867 -0.51382 -0.56261 -1.435 -0.046907 0.5297 -0.80571 1.951 0.021151 0.19549 0.53376 0.99976 -0.45446 -0.4642 1.4137 -0.33514 -0.83667 -2.0933 0.86733 -0.61496 0.72702 -0.42741 0.37698 0.63486 -0.36997 0.78649 -0.3608 0.40303 0.094774 -0.33544 -0.8736 -0.34169 0.1345 -0.033075 -0.38003 0.37339 0.23289 -0.81245 0.52212 -0.37124 0.030671 -1.7214 -0.48074 -0.72848 0.13947 0.51399 0.8145 -1.6149 1.0284 -1.7189 -0.098797 1.1096 -0.074008 -0.054108 2.3316 -0.14205 -0.17424 0.65739 -0.27486 -0.60881 -1.3819 0.028125 0.90871 0.34579 -0.11115 -0.14116 -0.27818 -0.17131 -0.73638 0.44415 -0.77421 -1.7694 0.45238 -0.35982 0.79588 -0.77077 1.0126 -0.56415 0.53932 1.3701 -0.59983 0.93412 -1.828 -0.091435 1.4775 -0.42862 0.040373 -0.38789 0.14756 -0.61215 -0.01432 0.29027 -0.49784 -0.34293 0.85433 1.2955 
disinfectant -1.1696 -0.49137 -1.4908 -0.62936 1.0191 0.78374 0.40506 0.048235 -0.71819 1.1076 -0.98437 0.96248 -0.23291 -1.0346 -0.006526 1.2863 -1.0218 -0.34897 1.1624 -0.049021 0.72435 -0.58876 -0.223 -0.19004 0.22461 -0.26258 -0.34822 0.030276 -0.69607 -0.010929 -1.2094 0.015218 -0.35065 -0.1466 -0.14372 -0.3996 -1.0156 0.024008 -0.48018 0.7524 1.1111 -0.94955 0.27603 0.00041103 0.39258 -2.0478 -0.8316 0.51213 -0.18263 0.42077 -0.051135 -0.92974 0.92704 -0.002031 -0.78213 0.36578 0.34048 0.10509 1.631 -0.3608 0.49018 0.35625 0.18513 -0.57771 -1.5776 -0.29721 1.1119 0.8783 0.53002 -0.24578 0.19354 0.36176 -0.059859 -0.86374 -0.5785 -0.77045 0.052554 0.25154 0.81786 -0.49227 1.6337 -0.35314 1.1026 2.1198 -0.29006 0.56616 -1.6738 -0.13975 2.0605 -0.75272 0.0098188 -1.4053 0.10208 -0.072117 0.26877 0.19747 -0.87409 -1.162 -0.26001 2.5091 
kerosene -0.1051 0.86866 0.25749 -0.9133 0.88159 0.67133 -0.29164 0.8527 -0.43742 1.1525 -0.50693 1.438 -0.2515 -0.49932 -0.36381 -0.017819 -0.38763 0.027756 0.37416 -0.036104 0.033055 0.42297 0.57517 -1.0933 0.76816 -0.13443 0.23247 -0.7686 0.92952 0.018723 -0.7245 -1.1971 0.46617 0.28075 -0.53769 -0.060422 -0.437 -0.47403 0.86946 0.66467 1.4371 -1.0067 0.061058 0.6375 1.2029 -1.7729 -0.37923 0.35331 0.6016 0.026973 0.32394 -1.2603 0.49944 -0.60524 -0.72544 -0.22302 -0.054267 -0.14592 2.1162 -0.078223 0.95732 -1.1217 0.60337 -0.86799 -0.88809 -0.2789 -0.16976 0.59985 1.0495 0.54497 -0.68004 0.42533 1.0406 0.13459 -0.97499 0.019666 1.1803 -0.61376 -0.10632 0.44503 0.55819 0.2314 1.9808 0.3924 -0.6058 0.33003 -0.15973 -1.3234 1.3777 0.30411 0.16116 -0.31107 -0.30468 -0.019431 1.7274 -0.67945 -0.89273 0.85703 1.6795 -0.22131 
manure -1.0594 0.082559 -1.0117 -1.5955 0.03475 0.87587 0.016486 0.37989 -1.1134 1.4507 -1.9281 1.4931 0.40569 -1.3438 -0.50671 0.39528 0.030641 -0.32618 1.2321 0.2651 -0.48812 -0.80983 0.88599 0.29148 -0.34395 -0.29084 0.40469 0.60062 0.43646 -0.20295 0.3145 -1.0686 -1.2348 1.0105 -0.83378 -0.51889 0.036618 -0.74484 -0.72566 0.40565 -0.35784 0.2915 -1.1104 -1.3541 1.602 -2.1762 -1.1038 -2.1153 0.84741 0.0066114 0.74139 -2.99 0.49454 -0.46836 1.0801 1.3868 -0.50561 -0.40023 2.5053 0.012771 0.11505 0.72573 -0.068583 -0.58245 -0.53452 0.21191 1.0906 -0.011585 0.66128 -0.0033453 -2.2678 -0.452 -0.024878 0.062147 -0.32155 -0.13072 0.90188 -0.072596 0.59352 -0.44638 1.0186 -1.0028 0.025624 1.0378 -0.92022 0.58186 -0.54989 -0.19315 0.58909 -1.0572 1.0898 -1.3368 0.37643 0.56131 0.070651 0.37353 -0.66504 0.17269 0.51702 0.69801 
creosote -0.1858 0.070095 -0.094395 -0.82281 0.98912 0.27887 -0.34618 -0.0059693 -0.73529 0.92805 -0.60701 1.2758 0.52389 -1.1314 -0.58727 0.47197 0.65693 0.31988 -0.041195 -0.90556 -0.26099 -0.29102 0.30859 -0.074882 1.5374 -0.63649 -0.16035 0.8794 -0.25794 0.26065 -0.51035 -0.41693 -0.063726 -0.2801 -0.70825 -0.69964 -0.11731 -0.098152 0.55434 1.2854 0.94548 -0.2744 0.73361 -0.039853 0.71208 -0.96715 0.31663 -0.19356 -0.23277 0.039399 0.24021 -1.5958 1.7277 -0.4136 -0.12631 1.6822 -0.6153 -0.65212 1.0385 -0.74591 0.038052 0.34176 -0.87314 -0.68685 -0.24398 -0.2685 -0.74519 0.61339 0.63191 0.22463 0.043621 -0.63885 0.13424 -0.043275 -0.50852 -0.03648 -0.01561 0.0017292 0.32879 0.53941 0.703 -0.096488 0.58346 0.079136 -0.36369 0.9347 -0.70355 -0.38791 0.97451 -0.040847 0.22572 -0.099173 0.015888 0.22764 -0.77762 -0.50197 -0.25977 0.62473 0.49658 0.28311 
