96 100 
smoke 1.3929 0.28417 -0.07078 -0.93439 0.36755 0.11481 -2.369 -1.2575 0.21515 -0.90485 1.8942 0.43969 0.86763 -0.57609 -1.2607 -0.8839 -0.3315 -2.8395 -0.51921 -0.41016 -2.0855 -1.4909 -0.21626 -1.6647 -2.7129 -1.5657 2.2084 -2.5811 -1.9131 1.8588 0.73925 0.53628 -0.25599 1.8627 1.224 -1.9407 -1.6305 0.83268 -0.57899 -0.51765 -2.018 2.2782 0.86844 1.1855 -1.0472 -0.35832 -2.347 -0.67586 0.82006 -2.1452 0.094674 1.1903 -0.046674 -0.24185 -0.26818 -0.47717 -2.3916 1.3562 0.41678 -1.3383 -0.13443 1.0618 1.8906 0.97301 -0.9897 -0.81907 1.6572 1.7803 -0.29604 0.49301 0.33536 3.5339 1.2152 0.39261 -2.4771 -0.3644 0.74168 -0.34327 0.20227 0.21645 0.83256 -0.64006 1.1013 2.1335 -0.7259 -1.1797 0.20432 2.3439 -0.47238 -0.22124 -0.63845 -0.81264 0.1194 -0.134 -1.1267 -0.64806 -2.0902 -0.63872 1.7208 0.6862 
perfume -1.2392 -0.41388 -0.77875 -0.5501 -0.82242 1.3273 -0.2104 -0.4614 0.66516 -1.2988 0.6646 1.4251 0.32083 -1.0095 -0.91768 -0.65239 -1.5698 -1.2171 0.039938 1.709 0.72939 -0.73727 -0.019652 -0.23291 1.6117 1.5457 0.17721 2.1069 -0.52364 1.1974 -1.1087 -1.3796 1.1532 0.92419 -1.6962 -1.2605 0.40722 0.02783 -0.92052 -1.1331 -0.11988 -0.043487 -0.2721 -2.16 -0.87614 -0.47477 -0.18487 -1.0452 -0.090788 -0.45497 -1.5743 0.58881 -0.53926 -1.6087 0.69851 0.32946 0.018907 0.63458 -0.75516 0.061852 -0.074585 -0.44156 -0.035045 -0.9432 -1.5193 2.4416 0.64529 1.5219 -0.072639 1.1533 -1.1359 -0.4272 0.31713 -0.30826 0.41543 1.1294 -1.1565 -0.72157 -1.1722 0.23872 -0.12284 0.33414 1.2954 1.5895 0.95982 -0.36139 0.25019 -0.90186 -0.54537 -1.3798 0.86967 -0.47648 0.7032 0.69249 -0.21172 -0.88719 1.3478 0.16786 1.1591 0.14371 
coffee 3.5988 0.20013 0.37075 -0.072529 -0.14081 0.18691 -2.4453 1.0693 0.86065 -1.8102 1.0091 0.51412 0.33191 0.8133 0.042403 -1.4148 -1.5674 1.2608 -0.30431 0.065319 -0.95508 -2.341 -0.34678 -0.39121 -0.16475 1.9979 0.54016 1.1133 -0.9236 0.95812 -1.3467 -0.97995 0.40384 0.080864 0.04074 -1.6552 -0.22286 1.1967 -0.51826 2.0684 -1.5401 -0.13167 -0.37944 0.17692 -0.16275 -1.9245 -0.87935 0.027319 -0.34029 -1.1732 0.4612 0.89966 -0.14578 -2.1267 1.1317 0.01232 -0.65173 -0.13913 0.19761 0.33514 -1.4647 0.64456 1.2703 -0.50244 -2.9204 0.41768 2.0674 -0.87144 0.98644 -0.6218 0.5627 0.5265 0.1669 -0.34067 -0.6258 -0.61121 0.74645 0.84703 -0.28139 2.0863 -3.0665 -0.98308 -1.7405 0.22882 0.161 1.6858 0.0091418 2.0587 -2.093 -2.0168 -0.9735 -0.45941 2.4596 1.1811 -0.70705 -0.64166 0.093717 0.60098 0.71471 0.32997 
rose -0.17655 -0.93787 0.27302 1.7543 -0.33599 -0.68715 1.5564 2.1511 1.4328 -1.6432 2.5669 2.2102 -0.066638 -1.2113 -3.1292 -0.49422 -0.57093 1.7289 2.7182 0.58144 2.0407 -2.8939 -1.8172 1.5084 -0.070446 1.6607 0.94649 0.39983 -0.22403 -0.086508 -0.32446 -0.57892 2.2944 3.0325 -0.90501 -0.43649 0.5027 1.0278 -2.0791 1.3335 0.31854 2.8153 -2.4788 -0.54615 -0.9816 -1.773 -0.86271 -2.6095 -1.8808 -2.6999 -1.2562 -0.32416 -1.0208 -0.60218 -0.48637 1.1974 1.8981 0.13299 0.083888 -1.1033 -0.12639 -0.85318 -1.597 -3.8585 -0.34188 1.2844 0.64471 0.32503 -2.1808 1.1113 -1.4497 0.77477 -1.3552 -1.8666 -0.93547 2.8851 0.096074 -0.61837 0.81046 0.65556 -2.7361 1.6806 0.90791 1.2439 0.31089 2.894 0.034363 2.2438 -2.8685 -0.488 1.2518 0.3493 1.9278 -1.1313 2.012 -0.17509 0.54326 -1.2016 0.2986 0.40392 
blood 0.76264 -0.90634 -0.93953 0.20693 -0.0090978 -1.2104 -1.568 1.3866 -0.31978 -0.484 -0.73376 -1.2557 0.11674 -1.1721 -0.7083 -0.27546 2.3181 -0.64922 1.1516 3.4656 0.049345 -1.2401 1.6884 -0.35315 -2.7364 -1.2802 0.67577 1.4755 -2.4914 3.0968 2.8011 1.562 0.9732 -0.11003 -0.14687 1.0524 0.83793 -2.9688 0.77152 -0.38371 -0.63399 1.5113 -0.15624 0.95078 1.144 -0.76466 -1.4247 -2.4173 1.1851 0.52947 2.0888 -0.12691 0.26013 -1.2081 0.43046 -1.4759 -1.8186 -0.47911 0.76164 1.4101 1.1105 -0.16131 -1.4335 -1.9787 1.7872 -0.15768 -1.6336 0.074229 -0.79601 -2.0662 0.77852 1.2101 -0.85557 0.29288 -2.2637 1.4728 0.081741 -0.57487 1.8451 1.4738 -1.0211 -0.2157 -1.0393 -0.3701 0.44007 1.4574 -1.579 0.17825 -0.7956 -1.8238 0.35437 -0.11837 0.54889 1.3623 -0.12858 -0.35159 0.028651 -0.088987 0.16322 -0.41899 
wine 2.1186 -0.01433 2.9686 0.11546 0.10086 2.8435 -2.8531 -0.75943 -0.20351 -1.4928 -2.1385 1.0513 -0.40235 -0.38526 -0.94125 -1.4206 -0.35871 -0.19075 -2.2508 0.95118 0.018232 -1.5937 0.69825 1.5512 -1.2056 -0.378 2.9532 0.597 2.4684 1.2864 -0.61333 -2.1275 1.3029 2.1193 3.7046 -2.8154 2.4976 0.48883 -0.78094 2.2171 -2.7262 1.6324 -1.7213 -3.1125 -2.6016 0.72413 -1.8853 1.6291 0.87246 -3.7727 -3.4618 0.97664 0.1723 -0.30066 0.28262 -1.9044 -0.32088 -0.14946 1.3032 1.529 -0.054365 -2.4274 -0.70123 0.79604 -1.4886 0.01392 -1.4202 1.945 -1.0086 0.76773 -0.014841 2.7428 1.0582 -2.7571 1.7407 -0.63445 2.8176 2.678 1.1105 -3.0633 -1.9945 -1.1865 -2.9783 -2.2703 -1.0452 0.10324 2.0593 0.16541 -0.091486 -1.6826 1.8252 -3.5294 0.85195 2.3359 -1.9217 -2.1118 3.3989 0.36082 0.020574 0.63302 
fish -0.95181 1.1887 2.6807 1.5197 -2.5289 2.5918 -3.1772 -1.1413 -2.1742 1.7651 0.7357 -0.96344 -0.9878 1.1412 1.2601 1.8356 4.9773 -1.2981 0.047791 2.0361 -4.2943 -1.3502 0.55294 -0.54563 -3.5775 -1.5996 0.77372 -0.24709 -1.8621 3.6796 -0.32176 -0.39386 0.3517 0.13575 -0.70251 0.72415 0.61254 -0.77439 -1.188 1.2951 -0.75256 -2.588 -1.3623 -2.3486 2.6986 0.20783 0.98222 -2.3925 0.1279 -1.1192 -0.3534 0.74729 0.75014 -2.0752 3.0921 -2.5739 -0.98788 -0.032684 0.12087 -1.5596 0.24919 -0.93058 -2.1863 0.39829 -0.25643 -0.96755 -0.89972 0.26927 0.69523 0.28227 -1.3061 -0.083929 1.7248 -2.3196 -5.2711 1.1301 1.3651 1.2109 1.8421 -0.46592 1.4804 -0.60578 1.4826 -1.0493 0.76663 3.4899 1.0802 -1.1482 2.0367 -2.4955 -0.22901 1.4648 -0.0090082 4.1223 1.7166 1.3882 -0.41374 2.052 -1.4678 -0.10116 
animal -0.65609 -0.095969 -0.95178 1.085 -0.79515 2.2738 -2.8499 0.18989 -0.83069 -0.81908 -2.2098 0.23291 -0.58802 0.36793 1.6039 0.53199 1.7267 0.010579 1.0898 1.0446 -0.77499 -0.058211 0.30988 -1.8133 -0.81842 -0.29545 0.094776 -1.6108 -1.78 0.76257 -1.2356 -1.8873 1.8226 0.36496 1.8648 0.61135 -0.95437 -0.78705 -0.46044 -1.1221 -0.28203 -1.5848 0.44648 -0.25508 -0.093049 -0.94761 0.63315 -0.67062 0.14841 0.21378 0.36444 -0.5819 0.30038 0.31262 -0.94078 -2.0874 0.55091 2.1239 -0.073286 0.21219 1.229 0.77674 -2.1702 -2.4756 2.9182 2.4709 -1.3382 -1.0126 -1.2565 0.6399 0.60217 -1.3287 1.1667 1.2794 -0.78057 1.4924 2.2029 1.0249 1.2924 1.0184 -0.73238 0.36641 0.40433 0.67006 -0.28106 0.33983 0.53341 0.11117 1.9345 -0.91961 -1.0343 0.37588 0.49657 1.4624 0.30189 -1.4248 -1.6885 -0.60405 -1.24 -0.82256 
urine -0.28905 0.2974 -0.31045 -1.5582 0.24438 -0.5784 -2.7051 -2.6775 -1.672 -0.49123 -1.4084 -0.87484 0.29359 -0.40907 -0.48339 -0.9667 1.0467 -2.4801 -0.56257 1.0225 -1.4401 1.4503 1.7333 -1.7174 0.53192 -0.78915 0.56943 1.1024 -0.078514 2.6437 0.46145 0.41499 -1.1094 -0.052346 0.77928 -0.56543 -0.53506 -2.3741 -0.72416 0.16168 -1.4391 1.1075 1.4587 -1.4283 -2.3837 -3.1423 -0.016684 -2.8499 0.29215 0.16403 1.2048 -1.3651 0.43262 0.84841 -1.1997 -1.3106 -1.2944 1.577 0.70605 1.5088 0.75233 0.96094 -0.72409 -0.72605 1.9724 1.9932 -0.62692 -2.8197 -0.84812 0.48318 -0.25688 0.042174 0.38677 2.037 -3.6408 1.5144 -0.42945 0.20366 -0.3501 -0.12571 -1.6728 -2.9197 -2.1002 1.982 -0.56967 0.78536 1.1062 -1.5512 -1.159 -1.8073 -0.093192 -1.5999 2.4746 1.7316 0.82019 0.23719 -2.1184 -1.0831 -2.566 -1.7502 
beer 2.8313 -0.77125 0.34754 -0.39747 0.75395 3.8706 -3.5672 -0.77291 1.2617 0.25676 -0.87792 0.9575 1.0657 0.42665 1.2214 -0.88097 0.089942 2.0889 -2.054 0.57349 -0.13804 -0.060047 0.0038509 -1.6019 -0.15658 -1.081 0.75325 0.81629 0.76503 2.8241 -0.92626 0.086356 2.8309 -0.13206 0.10016 -1.7776 1.2358 0.32639 -1.6105 2.809 -3.5891 0.58491 0.89567 -0.1141 -2.1258 1.2338 -2.4155 0.46266 1.1287 -3.6495 -0.93789 1.208 0.029101 -0.0064606 1.6656 -0.33797 0.62108 0.56863 -0.54104 1.1861 -0.94768 -0.80534 0.9232 2.016 -1.5355 0.73616 -2.6496 0.27368 -0.04066 1.4256 -0.53732 2.9018 -2.2888 -0.83317 -3.1379 -1.1983 0.34892 1.7391 1.3501 -2.2689 -0.94883 -4.1385 -1.1095 -0.38204 2.293 2.3657 0.1858 -0.42819 -3.0673 0.24684 -0.70124 -1.518 2.7613 0.20557 -3.1724 -1.3714 2.5416 0.48951 -0.68216 -0.06907 
tea 4.9144 -2.971 1.1417 -0.50586 -0.016999 2.1055 -1.4211 1.7714 0.26631 -1.7982 1.6034 3.3552 -3.1207 1.9841 1.0295 -2.5361 -0.094139 3.9176 -2.613 -0.47054 -2.5823 -4.579 -0.009096 0.28223 -1.0131 5.0612 2.0147 -0.68749 -0.80656 1.183 -5.0235 -1.6184 1.5254 0.81502 -0.19131 -1.664 1.3495 0.14114 0.33581 2.6726 -0.69149 0.43945 0.17704 -0.12277 -0.89767 -4.7533 1.3311 -1.3646 0.40765 -0.7978 -1.7603 2.196 -1.1083 -2.3912 0.34377 -0.61817 -1.6948 -0.97139 1.5423 2.1642 0.20269 0.21746 2.4025 -0.46164 -2.2696 0.68579 -1.5553 -1.1586 -0.46767 -0.74528 -1.1465 4.2628 -0.7971 -1.5762 0.88727 0.023267 -2.2108 2.4304 -0.37776 -1.1651 -4.9344 -1.0099 -2.6228 2.8084 1.0389 3.7008 1.7303 3.3006 -4.9044 -1.1863 -0.77716 0.4282 0.5447 4.2384 -0.76252 -0.25603 2.1457 0.13938 -0.089234 -1.4086 
citrus 1.0435 -0.3025 0.53627 0.56713 -1.1643 0.25795 0.65786 0.76702 -0.5511 -0.64299 1.0718 1.732 -0.28087 -0.43332 0.22522 0.76374 -0.77552 1.2421 -0.074854 -0.27089 2.2085 0.48373 0.25524 -0.036587 -1.2127 -0.2567 0.93547 0.70613 -0.063176 0.78461 -0.67999 0.68172 0.93638 2.319 0.6074 -1.354 0.28095 0.84302 0.28189 1.309 -1.155 0.093663 0.67155 -1.9909 0.55486 -0.19516 0.25663 -1.5765 0.19649 -4.1998 -1.7308 0.19764 1.4143 -0.43694 0.6931 -0.93812 -1.3644 0.33933 -0.34745 0.50381 1.0132 -1.1136 1.2516 2.2848 -0.55569 1.0829 -0.54472 -1.9443 -0.85166 0.60548 0.70184 -0.36581 1.3688 0.58342 1.8459 1.7005 -0.84685 1.7794 0.74529 -2.2786 -3.3083 -1.763 1.2473 3.0187 1.2666 1.8448 1.1265 1.0285 -0.86444 -0.77902 1.4328 -1.2961 -0.96898 0.71382 -0.28295 -0.080354 2.6827 0.20113 -0.85517 0.083541 
lavender -0.24122 -0.54686 -0.93905 1.6117 -0.277 -0.93489 0.29515 1.1637 0.3127 -1.2388 1.3994 1.6997 -0.1932 0.18859 -0.79155 0.71486 0.36073 0.23624 0.76002 0.16236 -0.30343 -1.4778 0.15617 -0.48417 -0.25662 0.84233 1.0911 0.65382 -0.4023 0.77388 -1.3775 -0.25408 2.0129 1.7221 0.83888 -0.26362 0.044763 -0.22938 -0.55242 0.75823 -0.81606 0.70411 0.13341 -0.48711 -1.6243 -1.2454 0.61341 -0.79021 -1.3012 -1.9676 0.12749 0.91368 -0.47355 -0.72537 0.34202 -0.17018 0.17499 0.31868 0.596 -1.6993 0.66712 0.28154 0.22862 0.95333 0.24377 1.7982 -0.539 0.27035 -0.5378 -0.25624 -0.69263 -0.18511 0.18775 0.087594 0.027192 1.6082 -1.6927 0.84952 0.081066 -0.52184 -2.7464 -0.4393 1.6991 3.4401 0.5398 0.17139 1.1677 1.0464 -1.3852 0.021753 -0.045194 0.46735 -0.22305 1.0438 0.85304 -0.5297 2.4028 -0.3186 -0.80506 -1.131 
lemon 0.15299 -2.6037 1.5328 0.017932 -1.9941 -1.1733 1.0787 0.6232 -1.5131 0.12574 1.509 2.611 -0.77426 0.2437 -0.58237 -0.36535 0.03522 2.6342 0.04853 -0.13772 -0.20031 -0.12622 1.4157 -1.0808 -0.23812 -0.56244 1.5925 0.26345 -0.73991 1.5606 -0.43963 1.5505 1.1031 2.1068 0.36532 -0.18903 1.1517 1.1552 -0.33401 0.91132 -0.23072 0.86922 1.1382 -1.7062 0.65945 -1.1302 1.4969 -1.3054 -1.7725 -2.5788 0.11791 1.1886 0.40558 0.36664 1.2508 -1.2125 -0.46346 0.21792 -0.2255 -1.1785 1.3952 -2.3542 -0.06974 1.3935 -0.40543 1.1 0.26879 -0.91785 -0.89605 -0.44315 1.2768 1.0782 0.97607 0.31603 0.81388 0.83704 -0.21021 1.7555 -0.44612 -1.9322 -3.9271 -2.2841 0.51725 4.0344 1.0244 2.4483 1.8279 1.0968 -1.0611 -0.12559 0.76932 -0.58107 -1.7602 1.4001 1.0719 1.3496 3.0587 0.029728 -0.87979 -0.14747 
vanilla -0.229 -0.70853 -0.41563 0.31285 -0.3097 0.47411 0.31717 0.68401 -1.1202 -1.1026 0.36108 2.2651 -0.031616 -0.10203 -0.19401 -0.43979 -1.6842 -0.68202 -1.3342 -0.34476 1.5841 -1.6575 -0.53491 0.49893 -1.8726 -0.1548 0.91771 0.90157 -0.74521 0.57886 -0.069649 0.77923 0.74034 2.1934 0.10695 -1.9103 0.00077816 1.1814 0.32809 1.9681 -0.65804 -0.67609 0.71286 -1.8581 0.083823 -1.1429 -0.71712 -0.59402 -1.8164 -1.275 -1.3217 0.25931 -0.87091 0.3931 1.0406 0.030092 -0.089357 -0.2315 -0.57445 -0.0504 0.13163 -1.3146 1.857 0.62443 -0.51981 1.1557 0.59574 0.53098 0.63669 -0.2615 0.70026 0.085276 -0.7169 -0.50931 1.0311 1.8314 -0.16418 1.0548 1.2558 0.39302 -3.43 0.092991 1.7601 2.7618 -0.12037 0.7405 0.47579 1.2617 -0.29296 -0.78191 1.4235 -0.45575 1.1081 -0.29196 -0.31785 -0.37977 1.3762 -0.88134 -1.0787 -1.6232 
garlic -0.28202 -1.2443 0.64775 -0.011025 -0.6916 0.26357 -0.63599 -1.0003 -2.3466 0.1585 1.9947 0.25517 0.18319 -0.25286 -1.6532 -0.27737 0.3795 0.76088 -0.91386 1.5827 -1.6757 -0.99533 2.0547 -0.70926 -0.68255 -1.3103 -0.2285 -1.7491 -1.7386 1.72 -1.4157 -0.35222 1.0438 0.61345 0.34906 1.3209 0.89379 0.92664 -0.44994 1.7916 -1.4641 0.055922 -0.80959 -2.1758 0.28999 -0.67266 0.47826 -0.74437 0.022463 -2.7528 0.50494 0.71187 0.36893 -0.46164 0.57363 -1.9968 -1.4009 1.4185 -0.61101 -1.1307 -0.094011 -1.0449 -0.21778 -1.796 -0.69575 -0.53421 1.3709 1.3993 0.7288 1.0468 0.037564 -0.041727 0.8858 0.051908 -2.2039 0.66536 -0.4896 0.55592 -0.77954 -0.94599 -0.60129 -1.4213 0.64397 1.2666 0.0098698 2.9217 1.4129 -1.1805 1.0516 0.33611 -1.5502 0.1363 -0.40625 0.71347 0.67378 0.4428 1.3584 0.64283 0.01155 -0.086614 
orange -0.1734 -0.85889 0.4775 0.95448 -0.38068 0.34281 -0.27045 0.021349 -0.58892 -1.3688 0.77815 2.2231 -0.35782 1.0022 -0.90486 0.014806 -0.24525 0.61184 -1.1634 -0.1741 0.32451 -1.7411 -0.13485 -0.28077 -2.0071 0.36795 1.1587 -0.072325 -0.4675 -0.016944 -1.5277 1.6509 1.1945 1.5689 1.2612 -0.95892 1.0555 0.40397 -0.57389 0.99039 0.90172 0.60441 0.55199 -0.19544 -0.68431 -1.5432 0.60438 -1.2761 -0.65678 -1.9018 0.072025 0.031271 0.038945 -0.7188 0.56524 0.21713 -0.55655 -0.66167 1.3798 1.1495 -0.05886 -1.8944 0.27404 2.0844 0.16342 0.80906 0.9897 0.84064 -0.82202 -0.58705 0.13714 1.4509 -0.20799 0.34313 0.24573 0.58446 -0.03454 1.6992 0.55368 -0.43224 -2.0779 -1.3831 2.3165 2.3948 0.8403 0.72231 1.617 -0.25343 -1.179 0.54475 2.1716 -0.774 -0.91765 2.0769 1 1.324 1.3874 -0.30897 -1.8651 0.35832 
soap 1.103 -1.2744 -1.1508 0.18724 0.43556 0.56074 1.0368 -0.52618 -1.5918 1.2894 -1.1899 2.737 0.53743 -1.5008 2.1011 0.1063 -0.6663 -0.49433 -0.7865 0.79885 -1.6065 -0.99788 2.2884 -1.4144 2.3218 2.7964 0.19383 2.3801 -0.27803 2.932 -2.5119 -1.9343 2.0777 1.1042 -0.99626 0.72807 1.5749 -0.64178 -2.2621 -0.19686 0.12809 1.767 0.18446 -2.1196 0.31121 -1.1038 0.93692 -3.7021 1.8242 1.6003 0.16779 2.8167 -0.091367 -3.504 0.24734 0.80564 0.90168 -0.085714 -0.79952 -2.4129 1.1997 -0.062647 0.96041 3.0218 -1.055 0.99028 -1.248 0.92905 0.76111 1.4935 1.2258 -1.0183 -1.3022 -1.9756 1.0049 1.0562 -2.5549 2.4183 -0.89847 -0.51859 -0.87301 0.017723 1.3936 4.8845 -0.68645 1.8527 2.5399 -0.27659 -1.5458 0.34905 1.1155 0.7469 2.3221 1.1999 0.94407 -1.2188 0.9973 0.88916 -0.31249 -1.3813 
chocolate 0.16798 -1.1673 0.13396 -0.52772 -0.85903 0.9353 -1.8411 -0.18763 -1.4017 -0.61582 -0.52634 1.5363 0.77463 0.15582 -0.14187 -1.2972 0.29488 -0.22998 -1.0811 -0.46386 -0.60476 -2.2728 -1.1267 -0.29481 -0.67247 0.54042 0.57541 0.92611 0.89222 1.0043 -1.3323 -0.53516 0.37547 -0.25378 0.68681 -3.1693 0.64762 1.1932 -0.066407 1.7534 -0.82165 -0.51069 0.11873 -1.137 -1.0574 -1.7311 -1.3433 0.05037 -1.194 -0.63203 -0.62495 0.016899 0.27316 -0.86762 0.30275 0.86623 0.031398 -0.023137 -0.42764 -0.43903 0.074138 -1.0295 0.67885 -0.22798 -0.53305 -0.051269 0.85934 0.3629 0.54081 0.16761 0.20353 0.21538 0.25379 -0.44378 0.19063 0.38275 0.87075 1.3682 0.45054 0.49031 -2.9887 0.39732 -0.60966 1.4733 0.47182 0.96163 0.59373 0.52863 -0.73172 -1.5902 0.34028 0.30723 0.56188 -1.585 0.26354 -0.027199 -0.34604 0.22564 -0.30937 -0.61444 
apple -0.047333 -0.56165 1.2784 0.61577 0.021916 1.4142 -0.68426 -0.14 -1.9389 0.038721 0.257 -0.36132 -0.21328 -0.37133 0.22432 -0.30189 -1.336 1.0904 -0.36731 -0.7681 0.78434 -0.46427 -1.1459 -0.50265 -2.4479 -0.81453 0.65561 1.49 0.79189 0.76801 -1.2582 1.2445 1.0402 0.59511 1.3536 -1.1447 2.9807 0.96664 1.0631 2.2014 0.49173 -0.63194 1.7805 -0.037518 1.7236 -1.7863 -1.4428 -0.2855 0.47363 -3.1241 -1.4309 0.76506 0.16629 -0.4497 0.70955 1.5202 -0.48831 0.21129 -0.42079 -0.92656 -1.4443 -3.0172 -0.2348 1.8017 -0.020776 0.51971 0.73138 0.40021 0.49058 0.033179 1.077 -0.50942 0.73626 0.57154 0.67454 1.4255 1.5008 3.2145 0.80794 -0.52129 -2.1627 -1.2715 0.33068 2.4945 0.26237 1.377 1.0132 0.65151 -0.21492 -0.26277 1.4264 0.16751 -1.4871 -0.15065 1.2054 0.37585 1.4915 -0.14708 -0.98191 2.0316 
leather 0.29022 1.0894 -2.2086 -0.66263 0.62104 1.22 -2.3939 0.16527 -0.298 -0.3475 0.59169 0.93622 -1.1531 -0.16113 -1.5362 0.099194 0.82105 -1.6808 -0.68714 2.9891 0.76663 -0.51827 -1.8629 -0.61105 -1.3935 -0.047266 0.97655 -0.66918 -0.11799 1.359 -1.2412 -1.2464 0.24453 0.14938 1.7085 -0.252 0.033211 0.93179 -0.19174 -0.21066 -0.53404 0.0091567 0.89268 0.061902 -0.44879 -0.66703 -1.0552 -0.77752 0.58006 0.84663 0.77988 0.84287 0.78421 0.54288 0.60462 1.3758 1.0328 -0.39171 -0.2603 -0.36608 -0.10976 -1.6246 0.92838 2.2297 -0.50158 2.3395 0.15991 1.0281 -0.29552 1.5518 -0.014274 1.0107 -0.9146 -1.2523 0.73435 0.9333 0.46824 1.4962 1.1654 -0.25662 -0.22363 1.5493 0.97316 1.9317 0.29801 0.32437 1.2106 -0.09293 0.086916 -1.3131 -0.6299 -1.0477 1.2892 0.12233 1.8322 -0.62116 2.6495 -0.52197 0.56726 -1.2899 
cheese -0.48058 1.0636 0.16657 -0.67923 -1.5798 1.6165 -2.7975 -1.5907 -1.2277 0.75143 -1.6005 1.052 -0.48865 -0.83279 0.82931 -0.28558 0.24561 -0.27186 -1.3758 0.9661 -1.1435 -0.61471 0.79395 1.7383 -2.5396 -1.1868 0.088395 0.44885 0.36479 1.6939 -2.9381 -0.84031 0.27279 -1.246 0.25787 -1.5859 0.99142 1.9517 -0.17908 1.5741 -1.4778 -1.7231 -1.455 -0.9435 0.16185 -1.973 -0.97594 0.5088 0.17002 0.098263 -0.833 1.5573 0.23772 -0.64616 1.6045 0.11509 0.34319 1.0263 -1.1281 -1.0046 -0.92932 -1.982 -0.50718 0.37606 -0.85502 -0.4453 0.55434 2.2182 1.4924 0.69673 -0.049228 -0.064354 -0.45266 -1.1645 -0.62325 -0.12453 2.1352 0.972 0.6241 0.21835 0.098449 -0.88062 -0.50271 0.75066 0.69971 2.6991 0.53251 -1.7104 0.08115 0.34989 -0.30532 0.23465 1.3793 -0.38322 0.39473 1.2557 0.8169 1.0388 -1.5156 -0.62577 
bread -0.7437 1.002 1.4143 1.2084 -2.8599 1.8889 -2.1243 -0.69008 -2.4609 -2.2509 -0.93235 0.25533 1.6571 -0.05213 0.20418 -2.5427 0.15918 0.95195 -0.6085 -0.64909 -1.1907 0.022174 0.9165 -1.3744 1.1366 0.59234 -0.39941 -0.76273 -0.21496 0.67295 -0.8563 -0.063906 1.3791 -0.54623 1.4625 -1.3103 -0.21434 0.080262 1.4477 2.9153 -0.33031 0.83693 1.3931 0.92878 0.61145 -3.2576 -1.6005 1.3659 1.3265 -0.86082 -0.13905 2.5572 0.3023 -2.1493 2.0408 1.724 1.0476 -0.12335 -1.3856 -1.5934 -1.4663 -1.9487 1.2392 -0.5636 -0.74219 0.62046 0.52135 1.5173 2.7327 0.37384 0.28499 0.4363 1.2524 1.7666 -1.7636 0.37484 1.9176 2.2595 1.5371 0.013914 -1.4373 -0.30428 -0.45696 1.1638 -0.17142 2.4327 0.17499 0.2705 -2.3327 -1.2236 -0.67535 0.98301 2.0929 -0.88365 -0.8049 0.6184 1.3588 1.0121 -0.32534 -0.49559 
onion -1.0073 -1.3929 1.1147 0.90649 0.43676 0.64071 -0.98775 -1.3735 -2.432 0.18637 1.7884 0.40226 -0.22507 -0.68482 -0.44005 -1.5944 0.63894 1.8127 -1.1107 1.0159 -1.2602 -0.67896 1.8083 -0.23635 -1.446 -1.8509 -0.021039 -1.5106 -2.8322 1.9249 -1.6364 0.50813 -0.079732 0.7777 0.36906 0.85649 1.0935 0.71336 1.0165 1.6499 -1.014 0.89929 0.1511 -2.6224 0.2022 -1.0883 -0.2466 -1.7324 1.2671 -1.6809 0.34263 1.8713 0.23385 -0.12385 1.4341 -0.9228 -1.0704 0.97237 -0.96323 -1.278 -1.0565 -2.1051 -1.5886 -1.4026 -0.8285 -0.10769 0.40324 1.0904 2.0193 0.64021 0.0072241 -0.37004 0.70675 0.052362 -3.3225 -0.23177 0.49138 0.49376 0.58367 0.23478 -0.066852 -2.844 -0.32708 1.1002 0.99566 1.8211 1.708 -0.7808 0.83776 0.12212 -1.0572 2.214 -0.45573 0.58989 0.93312 0.29487 1.9648 1.0365 -1.0378 0.6563 
paint -0.026452 -0.31872 -3.8209 -1.7265 0.9924 0.14517 -1.823 -1.0391 -0.024665 0.068901 0.94419 0.14994 0.81086 0.72372 -2.0735 -1.9859 0.32567 -2.4035 -0.40567 2.8565 -0.44692 -0.10775 0.0076575 0.078748 -0.080262 -0.043369 0.48571 -0.50549 -0.099234 1.9099 -0.44016 -0.93403 -0.75743 0.27419 1.2505 -1.4497 -1.6465 0.09767 0.38477 -2.3171 0.92027 0.9389 0.4491 -0.8448 -0.63641 -0.85775 1.1886 -1.6794 1.5353 0.72967 2.6195 0.81082 1.3418 -0.77723 -0.22179 0.074638 1.0218 0.043311 -0.29888 -2.008 1.2157 -3.3117 -1.0424 2.1578 -0.08812 1.8334 2.3996 -0.30135 -0.41641 0.80153 -1.003 0.57618 -0.61101 0.3708 -0.95443 0.20494 -1.0215 -0.50749 0.81822 -0.79097 -0.4603 -1.3135 1.2253 1.9592 0.90198 0.74133 0.49411 -0.13602 -2.775 -0.88144 -0.9834 -0.49456 -0.72152 0.052631 0.91061 0.64699 -0.85412 -0.94594 -0.0055364 0.41354 
cinnamon 0.19317 -0.62111 0.17766 0.85002 -0.86483 0.36448 -0.0036326 -0.134 -0.93169 -0.85896 -0.05926 1.903 -0.30367 0.47744 -0.40406 -0.61509 -0.57183 0.40205 -0.73859 0.75739 -0.60995 -1.2726 1.1679 -0.67941 -0.88299 -0.29721 0.22922 -1.2089 -0.24697 -0.33808 0.084531 1.3032 -0.30755 0.69147 1.0428 -2.1367 -0.42408 1.1312 0.52409 1.9409 -0.81703 -0.77125 0.95322 -1.7759 0.69965 -2.4782 -0.26022 0.2257 -0.74302 -1.6215 -0.19808 1.5171 -0.6369 0.75535 1.0847 1.1906 -0.49892 0.26984 -0.18621 -0.76067 -0.14048 -0.9837 0.69071 -0.13979 -2.5754 1.6527 1.1754 1.4657 0.56293 -0.4501 0.096729 0.30487 0.47184 0.25784 0.11077 0.85336 -0.84975 1.071 -0.38133 -0.41434 -2.5586 -0.82333 0.68471 2.8627 0.31557 1.5252 -0.049767 1.792 0.36603 -0.52077 0.61915 0.66483 0.13145 0.76307 0.16455 -0.49891 1.6058 -0.12623 -0.45525 -0.97178 
egg -1.9472 -0.7911 1.9408 -0.14988 -1.614 1.703 -0.73173 -3.3225 -2.557 2.9617 -3.1974 2.363 -1.6554 0.16871 2.5625 0.40948 0.73358 -0.77788 0.62606 0.05016 -3.7261 1.1914 0.46973 1.4843 -2.9873 -0.58668 1.4282 -2.4685 -2.0981 4.7796 -2.6843 1.1488 1.965 -0.1104 2.3001 0.5821 2.1889 0.27937 0.62537 4.4077 -0.48347 -2.5338 3.6717 -1.6227 0.70582 0.11666 -1.8215 -1.9997 0.034722 -0.82948 1.0251 1.013 0.52919 -1.6886 1.8184 -2.7163 1.2747 0.6923 -0.73644 -0.43152 -0.59632 -1.1132 -1.8366 -3.5737 1.0656 -2.3623 -0.4094 2.9146 4.4269 0.29773 0.40797 -2.3097 1.7433 -2.9237 -2.3042 -1.004 3.6483 1.505 -0.047015 3.6189 -2.3538 -1.2869 0.1103 0.82942 0.24589 3.3819 2.7563 -0.21453 0.21191 1.3485 -0.3985 1.3293 1.4321 -0.24091 -0.059467 2.3419 -1.39 -0.27205 -1.8252 1.585 
mouse -1.3141 -2.0426 -2.7633 -1.4485 -1.6318 1.9133 -4.2088 1.755 -1.5039 -0.19226 -1.9721 0.65743 0.22572 -1.3539 0.018165 0.31744 1.2176 -3.0944 1.2588 -0.45491 -1.2828 0.17851 -0.83932 -0.65579 -0.0014271 -0.15213 1.6388 -0.32323 -0.89645 1.232 -1.1124 -0.20434 1.2775 -0.64828 1.4695 0.044643 1.4942 0.25435 -0.97591 -0.77763 -1.3245 -1.8052 1.3915 -1.6758 0.82193 0.14295 2.1345 -0.55504 -2.6161 -1.0165 0.60941 -0.10162 0.42542 1.3697 -0.29385 -0.9045 -0.8458 1.7316 1.2812 0.46439 -2.1515 3.7465 -2.5979 -1.2452 0.69722 0.85826 -0.84439 -1.638 -0.5355 0.54403 0.13959 1.2877 0.5122 1.4892 -0.97584 0.58698 1.1506 1.0467 2.7777 0.99781 -2.6169 -2.1612 -0.0949 0.093277 1.9797 1.5832 0.30451 -2.0464 -0.34427 -0.2159 -0.60748 0.53654 -2.6975 1.2607 -0.0084987 0.45795 0.30895 -0.7635 -1.3091 0.55919 
cologne 0.019448 0.45593 -1.0314 -0.71366 0.30908 0.44651 0.10229 -0.56547 -0.15963 -1.0175 1.0074 0.97962 0.36146 -1.3542 -0.0075336 -0.0039878 -1.3858 -0.94572 -0.30546 1.1156 1.5642 0.077327 -0.56181 -0.48138 0.43176 0.029447 0.97478 2.609 0.71535 1.9021 -0.77604 -0.10627 0.69516 1.0968 -0.67808 -0.3129 0.66405 0.32052 -1.6204 0.045338 -0.98998 0.60898 -0.027896 -2.2295 -0.52179 0.48748 -0.64443 -0.84166 0.48927 -0.90632 -0.096403 0.73058 -0.4395 -1.2039 0.30788 -0.29692 -0.44519 0.1801 -1.0468 0.03361 0.021531 -0.20608 0.99496 0.23347 -1.1474 0.91212 -0.62935 0.35231 0.1506 1.204 -0.53076 0.79158 0.5734 -0.7513 1.5844 1.1248 -0.86601 -0.8054 -1.2569 -0.12571 -0.97483 0.031706 0.93288 2.6806 0.63757 0.094422 -0.056575 -1.6554 -0.0055146 -0.72853 0.86165 -0.35883 0.56642 0.48639 -0.63129 -0.093458 0.88549 0.051747 0.62045 -0.00027039 
pine 1.1641 1.4976 0.7269 0.89568 -1.3068 -0.74484 1.6505 -1.2548 0.69966 -2.605 1.0447 0.76781 -0.73478 1.8943 -0.61454 1.8041 0.65833 0.61987 -0.20026 0.48308 -0.028539 0.056624 0.20437 -1.6785 -2.0806 0.43209 2.9539 -1.7247 -0.66148 2.6936 -1.7356 1.3598 -1.9508 1.5394 2.8589 -4.2155 -2.3257 1.6697 -0.34401 1.3673 -0.14914 -0.70287 0.070794 -1.0129 1.6382 -0.83397 -0.33127 -0.44335 -0.018766 -3.5348 -1.0215 1.6557 1.7949 -0.32601 -0.43488 0.46652 0.91095 0.33918 -0.2387 0.41793 1.6247 -0.92679 0.15029 2.5409 0.57749 2.0722 -0.99294 -0.32599 0.53029 0.63729 -1.3101 3.6399 1.5087 0.30427 0.93469 2.6685 -0.57111 1.7581 1.0456 -1.4518 -3.3912 -2.0739 0.6971 5.3564 0.27329 1.1309 1.7071 2.6705 -0.94938 -1.9721 1.1158 -0.29512 0.63856 1.3545 0.25307 -0.95732 0.8978 -1.1114 -1.6058 -0.56267 
incense 0.71732 1.3665 -2.0751 0.48885 -0.32801 1.0763 0.42964 0.43555 -0.3117 -1.3858 1.9846 1.221 -1.2003 -0.17638 -1.433 0.20349 -0.31414 -1.6211 0.087847 1.7112 -0.26497 -2.4425 -1.2736 -1.5662 -1.3212 0.793 -0.28733 -1.4271 -2.3286 1.0952 -3.1072 -0.43281 -1.1136 0.61649 0.13753 -1.4945 -1.9023 -0.63576 0.54192 0.16539 0.32174 1.0346 0.69975 -0.83617 0.028802 -1.0121 -0.067673 -1.5527 0.19539 0.24096 -0.63478 -0.21037 -0.24714 0.037493 -0.48399 -1.011 -0.65739 0.048492 0.15585 -0.952 -0.14236 -0.2042 -0.0048866 0.14968 -1.5334 2.0977 0.30199 1.5397 -0.75009 0.71523 -0.16981 1.3555 -0.0065483 0.9122 -0.71859 1.3371 -1.2724 0.38978 -1.6154 0.5382 -0.57998 -0.3192 1.5589 2.2143 0.71335 -0.37724 0.20753 2.2473 -0.81665 -0.062508 -0.39724 0.14391 -0.44287 0.92542 1.1146 -0.59242 0.079774 -0.41927 -0.027191 -0.78729 
honey -0.035546 -0.57518 0.50462 0.095452 -0.37548 1.2892 -0.42728 1.2061 -0.94055 0.07233 -0.28341 2.043 -0.084388 -0.5732 0.14845 0.75245 -0.94009 0.79299 -0.13982 1.5939 0.33265 -1.7532 -0.43916 0.76969 -1.5964 -0.064729 1.4591 0.63611 -1.2727 0.48061 -1.3016 0.95628 1.5099 1.6799 0.19925 -0.32319 1.5194 1.1385 0.66316 1.4027 1.2038 0.39486 -1.1755 -1.1263 -0.21596 -1.9382 -1.4102 -0.48653 -0.21506 -1.4892 -1.698 -0.036173 0.46931 -0.078648 1.4365 0.83386 -0.19767 0.17306 0.16347 0.58003 -0.0029785 -0.49236 1.4745 -0.087768 0.76424 1.4313 -1.6192 1.2936 -0.7364 0.74553 -0.4139 1.3832 -1.0822 0.30798 0.47429 1.2323 0.77741 2.6881 1.5669 -0.53933 -3.0878 -0.68808 2.0287 1.6996 -0.23781 1.4479 1.782 1.6834 -0.87019 0.22822 1.5717 0.29787 1.1699 0.012298 -0.42626 0.023313 0.82244 -0.0015377 -0.6292 -0.045745 
grass 0.12547 1.0783 -0.87515 1.0712 -0.70672 0.75761 0.1814 0.24984 0.64472 -0.19601 0.90016 1.0608 -0.62322 1.0887 -1.6914 0.41669 -0.44147 1.2526 1.2446 0.35923 -1.8827 0.95833 0.34025 -0.74544 -1.9559 0.040867 1.6595 -1.8583 0.12269 1.1723 -1.4949 1.6933 -0.0032527 0.13066 1.1439 0.38922 0.41073 0.61478 0.76178 1.4557 0.95328 0.55931 0.1501 2.6781 -0.069421 -1.5509 0.48121 -2.0027 1.3625 -2.3757 0.20748 0.77699 2.4246 -1.2576 -0.36396 0.089438 2.1872 0.055521 -2.2136 0.46041 -0.50329 -0.5882 -1.5276 0.3829 1.9153 2.1214 -0.33786 0.56636 0.027712 0.4883 -2.0747 1.1728 0.82836 0.17963 0.35399 1.7277 0.0096951 1.1509 0.85375 -0.74908 -1.1927 0.75622 0.98537 1.8082 0.74915 0.69319 0.67318 1.6111 -1.0913 -1.0724 -1.1893 0.18786 1.5975 0.049035 1.9988 -0.44638 1.3081 -0.40727 -0.13887 0.025556 
tobacco 0.051977 0.42416 -1.1147 -0.33543 1.6082 0.92928 -2.0636 -0.11587 0.26706 0.23086 0.37019 1.0183 0.62639 0.97488 -0.93445 -1.2307 -1.2428 -1.0401 -1.9857 1.2271 -0.4253 -1.9161 -0.98575 -1.5689 -1.5218 -1.5816 0.57061 0.18767 -0.78207 1.24 -0.0063908 -0.12282 -0.4962 0.53362 0.21131 -0.89118 0.049777 1.5111 0.23454 1.1553 0.33255 -0.0018772 0.99989 -1.4448 -1.1857 0.043004 -2.3077 -1.2136 -0.2248 -1.5589 -0.5866 0.72137 -0.3603 1.4241 -0.15484 -0.38566 -0.96915 0.041391 -0.67302 -0.19463 -0.42738 0.74775 2.0501 0.76612 -0.62788 1.5462 0.30512 1.0374 0.094055 0.96188 0.83012 0.74839 0.50258 -0.45161 -0.33998 0.63151 -0.35286 0.49581 0.3555 -0.82402 0.44815 0.34247 1.7524 1.9252 0.17537 1.1943 0.0097035 0.10043 -1.548 -0.60864 -0.54791 -0.2723 0.16863 0.80912 -0.082399 -1.8251 0.72059 0.20857 -0.16728 -0.66381 
vegetable -1.5035 -0.61991 0.55816 0.51255 -1.3699 2.2015 -1.8379 0.12223 -1.4172 1.2001 -0.0060703 -0.045625 -1.3362 0.039494 0.56831 -0.19369 -0.014173 0.13066 -0.61428 0.10966 -1.6362 -0.13247 0.51754 -0.27715 -0.9632 -0.49412 0.3032 -1.9217 0.64267 1.5057 -2.3787 -0.68179 0.47879 -0.090212 0.95843 0.3228 1.4834 0.15539 0.90279 0.46923 -0.20862 -0.27405 1.1769 -0.46777 -0.42093 -1.5054 0.095297 -1.1854 0.70956 -1.4905 -0.16137 0.2468 -0.32663 -0.56796 0.62389 -1.2963 -0.16531 0.6553 -0.9314 -0.80658 -0.53512 -1.8113 -0.20608 0.22738 -0.2403 0.69854 -0.60743 0.52582 1.3247 0.15056 0.92676 -1.365 1.3243 0.16614 -1.2208 2.0478 0.21948 1.4374 -0.71919 -1.0516 0.3127 -0.51661 0.62054 0.91593 0.42161 1.1256 2.0328 0.5993 0.66396 -0.35212 -0.15646 1.2411 0.27827 0.823 0.17605 -0.62553 0.4825 0.98129 -1.0625 0.33578 
mint -1.3958 -1.5493 -0.4213 0.30873 0.32532 -0.39685 0.82024 -0.1931 -2.2975 0.49474 1.902 1.5662 0.51988 2.5161 -1.8687 -0.52817 0.52021 0.47213 0.46424 1.0043 -1.1315 -0.66477 0.91126 -1.007 -1.5511 0.64981 0.99413 -0.17901 -1.827 1.3108 -0.7215 0.55105 0.90827 2.0246 0.52618 -0.42764 1.3694 1.6795 -0.082512 1.271 -0.12763 -1.3543 1.3667 -2.0798 -0.89543 -1.7096 0.89422 -1.189 0.26574 -2.1961 0.67784 2.1168 0.097926 -0.67395 0.52639 -0.48232 -0.43306 0.77589 0.065088 -0.90907 -0.011055 -0.75134 0.35057 1.8905 0.47906 0.68989 0.11083 -0.17979 -1.0078 -0.33557 0.48312 0.062811 1.8913 -0.041486 1.2454 1.5097 -1.1396 2.3519 1.4636 -1.5371 -4.8266 -0.97575 1.3619 5.1865 0.47819 1.9797 1.5929 0.72331 -1.4495 -0.38477 -0.40412 0.20698 -0.9713 -0.12901 1.2981 -0.31694 3.4295 0.0083814 -2.0057 -1.1804 
coconut -0.15248 -0.53869 0.45121 1.2643 -0.41431 1.0588 0.44592 -0.53147 -1.8566 0.38888 1.025 2.4088 0.61929 0.67553 1.3888 -0.022978 -0.32286 0.76032 -0.018058 -0.25313 -0.57661 -0.42803 0.61497 -0.018468 -0.73586 0.26565 0.92788 -0.12356 -0.99228 1.5178 -1.9356 0.64972 1.0533 1.2732 -0.067754 -0.83835 1.2111 0.62472 0.49441 0.97923 0.067109 -1.0109 0.0063112 -1.4776 0.19767 -0.71489 0.3427 -0.84874 0.82792 -0.53741 -0.61329 0.87488 -0.038722 -1.0761 1.9602 -0.7564 -0.31076 0.16797 -1.9103 -0.46239 0.63262 -2.4073 0.46092 1.3882 -0.66237 0.42411 -0.43689 -0.67924 1.0041 -0.70692 -0.061797 0.087549 -0.59067 -1.3156 0.5082 0.92671 -0.99836 2.1802 0.43538 -0.50257 -3.0274 0.22537 1.4026 2.6602 0.2042 1.863 1.7097 2.2632 0.036139 0.70811 0.94036 0.448 1.6081 1.0754 0.00079778 0.50323 0.38743 -0.45445 -0.2484 -1.0926 
weed -0.046957 0.30487 0.18257 -0.7275 0.43359 1.0761 -1.1784 -0.92813 -0.40074 0.76786 3.1467 0.59656 0.20728 -1.2553 -0.019856 0.055982 0.047613 -0.16129 0.7603 1.2306 0.017517 0.41436 -0.69807 -0.097867 -1.8726 -0.97908 0.8569 -0.64397 -0.60242 0.71977 0.55971 0.33754 -0.80696 0.41324 -0.59926 -0.37705 0.34496 0.6007 0.060549 -0.26844 -1.5764 1.7162 0.69341 1.1904 -2.3492 0.29007 0.37489 -2.4621 1.3059 -2.3351 1.5363 -0.73427 -0.75035 -0.50211 -0.084094 -1.1005 0.74442 0.87913 -0.38796 0.94712 0.383 0.32068 -0.48204 -1.4058 1.021 0.11081 -0.7701 2.9726 0.87629 -1.4431 0.53892 0.85371 -0.48179 0.11291 -2.1116 1.211 0.86296 0.51656 1.3769 -0.1419 -1.0514 0.76061 0.29626 3.5758 -0.047899 1.6023 0.60856 -0.45293 -1.0747 -0.66695 -1.3125 0.072077 1.7421 0.92059 0.89058 -1.0589 0.40418 -0.65779 -1.2971 0.29164 
cherry -0.51474 -0.86092 1.1502 -0.11612 -0.86393 2.2927 -1.3288 0.29871 -1.0519 -0.3121 1.0403 0.79435 0.98814 -0.20201 -0.52462 0.41414 0.74473 0.61896 -0.79253 0.98131 0.93906 -1.9872 -1.274 1.2978 -2.4219 -2.1113 0.89794 -0.53761 1.2125 0.3334 -1.0372 1.376 -0.16534 0.98321 1.6685 -1.2653 1.4015 1.4329 1.4496 1.437 -0.33053 -0.86083 -0.29749 -2.278 -0.63275 -2.8411 -2.0555 0.59606 -0.43877 -1.4015 -1.282 0.8827 0.80612 0.6345 -0.33439 0.040722 -0.39924 -0.19372 1.2575 -0.33014 -0.1749 -2.0206 0.6818 2.2222 -0.38775 0.63309 0.55065 0.30872 -0.41811 -0.7801 -0.66919 1.8761 0.90319 0.34597 1.8313 1.374 0.83406 2.148 1.3848 -1.4904 -1.9361 -0.15634 1.9389 2.0753 -0.82086 1.5522 0.53787 -0.02073 -0.58026 -1.3663 3.2785 -0.39509 0.93479 -0.7609 0.25106 -0.073343 2.1342 1.543 -0.73881 -0.61137 
grape 1.4416 -0.6729 1.7087 -0.83091 -1.5714 1.3683 -1.1493 0.54668 -0.81524 -0.016465 -0.43456 0.79452 -1.2588 -0.57879 -1.8798 -0.99072 -0.86414 1.0991 -0.70813 -0.37124 -0.78845 -0.71935 0.025179 2.3881 -1.5904 -0.22722 1.6961 -0.60883 1.0069 0.8543 -2.3708 1.1909 0.38586 1.2376 1.8085 -0.65077 0.90435 2.0589 0.96036 2.8782 0.13581 0.77528 0.0075764 -2.1244 -2.0506 0.28561 0.041369 -0.67021 1.0221 -2.4639 -1.0876 1.4328 -0.28441 -0.19666 0.43142 -1.8986 0.61638 0.25434 -0.058537 0.94895 -0.66033 -2.2167 -1.0114 -0.57305 0.56687 0.39744 -0.61797 0.66516 -0.5827 -0.41725 -1.125 1.4019 -0.15314 -0.49286 0.84152 1.1892 1.5081 2.3359 1.4679 -2.4306 -0.87142 -0.33142 1.5727 0.48472 1.325 1.7212 1.2385 0.72673 -0.2585 0.00091809 1.2897 -1.8452 -0.58082 1.0457 -0.75599 -1.1256 2.6091 0.27757 -1.3287 1.0564 
ammonia -0.12083 -0.41017 0.10148 -1.6036 -0.24335 0.065662 -0.10316 -1.4249 -0.32283 -0.46243 0.34325 0.32652 0.12412 -0.33982 -0.30678 0.025207 0.24521 -1.5381 0.83508 1.8827 -0.73804 -0.060064 0.91942 -1.5686 -0.70058 -0.48541 1.1162 -0.6303 -1.0632 1.3936 0.19524 0.79531 -0.74725 0.60366 -1.0519 0.21317 0.21553 -0.29162 -0.66563 -0.0019208 -0.70645 0.62981 1.3374 -2.345 -0.27793 -1.0653 0.075741 -0.52317 0.58342 0.050029 -1.0644 -0.39492 1.1925 -0.12477 -0.1431 -1.6725 -0.54574 1.5419 -0.68465 0.73942 0.63445 -0.35016 0.4614 -0.010669 0.95679 0.16604 0.333 -0.11529 -0.1978 -0.72387 0.81065 -1.6623 0.43116 0.9234 -2.0828 0.82857 -0.77872 0.81877 0.86579 0.29361 -0.85602 -1.0503 0.36977 0.86779 -0.27221 -0.17774 1.1159 -0.72129 0.12279 -0.40274 -1.3082 -0.54806 0.43792 -0.016521 1.0372 -0.046091 -1.4661 -0.33444 -2.6263 -0.281 
vinegar 1.3233 -0.0092948 0.64619 -1.3666 0.2698 0.413 -0.22683 -1.4441 -0.57922 0.85525 -0.69496 0.96266 -0.3337 -0.078488 -0.23051 0.11009 0.11186 -0.52986 -0.88614 0.14528 -1.6501 -0.42208 2.2284 -0.47405 0.074347 -0.59551 0.22289 0.1357 -0.3173 1.3494 -0.38123 0.26765 0.097746 1.0629 0.65361 0.17754 1.54 1.198 -1.3811 0.85493 -1.1559 0.43216 0.30891 -1.3351 0.27346 0.24122 0.32656 -1.2605 0.93356 -0.87178 0.013106 1.4107 0.33831 0.056913 1.5377 -1.404 -0.54816 0.12981 0.05003 0.41399 1.3768 0.15055 -0.2935 0.31388 -0.59879 -0.86512 0.35989 0.32873 0.009853 0.22979 0.90458 0.1786 -0.68444 -1.3316 -1.1399 0.34387 -0.54593 2.1277 0.36725 0.42061 -2.3958 -1.3386 -0.16696 1.619 -0.88794 1.7483 2.3099 -0.022578 -0.23529 -1.22 -1.4066 -0.90177 0.25914 0.43075 2.0049 -0.19728 1.1088 0.020529 -0.7589 -0.19657 
peach -0.10707 -0.68474 1.6354 1.5651 -0.32568 1.0551 0.29734 0.37331 -1.8744 -0.19376 0.23212 1.0759 -0.28481 -0.099663 -0.9603 -0.15496 -0.44075 2.395 -0.33072 -0.29173 1.4445 -1.1289 -0.27876 0.36241 -2.5694 -1.1025 1.6803 0.96296 0.77973 1.4542 -2.2953 2.386 0.53649 1.2387 0.63371 -1.138 1.7479 0.44144 0.94144 2.4187 1.2255 -0.1381 0.37774 -2.395 0.41962 -1.392 -1.0314 -0.88968 -0.31187 -3.3778 -1.8336 0.15029 0.26707 -0.44435 0.042428 0.11731 -0.41663 -0.44131 0.029612 0.93657 0.25909 -1.7432 0.68814 1.5698 0.83066 -0.23004 -0.069121 -1.441 -0.90929 -0.058887 -0.2607 0.10697 0.13157 0.7482 1.5875 0.89705 0.67916 0.82647 -0.21091 -1.7239 -2.817 -0.65746 1.2412 1.4709 0.68774 1.4434 0.14934 1.8591 -1.1844 -0.61149 2.4085 -1.0435 0.98707 -0.98728 1.0708 1.6515 0.4182 0.027151 -0.58929 -0.34405 
rubber 1.5235 0.36468 -1.4179 -1.1048 0.42251 1.1559 -2.1935 -0.88853 0.5651 -0.081874 0.47491 -0.051574 -0.45279 -0.51062 -0.86766 0.083482 0.62437 -1.5249 0.12591 0.69482 0.36328 0.54087 -2.1108 -1.321 -1.9075 -0.81808 0.19556 -2.2868 -0.26012 1.729 0.084631 1.0648 -1.5622 0.38712 0.63062 -0.57173 -1.9294 0.85932 -0.64691 -0.79466 -0.37687 -0.20681 0.58758 0.028944 0.055521 -0.31079 -1.5353 -1.2386 1.621 0.47235 0.17401 1.1285 0.78842 -0.50557 0.98037 0.40422 0.18832 1.3354 -0.48997 -0.21646 0.78979 -1.128 -1.2357 1.295 0.73944 0.78978 1.4616 1.2564 0.39125 0.85509 -0.37066 2.1914 -1.7271 0.58967 -2.0409 0.48569 -1.6153 1.4734 0.41777 1.1771 -0.68893 0.094056 0.35395 2.0444 -0.10073 0.44234 1.4609 1.8429 -0.0096043 -0.94549 -1.9295 0.5051 0.43026 0.06816 1.2031 -0.93256 -0.61174 -0.30642 0.17628 0.091329 
grapefruit 0.88222 -0.74965 1.2499 0.20652 -0.44976 0.53274 -0.2757 0.64998 -1.357 -0.47739 0.58471 1.2365 -0.76561 -0.53295 -1.3315 0.34309 -0.23429 1.0887 -0.076965 -0.84253 1.018 -0.48961 -0.21144 0.75647 -1.8182 -0.43819 0.99388 0.52239 0.069626 0.45953 -0.60532 1.114 -0.62686 1.4252 0.12789 -0.49131 1.3617 1.356 0.49961 1.5561 -0.37964 0.10302 0.46433 -1.0392 -0.84142 -0.82787 -0.45674 -1.1354 -0.31457 -2.5509 -1.5411 0.49159 -0.10295 -0.12469 0.51761 -1.0629 -0.65951 -0.28826 -0.1121 0.28081 0.16952 -1.6055 0.26268 1.1839 0.21986 0.67307 -0.47404 -1.1587 -0.86094 0.56887 0.17058 0.11849 0.32717 0.034757 1.4854 1.0891 -0.70679 1.6621 1.1809 -1.697 -2.2099 -0.66921 1.7607 1.9199 0.93503 1.926 0.76569 0.53408 -0.55569 -0.03384 1.0891 -0.56022 -0.81608 0.69356 -0.12795 0.20554 2.4102 0.11739 -1.3895 0.37712 
berry -0.71943 -1.259 1.4343 1.0193 -0.30245 1.4762 -1.5845 0.56348 -1.3036 -0.4332 2.2681 0.41401 0.31086 -0.72865 -0.34806 -0.10826 1.599 0.80874 -0.90094 1.3621 2.1143 -2.3543 -1.3334 0.84956 -3.3089 -1.7618 1.7845 -0.09547 1.5649 0.50863 -0.54026 1.9021 0.43407 1.4623 2.067 -1.0783 0.95587 1.3927 2.2936 1.5553 -0.20241 -0.99418 0.44732 -1.5678 -2.5238 -1.9058 -2.1137 -0.10831 -0.49187 -2.5514 -2.0126 0.35912 -0.44356 0.080486 -0.51912 1.0888 -0.98784 -0.7401 1.7498 0.11707 -1.2028 -2.1987 0.095191 1.4289 -0.94535 1.5761 -0.26989 -0.12151 -0.88567 -0.95375 -0.43113 1.4178 1.1435 -0.45358 1.5878 2.1971 1.328 1.9576 0.88837 -1.7798 -2.9823 0.016491 2.0749 2.4504 -0.048831 1.6027 0.016381 1.0368 -0.003619 -0.11039 2.9956 -0.58175 1.0179 -0.60936 0.36439 -0.71392 2.4091 0.52439 -0.3796 -0.04395 
strawberry -0.37063 -0.47207 1.0372 0.39862 -0.63634 1.3849 -1.0999 0.042781 -1.3569 0.13278 1.0294 1.1447 0.2183 -0.2336 -0.342 -0.17236 0.51315 0.68245 0.12929 0.80624 0.90221 -1.4243 -0.68571 0.3753 -1.0203 -0.52003 0.89578 0.53528 0.78125 0.72913 -0.42001 0.62113 0.81482 0.28914 1.165 -1.1113 1.032 0.67723 0.7789 0.60287 -0.244 -0.83393 0.14197 -0.96784 -1.1226 -1.5874 -0.51674 -0.62887 -0.97024 -1.4789 -0.91619 0.88892 0.014947 -0.32391 0.46051 0.82863 -0.19049 -0.087624 0.58173 -0.8701 -0.80695 -0.95149 0.036429 0.66723 -0.029795 0.26149 -0.43679 0.085083 -0.36871 -0.48836 0.096891 0.66604 0.13402 -0.40399 0.77686 0.90077 -0.04685 0.6374 1.0517 -1.3723 -1.7309 -0.71342 0.62387 1.8563 0.15727 1.6525 1.3124 0.82886 -0.58312 -0.47649 1.5844 -0.20503 0.58023 -0.056218 0.17037 -0.53194 0.48174 0.06238 -1.1944 -0.2781 
manure -0.23083 0.66378 -0.4935 -0.053278 -1.2737 2.3157 -1.8563 -0.40712 -1.0752 0.45638 0.60047 0.032579 -0.53369 0.0032063 0.46747 1.0189 -0.49273 1.1775 1.0567 0.014443 -1.766 0.17735 0.60652 -1.0082 -1.2081 -0.16719 0.85863 -0.44142 -0.43424 1.7201 -1.3636 0.35007 -0.78611 -0.098679 0.92517 1.1149 0.26904 0.93658 -1.1289 -1.4465 -2.1364 -0.022126 0.7412 0.51872 -1.9951 -0.49251 -0.59804 -1.5651 1.9207 -1.1635 -0.5515 0.34972 0.78342 1.3704 1.1276 -2.2083 1.3918 1.1637 -0.87162 -0.69013 0.1099 -0.11796 0.10875 -0.64992 1.0394 1.4676 0.72718 0.49461 0.34156 -0.23735 -0.98443 -1.4306 -0.028668 0.75849 -2.236 0.96329 1.2685 0.13303 0.79621 0.57365 0.40207 0.59119 -0.46776 1.2443 -0.63076 0.95299 0.076922 1.9944 -0.99898 -0.39693 0.21348 1.0091 1.0233 0.44106 1.132 -1.349 -1.0726 0.88584 -0.44446 -0.31426 
clove -0.60211 -0.048584 -0.89598 -0.89908 0.49869 1.1104 -0.037149 -1.0866 -1.4965 -0.61291 0.38311 1.7096 -0.28375 -0.072211 -1.7999 -0.2222 -0.46389 0.45708 -0.89077 1.4089 -1.0095 -1.0323 -0.10234 -0.82973 -2.2712 0.73323 2.3246 -1.3368 -0.55351 1.589 -1.3418 1.163 -0.12515 0.23622 0.6057 -1.0368 0.43641 0.88382 0.077573 2.3863 0.58233 -0.30784 0.72979 -1.3769 0.28557 -1.6708 0.449 -0.22026 -0.56289 -1.6977 -0.10731 2.0885 0.27944 0.41966 0.49207 -0.49834 -0.20254 0.57615 0.62663 -0.93898 -0.61794 -1.8014 0.42403 0.51057 -1.2703 0.32355 0.39907 2.0605 0.13612 0.081404 -0.011948 0.94999 0.56427 0.23905 -0.32255 1.303 -1.5401 1.2089 0.16734 -0.89535 -2.7076 -1.3242 1.4616 2.9258 0.084447 1.2199 1.4155 0.73564 -0.1739 -1.2586 0.4253 0.71116 0.096431 -0.302 1.1397 -0.64707 3.3299 -0.15355 0.56619 -1.209 
cedar 1.0995 0.61753 -1.33 0.44801 -0.43566 -1.0179 0.40333 1.2189 -0.95657 -2.0345 1.5699 1.2412 -1.4642 2.353 -1.5296 1.2025 -0.26704 -0.25715 -1.0696 0.88715 0.22606 -1.3442 -0.79413 0.67041 -2.1779 -0.95156 2.6876 -1.5804 0.12968 1.202 -0.46274 0.46286 -0.96564 2.1903 1.7046 -0.88068 -1.3802 0.55281 0.026883 1.3344 0.50385 -0.22596 1.5378 -0.7174 0.38298 0.32369 0.4347 -0.1476 -0.43224 -1.4672 -1.1448 0.70184 1.5737 0.39424 0.15623 0.1223 -0.051405 -0.61024 0.26057 -0.020205 0.47807 -1.1263 1.3558 3.129 -0.1459 1.8297 -0.40328 0.11193 -0.089017 0.74109 -0.8299 1.8921 0.32656 -0.72195 0.39826 1.0591 -1.2921 1.7094 -0.043006 -0.65099 -2.5925 1.2323 2.289 4.3564 0.74341 0.34578 -0.47155 1.5856 -0.37818 -0.35577 -0.12743 -1.3285 -0.093739 0.046036 0.0099053 0.59903 1.8739 -0.15739 0.24341 -0.7965 
gasoline 1.1785 -0.16364 0.87083 -1.2151 0.40084 0.38839 -0.82266 0.042755 0.57858 0.25008 0.70707 -0.22005 0.35416 -0.80533 -0.42467 -0.34724 0.44723 -1.7246 1.0236 0.85308 -0.1105 -0.50588 0.41174 -1.3053 -1.1585 -0.43581 1.0616 -0.29968 0.039281 1.0635 1.2102 1.3816 -0.84928 1.1574 0.32557 0.052331 -0.75641 0.53098 -1.2708 0.14123 -0.74115 0.15597 0.32065 -0.7583 -0.12318 -0.092432 -1.623 -0.86052 0.83816 0.019128 -0.56577 -0.29474 0.35807 -1.5121 0.56305 -0.7057 -0.42089 0.53975 -0.096064 1.0261 1.4514 -0.69353 0.51103 0.48973 0.22527 0.15763 1.6374 1.419 -1.0423 0.29198 -0.30888 1.3472 -0.16198 0.51519 -1.7227 0.97917 0.062578 0.82072 -0.70826 -0.41597 -0.42079 -0.22729 0.084082 2.1746 0.39531 -0.045733 1.1834 -0.26039 0.08528 -0.68891 -0.63598 -1.2131 0.38889 0.24452 -0.31026 -0.46725 -1.341 -1.3184 -0.33555 0.3486 
oak 2.6009 -0.69531 -1.7875 1.147 -0.59468 0.60843 -1.5078 1.3223 -1.3078 -1.9546 -0.61581 0.40112 -2.2264 3.1691 -1.7482 0.62074 -1.8557 -0.29484 -2.4537 0.6875 -0.13507 -1.6899 -0.92127 0.95952 -2.9427 -1.2536 1.7982 -1.4532 1.4999 0.42489 -0.90331 0.50512 -0.016435 1.9864 2.7781 -1.0647 0.26815 2.8703 2.5629 2.4636 0.0065706 -1.1679 1.3083 -0.96689 1.2756 -1.4459 -1.9851 0.35028 0.93044 -2.2607 -3.6501 0.63144 1.8956 1.8417 0.5449 -2.7507 1.8234 -0.59007 -1.1813 1.411 0.075377 -3.7531 1.173 4.0246 -0.32778 0.36857 -1.2589 1.1871 -0.79105 0.73151 -1.1797 4.1572 -0.032702 -0.6966 0.18305 1.9756 0.67093 3.2761 1.6193 -1.3 -2.9078 -1.5407 1.6004 0.82428 -0.54044 1.0738 1.3091 0.5594 0.91398 -1.7707 2.6244 -3.577 -0.51712 -0.28898 -0.19769 -0.10008 4.0364 -1.0084 0.91633 -1.2117 
pear -0.9548 0.012674 0.82647 0.064861 -1.2989 0.5971 0.50861 0.52988 -1.8119 -0.34958 1.1581 0.077643 -1.0915 -0.0005607 -0.96923 -1.2086 -0.47989 1.0702 0.23539 1.6513 1.5564 -2.0265 -0.59279 0.033586 -2.2863 -1.4689 2.5076 0.80988 0.4312 1.8791 -1.484 3.2254 1.3478 0.89697 -0.37563 -1.3214 1.6666 1.9112 1.7806 1.805 0.098046 -0.86567 0.58764 -1.7961 1.022 -2.2874 -1.0176 -0.38412 -0.87996 -3.8743 -0.75431 0.59724 0.89745 -0.029896 0.17535 0.33875 0.099253 0.36574 1.1254 1.082 -0.9988 -3.1419 0.31933 2.5401 1.9671 0.7495 0.35179 -0.56058 -0.17372 -0.55072 -1.4306 1.6246 0.55277 -0.074849 1.5859 2.8545 0.12446 1.8091 0.015246 -2.0699 -2.4435 -1.3525 2.1057 1.3742 1.369 2.1733 0.76534 0.84414 -1.4318 -0.33768 2.099 -1.4328 1.3948 -1.0818 1.8161 1.6461 2.5219 -0.32255 0.71947 -0.13305 
banana -0.14154 0.042381 0.18655 -0.42762 -0.99852 1.0361 -1.2637 -1.1077 -1.2689 0.24569 0.34911 1.6809 0.1702 0.063043 0.81826 -0.2458 -0.04845 0.9406 -0.10946 0.55849 -0.76088 -1.1945 -0.63348 0.10305 -0.74447 -2.2338 -0.4122 0.49687 -0.55469 0.13564 -1.5369 0.9012 0.32403 -0.051358 1.2559 -0.77973 1.1196 1.303 -0.68354 1.6417 0.57125 -0.78731 0.685 0.063316 -0.19104 -0.53918 0.10028 -0.62545 -0.48256 -1.2527 -0.7623 1.0831 0.19874 -1.249 0.73279 -1.1404 -0.32698 -0.079137 0.23147 -0.72222 -0.3496 -1.1067 0.068632 -0.28981 -0.043614 -0.28251 0.56415 -0.26734 0.72062 -1.0191 0.36384 -0.13408 -0.51978 0.95292 0.20307 1.2987 0.77738 1.5463 0.69556 -0.56388 -0.95381 -0.30387 1.0947 2.4882 0.41109 1.49 0.477 0.28495 -0.96672 0.34311 0.31226 0.64143 1.4056 0.049038 -0.30779 -0.28265 1.1753 0.16488 -1.7288 0.98819 
popcorn -0.24285 0.5032 -0.45411 1.3003 -0.61233 1.2999 -1.7277 -1.1329 1.0392 1.437 -0.10064 0.048175 0.56523 0.013696 -1.7147 0.022533 0.14118 -1.9327 -1.6659 0.37215 -0.93452 -1.645 0.16439 -0.7169 -1.0148 -0.44986 -0.45214 -0.81338 -1.3746 1.6178 0.080598 0.96394 -0.23486 -1.5752 0.74774 -2.4986 -0.032517 -0.33566 -0.13815 2.4394 -0.62307 0.4401 1.2 1.2487 1.0413 0.12147 0.08566 0.81173 0.097697 -0.30882 0.7447 1.4782 0.75369 -0.41803 -0.11298 0.91114 0.17772 -0.33897 -0.43201 -0.32165 -0.95945 -1.2203 0.60218 0.71118 -1.871 -0.034594 -0.68125 0.46645 0.79681 0.75701 1.3199 0.74586 -0.59199 0.4172 0.37895 -0.038112 0.49018 1.3431 0.040434 0.39158 -1.1893 -1.3396 -0.57137 2.0242 1.5896 0.77739 1.3313 -0.39378 -1.5123 -0.50802 -0.929 0.83709 1.805 -1.566 -0.33677 0.6143 -0.38982 -0.096571 0.0035317 -0.0014904 
caramel -0.11442 -0.85637 -0.20381 -1.0279 -0.25911 1.3139 -0.83547 0.021549 -1.4473 -0.14309 0.51293 1.5944 0.3798 0.31953 0.4575 -0.74489 -0.99016 -0.14326 -2.2596 0.82932 0.20575 -1.7961 -0.53847 -0.087706 -2.1569 -1.3645 1.3767 -0.65728 -0.31497 0.18981 -0.36789 2.4357 0.18205 0.60168 1.8587 -1.9646 1.0802 0.58591 -0.097674 1.9416 0.22034 -0.72116 1.1817 -1.702 0.71148 -1.4245 -0.92419 0.13471 0.29597 -0.3547 -1.4937 0.9418 -0.26345 0.26013 1.0819 -0.17626 -0.22925 -0.20797 -0.99877 0.27764 0.28765 -1.9988 1.9159 1.5074 -0.57303 0.13287 0.91957 -0.078316 1.5296 -0.53876 -0.42441 1.3897 -0.71923 -0.11544 0.58625 0.60432 0.83403 2.2813 1.2531 -1.0349 -2.2923 -0.85349 0.56031 0.97136 0.78246 0.89709 1.1643 1.8277 0.11821 -0.73273 0.72186 -0.45741 1.6701 -1.2959 -0.46812 1.2496 1.4024 -0.10185 -0.71053 -1.0194 
eucalyptus 0.564 0.48834 -0.3085 0.84804 -0.4194 -0.91881 0.72165 0.0073864 -0.21439 -0.34439 1.4819 1.0093 -0.17259 0.76659 -0.7971 0.13533 0.20271 -0.065244 0.87828 0.17975 -0.39666 -0.43586 0.15141 -0.27453 -0.42855 0.52099 1.1647 -0.45593 -1.0148 0.84116 -0.30622 0.35659 0.11768 1.5891 0.78334 -0.33698 -0.18762 0.34607 -0.7328 0.74501 -0.12986 0.14152 0.30956 -0.86068 0.12077 -1.4202 0.51646 -0.53951 -0.26685 -1.1977 -0.4279 0.75957 0.76486 -0.77596 -0.44172 0.2593 -0.59412 0.10701 0.018018 -0.62723 1.0359 0.22297 -0.16988 0.13454 0.069215 0.74234 -0.79662 -0.35834 -0.80106 0.17344 0.058485 0.92095 0.7738 0.12438 0.68459 0.0085245 -2.0063 1.4939 -0.23298 -0.39595 -1.9665 -0.75327 1.4135 2.7765 0.15488 0.36167 0.90053 1.1495 -0.3672 0.055022 -0.19284 0.29279 -0.65888 0.83082 0.67336 -0.21318 1.1073 -0.83138 -0.54692 -1.2429 
bakery 0.53465 0.68512 -0.048093 1.8574 -3.0914 2.3938 -1.5357 -0.44406 0.67189 0.33047 -0.12009 -0.7068 1.0938 0.28826 0.71442 -0.45062 -0.2768 0.47359 -0.39531 0.42193 -0.98138 -0.2932 0.23627 0.45893 0.034619 0.58863 -1.2442 0.92258 0.85147 0.38 -1.11 -1.1997 0.90015 -0.098466 1.3651 -2.2275 -0.79001 -1.3814 -0.16507 0.77468 0.51218 -0.44672 1.5858 -0.70076 0.37351 -1.8316 -0.98731 1.3991 -0.1591 -0.64472 -0.73403 0.73023 -0.74441 -1.0444 0.28079 1.6963 1.3006 -0.017627 -1.2936 -1.4705 0.0059192 -1.7674 1.9496 0.16902 -2.6084 1.0899 1.0613 0.67088 0.83511 -0.90939 -0.93757 -0.11578 0.32594 1.1648 -1.3287 1.2461 1.8854 1.1397 0.43733 0.82713 -1.3077 0.5382 -1.9742 2.6553 -1.0611 0.69348 -0.59311 1.0335 -1.746 -0.80088 -0.56066 0.24875 1.6972 -1.508 -0.37792 0.11067 0.43373 1.5971 -0.15107 -0.70759 
peppermint -0.0091684 -0.56825 -0.12679 0.31736 0.1355 0.30775 0.34517 0.67881 -0.60662 -0.48403 1.1278 1.3473 -0.3867 0.86321 -0.7014 -0.16533 0.44327 0.016988 1.0842 0.6282 -0.41779 -1.0134 0.60144 -1.1363 -0.70317 0.27696 0.71765 -0.02516 -1.4222 0.19213 -0.18448 0.76944 -0.21658 1.2122 0.29439 -0.86024 -0.087837 1.3478 -0.034401 0.66126 -0.56006 -1.3431 0.12633 -1.5308 -0.27471 -1.4308 0.74748 -0.77129 -1.1944 -1.6517 -0.1836 0.68065 0.031499 -0.16016 0.35182 0.18463 -1.1741 1.3807 0.44189 -1.0447 -0.17866 -0.079613 -0.14358 0.83438 -0.14778 0.043287 0.49178 -0.35527 -0.15077 -0.1984 0.15614 -0.55296 0.77571 0.065451 0.15151 0.6025 -0.7471 1.0752 0.2973 -1.2498 -2.3453 -1.1899 0.47732 2.6993 0.10077 1.2422 1.0371 0.41611 -0.1598 -0.66089 -0.37471 0.54464 -1.5515 1.2845 0.55845 0.060004 1.7769 -0.48562 -1.5519 -1.3475 
mushroom -1.1203 -0.2728 -0.25077 0.17025 -1.5515 0.89437 -1.0431 -0.1703 -1.5556 0.37196 -0.26826 0.89289 -0.9191 0.78718 -0.97838 -1.0368 0.0081758 -0.68148 -1.0501 0.21816 -1.8937 -0.99371 0.0036913 0.86789 -1.6712 -0.1868 1.7094 -1.0238 -0.18148 0.83061 -1.5734 0.10597 0.48129 -0.41709 0.3958 -0.26929 -0.28009 0.045747 0.19631 0.33164 -0.28652 0.83609 0.17899 -0.58153 0.44048 0.385 0.18528 -1.1884 0.60577 -0.53528 -1.1312 0.0043657 -0.41165 1.0344 0.39031 -1.6026 0.64257 0.1926 0.44702 0.0072008 -1.3123 -1.4928 0.54266 0.59795 -0.52158 -0.6453 0.063392 0.88291 -0.21883 -0.36502 0.39749 -0.91526 0.27917 0.27105 -0.77361 0.86863 1.8166 1.6113 -0.32522 -0.90454 -0.14664 -0.9758 0.47828 1.8148 0.8251 1.4144 0.047289 0.011643 -0.5658 -0.28584 0.085328 -0.06385 0.15063 0.63724 0.80103 0.37766 0.42249 0.70439 -0.85603 0.54112 
raspberry -0.44622 -0.89749 0.61598 0.022899 -0.22797 0.68417 -0.71357 0.15172 -1.7263 -0.3016 1.0641 0.39661 0.073527 -0.57187 -0.17134 -0.2303 0.538 -0.019387 -0.59673 1.2083 1.0183 -2.1555 -0.21759 0.80983 -1.8777 -1.1718 1.6906 -0.32067 0.16787 0.37963 -0.41196 1.8267 0.020628 1.1012 1.3111 -0.87891 0.85664 1.3432 1.1027 1.6489 -0.17505 -1.0249 0.076139 -1.3184 -0.93313 -1.494 -1.1156 -0.21401 -0.36559 -1.4207 -1.7592 0.62976 0.28634 0.17185 0.03349 0.20146 -0.77551 -0.40104 0.85266 0.12812 -0.43598 -1.8494 0.065713 1.279 -0.048952 0.77787 -0.18784 -0.08794 -0.9696 -0.54895 0.44271 0.55776 -0.14221 0.035507 1.5268 0.84082 0.30091 1.8529 1.1292 -1.1457 -1.913 0.040941 1.2096 1.5676 0.55953 1.3923 0.35165 1.422 -0.0071918 -0.12487 1.6568 -0.55604 0.95439 -0.47076 -0.16475 0.72985 1.332 0.54948 -0.41124 -0.39708 
almond -1.1734 -1.2203 0.15995 0.7445 -0.55096 0.74341 0.30097 0.051173 -0.94159 0.4179 0.79926 1.6763 -0.37225 0.60223 0.53579 -0.4982 0.14872 0.43611 -0.1851 -0.2029 -0.26419 -1.7955 0.17967 -0.99901 -1.3297 0.082767 1.3366 -0.02122 -1.129 0.1151 -1.3032 1.6257 0.98428 1.4138 1.0539 -1.3262 0.43998 0.48814 0.36324 1.2706 0.30529 -0.35696 0.33136 -1.6794 0.019265 -1.2932 -0.79343 -0.33173 -0.5323 -0.58882 -0.97941 0.76935 0.56659 -1.0708 1.0378 -1.3123 -0.12578 0.34425 0.49682 -0.15501 -0.34555 -2.1691 0.53085 0.30974 0.65534 0.38655 -0.56111 0.43464 0.50434 -0.27482 0.56461 0.95492 -0.50312 -0.013112 -0.2314 1.5062 -0.46268 1.9604 1.3028 -0.2013 -3.2315 0.616 2.1021 1.9584 0.24116 0.65213 0.24826 0.55129 -0.30735 -0.13182 0.52006 -0.27182 0.78793 -0.12713 -0.27474 0.42428 0.98348 -1.0291 -1.2825 -0.50907 
violet -0.9684 0.13018 -0.21962 -0.061517 0.36117 0.26395 0.63372 0.015702 -1.0611 -0.57261 0.34977 0.98412 -0.65189 0.075271 -1.101 0.12329 -0.5864 -0.51395 -0.11248 1.4347 1.2623 -1.3976 -1.3596 1.1511 -1.8324 -0.29285 0.5179 -0.24349 -0.53258 -0.30406 -1.5676 0.83142 0.44372 1.6787 1.1511 -0.85589 0.41619 1.068 -0.49071 0.97722 0.87345 0.67223 0.83998 -1.7162 0.46511 -0.80397 -0.72263 -1.2499 -0.30926 -2.1732 -1.435 -0.70848 0.8619 0.21622 -0.72779 -0.83559 0.077648 -0.87344 0.96535 0.0029946 0.29893 -0.47665 0.14847 0.82343 0.65864 0.85996 0.16029 0.12724 -1.1291 -0.41362 -0.67432 0.91011 0.33042 -0.26887 0.79172 0.89145 -0.93134 1.0725 0.86711 -1.0517 -2.291 -0.84457 2.2562 0.92859 0.59833 0.19856 -0.28934 0.64283 -0.64569 -0.77386 1.3823 -0.6052 0.3944 -0.50277 0.4605 0.27555 1.5302 -0.29723 -0.082791 -0.32229 
pineapple 0.1085 0.13625 1.0768 0.67723 -0.38554 0.74605 -0.26259 -0.10608 -1.0272 0.047692 0.36568 0.56595 -0.16586 0.1413 0.168 -0.18759 -0.27121 1.0165 -0.56919 -0.10249 0.32611 -0.39035 -0.44385 -0.55446 -1.6948 -0.30746 1.2636 0.23785 -0.13284 0.89828 -1.7519 0.71032 -0.3015 0.90878 0.47591 -1.4533 0.88932 0.98641 0.38035 1.3135 -0.082347 -0.52079 0.17642 -0.157 0.38388 -0.97202 -0.21029 -0.8234 -0.04963 -2.3335 -1.2171 0.98843 0.81415 -0.046081 0.87451 -0.28488 0.10387 0.13461 0.085542 -0.36817 -0.030884 -1.2859 -0.39848 0.76316 0.14696 0.68653 -0.30331 -0.43798 0.39629 0.044506 -0.31532 0.44202 0.13695 0.15387 0.48201 1.3572 0.17051 1.8336 1.0967 -1.2945 -1.2674 -1.0749 0.60976 2.3734 0.094292 1.2979 0.97596 1.4684 -0.45366 -0.47783 1.291 -0.31411 0.080833 0.42408 -0.010826 -0.027434 1.0619 -0.1244 -1.1921 0.37806 
detergent 0.11074 -0.8577 0.069483 -1.387 0.34852 0.96249 -0.84931 1.3304 -0.095334 -0.43825 0.091062 0.72733 0.21799 -0.19853 0.49939 -0.34724 0.15566 -0.36214 -0.13975 0.91216 -0.29194 0.21164 0.1045 -0.95638 0.9718 0.91522 0.20385 0.32104 -0.61492 1.6205 0.21149 -0.2707 0.91203 1.4033 -0.53414 0.90165 0.56041 0.27423 -1.7249 -0.14791 -0.57435 0.60297 0.59301 -1.1958 -0.082134 -1.2196 0.26933 -0.99671 0.54028 -0.0051271 0.8923 1.6241 0.12484 -1.633 -0.25508 -0.67535 -0.017713 0.75767 0.31633 -0.55679 0.91081 0.32884 0.49495 0.89967 0.31097 0.52729 0.1069 -0.19326 0.55449 0.2369 1.6247 -1.171 0.36487 -0.96418 -0.25931 0.59823 -0.98358 0.58463 -1.0988 -0.61757 -0.36341 -0.10721 1.727 2.1343 0.56972 0.24758 1.95 0.30461 -1.3811 -1.5319 -0.59626 0.34158 -0.30012 1.3024 0.69825 -1.7119 -0.66421 0.46392 -0.6757 0.10145 
disinfectant -0.104 0.20933 -0.46406 -0.58587 -0.056403 1.249 -0.94929 -0.16937 -0.40822 -0.49214 -0.055351 0.54905 -0.018862 0.50963 -0.33605 0.43717 0.028033 -0.71965 0.10499 0.24627 -0.50473 0.77996 0.55601 -0.84648 0.32296 0.026692 -0.16564 0.76649 -0.60462 2.4477 0.18672 -0.5317 -0.75383 0.88762 -0.040607 0.044938 -0.03505 -0.79274 -1.0184 0.25159 -0.49467 1.5191 0.18211 -1.4683 -0.13775 -1.685 0.33374 -1.6235 0.58115 0.078985 -0.46743 0.54409 0.4532 0.11787 -0.64294 -0.38299 -0.63292 1.109 0.090792 -0.041901 0.59161 0.53357 0.77834 1.1841 -0.18353 0.41424 0.4865 -0.86132 -0.030905 0.10254 0.62583 -0.51731 0.23233 -0.30409 -1.3466 0.28303 -0.81253 0.50378 -0.26064 0.27167 -0.27537 -1.4712 -0.023611 1.6224 0.49211 0.70796 1.6335 0.58048 -1.542 -1.5075 -1.8015 0.099637 -0.46784 0.67396 0.61432 -0.54536 -1.3042 0.013814 -1.0309 0.1661 
potato -0.5663 -0.40411 0.47081 -0.1044 -1.773 0.99778 -0.46287 -0.23423 -1.7729 1.4504 0.26365 1.0889 0.055562 0.58539 0.36886 -0.16024 -0.14327 1.4255 -1.1373 1.5955 -2.321 -0.82666 1.5695 -0.1761 -0.94441 -0.55622 0.23014 -1.2989 -0.38054 1.2086 -1.1698 0.13106 -0.58984 -0.76245 0.97772 0.33735 1.1324 0.028704 0.10974 2.0913 -0.65225 -0.40385 1.143 -0.14139 0.41855 -0.62091 -0.59311 -0.13583 1.3988 -0.85496 -0.055993 0.93459 -0.19198 -0.30186 0.85345 -1.2269 0.19207 0.27362 -0.52515 -1.0772 -0.70767 -2.1504 -0.1966 -0.67929 -0.90775 -1.1445 0.0056505 0.90019 1.2135 -0.50309 0.10311 0.88979 -0.36833 0.48122 -0.55818 0.57753 0.75812 1.5908 1.0331 0.39753 -0.41621 -0.97545 -0.57125 1.6885 1.1645 2.1612 2.2572 0.75163 -0.47408 0.47378 -0.50945 1.26 0.77806 0.45618 -0.46946 1.5167 1.5948 0.42835 -0.70232 0.0060622 
bark 0.47531 -0.94159 -0.75152 0.17988 -0.89102 1.4288 -1.112 0.34395 -0.73429 1.1106 -0.25874 -0.046996 -0.47947 0.867 -0.052748 -0.25924 0.66377 -0.4162 0.021531 1.4092 -1.6385 0.63399 -1.268 -0.92347 -1.7776 -1.9207 1.6897 -1.8821 -1.1818 0.86162 -1.2558 0.80739 0.71123 -0.69619 1.608 -1.8245 -0.25869 -1.442 0.19325 1.5718 0.67359 -1.2759 1.0972 1.6442 -0.043898 -0.16666 -0.60723 -0.34874 1.6388 -1.0076 1.3234 0.55793 1.1163 0.27072 -0.55516 0.050796 0.60325 0.63727 0.25148 1.1237 1.0521 -0.51329 0.29901 1.0661 1.9663 0.3829 -1.4016 -1.3325 -0.9376 -0.69855 -2.5517 1.8184 0.19113 0.35762 -0.95792 1.1833 1.4423 -0.71936 0.25086 -0.58575 -1.8716 -1.0796 -0.81974 2.1664 -1.4328 0.38807 0.49914 0.52804 -0.40712 -1.045 1.044 -0.51858 0.16105 0.3073 1.0428 -0.037398 1.8146 -0.048257 0.29746 -0.35743 
cork 0.83079 -0.042411 -0.99421 -0.18265 -0.99542 2.6716 -1.7001 -0.65316 -0.60914 -0.19397 -1.0412 -0.84487 -0.15899 1.2425 -1.1105 -0.62462 1.7237 0.64197 -0.3822 1.1789 -0.25187 -0.073513 0.26376 0.28847 -0.91581 -1.4124 2.3337 1.1629 0.75916 1.3103 -0.90172 -0.76349 -1.1575 -0.07891 0.45389 -1.5507 -0.36377 0.68493 -0.45523 1.6442 -0.67953 -0.29406 1.3396 -0.89113 -0.49349 0.42998 -0.13747 0.29803 0.97665 1.1581 -0.13919 0.87988 0.30394 0.39774 0.5171 -1.3204 0.67866 1.3448 0.17445 1.3601 -0.28829 -1.9668 0.64736 0.70496 -0.18656 0.046804 0.095875 1.4332 0.25512 0.034819 -0.55214 0.69518 -0.062254 -0.72657 -1.6068 0.97224 1.7666 0.78187 0.41923 0.78349 -0.2778 -0.95341 -1.7901 -1.001 -0.20945 1.6851 1.2267 -0.24478 -0.56809 -0.46927 0.55599 -1.9471 -1.2334 -0.18666 -0.40695 -0.13992 0.36037 0.1931 0.86404 0.075855 
hay 0.083759 0.59513 -1.0076 0.47805 -1.0783 0.4577 -0.65133 0.083007 0.071917 1.3899 1.0959 0.36818 0.16045 0.17131 0.37367 -0.40508 1.0446 0.69942 -0.20519 -0.0046272 -1.5867 1.4101 0.36274 -0.15352 -1.6301 -1.4316 1.9367 -0.4642 -1.3017 0.99707 0.27246 1.6237 0.6866 0.12462 0.66772 -1.6727 -0.071941 0.33784 0.9352 1.254 -0.87468 2.5045 0.31276 1.0356 -0.71457 -2.9406 -0.23314 -0.5948 1.4598 0.08336 0.59736 1.123 1.3951 -0.085861 -0.37812 -0.80421 1.0145 1.1262 -1.9473 -0.3707 0.88996 -0.67421 -0.30238 1.9458 1.0621 0.51095 -0.39015 0.90492 0.92133 -0.1949 -1.2501 1.4386 1.073 0.71455 -1.7305 0.97917 1.2187 0.15168 1.3672 -0.22512 -1.5288 0.26901 2.1374 2.6223 -0.73239 1.232 -0.27549 0.82031 -0.90024 -2.5133 0.24174 0.74321 1.1554 0.20296 2.0472 -0.10894 0.84422 0.32105 -0.16528 -0.5167 
blackberry -0.2303 -0.46847 0.53241 0.047584 0.12242 0.7227 -0.81936 0.28082 -1.5125 -0.3426 0.98148 0.092195 -0.15087 -0.15298 -0.65144 0.16357 0.59061 -0.28418 -0.67744 1.2397 1.3363 -2.2338 -0.76351 1.2037 -2.5922 -1.9996 1.7494 -0.66854 0.6809 0.69766 0.11395 1.5286 -0.47608 0.40133 1.6616 -0.81567 0.56016 1.2416 2.1509 1.0022 0.58055 -0.76606 0.009846 -0.89359 -1.1095 -1.4555 -1.9072 -0.91576 0.29743 -1.4799 -1.1868 0.14098 0.06045 0.63654 0.59371 -0.12758 -0.1587 -0.65358 1.5909 0.088016 -0.38572 -1.9468 0.80507 1.145 -0.32509 0.69389 0.29566 0.25352 -0.51822 -0.8249 -0.021755 0.46765 -0.10818 -0.57177 1.1271 0.80813 0.60522 0.58335 0.47459 -1.0995 -1.451 0.44326 1.335 1.5387 -0.019106 0.67987 -0.37697 1.1678 -0.18064 -0.3058 1.8913 -0.74977 0.41066 -0.36905 0.11462 0.23732 1.3848 0.30395 0.31309 -0.52747 
tar 0.11101 0.46736 -0.56422 -0.90567 1.5326 1.2425 -0.1064 -0.8615 -0.22174 1.3519 -0.11128 0.38398 -1.9545 0.87849 0.48927 0.94378 -0.182 -2.2206 -0.33392 2.5669 -2.82 -1.1913 -0.7623 0.83166 -1.786 -2.3326 0.64113 -1.1955 -0.9864 3.466 -1.7266 0.73664 -0.27644 1.6746 0.32255 -1.3672 -0.69119 1.3016 -0.21893 1.421 -0.015853 -0.11003 0.041753 -0.69852 1.3203 0.82265 -0.93415 -0.73199 -0.029265 -1.0217 0.30344 1.3587 1.0231 -1.2644 1.303 0.80256 1.2068 -0.045261 0.59867 2.1782 1.7998 -2.1632 1.1994 1.8032 1.2895 -0.58507 1.9425 1.5607 0.23449 -0.32498 -0.71652 1.4495 -1.7726 -0.77311 -1.616 1.1544 0.43387 2.0083 0.35514 0.079292 -1.4344 -1.6011 0.40152 2.3562 1.9788 1.4211 0.56337 1.9016 -2.4043 0.70381 -0.19342 0.55958 0.68142 -0.81876 1.6717 2.1516 0.45825 0.86719 1.4642 -0.28792 
geranium 0.42788 -0.9072 0.34461 0.23202 -0.5931 -0.68064 1.2416 0.32058 -0.73609 -0.88379 1.3436 1.523 -0.86898 -0.28709 -1.4148 -0.061085 0.022833 0.73443 -0.073804 1.0496 0.048473 -1.0064 0.097876 -0.16897 -1.0663 0.97334 0.82653 0.18368 -0.10026 0.70621 -1.2528 0.010903 0.71466 1.8619 -0.60028 0.62027 -0.5471 1.1313 -0.5923 1.4153 1.3956 0.53539 1.2442 -1.1129 -0.017254 -0.71413 0.41981 -1.3305 -0.71824 -0.86276 -1.598 1.1254 1.1094 -0.56834 -0.30893 -0.63887 -0.34655 0.20659 0.60764 0.22394 0.36827 -0.50373 0.41512 0.33985 0.52252 1.1762 -0.32508 -0.15634 -0.88595 -0.22134 0.18231 -0.27138 0.089027 0.23644 0.63628 1.0855 -1.4686 0.62881 1.248 -0.69123 -1.9026 0.79783 1.2764 2.7637 0.99925 0.92493 0.27128 0.34088 -0.97444 0.78063 0.49944 0.55114 -0.77061 0.0778 -0.0044257 0.26242 1.9442 -0.47625 -0.17552 -0.94093 
rum 2.4778 0.90869 0.40459 0.37721 0.21572 1.7662 -0.22345 -0.72505 -0.96348 -0.53866 0.56326 1.395 0.48015 -0.024822 -0.86342 -0.11489 -0.54282 -0.27038 -1.5915 2.8928 0.58585 -3.234 -1.1181 0.50603 -1.3431 -1.3971 0.78004 -0.21128 -0.1227 0.36442 -0.84757 0.61713 -0.63483 1.4656 -0.024033 -1.2041 -0.61851 0.81381 0.31191 2.7307 0.91597 0.6003 0.45659 -0.66126 1.3773 -1.0399 -1.6269 -1.4061 0.97376 0.35103 -0.78629 1.0724 0.6129 -1.6912 0.93873 -1.26 -1.4616 0.43602 -0.50166 0.71494 0.89177 -2.4607 1.8839 3.0101 0.89747 1.2735 0.10505 1.3686 0.52728 0.035696 -0.4742 2.1437 -2.1502 -0.017943 -0.13942 0.49532 -0.17876 1.2589 1.1922 -0.21729 -2.1247 -1.3654 -0.29185 0.35399 0.83353 -0.0091221 0.4923 0.62979 -1.1739 -0.5559 -0.34946 -0.22585 1.18 -1.3618 0.33614 0.16496 1.7548 -1.6984 1.2654 -0.34315 
cucumber -0.25909 -0.056393 0.45448 -0.027036 -0.31793 0.032679 -0.090015 -0.12748 -1.532 -0.49333 0.82341 0.88876 -0.26846 0.33338 -0.43037 0.21717 1.0166 0.64298 -0.51517 0.41969 -0.01705 -0.4551 1.0825 -0.075874 -0.80096 0.10799 0.76497 0.27982 -0.29494 1.5011 -0.79691 0.54419 0.62663 1.004 0.072635 -0.29286 0.61569 0.34903 -0.12173 1.1281 -0.938 -0.25606 0.41013 -0.82888 -0.012366 -0.7664 0.21726 -0.74294 0.2463 -1.1947 0.1203 1.1233 0.2923 -0.37755 1.4094 -0.15589 0.34103 0.73908 0.89195 -0.47133 -0.38785 -0.33111 -0.13106 1.1542 -0.57557 0.29156 -0.18082 0.49557 -0.090014 -0.016444 0.42065 0.09704 -1.4475 -0.027443 -0.13271 1.0593 -0.039628 0.83559 0.11264 -0.67589 -1.595 -0.42642 0.42575 0.84691 0.66936 1.8529 1.4917 1.1307 -0.040728 0.4237 0.2837 -0.30574 0.17485 0.19334 0.7907 0.0013431 0.83388 0.44961 -1.0263 -0.57711 
solvent 0.65699 -1.1324 -0.88181 -1.4182 -0.12558 1.4138 -1.0308 0.55923 -0.58035 -1.0416 -1.3277 0.52549 -0.54119 0.2616 -0.38162 -0.29056 -0.46112 -0.54649 0.92975 1.0555 -0.7013 -0.48461 0.53268 -0.84175 1.0954 0.044855 -0.35578 -0.12153 0.13509 0.79538 -1.253 -0.49163 0.39406 1.7111 0.3682 0.44718 -0.27063 1.595 -1.511 0.051736 -0.51516 -0.060399 1.2543 -2.7364 -0.22385 -0.11186 -0.89542 -0.44135 1.1647 0.21835 -0.58022 0.42452 0.81195 0.088532 0.41851 -1.5362 0.10209 1.1555 0.50593 -0.52336 1.5746 -0.72645 0.43877 1.8804 0.47054 0.55313 1.0411 0.63425 -0.080069 0.1222 1.3813 -2.0831 -0.24521 0.021978 -1.6294 0.55843 -1.071 0.86182 -1.0687 0.4425 -0.79062 0.27975 0.28703 1.8747 0.78641 0.51945 1.7689 0.53542 -1.4088 -1.3323 -1.3059 -0.21826 -1.0457 0.49826 0.51175 -2.139 -0.46555 -0.043619 -0.74002 -0.31991 
glue 0.13011 -0.48861 -0.84675 -2.7145 -0.18037 0.63953 -1.2117 0.27233 -0.73275 0.098449 0.065046 -0.49807 -0.31956 0.23322 -0.44736 -0.4872 0.46003 -0.77477 -0.88295 2.6374 0.11025 -1.4917 -1.2661 -0.63336 -0.38996 0.083484 1.5228 -0.67758 -0.37453 1.7952 -0.79867 -0.59343 0.29151 0.3083 0.63572 -0.78239 -0.8158 0.56293 0.5807 1.3055 0.37263 -0.28674 0.2377 -0.47295 0.0055934 -0.15244 -0.29695 -0.46353 0.21183 0.42719 0.99036 0.80175 1.3525 -1.6931 0.95568 -1.1198 0.60877 0.76289 0.36095 0.57678 -0.1394 -0.50095 0.26229 2.106 -0.67439 1.2527 0.27273 1.0424 0.50883 1.5704 0.57848 1.6151 -1.0092 0.18602 0.26869 -0.08013 -0.84133 0.3151 -0.27813 -0.55508 -0.18383 -0.071258 0.86109 1.4588 0.51782 0.62424 1.5481 -0.16827 -0.39318 -0.78074 0.59435 0.92391 -1.0819 -0.71335 0.70595 0.022099 -1.0126 -0.81743 -1.3903 1.0946 
mustard -0.071786 -0.95127 -0.14481 -0.47976 -0.41539 0.76412 -0.16735 -0.84511 -0.83565 0.74097 0.36915 1.4194 -1.1999 0.26889 -0.26814 -0.49533 -0.57606 0.080387 -0.48389 1.3054 -0.5369 -0.00057549 0.36471 0.23396 -0.78826 -0.7842 0.93075 -1.0777 -0.74052 1.1601 -0.96665 0.95196 0.71978 0.53572 0.67709 -0.28899 -0.20567 0.46798 0.56041 0.34268 -0.12934 0.23033 -0.099725 -1.0342 1.1906 -0.87642 -0.73504 -0.44908 0.17763 -0.4814 0.13479 -0.81853 0.49901 -0.91969 0.37061 -0.63568 0.26312 -0.032703 -0.36526 -0.080138 -0.48757 -1.3058 0.36168 -0.60774 -0.23975 -0.39955 0.025568 0.45051 0.76524 -0.017286 0.4336 -0.49521 -0.31923 0.05364 -0.58178 1.0087 1.2661 1.0038 0.58586 -0.57538 -0.90069 -1.056 0.31698 1.2026 0.80113 1.5001 1.7285 0.66742 -0.9147 0.33833 -0.86678 0.67236 0.15988 0.28139 0.23878 0.3039 0.066051 0.53282 0.39855 -0.098562 
peanut -0.82449 -0.72479 -0.026151 -0.39002 -1.3217 0.9655 -1.0057 -0.42882 -0.76828 0.82792 0.71714 1.3008 0.24664 0.093355 0.48912 -0.81811 0.078551 0.55135 -1.342 -0.25331 -0.95517 -1.0093 0.47067 -0.40668 -1.6411 -0.8635 0.20377 -0.10632 -0.69441 0.86586 -0.042819 0.84244 0.28701 0.21322 0.69285 -1.1119 1.1737 1.1128 0.93745 1.4163 -0.52257 -0.76967 0.64958 -0.21843 0.5589 -1.0996 -0.19834 -0.12428 0.15192 -0.8779 0.27846 1.0298 -0.13718 -1.1422 1.2248 -0.034053 -0.48168 0.27231 -1.4465 -0.86142 -0.15618 -1.3517 0.19457 0.059614 0.19183 -0.16061 0.61679 0.23026 0.71858 -1.5592 -0.92022 0.24678 0.80127 -0.008244 -0.37744 0.21219 0.64946 1.0722 0.90549 -0.087231 -1.3833 -0.98693 0.04086 0.96573 0.23215 2.1183 2.2718 0.050334 -0.45506 0.099831 0.34063 0.27182 1.2544 -0.55548 -0.061442 0.22123 0.43258 -0.038844 0.19889 -0.20146 
carrot -0.51469 -0.3086 -0.070143 0.057573 -0.9704 1.2072 -1.7714 -0.23412 -1.6153 1.4035 -0.27254 0.79314 -0.59414 -0.36227 0.28945 -0.053852 0.79955 0.8159 0.05599 1.4647 -1.0304 0.041592 0.092709 -0.49727 -0.43245 -0.85595 0.18892 -0.65065 -0.46822 1.5376 -0.99165 0.86056 -0.27606 0.21994 1.0823 0.06719 0.27547 0.6512 0.86079 0.68601 -0.14666 -0.77456 -0.21361 0.059733 -0.34812 -1.4552 0.1976 -1.4186 0.77277 -0.90858 -0.66039 0.34413 -0.16717 0.044168 -0.23199 -1.112 -0.51026 -0.18327 -0.039543 0.77913 0.31659 -0.77562 -0.40026 -0.70937 0.94058 0.39756 0.53175 0.29601 1.3809 0.69265 -0.74197 0.35521 0.13243 0.12966 -0.98754 0.86667 1.1623 0.50002 0.78097 -0.046764 -0.89619 -0.63069 1.0418 1.3005 0.59154 1.5418 2.4503 0.84756 -0.56386 -0.29966 -0.26863 1.8531 -0.24092 0.34597 1.0719 0.48176 0.54235 -0.45335 -0.59169 -0.34353 
licorice 0.010103 -0.21695 0.048971 -0.63559 -0.18834 0.89757 -0.47156 0.61487 -1.012 0.72911 0.035093 1.0481 -0.60172 0.66954 -0.4365 -0.26834 -0.73871 0.1844 -1.1133 1.1372 -0.99089 -1.6424 -0.83846 0.34599 -1.5677 -1.0733 1.2007 -0.79522 -0.93666 1.4705 -1.126 0.73467 -0.30365 0.82493 0.38192 -0.14676 1.1765 0.97989 0.125 1.4912 -0.084156 0.12156 0.84138 -1.4625 0.2532 -1.0323 -0.023689 -0.4131 0.18225 -1.0249 -0.80047 0.16258 -0.20653 -0.16734 1.0363 -1.8418 -0.070433 -0.090292 0.34192 0.27409 0.29505 -2.0569 0.45272 1.4139 -0.0087422 0.3157 0.63831 0.61828 -0.077341 -0.49932 0.13278 0.12842 0.15196 -0.23228 -0.15313 1.4326 -0.037433 0.90854 0.63948 -0.85921 -1.1767 0.15707 1.147 1.4418 -0.0042667 1.5047 0.96903 0.79047 -0.27194 -0.56032 0.5932 -0.1381 -0.079562 0.38706 -0.1689 0.031819 0.75829 -0.069376 -0.58885 -0.42343 
kerosene 0.68456 -0.34766 0.33312 -0.82577 0.41392 0.093202 0.1742 0.51666 0.51682 -0.067368 0.76608 0.65469 -0.3087 -0.43995 -0.0072222 0.1074 -0.052261 -0.46588 0.26085 0.9787 -0.43589 -0.28621 0.26426 -1.3388 -1.0149 0.26411 0.42495 -0.149 -0.57814 0.82257 0.0033362 0.55193 -0.6963 1.8836 -0.075206 0.54256 -0.20118 0.16727 -1.2379 -0.13176 -0.33591 0.42606 0.62067 -0.96982 -0.10131 -0.61621 -0.74657 -0.75452 0.061353 0.07751 -0.61159 -0.46643 0.20829 -0.54693 -0.19848 -0.94842 -0.25358 0.77897 -0.69332 0.25636 0.43154 0.48331 -0.23525 -0.029163 -0.11914 0.64545 0.57451 -0.12044 -0.74336 0.35923 -0.08897 0.969 -0.0013283 0.64132 -1.8799 1.003 0.28165 0.95245 -0.22641 0.22624 -0.66918 0.062167 0.33604 1.7898 0.23961 -0.37584 1.287 0.48854 -0.67826 -0.1858 -0.74395 -0.18394 0.25628 0.15834 -0.22234 0.074062 -0.41302 -0.69115 0.091728 -0.4731 
ham 1.0966 -1.2811 0.23521 1.197 -1.8704 -0.007772 -0.17681 0.81953 0.45724 2.3094 0.17561 0.19595 0.90313 1.6493 1.1111 0.55871 0.4517 1.647 -1.6453 -0.24784 -0.42032 1.3566 0.31199 1.1337 -1.6611 -0.34997 0.38609 -0.64093 1.0382 1.0873 -0.24524 0.44107 0.34667 -0.19026 0.61098 -1.134 0.012209 0.0071394 -0.16452 1.2169 0.68629 1.5673 1.2277 -0.72918 0.14316 -1.3914 -1.6368 1.3559 0.74166 1.8337 1.0449 2.7596 -1.205 -0.1187 0.2334 1.0729 0.3592 0.3925 -0.21263 0.12516 0.75801 -0.72549 0.94705 -0.14482 -0.32262 -0.22221 -0.65165 2.8594 -0.32941 -1.9655 -2.2179 1.6657 0.44235 -1.9059 -3.3434 -0.23863 -0.54545 -0.15568 0.16328 1.0406 0.71815 0.53934 -0.9079 2.7004 -0.83864 0.36175 -2.1986 0.25355 0.5058 0.57259 0.10747 1.7305 1.7269 -1.5546 0.49356 3.413 0.97019 0.058122 1.3115 0.92632 
rope 1.0142 0.56233 -0.55815 0.389 -0.70692 1.15 -0.5337 0.31976 0.77902 0.77885 -1.3241 0.48406 -1.2368 0.17331 -0.78605 0.34899 -0.096194 -0.46634 0.83851 1.4851 -0.14714 -0.70237 -0.8559 0.032699 -0.26318 -0.95405 1.2355 -0.25006 0.4326 0.71588 -1.5301 1.1013 -1.3913 0.36158 0.059708 0.36169 -1.7 -0.33226 0.8191 0.81426 -0.0012024 1.4307 0.28991 1.8257 0.55162 0.11394 0.30344 -1.5989 1.4066 0.37824 0.13549 0.84277 0.77623 0.12087 -0.66701 -0.3992 1.3446 0.33568 0.43327 0.8845 1.3212 0.36619 -0.83619 -0.45479 0.94304 0.4239 0.2418 0.71593 0.27324 -0.33141 -1.7783 -0.076266 0.37678 -0.06655 -0.99716 0.96717 -0.22611 -1.2257 0.27063 -0.069036 0.053482 0.16487 -0.26058 0.83593 0.21189 0.82994 -0.26193 0.7609 -0.66069 -0.51787 0.063687 0.76083 -0.48977 -0.67318 1.6914 0.92438 1.6154 -1.0222 1.0157 0.52536 
camphor -0.34928 -0.12306 -1.0383 0.3924 -0.21257 0.44227 0.7798 0.094331 -0.56323 -0.46505 1.0658 0.77278 0.020573 -0.27816 -0.74822 0.049186 -0.24724 -0.35714 -0.37026 0.92564 -0.064585 -0.216 -0.86971 -1.0131 -0.089068 0.36444 0.826 -0.47217 -1.3015 1.3078 -0.48348 0.4816 -0.5382 0.39303 0.35792 -0.67656 -1.0468 0.072582 0.043352 0.21179 -0.0046904 0.26374 0.34452 -1.026 -0.041642 -1.2171 -0.71017 -0.85392 -0.0041326 -0.86813 0.04026 -0.078925 1.4559 -0.62853 -0.97777 -1.0986 0.25266 0.95053 -0.34604 -0.13256 0.89779 0.36949 -0.41202 0.017041 0.29241 1.2801 -0.12017 -0.098743 -0.010833 0.46105 0.24641 1.478 0.27486 0.86454 -0.24578 -0.0298 -0.45485 0.63437 0.14892 0.10935 -1.3884 0.51775 0.65331 2.294 0.32827 -0.25446 0.02011 0.87249 -0.43231 -0.21957 -0.32291 0.82313 -0.36905 0.1926 0.86799 0.14679 0.7745 -0.56697 0.11887 -0.79901 
raisin 0.21091 -0.066684 0.73425 -0.81362 -1.4801 0.48909 -1.0386 0.029837 -1.2987 0.070055 0.69505 0.85925 0.02494 0.3356 0.78725 -0.14487 -0.60268 0.32802 -0.16025 0.50751 -0.83402 -0.49459 0.08444 0.88039 -1.6595 -1.5056 0.59335 -0.2452 0.023214 -0.21707 -1.3982 0.44501 -0.67738 0.030864 0.33957 -1.4362 0.75983 0.53709 0.67729 1.0715 0.31971 0.38229 0.76916 -0.70799 0.55545 -1.1559 0.18591 -0.2956 0.79209 -0.48289 -1.6539 1.0237 -0.68339 -0.42323 0.68643 -1.0166 0.77387 0.21755 0.7953 0.44765 0.44016 -1.2148 0.88515 1.7963 0.16774 0.85299 0.37369 0.20636 -0.027927 -0.94594 0.12086 0.94175 0.053576 -0.071759 -0.45876 0.87411 0.26513 0.77513 0.78458 -0.08584 -1.2281 0.034357 -0.2225 0.40594 0.040678 0.64799 -0.79408 0.64482 -1.4015 0.63518 1.5772 0.92855 1.0984 0.40488 0.33754 0.4691 1.9515 0.63477 0.71077 -0.4581 
cardboard 0.17142 0.55225 -0.28599 -0.92429 0.67224 1.0605 -1.884 -0.59651 -0.089377 0.32525 -0.048089 0.21268 -0.18206 0.37751 -0.60874 -0.62225 0.44303 0.079509 -1.001 1.502 -0.29754 0.99894 -0.96405 -0.38712 -0.28275 -0.22954 0.017779 -0.27584 0.81131 0.74694 0.18376 0.18731 -1.1803 0.34922 1.5574 -0.59665 0.08457 -0.25603 0.26194 0.36385 0.031239 0.46696 1.1569 0.45685 0.65585 -0.91322 -0.39609 -0.95302 0.60072 0.23294 -0.18246 0.43436 0.07016 -0.53472 1.1604 0.0092012 1.0537 0.25331 -0.40853 -0.24059 -0.12418 -0.43466 0.00023716 1.1793 0.75761 0.71395 0.84124 0.44814 0.47981 1.7092 -0.421 0.60822 -0.38961 0.16679 -0.35489 0.54975 0.7494 0.49493 0.7009 -0.38945 -0.27885 -0.64205 -0.36859 1.7055 0.371 1.0516 1.7531 0.42056 -0.80748 -0.73983 -0.8465 0.34244 -0.24664 -0.5197 0.70725 -0.14458 0.49935 -0.41889 -0.47141 0.60155 
syrup 0.26998 -0.77871 0.15828 -0.84317 -0.96832 0.91236 0.47587 -0.83129 -1.2026 0.0018597 0.51639 1.9304 -0.16972 0.53565 0.26183 -0.85855 0.28901 0.62014 -0.12029 0.93582 -0.42041 -1.4549 0.070996 -0.1325 -0.75372 -0.23071 1.0573 -0.61052 0.13291 0.64878 -0.90677 0.89049 0.54091 0.52507 0.3444 -1.1925 -0.13669 0.64001 -0.058975 1.8748 0.15928 0.097135 0.93413 -1.2247 0.20364 -1.6121 -0.88976 -0.89163 0.38159 -0.65682 -0.85204 0.46326 0.12713 -0.50699 1.3721 -0.31562 -0.31491 0.16988 0.19145 0.86973 -0.44176 -0.1492 1.3847 0.87191 -0.23988 0.072454 -0.00091969 0.111 0.93725 -0.31134 0.74094 0.32261 -0.95338 -0.099059 -0.79008 0.71959 -0.19214 1.0614 0.58667 0.24831 -1.3457 -0.71617 -0.89607 0.45397 0.80029 1.2233 1.0667 1.0289 -1.5286 -0.9543 0.90924 -0.10363 0.76397 -0.070312 -0.14914 -0.50159 0.27578 0.31221 -0.36644 0.026021 
mothball -0.32576 0.39125 -0.8108 0.099077 0.044521 0.23216 -1.3389 -0.20473 0.15054 0.016175 0.6063 0.84716 -0.71018 -0.9182 -0.31602 -0.39075 0.444 -0.7949 -0.093285 0.83102 -0.30661 0.31062 -0.38864 0.048211 -0.34327 0.26625 -0.32309 0.12468 -0.26911 1.475 -0.30183 0.33029 0.52663 0.96561 0.25005 -0.26104 0.36061 0.25202 -0.80814 -0.15854 -0.69949 0.25537 0.65936 0.13556 -0.14456 -0.50083 0.098009 -0.40684 0.63356 -0.094882 0.94966 0.34329 0.12883 -0.2562 -0.085401 -0.11651 0.50779 0.045033 -0.47194 -0.02784 -0.010212 1.1145 -0.89958 0.44401 0.2502 0.31254 -0.022049 0.67128 -0.24126 0.091689 -0.074775 0.74406 -0.14841 0.51555 -0.72416 0.71049 0.15539 0.12509 0.73955 -0.13097 -0.44206 -1.1453 0.38442 1.1871 0.66129 0.04308 0.65834 -0.52611 -0.67292 -0.64478 0.18102 0.38497 0.15547 -0.3827 0.86021 0.28342 0.73264 -0.58961 0.16914 0.42885 
anise -0.65368 -0.95097 0.22562 0.034521 -0.24257 0.73892 -0.2648 0.10468 -1.0938 -1.093 0.81164 1.2489 -0.9054 -0.61737 -0.16331 0.07355 -0.85326 0.13865 0.72641 0.47218 0.091597 -0.79489 0.29358 -1.2493 -0.9338 -0.037874 -0.10435 0.085886 -1.7904 -0.49735 -1.6883 -0.14594 0.14402 0.35965 0.016131 -0.78653 -0.4099 1.2262 -0.26555 0.77806 0.49143 -1.17 0.80198 -1.7281 -0.28611 -1.6812 0.045398 -0.47197 -0.62679 -0.74349 -0.59786 0.40992 -0.11025 1.2078 0.66439 -0.93816 -1.0182 0.059973 0.81571 -0.54291 -0.075582 -0.75911 -0.13763 -0.039811 0.62046 1.4243 0.014085 0.27544 -1.0413 -0.16737 -0.060904 0.29574 0.53506 -0.56109 -0.16634 1.1867 0.51026 0.4958 -0.43319 0.12641 -1.5653 -0.18311 0.86301 1.368 0.044855 1.5978 0.20034 0.33538 -1.0744 -0.4887 0.1738 1.2964 -0.61419 0.79008 0.90798 -0.65762 1.9537 0.030765 1.0202 -0.57803 
varnish 0.3069 -0.39225 0.03835 -0.63807 -0.021518 0.66854 -1.0214 -0.43799 -0.16222 -0.46302 0.55999 0.33159 -0.28879 -0.18319 -0.19259 -1.0143 -0.28657 -0.48682 -1.3095 0.98147 -1.2875 -0.73239 -0.46885 -0.31516 -0.29772 0.0050655 0.67674 0.16134 -0.30924 1.7077 -0.78762 -0.081251 0.37399 0.60992 0.62002 -0.13773 0.39136 0.29855 0.2242 0.79319 0.54416 0.24016 0.0018758 -0.91356 0.43945 -0.8974 0.67482 -0.61099 -0.13329 -0.00011974 0.97606 0.90456 0.41107 -0.54542 1.4887 -0.94475 0.17372 0.086855 0.74856 -0.1609 0.18211 -2.0581 0.20734 1.5326 -0.15758 0.34953 0.23396 0.20169 0.24438 0.35389 0.3304 0.058987 -0.79553 -0.73275 -0.21576 0.70712 -1.0179 0.41816 0.4202 -1.8167 0.21456 -0.68818 1.7874 0.52414 0.29991 1.0281 1.636 0.18456 -0.62405 -1.5044 0.36726 0.1369 0.041682 1.0711 0.71007 -0.048947 0.6605 0.069665 -0.65352 -0.19795 
walnut -0.62888 -0.5742 -0.07 0.45819 -0.87359 0.57121 -0.5957 -0.15317 -1.2915 0.34506 0.4218 0.75515 -0.56374 0.75046 -0.49268 -0.99293 -0.50552 0.09002 -0.92243 0.27634 -1.3747 -0.77538 0.076012 -0.37479 -1.5874 -0.26795 1.113 -1.1708 -0.28627 1.0612 -0.24212 0.55247 0.30454 0.28014 1.1488 -1.0169 0.68669 0.53578 1.1837 1.1795 0.061384 0.070649 0.9756 0.28676 0.38567 -1.5449 -0.23162 -0.088641 0.34081 -0.76116 -0.11051 0.94871 -0.64007 -0.34095 0.62288 -0.31858 0.69162 -0.15223 -0.18865 -0.83145 0.049906 -1.9673 1.0221 2.006 -0.0026554 -0.035287 0.078251 0.22368 0.45725 -0.49451 -1.1324 1.5812 0.72974 0.38325 -0.89341 1.1924 0.41092 0.90433 0.53007 -0.23512 -1.781 -0.74363 1.1065 1.6481 -0.32654 1.2844 1.6129 0.9161 0.16752 -0.0066765 0.56742 -0.016902 0.96105 -0.1537 0.39801 2.1695 0.88869 0.21264 0.010293 -0.60115 
turpentine -0.15478 -0.43896 -0.43184 -0.15023 -0.26647 0.466 -0.050181 -1.1277 -0.45135 -0.74712 0.39322 0.52335 -0.21456 -0.2885 -0.66828 -0.82 0.61328 -0.5289 -0.82264 0.6091 -0.096886 -0.095338 -0.49391 0.047332 -0.079977 0.095933 0.23066 0.21792 -0.1441 0.96333 -0.84261 0.038927 0.097393 0.077082 0.90925 -0.2827 -0.55561 0.44677 -0.22801 0.72356 -0.096568 0.17129 0.30698 -0.91111 -0.051244 -1.3244 -0.50745 0.052403 0.15584 -1.184 -0.018847 -0.36959 0.35882 -0.72069 0.6671 -0.47434 0.30489 0.42274 0.388 -0.16015 0.49718 -1.1677 -0.36916 0.075171 -0.016157 0.56242 0.40742 0.023078 -0.10954 0.4899 -0.08143 0.34927 0.33548 0.10907 -0.82615 0.99942 0.38067 0.39258 0.037349 -0.32889 -0.52311 -1.1551 0.089705 1.6676 0.33185 0.62056 1.1329 0.1127 -0.6108 -0.73559 -0.0099061 0.37608 -0.15492 0.34067 0.37227 -0.24231 0.1416 -0.58946 -0.089575 0.45041 
birch 0.41308 -0.50287 -0.18545 0.34074 -0.94845 0.1387 0.45684 0.34549 -0.16547 -0.49507 0.25734 0.57613 -1.1316 0.70522 0.18675 -0.23348 1.0124 -0.55595 0.30409 0.85635 -0.18209 0.39562 -1.4097 -0.93185 -1.2134 -0.081678 0.4982 -1.1232 -0.59826 0.71347 -1.4851 -0.48105 0.37184 0.20351 0.74634 -0.17474 -0.57992 -0.16223 1.2417 0.40497 0.47506 -0.11283 1.1517 0.87028 0.27273 -1.3146 0.15486 -0.65909 0.58405 -1.5402 0.7276 -0.34373 -0.26191 -0.027927 -0.09411 0.29312 0.54156 0.26008 0.037389 -0.1937 0.66335 0.22948 -0.20117 0.72371 0.13971 1.3639 0.19247 1.1389 -0.24078 0.83438 -1.4488 1.1995 0.081669 0.47073 0.29099 0.99505 0.26897 0.9261 -0.17526 0.30313 -1.2537 -0.60946 0.37638 2.1029 0.084829 0.19656 0.55501 1.3471 -0.15302 -0.071624 0.82684 0.78726 0.29554 0.04795 1.5927 0.37608 0.28962 0.18857 0.1624 -0.80431 
celery 0.61339 -0.50221 -0.074789 0.65171 -1.1119 1.3075 -0.82448 -0.090002 -1.2863 0.089575 0.3719 0.13654 -1.0762 0.4533 -0.25119 -0.39599 0.4784 -0.11111 -0.95876 0.93072 -0.45814 -0.58598 -0.58283 0.83691 -0.95602 -0.26663 0.36556 -0.79673 0.71566 1.1786 -0.76635 -0.00011141 0.097258 0.06839 0.25459 -0.27064 0.17001 -0.40791 0.77069 0.52204 -0.25818 -0.49107 0.57099 -1.55 0.38348 -0.82814 -0.89007 -0.31911 0.53893 -0.19999 -0.56482 0.37701 0.60947 -0.14423 -0.35073 -0.2551 -0.25653 0.13931 0.31168 0.24845 -0.4725 -1.5423 0.94529 -0.067436 -0.97985 0.26621 -0.2471 -0.055545 0.055618 0.29874 -0.1598 0.4942 -0.20534 0.55537 -0.22543 1.3486 0.6597 0.34056 -0.33703 0.25096 -0.52519 0.19377 0.30213 0.8763 0.92745 0.45846 0.1826 -0.27704 -0.38107 -0.65299 0.50809 -0.29866 0.29204 -0.27462 0.19732 -0.35534 1.0001 0.0058258 0.35188 0.64551 
creosote 0.32472 0.30766 -0.10622 -0.16886 0.61581 0.32539 -0.3733 -0.17549 -0.43938 -0.56012 -0.12784 0.083455 -0.49962 0.55589 -0.019683 -0.021041 -0.026548 -0.22934 0.30355 0.1538 -0.11513 0.031412 -0.053613 -0.44484 -0.69761 -0.22685 0.53593 -0.56487 -0.50767 0.741 -0.66866 0.14702 -0.22539 0.58176 0.2898 -0.37806 -0.65256 0.020641 -0.18078 -0.34299 0.18031 0.081014 0.56248 -0.66023 -0.014334 0.021422 -0.17485 -0.90149 0.30109 -0.3865 -0.59177 0.080417 0.4456 -0.018235 0.62248 -0.26227 0.16695 0.35711 -0.48432 -0.11581 0.63595 -0.0091753 0.36347 0.89268 0.56063 0.89764 0.12625 -0.14781 0.072553 0.61256 -0.88897 0.44699 -0.098967 0.037241 -0.71056 0.97568 0.24128 0.70243 -0.068845 -0.12001 -0.76981 -0.11235 0.39303 0.90767 -0.23881 0.22324 -0.092115 0.49764 -0.19342 -0.0705 0.10109 -0.028221 -0.081789 -0.1167 0.4253 -0.34624 0.055824 -0.22718 0.68701 -0.4502 
