96 100 
smoke 0.62348 1.2718 -0.50482 -1.8581 0.13727 -2.3481 0.4424 -1.4498 -0.25573 -0.9652 -0.34014 -0.22781 -1.0887 1.8475 0.46429 -0.36655 -0.78034 -0.64243 -1.009 -3.3642 -2.4398 -0.2906 0.40463 -1.2464 -1.271 0.041643 1.206 -3.0253 -0.77432 0.56661 -0.47962 -0.42081 -1.1162 -0.45727 2.0393 -2.0422 -0.53943 0.72162 1.1277 -1.3412 -1.0944 0.41084 2.8882 -0.63502 -1.4487 1.6407 -2.0842 -0.42441 -0.023731 0.84083 0.81466 -1.7565 -3.7617 1.6113 0.18511 0.70746 0.06958 -0.021322 2.0163 2.3487 0.5481 1.1813 1.8471 2.6601 -0.38426 -2.9229 1.6856 1.184 -0.3825 -0.5819 -1.0588 2.0237 1.1349 0.9872 -1.4448 -1.9061 1.3942 2.2604 -1.3296 -0.60188 -0.046785 0.68381 1.3049 -0.29496 0.66491 -0.53671 2.074 0.57903 -0.51963 -1.9491 1.1342 -0.8646 0.97688 0.12728 -1.6441 5.9595 -0.024446 0.30437 -0.84922 -0.74879 
perfume 0.6873 -1.4707 -0.37447 -1.5294 -1.1701 2.2425 -0.35958 2.4815 -1.2141 -1.2492 -1.3844 0.36959 -0.84771 -0.1129 0.69488 0.10792 -0.67032 0.3945 -0.13664 -1.2395 1.7294 -0.99898 -0.0015868 -1.522 0.79808 2.9024 0.25349 0.7102 0.18228 0.76473 -1.191 -0.52955 0.62725 0.45074 -0.10222 0.23283 1.6012 0.84177 1.1083 0.21477 0.51771 0.13111 -1.0572 -0.58625 0.037988 1.426 -1.1107 0.24521 -0.58679 0.71903 -0.52964 0.10363 1.2958 1.1768 0.056502 -1.4802 -0.70428 0.048867 -0.45866 -0.57467 0.78495 -2.2773 1.3792 1.7264 -1.8335 1.9146 0.85089 -0.2751 0.43794 0.90719 -0.46225 0.49789 1.0661 0.17684 2.1312 2.0564 -0.083409 0.84704 -1.6805 -0.86232 0.27014 1.0062 1.7187 0.25562 0.27784 0.095962 -1.287 -0.80092 -0.11101 -0.15991 -0.24882 -0.8673 1.5734 -0.061854 -0.92457 -1.2995 0.78796 -0.44238 0.3105 -0.94911 
coffee 0.20342 -0.91119 -0.88975 -1.4773 0.25398 -3.05 2.1014 -1.9352 0.070011 0.47092 -0.25325 0.70196 -0.41788 -0.67973 0.98827 -0.35789 -2.8918 1.349 -0.66309 -0.43657 0.73038 -3.0532 0.6342 -0.31869 0.81433 2.1195 -1.8796 1.0301 -1.2012 -0.13645 -0.57979 0.29005 1.9929 0.085009 0.72764 0.7061 0.71287 1.4161 0.1826 2.6363 0.0681 0.32612 -0.43245 -1.8748 -0.811 2.3881 -1.6412 -1.3485 -1.9836 -1.0224 -0.037684 -1.2358 -2.3934 0.51212 0.14769 1.9564 -1.4516 0.83691 1.5409 0.13013 -1.2086 0.55539 1.7186 -0.24694 -3.3221 1.0285 -0.6438 -1.209 1.278 0.11278 2.1847 -0.2602 0.029256 -0.86036 1.5768 -0.50548 -0.89661 2.0099 0.4198 0.15741 -1.1256 -0.53056 -0.98303 0.63262 1.3568 1.1964 -0.36108 1.9884 -0.6684 0.08271 1.7962 -3.7084 2.3106 0.22351 -0.73247 2.1925 0.60886 -0.42006 0.29307 -0.58205 
rose -0.45868 -1.1943 -0.98243 -0.23976 -1.4253 0.18093 1.4571 2.7016 -2.4844 -0.5009 0.13285 -1.2907 -1.567 1.3294 -1.3843 0.14513 1.1624 3.6699 3.1363 0.13126 0.83589 -2.579 -1.6836 -1.6813 0.62195 2.5046 -1.5494 2.9266 0.96048 0.26677 -1.9964 -2.8314 2.4845 0.040778 -1.1406 -0.38451 0.7938 -1.4209 -2.0797 0.4775 -1.4218 3.1559 -0.30676 0.68575 -0.041372 -0.7698 -1.1185 -1.793 -3.1438 -0.19616 4.4138 -1.5788 0.25655 2.692 -2.1096 -1.0135 -2.0149 1.1871 -0.86084 -1.098 0.12964 -2.6309 -1.558 2.314 -1.35 3.7105 0.78553 -0.1474 1.5281 1.0157 -0.19837 0.42952 -1.3773 -0.69708 1.8465 2.6807 2.2544 0.85001 -0.15975 1.8865 -1.5603 -0.85883 0.011212 -0.14354 -0.62582 1.7395 -1.968 1.3309 -1.1669 -1.5304 2.8816 0.21012 3.1906 -0.66194 -0.81181 2.2775 1.6069 -3.0722 -1.305 -1.1244 
blood 0.74473 -1.379 0.73808 0.88419 0.17087 -0.2731 1.9041 -0.17444 -1.7643 0.92972 -1.705 -0.096319 -0.79016 0.77548 -0.89349 -1.4733 1.9086 0.33584 2.9182 1.5349 -2.1855 -2.1562 1.853 1.4689 -2.8242 -0.30526 1.5307 -1.5458 -1.7402 2.494 1.72 0.12847 0.9435 -0.97113 -0.6967 0.27283 -0.90803 1.2267 1.3357 0.37957 0.83451 0.31711 -0.67928 -1.1186 -0.79001 -0.37739 -1.8827 -2.4652 2.0403 2.6722 0.47654 -1.1998 2.1864 0.86503 -2.0359 -0.18396 0.38067 -0.84983 -0.9435 3.3475 1.2496 0.93603 0.46415 0.67768 2.5763 -1.6521 -1.3822 -1.9886 0.42459 -2.1481 2.5739 0.65442 -0.58373 0.48357 -2.3298 0.37905 1.9382 2.4521 0.64588 -0.99252 -0.29548 0.75235 -3.147 1.8196 1.7714 1.409 0.37107 -0.50573 0.49661 -2.7535 0.40404 -0.23499 -0.93391 -0.3802 0.69734 0.762 0.43713 -2.4152 2.1903 0.74188 
wine -2.0936 -2.3314 -0.03876 -3.5246 2.2087 0.043891 1.4654 0.19579 -2.1614 -4.3251 -4.1032 0.32903 -3.2466 -0.030567 -3.1134 0.5295 -1.1384 -0.17073 -2.4838 -4.3818 1.311 -2.5784 1.7619 -0.7557 -0.43618 -0.0088915 -2.2203 2.1056 1.3389 1.2675 -3.3694 -2.1157 1.6335 -1.0668 3.1704 -1.638 7.1752 2.3431 0.84199 4.3952 -1.7683 4.3639 -0.93589 -0.31627 0.88882 -1.2622 -1.8912 2.4523 -1.5998 -3.7748 -2.7822 -0.79704 -1.2306 1.2572 1.7009 3.3439 -1.205 -0.39328 -1.5448 1.0894 0.10396 -2.755 0.27118 -2.2489 0.091638 1.586 -5.2007 -1.5394 0.2813 -2.6591 1.1968 -2.2829 1.2746 -0.96368 0.57548 -0.32059 0.68809 1.5168 0.01215 -2.4868 0.22563 -0.26908 -0.65806 0.36693 -3.5895 0.033973 -2.0507 -1.0693 1.381 -2.6939 3.0735 -2.0843 2.5081 0.49311 -7.4307 0.30268 2.6041 0.61286 -0.30561 -0.5725 
fish -4.1812 0.42394 2.6452 0.91013 -2.457 -0.1639 2.4032 -4.6982 -0.045733 2.425 -0.82706 -2.8781 -3.4057 -0.80358 1.3916 -3.7826 0.55774 0.098277 -0.99684 0.1111 -0.87789 0.60092 4.1053 -0.59055 0.27122 -1.0055 -0.041471 -3.2273 1.3433 2.8347 -0.84571 -0.60967 0.76726 3.3562 0.87731 1.6499 -0.39632 0.96273 0.44753 -0.90183 -0.040864 -2.6429 -0.51089 -0.62087 0.91528 0.35538 -0.30617 -1.8017 -0.022903 2.3235 1.1619 1.2888 -0.74276 -0.7682 3.3058 -0.29284 -2.6558 -1.8015 0.1932 3.1319 1.4807 -2.1845 -1.1424 2.4412 -0.58485 -2.9903 1.0104 -1.954 1.1826 -1.9064 4.1038 -3.6549 -0.55125 -2.6549 -3.274 2.5397 -0.81129 1.4811 0.25309 -2.3843 2.5268 -0.45352 -0.088672 -0.80669 -0.79184 2.4486 1.7368 -3.1934 3.2362 -2.0599 0.50624 0.98163 0.27327 -2.2123 -1.6496 2.6627 5.9126 1.9347 0.79629 1.9217 
animal -1.6449 -3.0372 0.27024 2.1774 -3.3534 -0.62982 -1.6845 -0.34445 0.91624 -0.71456 -1.0608 -1.7356 -1.8806 -0.069175 1.0878 0.18748 1.7465 -0.11824 1.1185 -3.1628 -1.843 0.3931 1.7402 -1.1168 -1.3511 -0.30456 -0.19845 -1.8352 -1.0496 0.85656 -1.5131 1.0344 1.2603 0.58084 2.5243 0.79729 -1.4899 1.5459 -1.4663 0.29789 2.4685 -2.2772 2.5545 0.64728 -1.8337 0.14374 -1.3737 -1.5262 -0.21758 2.0084 -0.35461 1.4042 0.39325 1.0087 -0.47688 -2.1291 1.864 0.37703 -0.091715 1.9612 0.01904 0.0047306 0.02017 -0.24052 3.5054 0.55036 0.069713 -0.97976 0.84383 -0.031575 2.9668 -2.3963 -2.4924 0.32786 0.11736 -0.71934 0.66314 -0.30133 1.7931 -1.5344 0.41247 -1.2845 1.532 -1.1787 -0.5815 -0.49375 2.0146 -1.1661 4.7301 -1.6257 -0.55688 1.9961 0.65603 0.93219 0.10795 -3.0126 0.78974 -0.9113 -1.2452 1.2671 
urine -1.1938 0.85436 -0.28742 -1.5839 -1.7089 0.36035 -2.2376 -1.7754 -0.55487 2.3286 -0.6785 -3.3423 -0.2585 -0.017742 1.0246 0.36579 -2.047 -0.36785 -1.2836 -1.6126 -2.7305 -0.16491 2.8568 -0.40307 -3.6049 0.41138 0.82778 -2.4273 1.0746 2.3848 1.0845 0.71279 -1.4339 0.58742 0.10531 -0.89064 -0.29 -1.1532 1.7813 -0.8691 0.4565 -1.4731 1.7393 0.037812 -3.1034 -0.3914 -1.7103 -2.3025 1.177 -0.070939 -2.7729 1.1296 1.0173 2.3076 -3.3952 -0.012561 2.3086 -2.3706 1.172 2.6095 0.32011 1.715 2.1467 1.8139 0.097432 2.3627 -0.65146 -1.3419 1.3626 -0.48561 3.273 -0.037607 -0.58309 1.4597 -3.7365 0.3774 0.36947 2.6387 0.36486 -1.152 -0.61304 1.3554 -1.3997 1.3888 1.7159 -1.5327 4.8425 -2.5417 -0.14718 -4.6273 -0.8422 -0.90084 2.0058 2.1204 2.1036 -2.4249 2.0413 -2.3353 0.18484 0.8945 
beer -0.27869 0.11333 0.59 0.18458 3.0044 -0.15924 0.9501 -4.3502 0.35546 -1.8744 -2.7499 0.25281 -3.6221 1.2452 0.69845 0.93465 -3.4539 2.5235 -2.9882 -2.8534 1.2161 -2.4793 0.83812 -1.2435 0.5551 -0.52293 -0.37312 -1.2786 1.0425 0.059649 -1.3603 0.83198 4.3166 2.1162 2.2792 -2.4556 3.1374 0.19594 2.8294 4.044 -2.9848 1.2785 -0.39312 1.9972 -1.5979 1.3967 -1.6024 2.6638 0.767 -4.2529 -2.9041 0.4609 -0.60234 1.0655 -1.9656 4.7199 1.334 -1.4709 0.51292 2.6607 -0.31603 -0.48938 2.9864 -0.97297 1.5281 0.096048 -0.98563 -2.0132 -1.2506 1.6668 3.3524 -0.71232 -0.61145 0.42747 -0.90167 0.015938 0.36427 3.3571 -0.32892 -6.1063 -0.34031 -0.95055 -0.86448 1.3869 2.5076 2.7005 0.45189 -1.3609 0.43646 0.27185 1.8138 -3.9296 1.725 0.15512 -4.7566 -0.39129 3.5974 0.71731 2.9487 0.817 
tea -3.7264 -1.3938 -1.2272 1.0937 -1.7536 -5.4105 3.8657 -1.7298 -1.6934 -0.93304 1.7272 2.5981 -3.5388 0.055415 3.176 -0.1288 -3.1637 2.9983 2.6518 1.5117 2.8768 -6.0226 -3.4348 -0.86502 5.031 6.6386 -1.3836 3.9892 2.5787 -1.8394 -5.2201 -2.0725 1.5986 2.2063 -0.016301 4.0836 0.24228 2.8627 0.21502 4.3043 -2.2739 4.1173 -0.22436 -2.246 -1.6754 -2.5504 -2.1606 -2.9589 -2.3757 -1.0277 -3.5834 -0.03732 -2.4586 -0.94693 -0.46562 4.0995 -2.6794 0.2455 4.688 1.5875 -1.4176 -1.5013 2.4143 -0.6798 -4.5447 7.9396 -5.4282 -2.4427 2.57 -0.037631 4.0053 -0.20243 0.80819 -2.5235 -1.1132 -1.3715 1.455 0.47621 1.6611 -1.4108 -2.9786 -1.8639 -0.41887 -2.5167 1.0088 3.5734 1.6569 2.9391 -0.51141 1.3137 0.91843 -6.3952 2.6655 7.4917 -3.229 5.1333 7.139 -4.1174 2.464 -1.1454 
citrus 0.64007 0.085177 -0.057525 0.86806 -2.3289 2.0785 1.7047 1.396 -1.7255 -1.998 1.8097 1.8059 -0.82537 -0.32264 -2.1972 0.97343 -1.981 1.9548 -0.57783 -1.3761 0.78612 0.41231 0.10067 -0.38868 -0.34334 1.2815 0.59264 1.4664 0.8585 0.81298 -0.79234 -0.40005 -0.74373 1.5174 1.1441 -0.47031 -0.53295 1.3298 -1.3061 2.8595 -1.0797 0.44518 -0.6307 0.23519 2.114 1.1521 0.058826 0.42011 -0.43408 -3.0801 -3.2138 -0.30806 1.4601 0.57057 0.029685 0.93901 -0.22362 -1.9957 -0.49273 -0.12255 0.57507 -0.79803 0.79143 -0.69503 0.90802 4.5889 -0.84672 -1.5395 0.47945 -0.15864 0.31473 0.2178 0.15332 -1.8601 -0.60479 2.6209 1.7507 1.2772 1.2062 -3.7568 -3.138 -0.16108 3.0732 -1.6189 -0.62746 1.8176 -0.60029 1.1923 0.6286 -0.9968 2.3604 -0.37454 1.6815 0.070997 -0.52443 3.5388 1.4288 1.0738 -1.9029 0.61416 
lavender -0.15099 -0.02614 -2.2941 0.97931 -1.3776 0.42901 0.82514 2.2966 -0.091235 -0.59267 0.46976 1.1289 -1.9397 0.79083 -1.9238 0.50183 -2.5512 0.5394 0.45394 -0.33353 0.06453 -0.87003 0.25838 -0.085771 0.15245 0.72758 0.14632 2.5396 0.51847 0.80599 -1.8305 -1.8864 0.85059 2.1492 0.71511 1.2771 -1.5816 1.7257 -0.40093 0.75337 -1.2787 0.87058 -1.2473 -0.68522 0.62593 -0.12118 0.78111 -1.4832 -2.1203 -1.0767 -0.77574 0.22055 0.30454 0.59336 -1.2978 -0.74133 -0.32344 0.31176 0.41906 -0.68695 1.8393 0.25758 0.86668 1.0122 -0.69741 3.0478 0.87282 0.19981 -0.56186 0.3242 -0.28546 1.7443 0.20466 -1.1083 0.094113 1.6396 1.292 1.1199 -0.020517 -1.7898 -1.5926 -1.0558 1.551 -0.58167 -0.14277 0.72641 0.09405 0.48898 1.4966 -1.0967 0.50681 1.1057 2.5955 -0.0839 -0.61852 1.7473 3.2129 -1.1018 -1.1091 -1.5946 
lemon -0.9743 -1.637 -1.5338 0.17107 -1.8152 0.9408 2.9845 0.2605 -2.6886 -1.4141 1.099 1.1323 -0.059318 -1.5421 -1.3009 -1.8374 -1.8542 1.7061 -0.087903 -0.71462 -0.27166 1.1484 0.12727 -0.99023 1.6141 -0.17085 0.7887 1.9664 1.3719 2.1203 -1.2233 -0.94518 -1.677 1.9454 0.35545 1.5108 -0.72496 1.4376 -2.1655 1.869 -0.7928 0.43314 -1.1278 -0.20144 0.67265 0.58708 1.4935 -1.4885 -1.8873 -3.3981 -2.9127 -0.21994 0.91893 0.9879 -0.85129 2.248 -1.9059 -0.89187 1.3598 -1.1454 1.1908 -0.75676 -0.39419 -0.78603 0.42803 5.4766 0.57327 0.80022 0.92062 -0.23466 0.46594 2.2328 -0.46268 -1.1939 -2.3423 3.0824 1.3041 1.3206 2.3774 -3.3951 -3.7649 -1.6781 3.0442 -0.97556 0.36602 3.3548 -0.091661 -1.1617 -0.72465 -0.31271 -0.84449 -0.10782 1.3509 0.7327 0.072653 5.0449 3.5103 1.0642 -2.3639 1.1488 
vanilla 0.3188 0.42271 -1.0479 -0.09392 -0.89481 1.014 0.44818 1.2259 -2.7184 -2.7932 -0.66558 1.7563 0.21889 0.57292 -0.81893 -0.017449 -1.8109 0.35935 -0.48037 -1.0118 2.5936 -1.3511 -0.3142 -0.42718 -0.33041 1.0374 0.21995 1.4271 0.38379 -0.05114 -0.080454 0.92028 -0.14908 2.0566 1.459 -1.408 -2.1758 0.44729 -0.01039 3.1016 -1.644 0.24438 -2.9803 -0.87097 0.80063 0.44333 -0.2716 -0.79635 -1.089 -1.9612 -1.6196 -2.074 -0.99021 0.13915 0.52837 -0.48182 -0.43033 0.017093 1.435 -0.97415 0.43976 -2.3663 0.87758 -0.21637 -0.11061 2.5127 1.2408 -4.5071e-05 0.74088 -0.12652 0.12379 0.25729 0.1632 0.042564 -0.20841 2.9304 1.5725 -0.078857 2.5206 -0.077364 -2.2517 0.91602 2.9169 -0.72318 -0.69774 -0.7524 -1.0299 1.1588 0.90027 0.58568 1.3452 -1.7884 3.0426 0.4978 0.25206 3.0744 2.3626 -1.0802 -1.3218 0.50658 
garlic -3.3848 -0.61634 -0.50461 -0.77889 -0.51613 -0.4592 1.7999 -2.5741 -0.64621 0.70305 1.1977 -0.49959 1.4306 -1.1377 -0.20379 -1.1487 -0.73558 0.26404 -1.3087 -2.2131 -1.2862 0.15075 2.8977 -0.85106 0.492 0.13552 -1.4035 -0.9731 1.0376 -0.38389 -1.0808 -1.0355 -0.27578 0.28736 0.11095 2.1774 1.0409 0.89416 0.68323 1.0709 -2.1767 -0.96012 0.51581 -2.7709 -0.69324 0.32103 -1.1721 -0.77118 -0.31584 -1.2176 -0.19958 0.91486 -1.3687 1.3617 0.52258 0.17465 -1.0654 0.56802 1.7479 -0.22748 2.3523 -1.4361 -0.47452 -0.045339 -2.5814 -0.7936 0.23553 1.8267 2.6145 -1.2889 1.4171 -1.3733 -0.99999 -0.32305 -1.7239 2.3556 1.4994 2.7331 -0.86964 -3.4875 -1.3744 -0.88587 0.95661 0.84146 1.7635 2.7605 -0.16808 -2.5442 0.9327 -0.65575 -0.22259 1.6992 1.3492 0.82769 0.81579 2.7384 3.558 0.11959 -1.731 -0.37777 
orange 0.13427 -0.39267 -1.5891 0.87113 -0.38442 1.1612 0.61599 -0.29037 -0.91739 -0.7816 1.2842 3.1716 -0.056337 -0.30045 -2.3684 -1.2913 -2.7984 2.0847 0.33407 0.87544 1.4778 -1.1814 -1.2097 -0.95687 0.47626 0.21085 0.53471 0.81418 1.6004 1.4424 -1.9027 0.66759 1.4179 2.4843 -1.0763 0.53165 -0.22447 1.2247 -0.89858 0.82914 0.84533 0.114 -2.0947 -1.4659 1.0291 0.27321 0.93977 -1.514 -2.0342 -2.031 -1.2227 -2.126 1.6089 -0.72337 -0.43994 1.8994 -1.2575 -2.4881 0.99424 0.87569 1.2242 -1.8473 0.40788 0.45825 -0.30652 2.6319 0.047533 1.0194 0.51156 -2.1707 -0.50183 0.58258 -0.15067 -0.10044 -1.7539 0.99729 1.9671 1.239 1.3644 -0.72001 -3.7133 0.29248 1.9848 -1.6763 -0.0066928 0.40647 1.0222 -1.7415 -0.23543 -1.759 1.6598 -0.25637 1.6511 0.25491 -0.81478 4.4828 2.5443 0.70981 -2.2636 2.9988 
soap -1.2828 -1.1563 -2.8031 1.5483 1.095 -0.97673 -0.18924 1.1861 -2.9723 -1.164 -1.6487 3.2279 3.1846 -1.2744 3.7036 -0.59333 -0.77214 -2.3745 -0.72893 -1.6189 2.324 -2.4264 0.7756 -1.0051 2.8549 2.975 0.78043 1.9431 0.070515 3.3419 -0.20686 -3.8523 0.013521 4.114 0.33514 4.3172 3.5374 2.0595 -0.55794 0.65073 -0.46035 1.5245 -2.3916 -1.665 0.63349 1.6214 -0.97339 -3.5702 -0.4958 0.20304 -3.6912 -0.36336 1.581 -3.3975 -2.3423 0.4559 3.4513 -1.4523 0.22552 -1.0503 2.0779 -1.704 -0.52341 4.5885 -0.45983 0.56116 2.0953 0.046244 -3.3552 1.9389 0.46191 3.2991 -0.63902 -4.932 0.58292 3.0455 -2.6578 0.738 0.23092 -1.5922 -1.0985 1.0004 4.0238 -0.29691 0.94929 2.3628 1.4386 -0.21402 1.2101 -0.017592 -1.0753 0.46556 4.6792 1.9766 0.38703 0.049825 5.507 -0.29302 2.5232 -2.1775 
chocolate -1.3895 -0.067651 -1.2481 0.090929 -0.49827 -1.4102 0.6156 -1.2104 -0.71993 -0.46088 -1.8951 1.0129 0.77694 0.99454 1.3019 -1.4332 -1.0775 -0.16035 -0.87844 -1.2877 1.378 -2.3881 -0.89056 -1.1734 0.02864 1.5298 -1.5558 0.889 0.01744 0.99364 -2.0819 0.48544 0.62317 0.8095 1.2527 -0.16526 0.20905 0.55342 0.83189 2.3042 -0.21009 -0.80427 -2.3531 -0.89659 -0.85151 0.44999 -0.84764 -0.50984 -2.1675 -2.0542 -1.5607 -0.16857 -1.1151 0.18852 0.0047946 1.1078 -0.5929 -0.22714 0.73518 -1.6749 -0.24863 -1.7047 0.28924 -0.10062 -1.4696 0.99295 0.0016723 -0.82867 0.094453 -0.090888 1.0531 -0.60094 0.12298 1.2967 -0.29092 1.2674 0.4364 1.7414 2.0057 0.57055 -1.8446 0.57126 1.1914 0.66133 0.9117 -0.82116 0.3253 0.21624 0.69604 -0.63046 1.0202 -1.4837 1.0011 -1.5787 -0.064982 1.7392 1.7444 -0.35671 -0.46507 0.49273 
apple -1.8671 -0.447 -0.74672 0.73834 0.17271 1.3171 2.9467 -1.0976 -1.263 -1.4212 0.24551 1.9013 0.19808 -0.060877 -2.9419 -1.5453 -3.3481 2.3912 -0.72601 -1.3299 1.3229 -2.1693 -1.0824 -0.45535 1.4128 0.033851 -0.64562 2.681 0.80077 1.3164 -1.9438 1.9918 -1.3168 2.5054 2.4694 0.76206 -0.0090708 1.668 0.98072 1.6188 -0.96318 -0.79839 0.33462 0.14115 -0.13567 -0.15121 -0.52921 -0.19079 -1.0524 -1.4806 -3.4155 -2.6635 1.2052 -0.36417 1.5289 2.5256 -0.7282 0.69823 -0.10165 -2.793 0.168 -3.5905 1.5614 2.1471 1.3485 1.6223 -1.3001 -0.11408 -0.24309 -0.94324 1.1276 -1.2724 -1.225 -0.21895 -0.94941 2.5782 2.4486 1.1406 2.5238 -0.43766 -1.5763 -2.2807 0.90464 0.92081 -1.8983 1.4228 -1.06 0.36208 0.63462 0.2227 0.93595 0.6686 -0.17001 1.1824 -0.90572 2.5846 0.96817 -0.27433 -2.258 5.1013 
leather 1.7102 -0.98036 -0.74832 -1.6701 -0.68832 -0.24516 -1.4785 -0.40155 -1.5166 -0.48655 -1.1231 2.705 -2.5151 0.41548 -0.32765 2.1911 -1.2671 -0.68203 -1.2608 0.31632 0.41204 -2.9998 -1.5283 -0.99718 -1.351 0.27308 -0.62839 -1.2079 1.1949 1.1283 -1.4886 0.47808 0.84546 -0.071182 2.1469 -0.23585 -0.059479 2.2027 2.2498 0.43966 0.73431 -1.9322 -1.3185 -1.1934 1.4067 0.27515 0.17861 0.883 0.4759 -0.33406 -1.1065 0.84259 0.94569 1.119 1.4406 0.15517 -0.21891 0.27657 0.18416 -1.9574 0.19772 -1.7384 0.62712 3.2139 -1.0057 -0.83602 -0.90867 2.0865 1.3781 0.58638 0.39455 0.95883 -0.361 -0.42917 0.45218 2.3758 0.63803 -0.11184 0.7407 -0.083035 -0.023512 0.16091 1.799 -1.3254 -1.5655 -0.22646 -0.8936 0.66589 1.0201 -1.5135 -0.99109 -3 2.5729 -1.0623 0.75568 1.9158 3.5133 -2.0246 1.3839 0.29431 
cheese -4.032 0.024423 -0.94572 -1.4499 -0.24839 -1.3505 -0.43239 -2.6117 -1.6359 0.448 -2.9315 0.83312 0.39639 -0.54728 0.44521 -2.3774 -1.8692 -0.27522 -2.4878 -0.96524 0.091948 -0.43262 0.26192 -0.33545 -1.4265 0.067553 -1.6278 1.1535 -0.57881 1.5005 -2.5423 -0.47387 -0.90607 1.3453 1.8397 0.68261 1.781 2.5206 2.7837 2.2934 -1.6155 -2.8163 -0.0093522 -0.53341 0.68387 -0.9002 -0.30814 2.046 -1.7352 -0.86921 -1.4378 1.27 -0.39846 -0.1172 0.66961 3.5053 0.59175 0.86201 -1.9817 -0.9505 -0.52644 -2.9381 0.79253 -0.20057 -0.10475 -0.28601 -0.34904 -1.3711 1.5898 -1.8891 1.3275 -4.1375 -1.4157 -0.62175 -0.54853 2.3821 0.69312 0.099627 0.36323 1.5822 -0.14205 -0.18596 0.22889 0.38379 2.4767 1.8211 -0.00051639 -1.2701 0.083184 0.26189 -1.6027 0.57234 1.3219 -1.4911 -1.0321 1.2913 3.3669 -0.20566 0.042359 -1.01 
bread -1.0095 0.79856 -1.6455 -0.53275 -1.1163 -1.0568 1.2687 -4.089 -1.1313 2.944 -2.5848 0.95156 1.0528 -0.35291 0.82886 -1.8579 0.16571 3.5346 -1.3735 -1.9888 2.3776 -2.2134 1.1564 -0.74392 2.128 -1.1258 -2.1919 1.6293 -2.1596 2.2368 -1.6899 0.65276 1.1371 3.2801 2.5987 -0.28653 -0.10893 1.7951 2.8736 3.6454 0.6869 -1.2574 0.33941 -0.22743 -0.72118 -1.3436 0.38369 1.2901 -0.77508 -0.12683 0.25115 0.35428 -2.115 -1.9327 1.421 2.4705 0.94325 1.5354 -0.0098478 -1.481 0.14192 -2.4217 1.6263 1.0207 -0.03889 1.0061 1.0573 -0.12379 0.69061 0.12761 3.1437 0.8552 -0.86551 -0.89131 1.6853 1.2191 -0.7917 3.0373 3.9616 -0.66385 -2.8141 -0.0062541 -0.50679 0.7877 -0.49542 3.3215 1.9763 -0.68863 -1.1117 0.13896 0.46945 0.29795 0.62749 -0.27428 -2.285 2.1213 -0.34543 0.74704 -1.1847 0.27766 
onion -1.6909 1.205 0.31461 -0.047595 0.68404 -0.11434 2.5606 -4.2794 0.10441 1.929 -0.16181 -0.21544 1.0057 -1.3373 -0.099084 -1.6183 -0.58244 1.4808 -1.3068 -0.41216 -2.1611 -1.2003 1.2824 -1.3638 0.56503 2.2469 -2.0535 -2.1735 0.83669 0.44407 -0.66388 0.73253 -2.7454 0.2744 0.49886 2.6889 1.8204 0.7416 2.2236 0.89704 -1.7243 -2.0453 2.6004 -2.3727 -0.90615 0.042619 -0.27181 -0.069017 0.40931 0.83308 -0.69909 0.52262 0.13049 0.75002 1.539 0.73915 -0.4067 0.53987 1.0759 -1.966 1.8153 -1.3706 -0.94834 0.32732 -1.4885 -0.89117 0.94541 0.37187 3.2605 -0.98229 3.1218 -1.4527 -1.1648 -1.5031 -1.6543 2.1887 2.1425 3.6146 -0.040943 -3.5923 -0.087589 -1.0498 0.18663 0.95983 1.5353 2.9707 0.88533 -1.4514 0.95689 0.50921 -0.31837 2.1349 0.80271 -3.3892 1.1254 2.688 3.0375 0.62939 -2.1842 0.54501 
paint -2.0895 -1.7678 -1.4383 -3.4709 0.92676 1.1922 0.48006 -0.44444 -0.44447 1.4881 -1.1887 0.010947 -0.22406 0.91829 1.3398 -0.271 -0.20951 0.20227 -0.96961 1.1908 -1.4085 0.4846 -1.2566 -1.2102 1.9964 -0.10462 1.6978 -3.1702 3.8641 2.9042 -2.2889 -2.9937 -0.39872 0.4878 1.1043 -0.40244 -0.16281 -0.080987 1.7768 -2.7929 1.8432 -1.0428 0.048222 -2.9435 -1.343 2.9619 0.77744 -1.9331 -1.4119 1.6318 -1.001 -1.5063 2.2546 1.7187 -0.16906 2.6762 0.13796 -1.6485 0.62561 -1.432 0.049027 0.64123 2.6558 2.5739 -0.76841 -0.29539 -0.096273 0.13363 -0.61197 -1.3814 -1.27 2.432 -0.66107 0.71556 1.0791 1.4238 0.45866 1.9579 -0.27585 -1.7268 0.68917 0.0282 2.4655 -2.0925 -0.16944 1.2088 0.40665 -3.3887 -1.3471 -3.1169 0.8869 -1.3065 1.0453 0.1926 4.0018 2.9606 2.3989 -2.4627 2.3947 0.29324 
cinnamon -0.14338 -0.25979 -1.0056 0.46209 -2.4026 -1.6899 1.1626 -0.90552 -1.9317 -0.3904 -0.28298 2.314 1.2643 0.97845 -0.24236 -0.31508 -2.8658 1.5644 -0.46249 -0.22394 0.81666 0.24898 0.36697 -0.92236 0.69024 0.59385 -0.85516 1.2784 0.007079 -0.33231 0.012665 1.1625 0.73201 2.8919 1.0632 -1.4989 -0.64556 1.1819 1.475 1.3928 -0.87322 -0.15583 -0.51094 -2.6122 0.025475 0.40165 1.459 -0.035085 -1.5958 -0.89774 -1.5118 0.04028 -2.5292 1.3923 0.60391 1.2931 -0.028945 0.26715 1.4997 -1.0607 1.5248 -2.4944 1.059 -0.94012 -0.50062 3.0243 0.66494 1.3268 0.52394 -0.3543 0.35544 -0.30947 0.82246 -0.20629 -0.092461 1.7486 1.6369 0.67231 1.2423 -1.5163 -2.9949 0.35911 1.2825 0.27729 0.16283 -0.88319 0.1277 0.79849 1.3744 -1.0671 1.0501 0.28901 1.528 1.4169 0.72511 2.6006 0.55971 -0.35403 -0.95166 0.41521 
egg -2.7605 -1.2894 1.5592 0.90067 -0.47578 2.2902 6.0274 -6.4027 3.3555 2.412 -3.4277 0.85079 -2.4193 -2.0901 4.3913 -9.967 3.2198 -2.3065 -1.2372 1.2558 0.69013 1.0859 3.02 0.15012 -1.8985 2.5356 0.55509 -1.986 0.34025 3.1313 -2.7274 -0.99745 1.3287 7.432 6.0209 5.2866 4.0304 -2.6631 0.40051 6.3274 0.5866 -4.8299 3.6533 2.9863 4.7539 -2.3315 -0.32492 -5.3598 -1.1809 -3.963 0.59688 -1.6215 0.15524 -1.7216 3.2753 0.94469 -0.74655 3.9662 1.2086 1.5998 -1.2579 -4.7321 -0.59146 2.8346 -0.96486 -4.4702 0.65302 -0.48251 1.9549 -3.2649 2.2485 -4.0988 -1.1986 -1.814 -2.7502 2.4361 0.26236 0.29685 4.417 -1.043 -3.1316 -1.6646 -3.3233 2.7064 1.8029 1.5555 6.17 -2.5131 2.2217 1.841 1.3053 3.1135 1.666 -3.2989 0.52589 -1.2128 7.6119 0.31843 -2.5391 2.8971 
mouse -1.2409 -1.2305 -2.4642 2.0546 -4.0876 2.3993 0.63804 -0.62643 0.77087 -0.2568 0.35969 0.054825 -0.045897 -1.0538 0.10187 -0.63502 0.2226 -0.037066 -0.56548 -0.96533 -4.0177 -0.68262 2.3646 -3.7589 -2.2448 2.5304 1.2619 -0.788 2.0226 1.4191 -2.5355 3.4603 -2.3829 0.84309 2.1584 -1.8578 -1.178 2.1775 0.96757 0.91668 1.5865 -1.5238 0.36775 0.34514 0.83502 -0.44563 -0.58107 -2.4036 -3.4477 1.0247 -1.8737 -0.36282 0.8477 3.45 0.13087 -0.77685 -1.8531 1.1765 0.75521 0.74159 -4.2005 2.6307 0.064823 -2.2408 2.5539 -1.8754 -1.3641 -2.2959 0.086582 -1.7583 2.5982 -0.72578 -0.40971 2.2041 -0.54856 -0.021852 0.60005 1.5263 3.3703 0.52842 -0.44254 -3.2511 1.302 1.0852 0.94725 0.55785 4.8397 -3.2903 3.1708 -1.4099 -0.41665 1.9591 -0.76093 0.85801 -3.748 -5.4442 4.6611 0.069584 -1.8834 3.6891 
cologne 1.3114 -0.01159 0.25622 -1.1617 -1.4534 2.2177 -0.42697 1.8179 -1.5438 -1.3943 0.75796 0.76832 -1.3974 0.42405 1.0246 0.07103 -1.7896 1.2303 -1.1126 -0.54785 1.118 -0.66591 -0.6953 -1.4212 -0.72102 1.3815 0.91427 0.15871 -0.28911 1.4781 -0.39171 -0.13127 0.65413 0.44974 -0.14454 -0.040116 1.5657 0.33622 0.58204 -0.63786 -0.31513 -0.27235 0.13273 -0.44739 0.51302 1.8211 -1.6183 0.93531 0.38669 0.17745 -0.74831 -0.12068 1.4388 0.4771 -1.2349 -1.217 -1.058 -1.1241 -0.76672 -0.52301 1.002 -1.832 1.2611 2.787 -1.0195 0.86876 0.25795 0.0012367 -0.70206 1.3739 -0.31852 0.83172 1.3212 -1.15 0.24493 1.8269 0.3079 0.47957 -1.8075 -1.5744 -1.367 1.8937 1.5608 0.75801 1.3845 1.1261 -2.7627 -1.5719 -0.08336 -0.25554 0.87091 -1.3388 2.6812 -0.28398 -1.6121 -1.4761 1.675 1.539 0.90387 0.23298 
pine 0.65027 0.69873 0.76683 2.7737 -3.6088 -5.1865 1.2526 -0.38238 -0.34053 -1.0237 -0.45674 4.0302 -1.0716 2.9137 -1.8795 1.9021 -3.9543 3.0448 -1.2928 0.47087 -0.13293 -0.15946 -1.1562 -2.8069 -1.9945 2.3008 1.584 0.88056 1.5877 0.53589 -2.9429 1.0492 -0.26872 3.8405 2.6499 -2.6376 -2.0866 1.7001 -0.67193 4.3296 0.25432 -2.2115 1.8444 0.33848 0.81323 3.2603 1.2734 1.7451 -1.0909 -2.8808 0.032644 2.7812 0.70262 1.657 0.21398 2.0562 0.40141 -2.2877 0.62216 -0.29187 1.2994 -1.4758 0.57962 5.2129 0.52959 4.9608 -1.7126 0.023522 1.4587 0.24943 -1.9549 1.3326 2.9645 -4.3847 -0.26774 2.491 2.5712 1.4999 1.2537 -4.5293 -2.1753 -1.656 2.5297 -0.22105 0.92685 1.581 1.3409 -1.9158 -0.17564 -2.6047 1.9245 -0.42197 2.1976 1.7136 0.14523 6.0919 0.77347 2.743 -1.898 0.68174 
incense 2.5597 -1.2071 -0.33651 -1.34 -1.9932 -2.0568 1.0196 1.2711 -0.27306 -0.40562 0.20934 0.49599 -0.9729 1.1252 -1.6684 0.88989 -2.4404 1.0299 1.303 -2.28 1.3161 -1.9593 -1.299 0.0045379 -0.3332 2.1974 1.0166 -0.91483 0.44122 -0.25712 -3.2252 -0.13756 -1.3613 1.0327 1.2981 -0.95499 -1.8042 2.0542 0.95264 0.21862 0.18497 0.22772 1.3966 -2.3345 0.73643 0.38499 0.58203 -0.89622 -0.048643 2.1774 0.58131 -0.60887 -0.86612 0.60678 1.2273 0.063567 -0.69945 -1.0804 0.94034 1.6393 1.2992 -1.3138 2.3996 1.5056 -0.58596 1.5891 -0.88256 1.6957 -0.47732 -0.74578 -0.25293 0.95945 -0.77307 -0.82124 2.057 0.41887 1.0496 1.4831 -2.087 -2.3768 -0.38512 1.7139 1.2326 -1.5308 0.80491 0.81022 3.094 -0.21675 0.50399 -0.13474 -0.98632 -0.64161 3.9277 -0.43959 1.1405 1.2365 1.9276 -1.9741 0.3038 0.28301 
honey -0.1022 0.97818 -1.9207 0.2256 0.31742 -0.22176 2.2419 -0.71469 -2.1405 -0.80266 -0.60949 1.0653 0.63548 1.2675 -0.31408 -0.7693 -0.31807 1.3969 2.1679 -1.7192 1.2709 -3.1841 -0.58352 0.14998 -1.2432 0.67923 0.89064 4.1952 0.58352 2.0981 -1.482 -0.807 1.3037 2.6562 1.5111 0.025228 0.74017 1.0429 -0.64472 2.0769 -0.30793 -0.21301 -0.88365 -1.2908 3.1857 -1.3714 -3.0894 -1.2806 1.0948 -1.4993 -2.7041 -1.7558 -0.072676 -0.035125 1.4662 0.59409 1.5422 1.1615 0.81487 1.6435 0.73012 -2.223 0.95272 -0.57763 1.1913 2.7123 -0.76513 0.6835 0.29985 0.052833 0.30021 0.13293 -0.35864 -0.99999 -0.82463 2.2952 2.2717 0.39864 1.8752 -0.92744 -2.719 0.13307 1.6748 -0.97635 -0.98322 -1.8171 -1.1477 2.1881 2.3172 2.053 0.83367 0.76271 2.1206 0.65498 -0.30288 2.8271 3.3399 -2.1256 -2.291 0.54293 
grass -0.73645 0.26269 0.15966 2.1135 -1.2887 -2.3451 1.8114 -0.74452 0.17033 0.65976 0.85144 1.3102 -0.9656 1.1737 -0.40911 1.8511 -1.015 0.067987 1.7143 0.23118 -3.5806 -1.2089 -1.4958 0.54825 0.43619 -0.2482 -0.12491 -2.0771 2.4223 2.0598 -2.3406 2.7923 0.31252 0.95875 1.932 2.4269 -1.7694 1.8464 -0.3454 0.48497 0.78286 -0.81582 0.64296 1.7021 1.3122 -1.0973 1.0172 -0.23937 0.52105 -0.67859 2.537 1.2566 1.7328 1.0339 -2.0812 1.9646 1.5589 2.1964 -1.6376 -0.07115 0.17599 -3.1457 0.58828 4.1606 1.9313 2.4247 -1.3731 1.2028 1.1703 -0.33692 2.0707 1.0769 0.65263 0.95152 0.31207 1.1305 1.0954 -0.41778 0.29012 -1.1523 -2.4857 0.14467 1.777 -0.013771 -1.5075 2.2912 -0.24675 1.1353 0.40811 -1.1037 1.3559 -0.036049 2.2052 1.752 0.80477 3.8788 2.4635 0.17737 -0.12898 -1.0072 
tobacco 1.1997 0.45425 -0.82742 -0.15171 0.27983 -1.1116 -0.37564 -1.3615 -0.36378 -1.8459 -1.9057 0.30106 -0.73354 3.8016 0.11974 -0.058663 -2.541 0.53526 -0.87315 -2.371 0.019563 -1.3008 -0.60636 -1.4478 -0.37413 1.1601 -0.0079434 0.47544 0.47244 -0.084597 0.21611 0.661 0.40997 0.3559 0.78431 0.16259 -0.13333 2.7005 1.5235 0.048377 0.40961 0.80257 0.53063 -2.4016 -2.0498 1.3463 -1.9096 -0.38794 0.19251 -2.1132 -1.659 -0.72054 -1.5404 0.20287 1.9392 -2.1308 -0.42863 -0.71152 2.2528 -0.63303 0.14161 -1.2627 1.0371 1.4459 -0.94057 0.50323 0.59849 0.94825 -0.067162 -0.54656 1.5021 1.0823 0.030987 1.206 -0.21698 1.0804 2.7314 0.66097 0.38494 -2.0561 1.483 0.58794 1.593 -0.43115 0.85733 -0.56344 -0.53009 -0.80913 -0.13823 -1.2809 0.57008 -2.5922 2.2376 -0.60126 0.23329 1.2675 2.8429 -0.84782 -0.0019255 0.0055897 
vegetable -2.0996 -0.68561 -0.16393 1.7174 -0.1864 0.15252 0.39219 -2.2868 0.25435 0.93461 0.92775 -0.69099 -1.6219 -0.36946 0.56783 -0.0079867 -1.8595 0.30877 0.083338 -1.7132 -0.35236 0.76408 0.026579 0.68725 1.5664 0.45707 -2.1089 -1.3875 0.33499 2.1031 -0.97575 -0.94656 -0.52478 1.1951 0.90983 1.4805 1.9848 1.9353 0.70516 1.2351 -0.17431 -2.7712 0.6809 -0.63175 0.43079 -0.62658 -0.18672 -0.42765 -0.561 -0.36568 -1.0075 -0.60175 0.38248 -1.0805 0.99664 0.15731 -0.18148 0.67035 1.1599 0.24224 2.4101 -2.0379 -0.77879 0.2408 -0.7526 0.90366 0.53022 0.22974 2.2095 -0.37879 2.2404 -2.4932 -0.049781 1.0789 -0.11039 2.3972 -0.1468 0.91108 0.12294 -2.5702 -0.57654 0.18556 0.35492 -0.84338 0.21356 0.82308 1.9919 0.023116 0.83133 -0.25659 0.56858 1.9022 1.1952 -0.13972 0.13166 0.62526 1.711 2.6118 -1.3593 1.8262 
mint -0.28401 -1.0505 -2.1267 1.5642 -2.3831 -1.3515 1.5337 -1.1527 -2.604 0.83791 3.0226 -0.79056 0.70515 2.4624 -2.933 0.32344 -3.2727 -0.26623 -1.4689 -1.9552 0.015125 -1.2787 0.40913 -0.68846 1.5221 0.31989 -0.62873 2.8248 2.0288 1.3206 -0.5959 0.32416 0.3164 1.2815 -1.3328 2.5648 -0.33243 2.1217 -0.13953 1.5029 -1.5079 -0.64834 -0.87066 -1.0463 -1.4875 0.37997 2.1138 -1.6112 -1.6562 -2.1018 -2.8045 -0.0059917 0.17304 1.0115 -1.6078 -1.035 -0.26907 -0.3294 2.3705 -2.4817 0.89688 -0.62694 -0.2096 -0.037579 -0.6229 3.8922 0.472 0.92042 -2.0561 -0.10737 1.1593 1.3268 1.2047 -2.0479 -1.8842 4.6647 1.9797 2.7612 1.1949 -2.8475 -3.3683 -3.988 4.4647 1.7337 0.18092 -0.11714 -0.24586 -0.41065 0.15525 -1.8355 -0.74694 -0.73697 1.1917 1.4975 0.89871 4.9193 7.1507 -0.59003 -2.7254 -0.2105 
coconut -2.1804 1.4884 0.86648 1.1348 0.028678 0.99217 2.4328 -0.82038 -1.3363 -0.2473 1.5763 1.3056 0.9927 0.31563 0.30922 -0.85171 -2.0123 0.35732 -0.091868 0.075534 2.4657 -0.79924 -0.27602 -1.2051 0.9967 0.95846 1.1701 1.3921 0.55399 1.266 -1.5181 -0.2983 -1.93 4.5234 -0.25775 -1.6245 0.28992 -0.44463 -1.0469 0.50322 -0.071631 -1.8849 -2.0565 -0.22271 1.2094 1.6654 0.89358 -0.45229 0.64755 -3.2389 -0.10687 0.75018 -0.27766 0.6042 -0.47764 -0.26854 -0.60272 1.2351 0.11479 0.17545 2.3927 -3.5965 -1.0175 0.33539 -0.51827 1.4673 -0.067478 -2.0006 0.98804 0.32515 1.6141 -0.98726 -1.0278 -0.4172 -1.5721 1.5203 0.031193 0.60349 1.155 -0.77132 -3.0403 0.82035 3.2384 -1.8596 -0.26999 0.52772 0.66089 1.4186 1.9735 0.89784 -0.017123 -1.664 3.0734 2.2732 -0.13687 3.1202 3.7125 -0.52545 -1.2697 -0.35852 
weed -1.4844 0.096336 1.5605 -0.69476 -0.31553 -0.64427 1.1708 -0.5826 0.042414 1.5719 0.1106 -2.0143 -2.5828 0.43607 1.7666 0.68266 -2.2376 0.5688 3.1531 -2.0314 -3.0187 -2.1251 -1.9137 -1.4398 -1.7566 0.64472 -0.16885 -2.7017 1.5823 -0.97633 -0.82426 1.2825 -1.2505 0.17609 0.32993 0.6561 0.10044 -2.0723 0.084459 -0.88072 -0.89983 0.044612 0.66152 1.3229 -3.6348 3.1539 -0.50612 -0.27195 -0.06763 -3.1266 1.75 1.3015 -1.1031 2.995 -1.7268 -0.96629 1.6395 -2.3492 2.1707 2.7273 1.3116 0.34986 1.3653 2.7881 1.8582 -1.7384 3.4101 1.651 -0.54939 0.43383 1.5689 -0.68494 1.3488 1.366 0.94039 4.1024 3.7885 2.0262 -0.33263 -0.121 -0.27467 -1.3527 1.0539 0.40849 -0.21571 4.2904 0.59232 -1.0291 -2.958 -0.93035 0.92238 -0.50394 1.1437 -0.29248 -0.27239 0.93071 3.4101 -1.7529 0.3701 -0.911 
cherry -3.3253 -0.37614 -1.3887 1.2022 0.4459 0.17089 1.5328 -0.99354 -1.4438 -3.7251 0.78777 2.6775 0.89126 2.9243 -1.6224 1.012 0.85723 1.7022 -1.7391 -0.57056 0.62547 -1.2259 -1.1309 -1.6769 0.78484 0.62248 -2.1792 2.4055 0.12708 0.56372 -1.7963 0.24736 -1.2578 0.99928 0.95087 -0.85763 1.0407 1.5852 1.2385 1.841 -1.378 1.0952 -3.0269 -0.67442 2.4581 0.42405 0.20005 0.06156 -0.35875 -2.6557 -2.0952 -0.66528 -1.9799 0.3649 2.0619 0.77257 -0.040409 -0.97976 1.343 -1.3352 1.5169 -1.8101 0.21736 0.58644 1.1514 2.0868 -2.5857 -0.23795 -1.6861 -2.6793 1.7941 -0.47745 0.78832 -0.15676 -0.42801 3.5867 2.611 0.662 2.2167 0.19857 -2.489 0.56543 2.0357 -0.51341 0.66605 -1.9766 -1.1355 -0.57473 -0.3861 -4.0104 2.3628 -0.76238 1.0537 -2.2078 0.41181 4.144 0.28631 1.9803 -1.7174 0.42981 
grape -3.7699 -1.8282 0.36613 -0.4876 0.54138 0.63488 2.2797 0.82281 -1.7507 -4.1393 0.8771 -0.42571 -4.1919 -0.10811 -2.0127 -1.3157 -1.3273 0.89948 -1.0982 -4.2922 -1.1002 -2.5223 -1.6672 2.5214 0.86465 -0.3458 -2.1235 2.7403 2.4966 1.2885 -2.3809 -1.1229 -1.7433 1.6933 1.4177 -0.18446 6.5003 3.3595 0.65888 2.9521 -0.86428 0.36636 -0.12687 -0.83667 1.123 -1.4093 0.46238 0.35526 -0.18294 -2.9555 -0.13978 0.34816 -0.78193 1.01 1.1922 0.93069 0.7338 -0.28723 -0.64835 1.8927 0.83628 -3.4231 -2.1673 -1.243 1.0866 1.8235 -1.3372 -1.3519 1.0044 -1.8651 1.4241 -2.0986 0.40731 -1.114 -0.74266 1.5304 2.5988 -0.73923 0.98562 -0.93552 -1.1295 0.055871 1.3922 0.77399 -1.9407 0.095079 -1.0436 -0.94829 0.058677 -1.9802 6.0408 0.55546 0.91601 1.6823 -3.7757 1.3273 2.345 1.0948 -0.014924 1.6169 
ammonia 0.11766 -0.17063 0.63668 -2.1597 -1.002 0.49261 -0.58691 -1.0111 0.97141 -0.53443 -0.25117 -2.8829 -1.5166 0.37475 -0.66423 -0.99478 -1.8227 -1.7232 1.4549 0.40964 -1.3131 0.64085 3.3744 -0.20191 -0.3836 1.0613 1.2707 -2.5937 1.6275 1.2929 -0.92638 0.96031 -1.8289 0.63111 0.33693 0.064575 -0.81661 -0.58203 0.5899 -1.3749 -0.016316 -0.32981 1.3423 -0.12297 -1.5745 0.55164 -2.4052 0.52161 1.3795 0.23038 -2.8634 0.53458 1.211 0.59776 -0.96456 -0.84657 1.6885 1.2558 -0.081394 0.62192 0.38103 0.30171 1.2001 0.61445 0.61067 0.40571 -0.8181 -1.3009 1.8218 -1.734 1.348 0.85963 -0.90336 -0.84053 -2.9788 1.5639 -0.65759 1.293 0.07532 -0.7804 -0.6357 0.65081 0.1338 0.80507 0.14758 -0.37911 2.5034 -1.4971 1.3828 -0.61427 -0.043794 -0.82365 1.0237 -0.85827 0.79127 -0.14175 1.5015 -1.5826 -2.1097 0.68086 
vinegar 0.48561 -1.352 -1.4438 -2.3059 0.25205 -0.27956 2.7989 -2.4502 -0.75033 0.86358 -0.89907 -0.57687 -0.99468 -1.2501 -1.9698 -1.2381 -1.9768 -0.11831 -0.086585 -1.2818 -0.92239 0.46594 2.643 -0.56824 0.26659 0.84324 -1.2015 0.32734 0.034671 2.2798 0.22003 -1.1154 -0.25429 1.5546 0.13896 0.44101 1.3796 0.97792 -1.0411 1.3906 -1.2561 0.47371 0.14147 -1.4715 0.52549 0.67533 -0.084156 -1.5213 0.59588 -1.4423 -2.6978 1.046 0.68706 1.6413 -0.0071889 1.2377 0.32735 -0.69529 0.78297 0.92216 0.94825 -1.352 0.30419 1.1565 0.75998 -1.4655 1.3976 -0.33467 1.136 -0.53271 1.7103 1.925 -0.60404 -2.6872 -1.7695 2.4779 -0.34125 0.94856 1.19 -0.40058 -1.1552 0.65799 0.37097 0.17881 -0.24502 0.22643 1.0275 -1.7724 0.71842 -0.028252 0.68166 -0.55094 0.047131 0.11222 -0.023802 1.2172 3.3201 -0.48919 0.95551 0.17369 
peach -1.0266 0.89529 -0.48287 0.19674 0.36822 1.8312 2.3178 0.7375 -2.6308 -1.2716 0.80394 0.036264 -0.46868 -0.55353 -2.0954 -1.9265 -0.17234 3.0793 0.25961 -0.74235 2.4503 -1.006 -1.5594 0.35234 -0.82966 -0.53416 -1.9853 4.8404 1.4026 2.3426 -0.46491 -0.87258 -2.6065 1.9529 2.9711 0.078452 -0.10184 -0.43909 0.0094767 0.79442 -2.3139 -0.027561 0.71104 -1.0738 1.9174 -0.35289 -1.4503 -0.79746 -1.9343 -3.0259 -1.7717 -2.6945 0.638 0.65847 1.2256 0.44816 0.50235 -2.2448 -1.5808 -1.2527 1.7652 -2.7602 1.416 -1.8811 0.96218 3.3184 -2.9292 -1.4152 -1.0099 -0.27189 0.38674 0.22649 -2.0649 0.24301 -0.81752 2.0089 3.197 0.079311 2.1376 0.97005 -2.6289 0.058505 1.3707 -0.74467 -1.3689 -0.21562 -1.2739 1.5587 -0.047496 -1.6128 2.1526 -0.47427 1.1869 0.11534 -1.2822 4.4936 2.3668 1.0697 -4.5383 2.2598 
rubber 1.3358 0.34714 0.037013 -1.7078 0.21776 -3.031 -0.10531 -0.22041 0.85974 0.15217 0.78706 1.379 -1.5483 2.32 -0.69548 0.67809 0.45884 -0.48025 0.79436 -0.63641 -1.2221 -0.62055 -1.113 -1.9833 -0.057458 -0.014439 -0.82817 -2.4255 0.47277 2.8592 -0.29298 0.27692 -1.4308 0.43217 -0.044253 -1.4335 -0.54246 1.6834 2.3142 -1.3183 0.23355 -2.5553 -0.21011 -0.4351 0.31336 3.294 -0.86423 -0.29599 -1.6706 0.47476 -1.0949 1.9222 0.14478 1.0371 1.2637 1.3901 1.1599 2.7433 0.43892 1.4546 -0.82223 -0.33429 -0.11155 2.4833 0.29823 -1.86 -0.86088 -0.47363 -0.55501 -1.0207 -1.0075 0.54724 -1.704 0.56696 -1.3495 -0.7101 -0.48558 1.281 0.40858 0.17293 0.52102 0.77251 0.86665 -0.18188 0.35947 2.4301 3.0645 0.12537 0.73412 -1.0695 -1.1043 -0.31826 1.7111 0.083096 1.1947 4.9899 1.5882 -2.5357 0.75453 -0.47111 
grapefruit -0.30177 0.13624 -0.10622 1.3017 -0.84255 1.1881 1.6283 0.30086 -2.3488 -1.9824 0.88048 1.6749 -2.1135 -0.40762 -2.9018 0.89868 -1.2361 1.1209 0.091645 -0.83651 0.83719 -0.57652 -0.13007 -0.080547 0.17091 -0.021416 0.17496 2.3641 0.35899 0.32899 0.79028 0.73667 -0.917 1.3907 -0.24681 0.084879 -0.0042885 0.4475 0.0053104 1.2116 -0.87395 0.067368 -0.64954 -0.081295 1.1692 0.1049 0.014544 -0.54261 -0.46495 -1.9141 -3.0919 -1.0646 1.3103 0.045072 0.023341 0.81559 -1.1619 -1.9575 -0.22177 -0.98061 0.20114 -0.45435 -0.96707 -1.0102 0.084843 3.5446 -0.73026 -0.93245 0.91046 -0.36778 0.22014 -0.83674 -0.047883 -0.65576 -1.795 2.4576 1.557 1.2 2.0576 -1.9021 -1.4824 -0.76242 2.557 -0.83776 -0.014617 0.63953 -0.40322 -0.66075 0.30014 -1.1068 2.1866 -0.2901 0.64816 0.37481 0.85385 3.3328 1.9863 0.16419 -1.4845 1.5176 
berry -2.5778 0.73095 -0.23863 1.7591 1.0569 0.9516 2.3401 -0.25549 -2.7775 -2.6725 2.4194 1.8341 -1.8068 2.1975 -0.93274 -0.074265 0.3445 1.8641 -0.79551 -1.9564 0.58463 -2.5273 -2.0078 -1.3765 0.97988 -0.98525 -0.83046 2.5284 1.0564 -0.61514 -2.8965 0.49002 -0.44477 1.1584 2.2388 0.62987 0.89579 1.2281 1.0731 3.5777 -0.13258 -0.36113 -1.6172 -0.61825 -0.053708 0.14585 -0.56408 -0.65227 -1.1882 -1.3302 -2.2642 -0.77885 -1.7764 0.67181 0.41324 1.0848 -0.18984 -0.62325 0.83652 -1.0113 1.9922 -4.8954 -0.91612 -0.39033 0.0017401 3.2672 -0.98891 -0.93215 -0.89784 -0.60181 0.048097 -1.7283 1.4508 0.44857 -0.5837 3.2836 4.333 -0.099994 2.6077 -1.4222 -2.5382 -0.0035014 2.1661 -0.77673 0.29779 -1.5173 -2.7092 0.79592 0.22934 -4.5682 3.9025 -0.41153 0.73345 -2.4546 -2.0877 6.083 0.56415 0.16018 -2.4043 2.833 
strawberry -2.7072 0.13753 -0.88517 -0.11805 0.73705 0.34828 0.80202 -0.80141 -1.602 -1.1609 0.29287 0.64657 -0.43145 0.28214 -0.71234 -0.68033 -0.32295 1.5481 -0.60631 -0.19013 0.35161 -2.3053 0.54489 -1.5383 -0.0092192 -0.47931 -0.51569 2.1158 -0.42475 0.78766 -2.333 -0.5265 0.73459 0.47711 0.81843 -0.059618 0.95573 -0.11139 -0.58801 1.0525 -1.1226 -0.33521 -1.9532 0.22028 0.48699 0.86025 0.50438 -1.0655 -1.2281 -1.9572 -1.0428 -0.44978 0.14936 0.29234 0.80326 1.0728 0.046538 -0.034709 0.56464 -1.185 0.30921 -0.81778 -0.39793 0.4722 0.25017 2.0936 -0.5408 -1.3049 -1.048 0.15423 1.2104 0.039785 0.91598 0.72651 0.083219 2.7872 1.2631 -0.010033 2.5534 -0.10958 -1.8337 0.66535 1.9513 -0.95472 1.1098 0.80824 0.089636 -0.41575 0.077725 -1.7041 1.2939 0.50769 1.539 -0.013955 -0.41931 2.0443 1.4819 1.3715 -1.2447 0.80434 
manure -2.2266 1.0394 1.6277 0.1433 -0.16587 -2.4629 1.2416 -0.55652 -0.035051 0.45595 -0.26095 -2.202 -3.3003 0.90551 0.83797 0.089702 -1.1307 0.12094 0.016413 -1.8546 -2.7396 0.81536 2.4406 0.60164 -1.9074 1.2041 -0.069266 -0.83314 0.72817 0.90819 -1.595 -1.2837 0.66101 0.68566 2.0881 1.7572 0.57508 1.3636 -0.63485 -2.6497 0.18278 -3.5015 0.22261 0.97094 -2.7625 1.3802 -1.4949 0.29187 1.8348 0.20343 -1.0269 0.3834 -0.34579 4.0062 0.042759 0.19452 3.2627 2.7032 -0.24399 -0.95279 1.6547 0.02253 1.3596 2.4644 2.9168 1.3509 -0.31888 -1.0113 2.1816 -0.92954 1.9593 -4.0953 0.4752 1.0127 0.0064292 1.2628 0.2903 0.070788 -1.9108 -0.20238 0.49652 0.44054 -1.4436 0.68902 -1.5609 -0.095381 1.1576 -0.17097 -1.3322 0.99936 2.1892 1.0438 1.3417 -0.96486 1.7896 -0.52354 1.6721 0.36176 1.6039 1.1358 
clove 0.58899 0.28236 -2.5096 -0.98243 -1.4175 -0.62351 1.4137 -3.2263 -3.9048 -0.5035 -1.4905 3.103 -0.11703 -0.15596 -2.3548 1.5517 -1.5757 1.516 -0.48549 -0.38863 -0.96061 -0.50608 -0.9293 -2.3807 1.3649 0.66386 -1.6524 0.54214 1.8674 -0.34543 -1.2674 1.433 -0.84239 2.0747 -0.18258 -0.8157 0.2114 0.99821 2.8644 1.8437 -1.8007 0.16767 1.0785 -3.2259 0.78175 0.73372 0.891 -2.7109 -1.1957 -1.5497 -3.414 0.35291 -0.66767 1.3199 -0.19702 0.3571 -0.72298 0.76629 1.9534 -1.3196 1.3839 -4.1334 -0.057584 0.72949 -1.3748 2.6482 1.1439 2.3615 0.47569 -1.1436 -1.7614 1.6796 1.2653 -1.9963 -0.94458 0.8838 3.5689 0.65833 1.1474 -2.8117 -3.43 -0.89335 1.4202 0.80911 0.48607 0.99172 0.054317 -0.72115 1.5489 0.106 2.3947 0.52823 1.4989 0.65812 0.32917 2.3763 3.2796 -0.17993 -0.6408 0.0030432 
cedar 1.6426 -0.030094 -0.55956 1.4573 -2.4788 -0.15958 -0.64946 1.164 -1.5164 -2.0444 -0.14733 3.8796 -0.70066 2.6187 -1.7991 2.5505 -3.0453 1.358 -1.4348 0.6746 0.21967 -0.44599 -2.1112 0.071959 -1.9715 0.97801 0.6346 1.9743 1.7282 0.32003 -2.2884 -1.6798 -1.0908 1.0069 1.4758 -0.57504 -3.2294 3.3205 0.2188 0.93433 0.53053 -1.0439 -0.25147 -0.72541 0.79184 3.4233 2.4747 0.25154 0.59477 -3.0629 0.37055 -0.64498 -0.71882 0.22537 0.65275 -0.66382 -0.13869 -0.57461 0.96012 -1.1484 1.0706 -0.54763 -0.199 1.9158 0.041032 1.6696 -0.20397 4.1082 0.27162 -0.64373 0.32403 1.7517 1.7129 -1.6159 -1.0836 1.2979 2.2183 0.46781 0.8611 -0.065533 -2.7293 0.27419 2.4944 -0.71815 -1.4137 1.6904 -1.4939 -0.90896 0.87467 -3.4756 1.4178 -3.1392 1.3702 -0.22205 -0.44176 5.965 1.2011 0.34517 -1.4646 0.089479 
gasoline 0.63042 -0.85616 0.7706 -3.0824 1.3857 -0.17788 1.0494 0.14652 -0.61976 -0.13735 -1.269 -0.12789 -2.4377 0.2467 0.17789 0.012582 0.5651 -0.44908 0.90659 -0.25002 -1.6864 -0.27397 0.71434 -1.3931 -0.91106 -1.0259 0.30997 -1.3256 -0.025955 1.4833 -1.0539 0.4078 -0.67908 -1.1721 0.46286 -0.09684 -0.051604 1.3118 0.58468 -1.7119 -0.61241 -0.12702 0.26223 -0.41163 -0.51984 2.6955 -0.75143 0.23904 -0.90241 0.92083 -1.8095 -0.95569 -1.4268 1.5721 -0.21779 -0.65478 0.028976 1.1283 -0.14479 1.862 2.4083 0.058893 1.7735 1.9314 0.12149 -0.1704 0.99406 0.57265 -0.31968 0.06652 0.72468 2.0382 -0.67818 0.80637 -2.7857 0.27066 -0.18331 1.4753 0.098852 0.65162 -0.85619 0.47309 0.33272 0.98203 -0.13971 0.72388 0.10759 -1.805 0.17982 -0.94287 -0.52463 -1.4093 0.70354 0.84039 0.2298 2.8989 -0.48397 -1.5469 -0.11601 0.50477 
oak 0.81783 1.2939 -1.2746 2.5593 -2.9279 -2.9316 -0.28753 2.2343 -2.2348 -5.5411 -1.8666 6.3566 0.57341 5.6469 -5.653 4.8913 -3.7259 2.4998 -7.114 -5.8368 0.3083 -2.0038 -1.1452 -1.4639 -0.50693 -3.4333 -2.0781 2.5674 7.6254 5.5212 -4.0985 0.39311 1.5743 2.5744 4.6186 -1.0487 0.54116 4.4276 0.66037 6.2874 0.12992 2.4531 3.7223 -1.8418 5.8014 -0.15154 0.12243 5.0494 5.8105 -4.3386 -0.49086 -2.0504 -5.8249 1.1375 5.1872 4.7329 2.4454 -1.7042 0.03944 -0.95515 2.4651 -5.3855 1.9874 1.5765 3.2714 -0.11159 -0.60987 -0.38546 -0.10971 -7.0494 -0.86892 -1.1998 -0.30597 -2.3938 -1.7987 2.6374 2.7513 -0.65437 4.0964 0.086687 -0.99909 0.46692 1.0938 -3.352 -2.6207 -2.0809 -1.3566 -2.3344 2.2356 -3.7547 1.4437 -6.3087 1.7017 -2.5349 -4.4355 5.2036 -0.17643 0.51469 0.11155 -2.716 
pear -0.58857 4.2985 -0.4542 1.3282 0.50405 1.4045 2.6739 -0.28219 -3.2035 -4.0151 0.39521 1.9522 -0.90273 1.4708 -3.1241 -0.66656 -0.75617 2.7583 -0.038564 0.18464 0.9126 0.39754 0.20877 -0.83361 1.0215 -0.8484 -3.7116 6.6968 1.9399 2.6537 -0.55396 2.1591 -4.2528 0.35847 3.8809 3.1633 -0.24268 0.80942 0.94366 3.5024 -1.9662 0.96543 -0.016867 0.035222 3.4492 -2.355 -1.3496 -1.4096 -1.4907 -1.3125 -4.3726 -3.3642 2.4891 0.36263 0.84433 -0.18887 0.18825 -1.9598 -2.4253 -2.7597 0.74036 -5.6621 0.29111 -0.13255 1.1721 5.1646 -2.646 -3.2605 -0.010592 -0.11797 1.0672 -1.6873 -2.1952 0.46045 -2.266 1.6495 4.3214 2.9203 0.63303 0.32065 -3.2958 -1.3352 0.71391 -0.39417 -0.18815 1.2569 -1.3712 0.15795 0.28126 -2.333 1.6693 -1.5251 1.7181 -0.072369 -1.9099 5.3794 1.8973 1.4124 -3.0355 1.7593 
banana -2.5339 0.34252 0.56414 -0.62251 -1.2328 0.22158 -0.14327 -2.2517 0.13277 -0.32252 -0.20236 1.7597 0.91293 0.10786 0.15546 -1.779 -0.75271 2.6973 0.10018 -0.32101 -1.1906 -1.9826 -0.09854 -2.2813 2.3442 -0.97719 -0.082945 1.2868 0.58808 0.93635 -0.55737 1.4283 -2.0804 2.9694 1.3786 -0.82996 -0.0076791 0.67368 0.01021 1.2889 -1.5799 0.11385 -0.88788 -0.016909 1.4307 1.681 0.6668 -0.35924 -1.3374 -1.055 -0.77144 0.54276 0.14848 -2.682 1.1512 1.1572 -0.87756 -0.43721 1.0355 1.3006 1.1786 -1.9816 0.21403 -0.26146 -0.48488 0.056336 0.76816 -1.6483 -0.30094 -0.81804 1.854 -1.3135 -0.78502 0.73621 -1.1426 3.1395 0.33828 0.51222 2.482 -0.86188 -1.5367 -0.25486 2.8451 0.42333 -0.95223 0.34809 0.01334 -0.51646 -0.14194 0.22175 0.78981 0.64042 2.2841 0.22819 0.25019 1.4788 1.0253 0.048623 -0.56905 3.2428 
popcorn -1.6115 1.1511 0.020182 0.94922 0.045227 -0.87754 -0.35271 -3.2002 -0.73196 0.91808 -1.3764 -0.90581 -0.32348 0.25967 1.0366 -1.5483 -2.3642 -0.72656 -2.8993 -0.94229 -0.30499 -2.7928 -0.18334 -1.0905 -0.27453 1.7234 -0.83971 -0.70378 0.00099075 0.9726 -0.063645 3.6155 -2.4935 1.5044 2.6583 -3.1933 -0.80717 -0.26699 0.1522 0.34471 -1.1644 -1.7838 -1.1184 0.58338 -0.58694 1.5986 0.3653 2.1346 0.3699 -1.9382 -0.46821 -0.093059 0.78728 0.31218 -0.59399 0.309 1.7234 -0.53765 -0.67775 -1.7483 -2.03 -3.3993 1.5937 0.37821 -0.48622 -1.7383 0.10724 -0.24522 -0.92882 1.4511 0.38018 1.244 -0.64587 -0.11546 2.7607 -0.16173 -0.73191 2.08 -0.40113 -1.58 -2.3145 -0.47378 -0.83422 0.49726 1.4814 -1.0109 2.015 0.54914 -1.1412 0.64568 1.4022 0.75947 0.35813 1.6846 0.11249 3.4095 2.2733 -2.4568 -0.12926 0.74788 
caramel 0.29403 0.60965 0.046169 -0.47083 0.14169 0.26856 1.9493 -0.052656 -1.2651 -0.55043 -0.8215 1.3299 0.916 1.5214 -0.22963 0.093821 -2.323 1.1394 -1.7677 0.34109 0.27103 -1.6882 -0.34267 0.51577 -0.47155 0.50737 0.41216 0.43564 0.049726 -0.12879 -0.71612 2.275 -0.46213 1.0749 3.904 -2.0213 -0.076928 0.19557 1.2163 3.1192 -2.2734 -0.77454 -0.92256 -0.82034 2.8242 -0.22015 -0.24815 -0.31112 0.33992 -3.3917 -1.6972 -1.9672 -1.2398 0.92219 1.0043 2.6769 0.2984 -1.0252 2.1658 0.034362 0.60053 -2.2644 -0.8039 -0.73671 0.53858 0.6416 0.27228 -2.022 0.39633 -1.7414 1.0331 0.94224 -1.3701 0.40369 -0.91544 1.8901 -0.14609 1.2931 3.4371 -0.82813 -1.1081 1.6611 2.7333 -0.28676 1.3134 -1.0254 0.063605 1.3754 1.1398 0.15276 0.34576 -3.3233 1.3265 -1.3572 1.8949 3.7261 1.941 0.33833 -1.2352 1.4018 
eucalyptus 0.12549 0.081698 -0.10289 0.69664 -2.2714 -1.0882 0.43048 0.51493 -0.23096 -1.2003 1.6166 1.0044 0.12858 0.89994 -1.8818 -0.075234 -2.0941 -0.1523 0.32621 -0.086882 -0.56472 0.025191 -0.012807 -0.4096 0.07583 0.70057 0.98427 0.83493 0.82805 0.67935 -1.0882 -0.94809 -0.067816 1.8647 -0.85901 0.74786 -1.0143 0.83558 -0.59066 1.087 -0.81442 -0.068603 0.78529 -0.80009 0.71855 0.48398 0.57565 -0.76037 -0.37474 -1.1167 -0.77188 1.9468 -0.40214 -0.25114 -0.65753 -0.017187 -0.69372 -0.025216 -0.13076 -0.303 1.0522 -0.62949 -0.38856 1.3926 -0.54337 2.4553 -0.82239 -0.064068 -1.0898 0.55318 -0.9839 1.9727 0.25302 -0.92422 0.21745 0.74814 0.84634 1.3504 0.12937 -0.66571 -1.7882 -1.4163 2.3714 0.11456 -0.44507 0.37706 0.7235 -0.085739 0.82017 -1.69 1.0147 -0.044338 0.72386 1.1763 -0.027408 2.3279 1.9201 -0.29368 -0.28256 -1.5148 
bakery -1.8798 0.53095 -0.94556 0.043582 -1.6325 -0.14829 2.247 -0.71972 -1.655 0.62428 -2.9013 -0.13346 1.1705 1.0342 2.7639 -0.55081 -0.44499 1.8017 -0.10799 0.55966 1.9055 -2.2137 0.8637 -0.3006 1.1332 0.29262 -1.9847 2.8572 0.14068 1.4753 -2.3034 -2.5728 1.6295 3.7305 1.9365 -1.4585 -0.97254 1.2074 3.0303 0.95323 -1.401 -1.9376 -1.7703 0.68592 -1.6932 0.39241 -0.32608 1.9044 -2.0556 -0.47204 1.7999 -0.43645 -2.309 -1.6523 0.78508 -0.4506 0.90517 0.63899 0.75655 -1.4585 1.7421 -1.1073 3.5023 0.019727 -2.388 -0.14318 2.3403 -1.0478 -0.7538 0.55777 -0.49508 -0.68157 -0.29811 0.71995 2.5596 -0.24827 -1.6533 1.3365 1.8608 -0.95634 -3.394 1.0378 -2.9484 0.21365 -2.3462 0.25871 1.5925 -0.63204 -1.519 -0.91916 -0.54553 -1.2447 1.91 -1.5676 -0.63908 2.914 -1.0824 2.0221 -0.19135 -0.44609 
peppermint 0.38713 0.57078 -0.92122 0.11466 -1.4843 -0.62805 0.30986 -0.11652 -0.91251 -0.38509 0.86613 1.27 0.34624 0.1238 -0.67363 -0.86121 -2.0138 0.33525 0.74116 -0.049993 -0.66174 0.19605 1.1475 -1.4517 0.22869 1.175 0.79452 1.393 0.26976 -0.28459 -0.20518 1.2857 1.1984 1.0008 -0.055903 0.40449 -0.7577 1.9908 -0.62868 0.25013 -0.88846 -0.20623 -0.090036 -2.3362 0.18982 0.65622 0.77734 -0.26647 -2.4222 -1.2096 -2.4626 0.78746 -0.75234 -0.30154 -0.45832 -0.12163 -1.8103 0.025844 1.3747 -0.67493 0.37484 -0.42651 -0.63284 0.53206 0.022368 2.4439 -1.0074 -0.04043 -0.77637 -0.42725 -0.63543 0.18728 0.82082 -0.34992 -1.09 1.6242 1.2149 1.204 0.87995 -1.7216 -2.3557 -1.1456 2.5323 -0.5406 -0.36628 0.029008 1.3419 -0.1736 1.5022 -0.88562 -0.21982 0.32117 0.78243 0.95339 0.86676 1.3104 3.9828 -0.5211 -2.2102 -0.35931 
mushroom -2.5646 -1.0301 -1.3007 -0.085974 -2.5487 -0.58778 0.31685 -0.97581 0.39078 1.018 -0.35765 -0.15587 -1.937 0.19498 -1.1144 -1.0771 -0.85069 -0.74512 -1.139 -1.185 -0.63791 0.18266 -0.079671 0.31051 -0.57684 -0.52199 -0.14673 0.29828 1.2916 1.0973 -0.87611 -0.15005 -1.3589 -0.49416 0.76749 0.79198 0.096157 0.5303 1.3834 0.060928 -1.9009 -1.8277 -0.79812 -0.79545 0.90546 -1.4809 -0.22561 0.6835 -0.10472 -1.7991 -0.68137 -0.874 -1.3275 0.20814 1.5402 1.0227 1.4805 0.87849 0.6028 0.70906 0.84312 -1.3784 0.056458 1.5572 -0.37473 0.62695 0.51089 1.1535 0.76282 -1.6754 2.3222 -1.6791 0.55063 0.70723 -0.1087 0.36196 0.71281 -0.49786 0.19801 -0.22341 -0.25077 -0.7525 1.9671 -0.71156 0.21067 1.7541 1.1817 1.4027 1.225 0.5558 1.6552 -0.98706 0.84584 0.019976 -0.94895 1.1575 2.4417 1.0463 -1.4313 1.1339 
raspberry -1.3942 0.45379 -0.9337 0.79766 -0.064872 0.92861 1.1543 -0.067133 -1.9362 -2.254 2.0646 1.3346 0.27205 -0.40248 -1.8779 -0.69299 0.25122 -0.076581 -0.20784 -0.080898 0.1726 -2.0188 -0.71996 0.2988 -0.22448 -0.85645 -0.17903 2.5567 -0.26431 0.1019 -1.5255 0.41611 -1.1646 1.2398 1.3373 -0.85358 0.37432 0.9957 0.012619 1.8724 -0.81871 -0.67583 -1.1117 0.044704 1.6336 1.1672 -0.98672 -1.0447 -0.064881 -1.8673 -1.7856 -0.9219 -0.73345 -0.17419 0.60068 0.18193 -1.2531 -1.4792 1.2719 -0.98469 0.32911 -2.3002 -0.50453 -0.36429 0.011152 2.6021 -0.97563 -1.0776 -1.0926 -1.2434 1.3618 -0.6105 -0.23785 0.74087 -1.4538 1.4603 2.1499 0.18163 2.5689 -0.50915 -1.8239 0.42234 1.977 -0.17422 0.81137 -0.56746 -0.83841 0.38504 0.80071 -3.7448 2.47 -1.7847 0.93072 -1.0725 -0.22719 4.0275 0.41201 0.54815 -1.2541 0.55516 
almond -1.2328 -0.048811 -0.94247 2.1466 -0.89174 1.0256 0.86108 0.29718 -0.042539 0.40505 1.4056 1.0083 -0.093633 1.0242 -0.0025865 -1.6804 -0.34306 1.0924 0.21148 -1.3795 -0.19564 -1.9273 -0.9441 -0.27963 1.61 -0.08637 -0.048856 2.3969 1.6948 -0.61705 -0.41386 1.7976 -0.96264 2.9125 1.5634 0.037085 -1.7194 0.69582 -0.48379 1.5978 -1.2677 0.15156 -1.3209 0.12695 1.6324 -1.6772 -0.24155 -1.4926 -0.098259 -1.283 -2.2666 -2.2549 -1.4732 0.27126 1.178 -0.043333 0.50404 1.6936 1.2509 -1.2718 1.565 -2.0981 0.21946 -0.09589 -0.12073 2.3992 -0.43658 0.085641 1.3889 -1.0508 1.5477 0.56677 -1.3583 -0.10245 -0.84585 0.82422 -0.68696 1.6654 2.3704 0.40581 -2.2624 0.57794 2.7916 -0.69131 -0.13138 -2.3119 -0.17805 0.29479 1.2341 0.13657 0.58588 0.57697 2.2374 -0.66225 -1.4711 3.7212 3.198 -1.1442 -2.0992 0.71225 
violet 0.34456 1.8227 -1.049 -0.88081 -0.80148 1.601 2.7823 2.7061 -1.086 -1.2656 -0.20119 0.34817 -1.7374 2.4205 -1.8488 0.57947 0.25281 -0.93091 1.3929 0.62496 0.48057 -1.3878 -1.2294 0.14912 -0.19558 0.42866 -1.3769 3.5452 2.094 -0.18948 -1.1411 -2.0033 -0.63807 -0.036594 -0.22992 -0.17878 0.68779 1.5477 -0.12783 1.4106 -1.1766 0.79097 -0.46986 -0.99823 1.6293 -1.0084 0.49353 -0.99378 -0.32676 0.46779 -0.10575 0.70502 -0.18038 1.5046 1.0957 -0.58334 -0.35964 -2.1823 0.24703 -0.90355 -0.31206 -1.9191 -1.4926 0.95041 -1.5837 2.887 0.16407 -0.20333 0.31185 -2.0804 0.5217 1.3469 0.24953 -0.18738 -0.061951 3.255 3.1032 0.67759 0.78093 -0.18898 -2.0113 -1.0294 2.8197 -0.76948 -1.2303 -2.3086 -1.1268 0.29535 0.033648 -1.6461 3.2586 -2.5094 1.0903 -2.8112 -0.62599 2.5353 1.5532 1.6232 -1.9594 1.0905 
pineapple -0.98708 1.3863 -0.82484 1.3911 0.31114 -0.19621 1.5739 0.53694 -1.5196 -0.55031 -0.15942 1.2553 -0.41512 0.091594 -1.9203 -0.3995 -1.8748 1.5273 -0.56305 -1.3357 1.1511 -1.1918 -0.72189 -1.7795 0.18911 0.98875 0.81891 2.1815 0.78377 0.85558 -0.073337 0.94578 -2.4301 1.4766 0.82787 -0.010402 0.57371 0.9234 0.74113 0.577 -1.3249 -1.8843 -1.0644 0.023557 -0.8639 -0.21509 -0.19111 0.19942 -0.17955 -2.0705 -0.81048 -0.57736 0.65937 -0.29774 -0.36152 2.0242 -0.0019988 -0.7609 1.4092 0.28983 0.93843 -1.6658 0.21084 0.12609 0.20571 2.3201 -1.3203 -1.4433 0.62648 -0.36951 1.1306 -1.9734 -1.0258 -0.67698 -0.58154 1.4188 1.7406 0.47819 0.25775 -1.0555 -1.6049 0.085056 2.4368 -0.45869 -0.77215 1.3393 -0.19768 -0.67746 -0.16555 -0.57119 0.053226 -0.70447 1.1777 0.72187 0.28831 2.9445 1.8973 0.93482 -1.4606 1.6923 
detergent 1.2301 -1.9381 -1.337 -0.31137 -0.96902 0.52895 -0.29032 1.5462 -1.0161 -1.5404 -0.26764 -0.65332 -1.022 -0.98923 1.593 -1.4253 -0.22096 -1.3855 0.21822 0.37477 0.97362 -0.11905 0.77386 -0.92512 0.97258 0.7562 -1.3784 -0.91243 0.078804 2.5524 1.8865 -1.0226 -0.55866 1.3809 -0.55812 1.6071 0.90076 2.0287 -1.6585 -0.45634 0.99588 -0.29416 0.42292 -1.606 -0.4184 0.98282 -0.69398 -1.7658 -0.43417 -0.91191 -3.299 -0.6787 1.2223 -0.83724 -0.36231 -1.6017 1.2289 0.19983 0.34679 0.5758 1.0698 0.28253 0.93797 1.5246 0.094089 -0.48668 -0.16896 -0.9814 1.3859 0.089496 0.73122 1.9547 0.82594 -1.7452 -0.336 1.4276 -1.1611 1.4776 -1.1835 -2.1453 -0.54051 -0.71752 1.825 -1.163 -0.21342 0.31625 1.6197 0.17679 -1.7552 -0.74563 0.37506 0.74912 1.3703 1.5896 -0.32099 -1.021 1.61 -0.83739 0.37563 -0.13857 
disinfectant 0.4946 -0.37919 0.7585 -0.5291 -1.1131 0.087692 -0.28453 -0.55971 -0.64122 0.26347 -0.33907 -1.3409 -0.81757 -0.7497 1.1083 -0.57211 -1.953 1.3689 0.069515 -0.80166 -0.45267 0.84821 1.6782 -0.26835 -0.49853 0.24129 0.91682 -1.0955 1.0643 1.9326 0.071918 -1.1177 0.32834 1.3164 0.53282 -0.46476 -0.3701 0.71293 -0.78808 0.26328 0.12844 -0.44047 0.86119 -1.3982 -0.70004 1.1524 -0.50197 0.15656 -0.22594 -1.3973 -2.4173 0.47527 1.1992 0.75489 -0.030795 -0.049146 0.75578 -0.065945 1.4869 0.45713 0.87054 2.3055 2.7987 1.2935 -0.6021 -0.4005 -1.1996 -2.2128 0.56931 0.28867 0.73982 1.7847 0.121 -0.78437 -0.65652 1.0892 -0.8355 1.6342 -1.0895 -1.2218 -0.036223 -0.32169 0.97002 -0.88338 0.77753 -0.028278 3.005 0.19197 -1.3757 0.050112 -0.38656 0.57674 1.7429 -0.14481 1.4012 -0.30493 1.0665 -0.88802 0.40575 0.82333 
potato -2.1228 0.7202 -0.97528 1.2063 -0.67375 -0.13835 1.3656 -3.3997 0.62035 0.67259 0.30024 1.333 -1.0537 -0.31795 1.0776 -2.4796 -2.1328 1.0008 -1.7366 0.64379 -1.6795 -0.12614 0.20724 -1.1103 2.4876 -2.7292 -0.74717 -0.59348 -0.80272 -0.084726 -0.61029 -1.5802 -1.9026 2.0556 0.75478 0.57848 1.4484 0.48153 1.4314 1.0294 -0.37276 -3.3839 -0.18621 -2.1038 0.9416 0.29051 1.6007 0.88239 0.60862 -0.085824 -0.88927 0.23434 -0.7325 -0.91597 -1.1015 0.69357 -0.33446 1.06 0.34062 -2.3005 0.31414 -4.6646 -0.47785 0.13327 0.17681 -0.13237 0.77072 1.501 2.1418 -1.3661 2.9019 -0.42231 -0.82964 0.34464 -0.97659 1.6903 0.98646 1.2151 1.9429 -1.0307 -2.677 -0.12689 -0.38606 1.4812 0.58308 0.60623 1.4776 -0.79362 0.91041 1.0454 -0.10951 -0.68783 0.83197 -0.83407 -1.1071 2.0697 2.0439 1.4316 0.040117 3.3975 
bark -1.2293 -0.38162 0.23209 0.17677 -4.3203 -2.6524 1.3028 -0.44394 -0.74462 0.14533 -0.9262 2.0637 -2.2941 3.6326 0.68519 3.2419 1.0004 0.44207 0.094266 0.31715 -3.9227 0.11876 -2.5928 -0.16587 0.51621 1.3925 -0.73397 0.029641 -1.1967 2.7026 -2.1622 3.4492 0.55905 -0.27586 0.97648 0.70267 -0.97329 0.70758 1.2101 1.1238 3.7151 -2.6668 1.8673 0.61667 -0.11043 -1.6505 -0.12122 0.15494 1.9844 -1.3583 1.0837 0.72738 0.95143 1.383 -1.6423 1.2372 0.25972 -1.6663 0.93863 1.2337 -0.66734 0.054334 1.313 2.8084 3.9133 0.60967 1.468 -0.90112 -0.56763 -2.1586 0.94157 -0.090213 1.2571 1.4271 -0.98993 -0.80278 2.7213 0.57412 0.42807 -3.0114 -5.4794 -1.7061 1.4695 -2.7382 -1.0664 -0.59008 0.50401 0.29488 3.5347 -3.8067 2.3688 -2.5971 -0.14816 1.085 -1.0637 4.5853 1.9002 0.069221 2.1929 0.51995 
cork 1.0404 -1.6738 1.2497 -1.9682 -0.29858 -1.1532 1.4297 -0.92588 0.60677 0.089522 -1.5614 -2.0445 -1.7291 0.46234 -2.5737 -0.065063 1.0649 -0.65112 -1.9755 -2.321 0.59641 -1.3517 0.71296 0.18712 0.59911 1.6866 0.23572 4.7469 1.9621 1.1181 -3.3539 1.8223 1.2596 0.80934 1.1189 -1.6219 1.2719 2.1738 1.385 -1.5724 -0.4444 2.4706 2.4724 0.40107 -2.1686 -0.37128 0.25344 1.3283 0.14997 0.41652 -1.4977 1.6601 -0.37361 2.1225 2.0975 2.418 2.9598 -0.48948 -1.4409 0.42731 -0.70676 -1.5728 1.4596 0.072121 1.034 -3.4368 -2.0733 -2.1435 -1.2079 -1.1326 1.9895 -1.4395 -0.053351 -2.7073 -2.9621 -0.41769 -0.53825 -1.2862 0.97049 -0.47333 2.4634 0.57166 -1.7862 -0.33619 -2.1773 0.36105 0.91836 -1.2445 3.8048 -2.8077 0.10874 -1.3878 -1.2181 -1.7854 -3.8144 0.51233 3.6231 -1.0053 2.9558 -0.27496 
hay -1.9363 2.6884 0.80334 1.1409 -2.5985 -4.5014 1.5594 -4.4639 3.262 0.33715 -0.96206 -1.5265 -3.3084 -0.018437 1.3752 2.2787 1.7534 -3.0672 -0.031889 -0.79583 -6.2783 -4.1532 0.77786 0.50256 -3.5913 0.38596 0.46172 -0.33586 -1.0716 1.126 -0.7353 0.35324 -1.0464 3.3894 5.9688 -1.2779 -1.9501 4.1042 0.42914 0.58735 1.6597 1.8718 -1.3284 1.1177 -0.39228 -0.75467 1.5957 1.4187 4.3923 -1.38 -0.68546 1.2663 3.2712 0.60402 1.338 1.7118 4.5544 3.594 -1.0765 -4.8371 1.9042 -1.5706 2.839 3.8915 2.4252 3.7227 -1.5966 -3.3802 -0.47871 -1.5091 0.79242 -0.26011 0.58214 1.4885 -1.4581 3.1568 2.3068 1.8403 3.2475 -1.1066 -2.6041 0.0061459 0.73712 1.5539 -1.3743 0.43748 -0.0058499 0.44765 -2.2142 -2.5564 0.90198 2.1836 2.1318 -0.99771 4.71 4.6411 4.4104 -1.2005 2.928 -0.55293 
blackberry -1.7607 -0.017518 -0.77359 0.3891 0.13553 -0.10042 1.6398 -0.34817 -2.2988 -1.592 0.95158 1.3305 -0.86982 2.0269 -1.4698 0.56404 0.14587 0.96649 -1.9952 -1.538 0.044802 -1.3023 -1.3251 0.84875 -0.62042 -0.3416 -1.1077 1.9561 1.0561 -0.35194 0.47874 0.41301 -0.3369 -0.35307 1.1303 0.48859 0.82516 0.3473 1.0902 1.5443 0.87247 -0.26193 -1.4581 -0.87522 1.7564 0.53838 -0.30851 -1.1165 0.94944 -0.92865 -1.7501 -1.4387 -0.71555 1.3722 1.0966 1.3214 0.054344 -1.0971 1.2823 -1.4667 0.56847 -1.4286 -0.17005 0.69172 0.076515 2.2756 -0.91816 0.22726 0.40775 -0.5847 0.36163 -1.5294 -0.17426 0.95367 -0.36574 2.0169 3.253 -1.4022 1.5879 -0.058319 -1.4181 0.32049 1.8256 -0.013376 0.67127 -0.41941 -1.0033 0.90384 1.0503 -3.5858 1.7295 -1.2581 2.0578 -2.254 0.058471 4.2516 0.097982 1.3306 -0.97572 0.73142 
tar 0.32961 -0.91607 1.036 -3.6323 4.2946 -2.1757 3.0793 0.16083 -0.15354 -3.33 -2.8978 1.8006 1.0379 2.4876 -0.20344 -1.121 0.49735 -0.15511 -0.66313 1.9504 -4.4804 3.6671 -3.3112 1.8384 2.4708 -0.99754 3.1353 -2.2706 2.8925 4.7148 -3.1799 -1.0569 0.79906 -0.84523 -1.346 -0.49841 -0.15119 3.0457 2.6059 0.88913 0.55334 0.34171 -3.7242 -0.78546 0.57482 3.8772 -0.42643 -1.7289 0.61102 -1.4925 -1.2484 -2.5912 -3.42 1.1667 -0.38757 -3.3457 0.84522 1.8474 -0.1922 -0.65512 -0.51649 -4.9621 0.52525 6.912 2.8945 -1.0564 -2.0396 4.6829 0.42499 -2.8326 2.448 2.677 -3.4248 -1.0996 -2.2673 -1.5183 2.2941 1.6988 2.9287 1.6369 -1.2664 3.709 -0.48014 -0.12626 0.36855 0.46959 2.1656 -1.8786 -0.59915 0.27157 0.2756 -2.4743 5.4855 2.5717 2.8427 9.503 5.3739 -2.2246 4.2938 -0.60211 
geranium 0.6617 -0.37331 -0.3981 0.30124 -2.0792 0.87171 0.803 2.857 -0.42557 -0.46458 1.6534 0.42432 -1.9661 -0.53053 -1.851 0.54497 -0.27099 2.0928 0.48199 0.012212 -0.24405 0.74779 -1.2614 0.49308 1.4179 1.9303 1.37 2.959 0.96007 -0.35633 -0.96432 -2.1645 -0.44056 0.066217 -0.6978 2.3664 -1.8166 1.8919 0.6398 0.44429 -1.1335 0.15783 0.76557 -1.0535 0.6018 0.60639 0.36589 -1.4176 -1.2489 -1.0568 -1.0569 -0.0021418 1.1426 0.63477 -1.6082 -1.387 -0.50501 0.55368 0.58376 -1.4403 0.82704 -0.67207 -1.0993 -0.19431 -0.055995 3.6202 1.2195 1.357 -0.78142 -0.32372 0.39671 1.4654 -1.0884 -1.8398 -0.54695 2.2953 1.7701 0.85615 1.0997 -2.3298 -1.7983 0.56058 1.9991 0.030466 -0.23577 1.2472 -0.51946 -0.44649 1.9773 -0.34432 1.9423 -1.3495 0.76001 -0.67959 -0.020225 2.2888 3.0166 -0.49178 -1.4074 -0.4891 
rum 2.3397 -0.14174 0.24765 -0.093019 1.3083 -0.17448 1.8952 -0.82915 -1.0381 -3.1908 -4.5095 3.3496 -1.2578 0.28835 0.7072 4.1034 -3.8997 0.95864 -1.8578 -0.79736 2.1839 -4.1747 1.1854 1.5705 -1.6275 -1.637 1.4986e-06 2.4033 1.3346 -0.3111 0.78716 1.3297 -0.34871 3.0975 0.1374 -1.3155 2.9769 0.93915 3.2001 3.3315 -0.48675 -0.13258 -1.3549 -2.1477 0.19799 3.3542 -2.5485 1.0929 2.1364 -2.898 -3.4377 0.96493 -3.153 -1.4473 -0.11245 1.7058 -3.132 -5.4351 1.561 4.1054 1.8912 -4.2246 3.257 -1.2947 3.5522 0.72289 -1.5363 -0.053247 -0.048903 -1.0193 1.6878 1.7662 -1.486 -0.53307 -1.5768 0.76736 1.7271 0.33433 1.8424 -0.28343 -4.0551 1.379 -0.69266 -0.45486 1.2678 -4.1747 -1.1866 0.029722 0.86138 0.57626 0.61674 -5.6785 4.2087 -0.92919 0.012302 7.4941 3.648 -3.9681 3.0896 -1.7965 
cucumber -1.6868 2.2235 -0.96915 1.4647 -0.59198 -0.69323 -0.049628 0.046092 -1.1292 0.24954 1.7708 -0.84828 -0.92397 -1.1098 -1.7226 -1.2715 -1.3556 1.1801 -0.53687 1.5149 1.5746 -1.0834 1.0081 0.37468 0.238 -1.2284 0.134 2.1366 0.84513 0.66801 -0.35983 -0.39825 1.2188 2.4669 -0.48212 -0.2577 0.20896 0.07803 -1.1544 0.95934 -0.855 -1.4064 -0.63488 0.57104 1.1639 -0.079243 -0.58631 -1.307 -0.090786 -1.1002 -1.2499 -0.41557 0.39882 0.58351 1.7271 0.43676 -0.98197 -0.43735 0.86002 -0.33959 0.5594 -1.0982 0.2507 0.66629 -0.95065 1.4219 -0.49255 0.082751 -0.020259 0.35249 1.4636 -1.4765 0.44348 -2.3635 -2.342 1.5364 0.74384 2.143 0.88472 -2.0305 -1.9278 -1.3984 1.1052 0.40498 -0.20369 2.271 1.1951 -0.2019 0.93116 0.61415 1.2229 0.59593 0.22849 -0.66991 -0.75965 1.7735 3.3596 0.23388 -1.4642 0.50596 
solvent 0.7541 -3.7941 -1.5982 -1.8346 -1.2349 -0.22751 -0.28121 -0.1101 -0.58487 -1.1155 -1.9647 -1.6123 -1.5865 0.84625 1.2408 0.18233 -0.46772 1.7537 1.7749 -0.81799 0.33285 -0.084724 1.8579 -0.45884 2.7524 1.013 -2.7123 -2.2697 3.6422 0.26151 -0.073436 -1.2357 1.0889 0.59458 0.33456 0.16499 1.1756 1.9884 -0.0020465 -1.088 0.7959 1.6122 1.876 -1.8306 -0.694 2.6526 0.43043 -0.66493 0.23038 -0.63571 -6.6472 -1.4064 0.50958 -0.84044 0.63855 -1.7838 0.34863 1.8041 0.9536 -0.61505 -0.95349 1.5831 1.5397 1.3075 3.1974 0.58958 0.72039 1.0621 1.9066 -0.41281 1.1847 1.2246 -0.67224 -0.32389 -1.1184 0.66864 -0.093947 2.8344 -0.91035 -1.2668 0.67952 1.7059 1.097 -0.27938 0.39768 -0.89014 2.5123 -3.1105 -0.056454 -1.4579 1.0002 -0.40131 2.9178 0.009451 2.4969 0.92597 0.94638 -0.3326 -0.44645 -0.29621 
glue -1.7296 -3.0004 -0.51957 -3.8597 -0.65876 -0.52528 -0.10688 -0.10905 0.76717 -0.86905 -0.63531 0.44534 -2.8585 1.2874 1.5217 0.45104 0.93175 0.23752 -2.165 0.23551 -0.6042 -2.5213 -1.4339 -3.2081 1.2449 1.7037 0.17068 -0.49892 -0.47549 1.6564 1.1584 -1.7443 0.61221 0.80236 1.2926 1.6829 -0.80584 1.6307 2.1593 2.5314 0.18561 -1.0896 1.5112 0.18828 0.0008116 4.9337 0.67122 -0.013914 1.4377 -0.85657 -1.8405 0.041772 2.4162 -0.648 2.3003 2.457 2.0003 2.0559 0.671 -1.8054 -0.6888 -0.70379 0.72267 1.9801 -1.5249 -0.84232 -0.55492 3.1635 0.051828 -0.27507 1.2224 2.8007 -0.77539 -0.64694 -2.4222 0.30766 -2.338 2.6002 -0.92928 -1.4013 -0.18665 3.7527 0.59831 1.7468 1.1667 0.061415 2.9545 -2.132 2.3187 -1.5487 2.8373 1.037 1.2533 -0.14003 4.2775 1.6581 3.767 -3.1474 1.2454 1.8754 
mustard -1.2131 -0.97088 -0.13896 -1.2284 -0.51097 0.68332 2.9312 -3.1092 -0.77916 -0.39683 0.72548 -0.71012 0.31912 -1.0023 -0.28939 -0.99425 0.89845 -1.1015 0.3156 -0.078565 -2.8597 -0.95455 0.61681 1.0265 1.8106 0.037914 -0.19796 -0.76104 -0.0085462 0.51192 -1.1786 -0.39899 -0.57369 0.3791 0.023776 1.079 0.28497 0.88233 1.06 0.40352 -0.088756 -1.5185 0.75627 -1.9087 0.62264 1.2941 -0.96388 0.47168 -1.3933 -2.3324 0.19345 -1.0051 0.65425 -0.18651 -0.57809 0.22834 -0.48194 0.48994 0.55663 -0.38796 0.33894 -1.9431 -0.2701 0.54023 -0.95139 -0.73633 0.82319 2.3095 0.20141 -1.3402 1.26 -0.41109 -0.89706 -1.1425 -1.5751 0.75432 1.4211 1.7491 0.38326 -0.15432 -2.4667 0.22783 1.763 0.14633 1.7131 1.1508 1.361 -0.39798 0.55937 1.4443 0.35578 -0.83813 0.75071 -0.28812 1.0188 2.4011 2.04 0.012425 -0.33861 0.8277 
peanut -2.6338 2.1649 0.61279 -0.66823 0.026051 -1.0324 0.57777 -3.4086 0.088978 0.73396 0.13839 1.2606 2.4548 0.55354 3.0999 -1.0046 -2.5357 1.0551 -2.0307 -0.003094 -1.8722 -2.4356 1.2317 -1.1459 0.29969 0.39025 -1.4462 0.67002 -0.25914 0.96057 -0.99571 2.2792 -1.2801 1.6614 0.4763 -0.85055 0.088991 -0.69536 -0.010584 -0.58115 -0.32922 -2.7172 -1.4701 -0.89298 0.75112 -0.42073 0.23038 0.80241 0.26201 -1.3242 0.72921 0.062877 -0.47396 0.33404 0.24403 0.52085 -0.96474 1.3824 -0.21914 -1.1793 -0.13622 -4.1213 0.3842 -0.10311 -1.568 -0.82774 1.1562 -0.42739 0.85517 -0.91176 0.99758 0.13507 0.013174 0.64453 -0.25968 2.1542 -0.73484 1.218 1.393 -0.028361 -0.84249 -0.55596 2.4821 -0.40474 1.8549 1.3225 2.1509 0.30263 0.9126 0.68776 0.36464 -1.2537 1.3594 0.88932 -0.26559 1.6882 2.1184 -1.5041 -0.71298 1.5027 
carrot -2.3277 0.05557 -0.38811 2.9022 -2.1987 -0.45141 1.1435 -2.6714 0.033364 0.63975 0.099207 -0.5853 -0.74747 -0.99136 2.0011 -0.71158 0.0070389 0.84523 0.1274 -1.6694 -1.8579 1.7455 0.003959 -1.3856 2.3152 -0.38388 -0.33081 0.25077 0.99295 2.2819 -0.14024 -1.172 -0.18289 1.5078 0.71034 1.5776 -0.51555 -0.56868 1.2551 2.802 -0.67654 -2.134 -0.47457 -1.6332 -1.6473 -0.29774 0.4743 -1.585 -1.4567 -0.69193 0.6363 -0.14442 0.98485 0.84709 0.91652 -0.52283 -0.95124 -0.41746 1.7773 0.1618 0.081352 -2.4343 -0.84117 0.19798 0.31199 0.84757 -0.24343 0.85766 0.84509 -1.0066 1.9168 -1.1589 -0.84288 0.45037 -2.4586 2.1455 1.8518 0.070338 -0.23454 -1.7884 -3.7286 -1.6033 0.8929 1.4833 -0.014259 1.4009 0.89188 -1.027 0.2818 0.46285 1.002 2.2155 0.063717 0.42834 2.2035 0.96478 3.4815 -0.11365 -1.0218 1.2169 
licorice -0.041282 0.024288 -1.8784 -0.42608 -0.634 0.57103 0.79356 -0.6239 -1.3106 -0.86189 -1.117 0.37632 0.42331 2.5518 -1.2505 -0.29947 -0.68285 0.86786 -0.2345 -0.23137 -2.5145 0.3696 -0.62886 -0.1514 0.50961 -0.43885 0.57931 1.9231 1.8489 1.0597 -0.69869 0.29288 -1.3356 -0.41974 -0.19 -0.69005 0.81129 3.0074 0.59968 1.3083 0.17873 -0.60345 -1.6917 -0.88224 0.88708 0.21343 -0.83454 0.37112 -0.11169 -1.3529 -3.3133 -1.0925 -3.1274 -0.96532 0.42212 -0.1537 1.1583 0.73928 1.7141 -2.3976 -0.11212 -0.28724 -0.52048 1.5595 1.3627 1.3214 -0.20971 -0.049513 0.85042 -1.0535 3.3791 -0.28077 0.22586 -1.3935 -1.648 1.1582 2.1051 -0.49058 1.3788 -1.7082 -1.3229 -0.97157 2.1135 -0.19054 -0.34985 0.37187 -0.10867 -0.1523 2.2316 -1.9714 2.4766 -2.2243 2.4912 -0.49076 0.29233 3.0343 2.4386 0.11819 -0.66899 -0.2797 
kerosene 1.5594 -1.305 1.1538 -1.0006 0.49946 -0.40298 0.82671 -0.90687 0.44448 -1.1086 -0.64771 0.02316 -1.2213 -0.47133 0.36514 1.5722 -1.0002 0.050275 1.1642 -0.57896 -2.732 -0.19276 0.76998 -0.97776 -0.34014 0.19036 0.77405 -1.2995 -0.16034 1.2035 -1.5309 0.34034 -1.1213 0.72713 -0.19943 -0.14294 0.20691 1.13 -0.60776 -1.6002 0.40918 -0.27835 1.1744 -0.46817 1.4371 0.79313 -1.3664 -0.88846 -0.69069 0.91534 -2.0859 -1.2513 -1.4081 0.91823 -0.031018 0.09664 -0.18202 -0.10887 0.16189 1.7898 1.4594 -0.04485 1.2918 1.0976 -1.2628 1.284 1.0246 0.38291 0.11297 -0.14065 -0.34133 1.4302 0.43809 -0.95613 -1.6241 0.55208 -0.4079 0.58269 0.66766 0.55676 -1.5477 0.7898 1.8259 -0.8306 0.058364 -0.030349 1.3163 -0.74273 -0.50287 -0.42228 -1.0703 -0.31705 1.2922 0.72037 0.28597 2.5997 0.62558 -2.0977 1.0435 0.46866 
ham -2.5145 -0.63318 -0.39457 -0.38893 -1.7147 -1.9447 0.52944 -3.1992 0.14557 2.0398 -0.48859 4.7132 -0.36474 1.5112 3.4026 -1.6541 0.96289 1.9364 -1.0902 0.15513 0.92436 0.33659 0.22741 0.21112 -2.7163 -3.3171 -1.3295 1.691 -0.41867 1.2464 1.7036 -5.2103 0.89335 3.4325 0.72714 1.3327 1.9954 0.024324 3.6597 4.7246 -4.3479 -1.7358 -0.14787 -5.1901 -0.69804 -0.88968 -1.2723 5.0401 3.2507 1.1698 2.0027 0.53977 -0.94565 -1.3072 0.3806 3.9613 -1.8909 2.6317 0.56088 -0.71262 -0.73397 -5.3204 -0.22657 0.07592 -2.3907 -3.7087 2.6399 2.9319 -2.6084 -2.3656 -0.68738 -1.2513 3.059 -1.8091 -1.2577 2.0095 1.3071 2.7709 2.7157 2.3855 1.6439 -0.40411 -2.5453 0.34909 4.7194 -0.32979 1.3039 2.0604 2.6997 -0.36222 -1.0042 3.3313 1.45 -1.872 -2.126 6.2856 0.4228 4.2833 3.6778 -0.55092 
rope 2.4146 -0.6424 -0.023961 -0.92002 -0.91603 -2.344 1.6737 0.44645 1.8061 2.9432 -2.7837 2.0446 -3.2254 1.9295 3.0367 1.9224 0.067321 1.1256 1.3498 -0.58619 -3.0298 0.18825 -4.3198 -0.74227 2.0097 -1.1638 -0.36467 -0.99561 1.6215 2.1454 -1.2073 2.0531 0.65315 -0.54496 -0.87184 0.26745 -1.5318 -1.5458 1.8396 -1.2649 0.74983 0.97806 0.054594 0.078751 1.2683 1.3417 0.025441 -1.0358 1.5933 2.0687 -0.27396 -0.12365 1.9338 2.3188 -0.56851 -0.60549 2.704 -1.9571 -1.3529 1.3645 -0.77181 -0.63621 -0.25076 1.1155 2.2863 -2.298 -3.0167 0.95618 1.0733 -2.3444 -2.3384 2.3713 -0.79298 -2.0057 -0.39862 0.38977 0.69226 -4.2106 -0.81226 2.6196 -1.7378 -0.91399 0.30041 1.0524 2.1005 1.5476 0.4737 0.20826 2.6501 -0.33955 1.2808 2.3532 0.9602 -2.0064 0.80412 1.8643 3.954 -0.10076 2.4114 -1.2545 
camphor 0.65692 -0.61013 -0.98785 0.86112 -1.8197 -0.24635 1.5593 1.5128 -1.4365 -0.62178 1.4066 -1.265 -0.054631 0.4475 -0.35413 0.90389 -0.28735 0.14046 1.1347 -2.3444 -3.6078 0.079764 -0.40399 -1.4601 2.1398 1.2533 0.00017021 -0.64499 0.77519 0.46253 -2.0021 0.033808 -1.0008 0.84586 -0.13544 -0.57269 -0.76031 1.3631 -1.0571 1.2096 -0.25818 -0.29975 -0.59311 -3.2547 -0.32431 0.21568 -0.29057 -0.70343 -0.25305 0.54607 -0.15658 1.0689 -1.4271 0.094289 0.82748 -1.9904 0.57298 0.79039 0.79814 -1.639 1.4373 -0.21852 0.76823 1.9175 -0.81974 1.5201 -0.3039 1.1768 0.56836 -0.40541 -1.8114 1.7622 -1.0649 -0.90636 0.60039 -0.19404 1.6031 0.69918 -0.59951 -2.2742 -1.5688 0.095163 2.6376 -0.90785 1.6914 0.070795 1.5263 -0.29431 -0.93649 -0.49619 -1.2232 0.10177 3.2761 0.7785 0.6896 2.3548 2.574 -1.5413 1.3258 0.49178 
raisin -1.973 0.55136 0.2731 0.59293 0.71078 1.4052 1.2007 -1.6181 -2.1861 -1.2866 -1.8535 3.2143 -0.49037 3.0196 0.222 -0.14558 -1.3119 3.1157 -2.7926 -0.74281 0.18841 -0.81778 0.15563 -0.48801 -0.51256 -1.126 -1.7209 2.4098 0.75493 1.848 -0.14397 3.6206 -0.60044 1.8755 1.6041 0.6815 0.44073 0.57898 0.75371 2.2571 -0.51306 1.4194 -0.82294 -2.6618 2.7716 -0.54814 -0.92063 0.44535 1.8194 -1.49 -0.98066 -1.0177 -2.9496 -2.4886 0.33982 1.4883 1.0541 0.18189 0.57138 -0.67694 -0.25683 -1.6593 1.4179 0.10949 1.3275 1.5602 1.0721 -0.60363 0.87407 -2.0231 0.16312 -0.22235 0.018896 -1.301 -0.45402 1.0986 1.3749 1.4956 2.4254 0.29972 -0.8876 0.55538 -0.71638 -0.50393 -0.90617 -2.9262 -0.8661 0.60589 0.19708 -1.9329 -0.42521 -0.69981 1.0211 -1.8944 -0.20745 1.719 0.83112 0.5874 -0.20838 1.0558 
cardboard 0.98667 0.0031991 -0.56881 -0.91254 0.34493 -1.6429 0.011803 -1.6166 -0.53337 0.52274 -1.0256 0.60848 -1.0732 1.2488 -0.32733 0.55682 -0.9574 -0.054117 -1.4682 -0.41539 -1.6193 -1.0765 -1.4025 -1.4884 0.62079 -1.0712 -1.0799 -0.35852 0.72772 2.0184 0.72775 0.6141 -0.3573 1.364 1.8333 -0.11029 0.13208 0.53244 0.70583 1.4242 0.92648 -0.98172 0.42049 0.4751 -1.2209 0.5663 -0.10463 -0.80283 0.3414 0.32858 -1.7484 0.0025315 -0.34652 0.61079 1.1268 2.8487 1.5965 -0.18349 -0.72908 -0.83266 -1.7695 -1.2023 1.0612 1.7542 -0.28974 0.42197 -1.3912 0.37255 -0.078702 0.54068 1.4092 -0.55803 -0.22853 1.0742 -1.2672 0.40961 -0.89941 -0.094431 0.062026 -0.045569 -0.55545 0.26978 0.25459 -0.701 -0.070278 0.59033 2.1977 -0.5981 -1.5915 -0.8403 -0.52529 0.2563 0.28912 -0.99478 0.39421 1.1689 2.8278 -1.6508 0.072931 0.44899 
syrup 0.46953 0.71692 -2.4745 0.006299 0.27357 -0.66466 2.9075 -1.3866 -2.319 -1.0252 -1.1181 0.27692 -1.8224 2.7809 1.1834 -0.84185 0.15406 1.675 0.26401 0.13792 0.89751 -2.2291 0.93643 -0.56378 1.3654 1.6588 -0.037786 2.9849 -0.41815 2.441 -1.2437 1.1119 0.52191 2.367 0.16863 -0.77713 1.2632 0.49241 0.70796 2.9363 1.4373 -0.82731 0.85556 -1.0439 1.004 -0.5368 0.47172 -1.402 0.98272 -3.9718 -3.9071 -0.44365 -2.2403 -2.077 -1.1718 1.4878 2.3996 -1.656 1.3162 0.46887 2.4721 -1.4454 0.20148 -0.73195 0.50108 2.1022 0.6247 -0.16087 0.72638 -0.1278 1.0634 2.8011 0.093247 1.8271 -1.8323 1.9338 0.76053 2.3581 1.7174 -1.0732 -3.494 2.741 -0.33951 0.32644 0.94832 1.4432 3.5984 2.9073 0.90252 0.84812 0.98768 -2.4079 1.5834 -2.2915 -0.24805 -0.098576 2.6802 0.35142 -0.68107 1.0702 
mothball 0.88346 0.97808 -0.78367 -0.16311 -0.42015 0.16218 0.24449 -1.034 -0.0084158 0.57068 -0.21598 -0.12118 -0.98597 -0.8593 -0.43442 0.43461 -1.7627 -0.94485 -1.035 0.2264 -2.466 -0.39227 -0.21748 -0.77406 -0.060739 -0.19595 -0.32641 -0.17469 0.66093 1.1304 -0.63964 -0.93099 0.37198 1.3365 1.6334 -0.35169 -0.044683 -0.37063 0.60452 -0.73611 -0.84951 0.91304 0.20896 -0.24392 -0.46223 0.21486 -0.88829 -0.42224 0.84972 1.5904 0.81521 0.51061 -0.30901 1.8177 0.22766 0.12229 0.6084 -0.21534 -1.3578 -0.70242 0.63239 -0.50591 0.71382 3.1135 -0.86782 0.40369 0.4881 -0.12398 -0.39837 -0.03675 0.17039 0.95813 0.73841 -0.32464 0.11781 2.1148 0.8935 0.29651 -0.46781 -0.34689 -0.71038 -2.0709 0.68634 0.669 -0.35916 -0.71418 -0.053216 -1.6174 -0.70664 -1.1304 1.8699 -0.44133 0.91071 -1.0524 0.26705 -0.91178 2.1309 -0.85337 1.4417 1.0862 
anise -1.4009 -0.27684 -1.7666 2.0494 -2.1831 -0.16999 0.10112 0.96975 -2.027 0.20215 -1.1917 1.2614 0.065661 3.3106 -0.93926 0.09812 -0.94216 2.7137 -0.025705 -1.2504 -2.2172 1.358 1.3278 -2.2778 -0.2852 0.98567 -1.75 3.4604 1.0692 -0.98847 0.47589 -0.13141 -1.0828 -0.80164 -1.5728 -0.088246 -0.35764 3.2026 2.3259 1.9996 -0.052373 -0.3119 1.467 -3.88 0.77739 -0.22438 1.2827 -1.0499 -1.8039 -0.94723 -3.9418 -0.71988 -1.5288 1.0758 1.2207 -0.62331 -1.3288 0.34802 1.3213 -1.5305 1.7812 -3.3629 0.35712 0.32161 0.68307 3.2279 0.82126 -0.97155 1.3502 -3.7729 1.4948 0.075388 0.24129 0.1165 -0.64716 2.3822 -0.81658 -0.17277 1.0166 -1.7921 -3.8001 0.3985 1.9147 -0.5492 0.32846 0.48512 -0.19652 1.1323 1.0245 -0.85449 0.15801 -0.0259 1.0522 -1.1827 0.73343 0.99931 3.0159 -0.49176 0.052184 0.26452 
varnish -0.53656 -1.4166 -2.0512 -1.9494 0.37151 1.0384 0.036023 -0.83881 0.13501 -0.34086 -1.1584 -0.78645 -0.76696 1.5393 -0.58047 -0.59649 -0.77738 0.18796 -0.63435 2.1055 0.015753 1.1698 -0.20184 -2.4138 0.37521 0.96622 1.5985 -0.36746 1.7336 2.4744 -0.52573 -0.64789 -1.5858 0.48692 1.6379 -0.3848 1.4264 -0.95632 0.76183 0.86021 1.1192 0.67706 0.43888 -2.1708 -0.35195 1.2689 0.17421 -0.10196 -0.91346 -1.3162 -1.5664 -0.3964 0.43797 0.68409 0.22716 1.6459 -0.24026 -0.82493 1.5438 0.55929 0.060844 0.78017 1.1175 1.4237 -1.363 1.5383 0.46736 1.9043 1.4143 -1.1823 -0.84053 2.5866 -1.6678 -1.2461 0.29254 1.6631 -0.73695 1.0018 0.010117 -3.307 -0.00061716 2.6021 1.1383 -1.7439 -1.6966 1.9953 1.6331 0.1075 0.54209 -0.53357 0.77243 -1.4814 2.1161 -0.37777 0.82631 0.90324 2.5056 -0.53091 2.7084 -0.21345 
walnut -1.9776 1.3117 -1.7242 1.4202 0.015686 -0.25584 0.92929 -2.7103 -1.0267 1.3882 0.56335 2.7125 0.74973 1.2282 0.078171 1.5081 -2.856 1.0153 -0.65931 -0.63191 -2.4949 -0.99633 -2.5066 -2.3807 1.3137 -0.81169 -0.1144 -0.82255 4.0266 1.7103 -1.788 0.93477 -1.3618 1.5828 3.7959 0.69851 0.97645 -0.38265 -0.35965 2.2841 -0.88514 -0.59904 -1.0624 -1.722 1.2033 -2.4713 1.2738 -1.3339 2.1835 -0.73867 -0.99058 -2.7292 -1.194 0.26889 -0.36941 -0.014772 0.77151 -0.034545 0.76543 -2.4138 0.21813 -4.0351 -0.51772 1.1448 -0.48708 1.9902 0.32683 -0.75647 0.61006 -1.9501 1.166 1.1543 1.1526 0.0014806 -1.5804 1.6201 -0.58875 0.17223 0.93964 1.8925 -3.3018 -0.32828 2.0469 -1.2043 -0.33314 0.066917 1.6438 -0.77022 2.8338 -0.5721 -1.7889 -1.6369 1.5391 0.016686 -0.26923 4.542 1.1477 1.7122 -1.5834 1.0453 
turpentine -1.9143 -1.2949 -0.97956 -1.2464 -0.63487 0.69909 0.26308 0.049436 -0.69016 0.16537 -0.49622 -0.007134 1.1957 -0.2716 -0.51503 0.5396 0.7303 0.855 1.1069 -0.036472 -2.2871 -0.47892 0.64283 -0.58491 0.62648 1.1798 -1.226 0.51512 1.4228 1.9117 -0.65229 0.014673 -0.59079 0.50863 0.37948 -0.60943 0.58649 0.75313 0.6723 -0.59689 0.31472 -1.9846 -0.031011 -0.70817 0.13541 1.487 0.76864 -0.11012 -0.25792 -0.61345 -1.358 -0.78852 -0.43856 -1.425 0.1272 1.2954 0.4722 -0.97557 0.1448 0.65109 0.075271 -0.98581 0.41205 1.497 -1.337 1.7829 -0.83857 0.58406 -0.60023 0.49373 -0.09256 0.7393 -0.73395 -0.098596 -0.03477 0.50144 1.3659 2.192 -0.017074 -0.70957 -0.059136 -0.064554 1.5613 0.27607 -0.41698 1.0038 0.65324 -1.5199 0.44525 -1.038 1.2169 -0.041784 1.8122 0.13979 1.7801 0.96297 1.1709 -0.26192 -0.5843 -0.13189 
birch 2.4841 -0.86304 0.57081 2.7051 -0.95588 -4.1868 0.46976 1.7671 -0.8196 -0.8599 1.5337 0.24482 -2.3969 3.0535 0.29755 0.99625 -1.0567 -1.502 -0.0077331 1.2645 -0.4167 2.0024 -2.8517 -1.8727 -1.3828 0.2274 0.6813 -0.30456 0.88275 0.8483 -3.0259 -0.098561 0.24223 2.796 1.3829 0.08763 -1.6943 2.0196 -0.8423 0.64736 3.0102 0.010406 1.421 0.12266 0.4013 -0.80125 0.53219 1.1066 1.87 -1.6612 -0.088267 -0.074266 -1.1806 0.84443 -0.83015 1.1864 -0.36551 -2.0123 1.909 0.61702 -0.52543 -0.62166 1.5732 1.0758 -0.13132 2.2398 0.045682 1.9853 -0.95502 -0.75576 -1.1507 1.1841 1.2338 -1.1208 -1.7472 1.8661 0.81365 0.075112 0.37044 -1.6544 -0.99576 -1.5418 1.4953 -0.59192 0.18316 -0.28847 1.0835 -1.0955 1.0948 -2.9989 -1.4292 -0.88289 0.3114 0.038872 1.474 3.763 2.1335 0.8542 1.0475 1.3074 
celery -2.3106 -3.1654 0.54091 1.8642 -1.3218 1.096 0.34204 -1.7255 -1.2226 1.3393 -0.070464 -0.87218 -2.247 -0.5217 -0.10004 0.63829 0.65329 1.1968 0.90693 -0.55109 -0.89965 0.052359 -0.85695 1.3201 1.7838 1.5498 -0.075402 1.412 1.0608 0.36969 0.4007 1.2808 -0.11738 -0.41293 -0.62152 0.91689 0.90338 0.96993 1.4929 1.8301 -0.77924 -1.6287 1.7112 -0.77818 0.72255 0.4119 -0.019609 1.3232 -0.25133 -1.9889 -1.5592 -1.9174 0.18489 0.97425 1.0153 1.514 0.87281 -0.073017 0.2255 -1.7849 0.77496 -1.5437 0.71412 -2.4261 -0.16514 0.93909 -0.59815 1.2121 1.3839 -1.9813 0.71202 -1.7795 -1.966 -0.075098 -1.5936 3.3428 1.0862 1.173 0.88443 -3.0651 -2.9725 -0.52076 1.4941 1.6044 -0.4074 1.3423 0.35512 -0.38415 0.79051 -0.63477 0.85713 0.43872 -0.84622 -1.1858 -0.60163 1.614 3.1293 0.51285 -0.31486 1.4955 
creosote 1.5137 0.36272 1.6476 -0.79573 0.90383 -1.502 0.69436 -0.63365 0.067264 -0.84185 -1.3012 -0.4874 -1.9624 1.4574 0.65841 0.22747 -0.073162 -0.48953 0.61128 -0.4838 -0.74512 1.0415 -0.87962 -1.2512 -0.46891 -0.070314 -1.3225 0.0066758 1.2407 1.3042 -2.1115 -0.59723 1.2263 0.94727 0.30671 -0.38464 -1.271 1.477 0.28953 -1.2217 1.0213 -1.3364 0.067188 -0.94634 1.7567 0.75717 0.30274 -0.71113 0.75128 -0.087479 -0.47795 1.2893 -1.4961 1.0177 -0.64536 -0.16367 1.8457 1.382 -0.027865 -1.9458 0.21436 -0.76543 0.081717 2.467 1.7756 1.0732 0.4458 0.055704 1.0613 -0.0026272 0.45739 1.6916 -1.1595 -1.2403 -1.6716 1.5767 0.8023 0.68077 1.5141 -0.48974 -1.0332 1.6734 0.80408 -0.96583 -0.60421 0.48024 0.36 -1.0687 0.92751 -0.71655 -0.22586 -0.44367 0.51091 0.03546 0.1261 2.3975 1.5507 1.227 1.104 -0.71589 
