96 100 
smoke -0.010085 0.1959 -1.7725 -2.4344 0.97569 -0.50862 -2.336 -0.75495 -0.68726 0.69396 0.66663 -0.76863 -0.61105 2.4623 -0.24738 1.569 1.8183 -0.26413 0.52341 0.66894 -2.8268 0.44746 0.28514 -2.3961 -0.43869 0.3643 -2.0863 -0.84141 0.36797 1.4222 0.64773 -0.63446 -1.2524 -1.4652 1.3241 -1.1936 0.63216 1.9065 1.6421 -0.97125 -0.85612 0.71363 2.5941 -1.0581 -0.024979 -1.2063 0.55097 -0.87718 0.1523 -0.98284 1.2116 -0.37532 -1.526 -0.16729 0.68894 2.9777 -0.50498 0.87706 0.71729 2.3847 0.79235 2.0457 -0.54925 1.1001 0.67258 0.45438 1.926 1.2205 1.4653 -0.86278 2.4564 0.93994 0.27723 -1.521 -2.0829 -0.68797 -2.7193 -2.2571 2.1939 0.76624 0.4232 -0.86852 -1.1962 1.2471 1.0648 -1.3279 2.0882 1.3708 -1.8379 -1.0741 -0.33012 0.42323 -1.3835 0.1117 -1.4246 -0.19757 -1.4304 -0.29081 -0.88959 -0.51932 
perfume -0.29928 -1.6978 -0.30124 -0.40238 0.086263 0.93828 -0.68855 1.0615 0.78889 -1.2394 -0.70998 0.089834 0.0586 -0.27789 0.51917 0.28946 -0.25069 -1.7372 -0.7838 1.0267 1.6007 -0.1835 -0.99558 -0.20259 0.9254 1.1827 -1.1415 2.0817 -0.17976 1.0427 -0.5029 -1.1458 0.32926 0.10577 -0.97307 -0.62065 1.873 -0.077471 0.75329 -0.66009 -0.77002 -0.31 -1.1728 0.67857 -0.46422 -0.75713 0.36772 -0.74581 0.07358 -0.022729 -1.0165 0.79191 0.40892 -0.64592 0.66969 0.72458 1.0596 -0.65403 -0.56749 0.70334 0.56087 -1.3249 -0.71608 -0.66926 -0.67833 0.98588 1.523 1.3255 1.6611 0.84269 0.46419 -1.1074 -0.71298 -1.4614 2.3029 1.0819 -0.66598 -1.607 -0.86307 0.32325 -0.26027 0.2437 1.0488 2.0211 1.0824 -1.1105 0.52624 -1.4242 0.53355 -0.13322 1.7734 -0.65765 0.67759 -0.49804 0.34545 -1.1719 -0.59124 -0.87524 -0.34123 -0.89414 
coffee 1.3352 -0.63092 1.0574 -1.2234 -0.22234 -0.78963 -0.66951 -0.40913 0.70045 -1.4136 0.3114 0.86273 0.26198 0.62859 1.0843 0.39936 -0.39271 2.0759 -0.70488 -0.094291 0.12794 -1.1405 -1.1287 0.10735 0.34264 1.6933 -0.84474 0.99431 -0.45558 0.63562 -0.64287 -0.52288 0.26456 -1.0012 -1.496 -1.6083 -0.54878 0.65511 -0.19679 1.4772 -1.5855 -1.7574 1.1622 0.46261 1.7122 -1.1636 0.55052 -2.2271 -0.23124 -1.5033 1.9038 -0.12886 0.50589 -1.2005 0.74836 0.51697 -0.096344 1.0399 0.29983 0.48571 -0.6561 0.11437 0.56996 1.5505 -1.9816 1.1083 0.55929 -0.42854 1.2364 -0.70879 2.3816 -1.6453 -0.36907 0.21894 -0.23876 1.1727 -1.0362 -0.025321 0.33836 0.5412 -1.6504 -1.508 -3.9355 2.7496 0.17585 1.9648 1.9846 1.3364 -2.5884 -0.55951 1.8681 -1.5924 0.62907 0.75602 -1.7378 -0.30451 0.030927 -0.2699 -0.93202 -0.83635 
rose 0.74548 -2.7682 0.60449 1.3405 -2.0091 0.67819 0.69752 3.7809 -1.3151 -0.44319 2.3589 0.35614 -1.5698 0.88111 -1.135 1.346 -0.42085 2.3104 1.4209 0.7064 2.678 -1.4395 -3.7347 0.25302 0.64913 1.4468 0.90751 0.2385 -0.68224 0.26297 -0.65406 0.9262 0.13648 1.7235 -0.24486 -1.5853 2.3995 1.0872 -0.39366 -0.32121 -2.6089 2.9774 -2.9941 -0.19087 0.079786 -1.2688 0.80217 -3.614 -1.0779 -1.4387 0.2621 -0.60643 -0.86854 -1.1338 -1.4582 1.5922 1.9596 0.57839 -0.55412 -0.64383 0.91397 -0.36711 -2.0477 -0.72415 1.0214 2.4036 0.28979 0.29393 -0.18103 1.1563 0.12116 1.3265 -2.3601 -2.3596 1.4457 2.8882 -0.13123 -1.5239 2.4598 -0.68142 0.055252 0.17233 -2.2111 2.7147 -0.27006 -0.15863 -0.11858 0.77101 -1.7032 0.17109 3.06 -1.6803 0.7447 -1.4673 -0.13408 -0.96007 1.5365 -2.708 -0.73735 -1.2029 
blood 0.30544 -1.0964 -0.89485 -0.61886 2.1838 -1.2673 0.70835 0.11104 -1.1807 -0.61578 -0.017243 -0.30951 -1.2065 -0.43152 0.58642 -0.074174 2.0274 -0.79744 3.3451 2.6326 -0.24066 -1.2572 2.1184 -0.54722 -1.9945 -1.9933 0.73806 1.372 -0.60676 1.8149 2.8993 0.42216 -1.4139 0.63662 -0.58311 0.99733 0.52049 -2.5268 -1.2404 0.04068 0.96567 1.2448 -1.402 -1.3742 1.647 -1.9029 -1.4078 -1.6162 1.7602 1.3071 1.9282 -0.82098 2.4092 -1.2137 -0.9432 -0.15024 -0.0089619 -0.79011 -0.45318 2.2229 -0.19717 -0.4528 -0.43533 0.49895 0.85496 0.21389 -0.42582 -2.9668 0.99745 -1.3787 1.2388 0.85966 -1.3563 0.63012 -1.2303 1.9698 1.8683 -0.88896 2.3564 0.88521 1.3753 -1.0229 -0.95766 1.8888 -0.024515 1.066 -1.8509 0.8441 0.75959 0.19972 0.97769 0.15263 -1.4649 0.73023 -0.67155 0.86786 -1.0506 -0.31368 -1.1121 0.052193 
wine 3.1249 -0.02908 1.8668 -0.52669 0.81606 0.42687 -1.3643 -1.468 0.27402 0.91183 -1.6652 3.3063 -1.2038 0.42335 1.1384 1.6459 -0.44926 -0.81604 -1.328 0.19316 1.1394 -0.72924 0.020966 2.0271 -1.7384 -0.6006 -2.6889 0.96131 1.5803 0.33075 1.3849 -1.1047 1.1167 0.31833 2.2126 -3.3054 1.4437 1.9525 -0.85917 1.4662 -0.10246 2.697 1.164 -3.6938 -0.62399 -1.6005 -1.2615 0.3991 0.30982 0.37487 -2.1915 2.7194 -0.3267 -0.15256 0.95203 2.6728 0.96633 -1.3199 2.6066 0.63635 -1.1859 -3.0699 0.77316 1.6203 -0.3956 -1.3001 -2.3582 0.35756 -0.4247 0.26876 2.6868 -3.0312 0.32783 -1.9208 2.3026 -0.63441 -2.0099 -0.78664 2.3829 -2.7209 -2.7778 -3.0205 -2.0577 3.113 -0.029531 1.175 1.3225 -1.1579 0.45295 -2.765 1.1827 -2.2644 -0.57899 0.98663 -3.0525 -4.4818 3.4139 0.57898 -2.7062 -2.1287 
fish 0.13444 -0.46279 2.436 1.2301 0.24393 1.058 -1.6351 -0.96115 -1.9675 2.6144 -1.4354 -0.16337 -1.0572 1.3408 2.4198 1.2637 0.93137 0.76919 -0.48789 1.9644 -0.7202 1.3631 1.4896 0.51534 -5.3899 -3.9092 -0.28232 -2.036 -1.6847 2.8262 -2.3602 0.41241 -0.4141 2.1463 -1.976 0.032442 1.4512 -4.0545 1.0397 -0.068791 0.30844 0.39777 -0.59202 -3.4889 1.1994 -2.5412 1.7238 -0.43293 0.52166 1.2417 -0.78218 0.15172 -0.97857 -1.8934 1.7052 -1.2703 -0.45718 -0.30988 0.26327 0.75084 0.9407 0.42002 0.61579 0.65829 0.17863 1.9867 -0.90695 -0.40508 2.4073 -1.3622 3.9944 -3.2359 -1.231 -1.8169 -4.4248 1.0921 -0.5373 -1.4218 0.2767 0.78833 0.57467 1.6738 -1.8994 0.60591 1.1503 2.3726 -2.6355 -0.7676 1.7886 -1.676 -2.5796 0.78673 -1.0938 1.8833 0.85432 -3.7931 -1.7731 0.42258 0.59974 0.97393 
animal -1.0295 -0.095319 0.27716 0.42209 0.81929 0.74615 -2.5227 -0.17598 -1.3171 -0.25495 -2.1042 -1.1436 -0.85987 0.6758 1.7798 2.4142 0.69038 1.7608 2.3725 0.58046 1.751 1.0206 0.64158 -0.61647 -0.62912 -0.69128 -0.15777 -1.4112 -0.069415 0.66122 0.20787 -0.53659 0.094176 1.6711 -0.46646 0.90512 -1.5612 -2.2707 -1.0977 -2.0291 0.65249 -0.18297 0.47936 0.47535 1.0111 1.0449 -0.26773 -0.87065 1.9541 0.27023 0.86787 0.92293 1.3723 1.3543 -0.52067 -0.63436 0.25294 0.58012 0.77807 -0.36507 0.43453 1.4243 -0.15564 -0.94359 2.4171 1.1439 -0.51602 -1.3898 0.36384 1.2165 2.1949 -3.0729 -1.262 1.0473 1.7357 0.63451 -0.94567 -0.025793 0.38962 0.99104 1.0584 -0.88363 -0.984 -0.089672 0.28755 -0.48057 -2.0447 -0.31843 2.2485 0.51342 -1.5114 -0.049407 -1.0175 0.15138 -0.84071 -2.3399 -1.3135 0.27266 -0.4082 -1.0003 
urine -1.2118 1.545 -0.33014 -1.0971 1.2221 -0.20734 -1.8971 -2.3691 0.58783 0.67588 -0.26981 -1.0301 1.7429 -1.9832 1.4554 -0.038822 -0.54693 -0.52787 1.455 -0.52417 -1.3785 0.98811 3.849 -2.759 0.10338 -0.80218 -0.82396 0.17054 1.4429 2.3433 0.39443 0.65843 -1.9725 1.1213 -1.854 0.9438 1.2898 -2.9076 -0.41246 -1.1195 -0.86944 0.042527 0.30329 0.59304 0.042068 0.070218 -1.6204 -4.1836 0.84333 0.65368 0.19662 -0.5688 1.4654 1.5815 -0.94708 -0.87468 0.18629 -0.5345 1.9357 0.77205 -0.10936 1.0688 -0.69801 -0.30704 1.3374 -0.17352 -0.13406 -1.7656 0.82267 0.19549 0.23865 -2.7346 -2.705 -0.41265 0.45096 0.97501 -0.99126 -0.031768 0.40527 2.6944 1.5337 -0.70295 -1.8804 1.6878 0.46177 -1.5895 -1.3945 -1.0137 -1.1246 -2.4424 0.97362 -0.57848 -0.019561 0.66429 0.91839 -1.3012 -0.74242 1.4303 -2.907 -0.95439 
beer 1.8055 0.8464 -0.69347 0.18601 1.9909 -0.65559 0.41164 -3.0551 1.7286 1.1589 -0.27846 2.6921 0.10552 -1.8312 2.5961 1.1195 -0.66501 0.75042 -1.3322 1.8234 0.81202 0.73184 0.064203 -2.3852 -1.7498 -2.6407 -0.88715 0.32502 1.6586 -0.36149 0.88379 -0.25996 0.59354 0.83806 -0.73615 -1.1537 0.44428 -1.7524 -2.2626 1.4563 -1.9608 -0.45807 1.9631 -3.5029 0.96253 -2.0497 -1.9017 0.46702 -1.3683 -2.3084 1.1838 3.5493 -0.87268 -1.3375 1.6108 1.9459 1.6328 -0.766 0.81643 1.3082 -0.52286 -0.6551 -0.24728 0.29704 -3.0435 -2.329 1.0675 -0.88477 1.5565 0.11705 1.2188 -2.9742 -1.7885 -0.44845 -1.0472 -0.18188 -1.4999 0.55104 2.1881 0.89485 -0.44503 -2.6907 0.34494 3.0509 1.3773 1.6059 2.9793 0.067437 -2.6916 -0.82367 -0.23288 -2.5042 0.59777 1.7286 -2.4351 -2.734 2.7175 -0.26335 -1.3374 -0.45586 
tea 1.2689 0.007026 1.9309 -0.96345 1.5119 -1.0494 0.29213 -1.3519 0.26971 -2.8896 0.60585 2.77 -3.4523 -0.38253 2.4466 2.3695 -2.4896 2.2465 -3.3847 1.7756 0.86873 -3.6641 -2.7905 1.6643 -0.98979 4.1364 0.65013 -0.29183 -1.4401 0.66975 -1.936 -0.4411 0.12751 -0.60654 -0.54513 -2.1894 0.3271 0.048068 -0.93864 2.6119 -5.4803 0.22441 -0.21246 0.69404 -0.56452 -2.9112 1.8186 -4.0606 3.7921 -3.3389 -1.5133 -0.29781 1.0309 -4.361 1.5702 -0.95362 -1.2784 0.55731 1.7995 0.070985 0.82993 0.27044 1.9036 1.2285 -2.3357 1.5398 -2.8523 -0.8146 1.367 0.32284 1.4825 -2.7855 -1.6965 -1.3564 1.2039 1.1755 -3.13 0.021889 0.68217 -0.64492 -3.2024 -1.9512 -2.6547 6.1448 0.84781 4.2334 1.215 3.0377 -1.9328 0.49478 0.12973 -0.61256 -1.041 3.45 -0.67136 -0.80987 0.75891 -0.91239 -2.588 -2.8003 
citrus -0.3607 1.2949 -1.4238 -0.75139 -1.726 1.1079 0.80953 0.54425 0.55802 -0.58424 2.1306 1.4706 0.63182 0.28144 0.088937 0.17609 -1.1302 0.92101 -1.057 2.1046 0.87738 0.36983 -0.53779 -0.40101 -1.4421 1.3019 0.35083 0.19821 -0.37102 0.79174 -2.2643 -1.0953 -0.37179 1.4095 2.3087 0.78845 0.92609 -0.51043 0.14733 1.0606 0.75658 1.1079 -0.35472 -0.77723 0.38732 -1.7947 -0.26072 -0.25423 -1.6277 -0.27125 -0.20703 2.2735 0.16439 0.067958 0.26176 0.34839 -0.81549 -0.1422 0.92332 0.17343 0.9132 -0.49041 0.88987 -1.2459 0.37872 2.6571 -0.51035 -0.71962 0.029744 -0.038444 1.3201 -1.2507 -1.3592 -1.6757 1.872 -0.26953 -2.11 0.72012 2.1466 -0.30209 -2.8513 -0.81632 2.635 3.7889 -0.029213 0.4262 0.85446 1.6908 0.21482 -0.046229 0.74685 -1.3996 -0.10972 0.56525 -0.62704 -1.736 2.2223 -0.095138 -2.3347 0.77669 
lavender -1.3979 -0.87067 -1.4045 0.35269 -0.19985 1.0158 -0.23225 0.84318 -0.026667 -1.2703 2.0883 0.48971 -0.23876 -0.22266 -0.70548 1.654 -1.0828 -0.062445 -0.0819 0.57989 -0.017313 -0.17222 -1.5024 -0.57655 -0.19819 1.1438 1.6653 0.99363 0.57602 1.1678 -1.8798 -1.6682 0.63659 1.9115 0.53874 0.08145 0.71744 -0.33936 -0.12687 -0.67868 -1.5098 0.8841 -1.0536 1.3604 0.97722 -1.5257 -0.11255 -0.98958 0.36248 -0.32945 -0.44677 -0.45295 0.24086 -0.70457 -1.1177 -0.036373 0.14405 -0.17475 1.3785 0.055287 0.3521 0.74125 -0.79792 0.094244 -0.43069 0.91933 0.20079 -0.89892 0.62303 0.67833 0.90844 -0.52489 -0.52138 -2.2788 1.7091 1.6204 -2.5044 -0.36277 1.6478 0.021237 -1.3638 -0.50035 1.44 1.9908 0.50977 0.41475 -0.44664 1.2486 -1.2416 -0.23784 0.284 0.93001 -0.49904 0.28614 -0.16298 -1.0232 0.96939 -1.2236 -1.5736 -0.87624 
lemon -0.37055 -0.26334 -0.52393 -2.5976 -1.1864 0.34169 0.74302 0.06929 -1.3079 -1.0215 2.9335 2.037 -0.25829 -0.73762 -0.14322 -0.92247 -1.4337 1.9007 -1.9803 0.78753 -0.63383 1.0785 -1.0224 -1.3804 -0.78421 -0.25151 1.4704 0.35026 -1.1669 1.2781 -2.3665 -0.86033 -0.32488 1.7348 2.5493 1.4693 1.7054 -0.19232 0.63907 1.2042 0.22253 2.0474 -0.62439 0.44447 -0.39722 -1.1643 1.3403 -0.64647 -0.71767 -1.6635 -1.9082 0.19804 0.86319 -0.47132 0.34114 -0.079248 -0.27131 -0.21956 1.5862 -0.63879 1.6093 -0.27419 -1.0492 -2.4497 -0.022655 2.4885 0.53914 -1.6506 0.7196 1.1542 1.6882 -1.0032 -0.67489 -2.1329 0.49981 0.37179 -2.2387 0.62741 1.8847 -0.442 -3.5672 -1.0467 1.2282 3.5662 0.80647 2.4777 -1.063 1.8265 -0.69986 -0.43733 -0.39586 0.50787 -0.053078 1.6271 0.13398 -1.4043 1.5508 -0.52917 -1.8303 0.71352 
vanilla -0.36123 -0.47846 -0.64959 -0.54496 -0.1943 0.61902 0.58237 -0.56697 -0.69731 -1.7157 0.63324 0.8166 0.42588 1.1693 -1.5381 -0.31044 -0.68818 0.044142 -0.37065 0.56899 0.77411 -1.6745 -1.3705 -0.74016 0.1486 1.754 0.76599 1.1828 -0.17108 1.5237 0.31614 0.81278 -0.47885 1.2996 1.417 -0.50719 1.5849 0.50407 1.4352 1.3112 -0.17853 -0.33715 -0.3406 -0.77278 0.80888 -0.061029 -0.75103 0.24004 -1.0881 -0.78756 -0.36579 0.033056 0.058389 -0.20284 0.87374 -0.32952 -1.9584 -0.062591 1.0008 -0.22551 0.40787 -0.48498 -0.34065 -1.0564 -0.74175 2.6813 0.66675 0.74836 1.0617 -0.64397 1.8924 -1.1514 -1.106 -0.46731 2.4434 1.2274 -2.1574 0.35684 1.9598 1.0608 -1.6276 -0.11083 0.86924 3.0272 -0.11603 0.24979 0.34489 1.5381 -1.2838 -0.35382 0.49975 0.027902 -0.040887 -0.47434 -0.69643 -2.0285 2.0477 -1.0935 -1.0599 -0.90454 
garlic -0.48179 -1.241 0.27831 -1.2253 1.0722 0.72729 -0.61655 -0.33032 -2.3345 0.83877 1.6631 -0.18886 0.96312 -0.84225 0.91906 -0.52755 -1.298 1.9592 -0.33401 -0.27007 -0.83281 1.128 0.99642 -0.68244 -1.0361 0.030156 -0.75435 -0.34305 -0.72361 1.277 -1.8089 -0.75757 0.24709 0.31272 -0.31357 0.70694 0.76141 1.4185 1.0678 1.8218 -0.66554 0.98808 -0.01151 -0.52256 0.79575 -2.2515 0.045795 -1.1195 0.18222 -1.5834 1.7118 0.46603 -0.32937 0.043384 -0.15337 0.35846 -0.30287 -0.73371 0.57597 1.0548 0.66896 1.1361 -0.5462 -2.6403 0.3158 -0.031819 0.11346 0.28328 1.1882 0.92284 2.7357 -2.7389 -0.77657 -1.6478 -1.7531 0.74048 -1.5068 -0.32025 -0.078419 -1.3435 -0.5872 0.67306 -0.22731 2.3908 1.7901 1.3844 1.1356 -0.45967 1.1771 -0.92661 -1.1457 1.4746 -0.26243 0.5609 1.8299 -2.0308 -0.75434 0.26097 0.13884 0.77106 
orange -1.2462 0.7269 -0.22955 -0.86315 -0.71168 -0.41322 0.27919 -1.6255 -0.65993 0.43533 1.2084 1.7077 -1.204 1.1511 -0.70251 -0.47426 -0.56818 1.0271 -1.0879 1.7864 -0.015149 -1.0755 0.081526 -0.3095 -1.6937 0.69263 1.2673 -0.50327 0.33221 -0.28514 -1.6998 -0.38767 -0.87645 1.5564 1.5979 -0.22114 1.9001 -0.67416 -0.070835 0.28454 -0.31529 1.2757 -0.15533 -0.1035 -0.73392 -0.94848 -0.24516 -0.38276 0.06825 -0.50643 -0.23107 -1.8584 0.94325 -1.154 -0.11902 -0.11738 -0.86131 -1.0469 0.83852 0.074788 0.43063 -0.18639 -1.6418 -0.23163 -1.4618 2.0035 1.3523 -0.12055 0.45764 0.21568 0.17662 -0.8781 -0.84774 -1.9793 1.9857 0.82957 -2.5586 0.32238 1.9357 0.85266 -2.046 -1.1519 1.1337 1.7839 0.50966 0.87472 -0.59421 0.71399 0.054736 -1.2518 0.77178 -0.5181 -0.98047 1.893 -0.60527 -0.82388 1.6571 -1.158 -1.2454 0.76253 
soap -0.7529 -1.0012 -0.53057 1.0644 0.60635 1.7465 0.13553 0.65845 -1.1049 -0.16833 -0.4544 0.69828 0.69845 -1.626 1.9361 0.67782 -0.18847 -0.80125 -1.6141 0.039374 -0.98484 -0.39942 1.0362 -0.69841 0.99534 2.0699 3.1912 2.7991 -0.86609 1.5448 -0.10219 -2.9693 0.56741 1.477 -0.6229 1.4369 4.1641 -2.4241 -1.0244 0.51076 -2.3446 -1.3724 -2.4643 3.4106 0.88159 0.5623 -0.22254 -1.0386 1.0724 -0.64872 -1.6566 2.6205 0.2305 -4.0672 1.1955 -0.26897 2.0627 -1.5355 0.75244 -0.34714 0.13921 -0.81354 0.57002 2.3457 -1.3432 3.2246 0.90947 -0.79142 2.2503 1.9487 2.0643 -2.9727 -1.5809 -2.698 0.33185 0.28006 -2.8869 -0.30038 0.86576 1.2795 -1.4341 -0.12761 2.9795 1.2355 1.2806 -0.68312 1.6979 0.11488 -0.063951 0.60363 -0.41827 1.6115 3.148 0.75144 0.94462 0.137 0.21682 0.22992 -1.2198 -0.51882 
chocolate -0.17416 -1.2416 0.036545 -0.27277 -0.29745 -0.20008 -0.57924 -1.7011 -0.40412 -0.3446 -0.42764 0.73683 1.2002 0.30278 -0.13582 0.69052 -0.74831 0.89319 0.23353 -0.16779 0.58344 -1.1684 -0.55445 0.25724 -0.01611 1.1055 -0.036351 0.92665 0.73527 1.8926 0.38882 1.0056 -0.3173 -0.60425 1.1905 -1.6481 0.63619 0.22854 -0.20374 0.43827 -1.1662 -1.4279 -0.060109 -0.41736 0.00063829 -0.66343 -0.038652 -0.22039 -0.69563 -0.91554 -0.52142 -0.56779 1.1345 -0.74364 0.7487 -0.69221 -0.28584 0.33887 1.281 -0.91795 -0.019441 -0.35602 -0.095206 0.017559 -1.0268 0.56909 0.11379 0.79848 1.3533 0.4112 1.7981 -1.886 -0.53498 0.62505 0.78477 0.84715 -2.079 0.0020068 1.1673 0.24746 -1.1882 -0.74763 -1.3246 1.9218 -0.16715 0.30157 1.2948 0.32063 -1.7967 -0.53901 1.0193 0.024452 -0.98125 -1.295 -0.021276 -2.5394 0.88992 0.11028 -0.37824 0.26884 
apple -0.65508 1.0527 -0.4419 -0.24002 -0.23318 1.3092 0.64006 -1.9004 -2.5536 0.30759 0.75537 -0.22337 -0.60865 1.2437 -0.28484 -0.15251 -0.51134 1.7532 -0.91008 1.1702 0.88021 -0.55386 -1.1872 -0.46612 -1.7616 -1.1636 -0.073068 0.056679 0.63972 1.4299 -2.0644 0.67417 0.092167 1.6353 3.2449 -0.25706 0.51492 0.58433 0.66925 1.6091 0.72154 -0.42971 0.64811 0.40727 0.47275 -0.23215 -1.4962 0.6837 -1.1334 0.33072 -1.1337 -1.2322 1.0009 -0.94041 2.1884 0.24181 -0.95518 -0.22654 2.1836 -1.043 -0.73412 -2.3463 -1.0177 0.10505 0.71294 2.1443 0.056092 -0.6746 0.50276 0.5914 1.0306 -2.1989 0.42096 -0.80615 0.24797 1.0873 -1.0507 1.3724 1.1012 -0.34715 -1.6628 -2.1445 1.1038 2.1776 -0.00565 2.1034 2.2999 1.1215 -0.42463 -0.61158 1.5072 -0.88885 -0.97524 -0.27999 -0.32982 -1.6944 1.6125 -0.62811 -1.647 1.8818 
leather -1.2423 0.1072 -0.48915 -0.23919 0.76981 -0.72821 1.1781 -1.8075 0.24129 -0.92015 -0.25856 1.8927 -0.36066 -0.042453 -0.13021 0.58415 0.55019 -1.3058 -0.706 1.9834 0.22646 0.81767 -1.0613 -0.35885 -0.68698 -0.98547 1.1056 0.43931 0.50536 1.169 -0.4482 0.97338 -0.52855 0.93932 0.31112 -1.182 0.83869 -0.51372 2.1238 -0.37898 0.74945 -0.66479 0.9007 0.92422 1.5186 -0.22156 -0.76215 0.66033 0.79209 -0.092568 0.31207 0.2875 0.79302 0.55318 -0.0085357 2.3425 0.16433 0.2172 0.20646 -1.1385 -1.7392 -0.39804 0.47894 2.4542 -0.06969 -0.51489 0.41209 1.9711 1.5474 -0.28987 2.188 -2.0817 -1.9179 -1.4882 2.0872 1.8957 -2.323 -1.6094 1.0423 0.38892 -0.67661 0.86621 0.3055 0.75127 0.49025 -0.47477 0.80244 -0.19002 -0.28925 0.32011 0.44407 -0.33955 0.66649 -1.5579 0.75311 -0.94128 0.011316 -1.7848 -0.56102 -1.2169 
cheese -0.59991 0.54319 0.36102 -0.42465 -0.13504 0.50992 -0.57665 -1.5851 -0.61178 1.1239 -1.7895 0.049431 0.20503 -0.2986 1.5306 -0.12806 -0.26651 0.9278 -0.89707 0.29422 0.70827 -0.26166 0.67614 1.2869 -2.9512 -1.8677 -0.55068 -0.39987 -1.099 0.48596 0.18618 0.50396 0.26848 -0.36222 -1.0233 -1.4711 2.3347 0.98693 0.85812 1.106 -0.34302 -1.3895 0.3618 -0.70298 0.62169 -2.2522 -1.139 1.3176 0.58659 0.9039 -1.1306 1.5099 1.001 -1.321 1.5525 -0.50846 0.62135 -0.72716 -0.44982 -0.97758 -1.8231 -1.337 -0.79985 -0.33728 -0.72783 -0.32895 0.49797 1.468 0.38467 0.91915 2.589 -3.068 -0.25412 -0.080057 0.027603 1.2093 -0.87013 -0.82826 1.1271 0.22942 0.13786 -1.3692 -0.74864 1.0317 0.73922 1.9994 1.0165 -2.068 -2.3358 -1.1892 -0.24146 1.2241 -0.63903 -0.52621 1.1724 -3.4603 -0.2172 0.77947 0.60261 1.0719 
bread -1.9156 0.70841 -0.0025418 -0.14977 -0.099361 0.51294 0.14043 -1.2093 -3.4154 -0.73562 0.75066 -0.28229 1.25 0.3944 1.8908 -0.93864 -0.92771 0.99875 -0.50054 -0.32444 0.76343 0.36084 -1.4413 -0.054951 0.87123 -2.2244 -0.25517 -1.1889 0.50404 1.5181 -0.22803 0.59297 1.8938 -0.033495 1.3725 -1.0824 -1.2458 -0.54523 0.89606 1.8627 -0.73794 -1.1058 0.12 0.98299 -0.0052788 -2.1373 -1.627 0.6556 1.2798 1.1259 0.29249 0.58183 0.89901 -2.0244 2.4348 -1.7212 1.7269 0.06187 -0.90618 -1.0502 -0.43332 -1.6404 0.66643 -0.28828 -0.40669 0.70884 1.5573 1.0681 4.2357 0.62589 2.6016 -1.1744 1.0755 1.8181 -0.95293 2.0385 -1.8609 -0.29879 1.3275 1.8453 -1.3918 -0.6558 -2.6125 2.3944 -1.2913 2.0255 2.366 -0.054112 -1.9571 -1.9237 1.5232 0.0077854 -0.2661 0.8508 -0.81288 -1.4626 1.2935 -0.38098 -1.3189 -1.3322 
onion -0.98265 -0.91743 0.69896 -0.43087 1.1552 1.3856 -0.97575 -0.50315 -3.2015 0.7197 1.102 -0.71423 -0.51265 -1.4144 1.78 -1.4785 -1.0247 3.4636 -1.0618 1.1986 -1.1394 0.86561 1.5882 -0.61266 -1.842 -0.79737 -0.65309 -0.51735 -1.2061 1.7829 -1.5275 0.58902 -0.094074 0.54451 -0.59906 0.7074 -0.30706 -0.28967 1.7999 2.3088 -0.21431 1.1022 0.74438 -0.47723 -1.1263 -0.79194 -0.59204 0.22591 0.21109 -0.69217 1.0014 0.62283 0.20138 -1.0227 1.23 1.0296 -0.092922 -0.39592 0.70046 -0.24825 0.46594 -0.69929 -1.8808 -1.59 0.021919 -0.38647 0.54103 -0.14218 2.4577 0.93162 2.3563 -2.3378 -0.17785 -1.6607 -2.8144 1.1602 -0.68928 -0.084083 0.2769 0.50501 0.28963 -1.0729 0.099796 2.3036 1.81 1.7342 0.70802 -0.080348 1.046 -1.3365 -1.0487 1.999 -0.94059 0.39636 2.1174 -1.3838 0.17922 0.16127 -1.0136 0.12334 
paint -1.8625 -0.86519 -1.5396 -1.3191 1.0526 -1.1904 1.0267 -2.2088 0.75737 0.3199 0.79309 0.55592 1.8481 -0.75706 0.34117 -1.4913 -0.59956 -1.3361 -0.17826 1.9692 0.13773 1.1624 0.077428 -0.58326 -0.28125 -1.6351 0.090934 -1.4141 1.1482 1.0006 -0.84858 -0.73155 -0.53554 -0.57467 1.2827 1.5658 0.78978 -0.90853 1.2368 -0.93582 0.21515 1.2347 0.41992 -0.16482 -0.57614 0.0051192 0.44034 -1.506 1.2303 0.22091 0.1829 -1.7383 1.4763 -1.1834 -1.0377 3.1446 0.72213 -0.027764 0.59009 -1.1552 1.4299 -1.0954 -0.91657 2.1123 1.1097 0.52242 1.6108 -0.016918 1.6298 0.15908 1.0848 -1.7719 -0.83329 -1.3137 1.8745 0.55564 -1.9652 -1.8826 -0.21934 2.1995 -0.41919 1.2395 0.69383 0.47092 1.323 0.051599 -0.17361 0.28036 -1.8683 -0.97973 1.2594 2.2858 1.2269 -1.7916 1.8224 0.84905 -2.989 -1.5008 -0.82038 -1.0929 
cinnamon -0.99664 -0.5025 -0.87435 -0.83919 -0.64366 0.75214 0.20778 -0.19147 -0.7334 -1.5948 0.95116 0.31791 1.331 0.55626 -1.0273 -0.63987 -0.63085 1.5364 0.30245 1.1469 -0.11895 -0.76387 -0.34742 -0.76215 1.2382 1.1906 0.64986 -0.071192 -0.018889 0.38477 -0.47584 -0.64082 -0.5936 1.0126 1.2805 -1.02 -0.40877 -0.48562 2.3571 2.0059 0.4433 -0.1419 1.1005 0.6685 0.59558 -2.194 0.15115 -0.69362 -1.2315 -1.4804 -1.6868 -0.21819 -0.18673 -0.41434 0.92434 0.46285 -1.3919 0.048732 0.6989 -0.12118 0.19795 -0.050177 -0.74764 -1.0112 -1.9041 1.1126 1.4131 0.70408 1.0179 0.14639 2.2904 -1.6623 -0.23889 -0.21621 0.13151 1.8731 -1.7603 0.64585 1.0563 0.95036 -1.3762 -0.44078 0.32384 2.583 0.63544 0.68742 0.21137 0.61923 -0.4548 -0.68468 0.076526 0.88724 -1.0468 1.334 -0.077563 -1.694 1.2114 0.011642 -0.5518 -0.25793 
egg 0.44239 -1.0146 2.5805 0.43661 -0.14651 1.713 -0.74465 -2.586 -3.1665 3.1493 -4.9681 -0.42298 -1.6265 -0.24286 2.5137 0.45088 1.1873 2.5765 1.1251 -2.3289 -1.7403 1.9391 2.1174 1.2455 -3.7772 -0.54844 2.371 -2.9456 -2.0929 3.1713 -0.43076 1.621 1.7947 0.77112 0.3834 0.29213 3.2466 -1.3262 -0.27319 1.7441 0.72106 -0.17228 1.8984 0.43179 0.14031 0.125 -2.2784 0.29085 0.741 -0.15589 0.35525 -0.33075 1.0333 -1.5044 0.68176 -2.9722 2.122 0.037901 0.61551 0.21154 -1.361 -0.42719 -0.95036 -3.6082 0.96948 1.7985 0.073138 0.62009 4.234 0.76862 3.7624 -3.9889 2.273 -1.594 -1.333 0.030064 1.8275 1.2509 0.77176 1.6031 -0.62796 -2.3924 -1.8188 2.2758 2.4322 1.4128 0.16735 0.89575 -1.5328 -2.8841 -3.1473 1.7599 -1.6774 0.17433 1.2016 -3.437 2.1302 0.58437 1.8568 2.9687 
mouse -1.1142 -1.0908 -0.86524 -1.0205 -1.7267 -1.6042 -1.1164 -1.6543 -2.226 -0.88757 -3.1695 0.10794 -0.73526 -2.2489 2.2521 -0.036792 -1.229 -2.0068 0.30287 0.14104 0.078881 1.9146 -0.12958 -0.83419 -0.82738 -0.27991 0.070963 -0.61418 -0.24771 1.6217 -1.1616 0.10425 0.72421 0.49867 0.43292 1.1656 0.022931 -0.62454 -1.6366 -2.9921 -1.4083 0.30957 1.2668 -1.3976 1.8159 -1.0983 0.50879 -0.02974 -0.34401 -0.59834 -0.41438 -0.98281 0.60179 0.90341 -0.29775 -0.67888 -1.7748 1.4099 2.1015 0.031379 -0.70758 2.6654 -1.957 -1.1311 1.7104 -1.1207 -0.74088 -2.6785 0.95084 0.92694 2.2606 -2.8399 -1.156 0.48694 2.4282 0.46747 2.302 0.43572 1.72 1.352 0.54355 -1.6349 -0.30795 0.97696 2.3779 0.27642 -1.3947 -0.35978 0.86259 -1.162 -0.13281 -1.2529 -3.3974 -0.47161 -1.4602 -0.81893 -1.2983 1.0168 -1.6522 0.4439 
cologne -0.22085 -0.13955 -0.21315 0.055891 0.2217 1.1995 -0.089072 0.39343 0.98176 -0.93215 0.20263 0.72392 0.47452 -0.30634 0.78566 -0.084541 0.11962 -0.27175 -0.58375 0.36489 0.57553 -0.15885 0.14068 -0.13089 0.47542 0.7201 -0.076865 2.2597 0.57609 1.5653 -0.12577 -1.1241 -1.0225 0.17794 -0.58702 0.24939 2.8265 0.31541 0.57289 -0.62588 -0.7508 -0.46597 -0.21182 0.89237 1.047 -1.3373 -0.40692 0.67545 -1.3632 -0.52025 0.60763 0.44033 -0.060038 -0.54392 0.38831 0.58195 0.70195 -0.6414 0.021207 0.33736 -0.16115 -0.65045 -0.031545 -0.54276 -0.016806 0.44313 0.10112 0.87502 0.54632 -0.044962 0.75697 -0.0099101 -0.57924 -2.1368 2.0666 -0.26372 -0.53268 -1.4328 -0.82379 0.58167 -0.82408 0.32286 1.7219 2.5271 1.2395 -1.4258 0.91628 -1.4417 -0.077399 0.36921 1.0127 -0.87313 1.147 0.069447 -0.37634 -1.0022 0.55497 -0.62456 -1.1415 -0.45147 
pine -2.3208 2.3483 -1.3472 1.5593 -2.4512 -1.0079 0.98985 -1.6466 1.7945 -1.7894 3.112 0.71966 0.22911 2.2967 -1.1909 2.1059 0.39609 1.3739 -1.0487 2.2314 0.71304 -0.050448 0.65634 -0.63002 -0.77758 -0.15823 1.0245 -2.081 0.088089 2.5828 -1.2363 -1.119 -1.9221 2.307 3.5492 -1.1882 -0.3263 -0.37644 1.4932 0.20515 0.86311 0.5547 1.8135 0.76878 0.88883 -2.6069 -0.31408 -1.5951 -0.5741 -1.9641 -2.4639 1.136 0.38697 -0.041595 -0.34478 1.5034 1.8216 0.55016 -0.099071 0.29384 1.1393 1.0436 -0.79548 1.2313 1.1125 2.1999 0.30056 0.34378 1.9856 -0.58823 1.9892 -0.93764 -0.18831 -2.545 1.5156 -1.0684 -2.5103 -0.53222 2.0408 1.0609 -2.28 -2.4611 1.4971 3.4883 0.17209 -0.0060233 -0.36227 2.303 -0.97524 -1.9848 -0.13537 -0.72215 -0.39063 2.0628 0.36949 -3.2965 0.83489 -0.076766 -3.0725 -1.4005 
incense -2.4345 0.45054 -0.053108 -0.11198 0.3103 0.2095 0.16738 0.58091 -0.83008 -0.81777 -0.02692 -1.0256 -0.94417 1.0554 -0.22098 1.7472 0.68639 -0.8594 0.41689 1.8613 0.029868 -0.76486 -1.1424 -1.3114 0.51016 2.514 0.1392 -0.62818 -0.87093 1.2874 -2.1303 -1.0543 -2.1314 0.61043 0.17775 -1.22 -0.63207 -0.18309 0.18808 -0.42857 -0.75311 0.30332 0.21286 0.68518 0.22261 -0.36296 0.41614 -1.2162 0.88975 0.12282 -0.039013 -0.97705 -0.015118 -0.4717 -0.56481 1.4739 -0.53033 0.24716 -0.9389 0.78963 0.39278 -0.21006 -0.44153 1.5992 -1.7142 0.72007 -0.023652 0.75762 0.65666 0.67573 1.2775 -1.0156 -1.714 -0.99826 1.1741 0.89481 -2.1788 -1.5833 0.824 0.73599 -0.4801 -0.30647 0.18698 3.3259 1.8179 -1.3745 0.21889 1.3373 0.040176 -0.12922 -0.22785 1.0499 -1.3302 -0.7255 1.8038 -0.016134 -1.9919 -1.0721 -0.5727 -0.41094 
honey 0.26821 -0.37845 -0.10646 1.129 -0.49494 0.62856 1.9002 -1.1402 -1.9336 -0.44206 0.28807 0.9543 -0.20778 0.54863 0.33071 1.1439 -0.78158 0.71361 0.39855 2.2637 0.076372 -1.4196 -1.5395 0.33795 -1.0463 0.84252 0.76637 1.1605 -1.4221 1.1644 -0.017422 1.7166 0.050253 1.8541 1.147 -1.1044 1.4433 0.85533 -0.47937 0.86843 0.51587 -0.6855 -1.1825 -0.43632 0.36054 -0.14805 -0.5592 -0.99537 0.65341 -0.89862 -0.44326 0.42615 -0.24119 -0.63974 1.1199 1.1156 -0.15279 -0.51392 -0.16498 0.016135 -0.72167 0.18135 -1.4544 -1.4133 0.12108 1.6542 -1.0946 0.50503 0.64094 0.3412 0.43858 -1.3432 -1.736 -1.1714 1.7507 0.83677 -2.7905 -0.095242 2.1661 0.83707 -1.1976 -1.3126 0.50578 2.7909 -0.62355 -0.15731 0.57908 0.78953 -0.0013936 -0.11817 1.2828 0.57501 -1.3258 1.2368 -1.9422 -1.8046 2.3969 -0.37894 -1.4005 0.64734 
grass -1.5236 0.66427 0.47802 0.031784 -0.93832 -0.46653 -0.08855 0.12789 0.068504 -0.24234 0.34226 1.2377 -0.44148 1.3887 -0.26096 1.0854 -0.73924 1.2315 1.1071 0.53977 -0.8088 1.3633 -1.3915 -1.0683 -1.5973 -1.1028 1.7347 -1.6279 0.37401 1.2253 -1.0653 1.7596 -0.60475 2.0332 1.611 0.089848 -2.4532 -0.32995 0.31917 1.0426 0.64873 -0.27792 0.30133 1.818 1.0125 -1.886 -0.19261 -1.4762 2.0963 -2.2566 1.0361 0.56268 0.80872 -1.2167 -0.39774 1.3618 3.313 1.5159 -0.54661 0.22465 -0.11463 -0.68337 -0.42019 1.4874 1.7718 0.59305 0.11071 0.9435 1.6406 0.59827 -1.3574 -0.77192 -0.62227 -1.4739 1.4831 1.5706 -1.4667 -0.90939 0.95406 0.33909 -1.11 0.60411 0.20798 1.2097 0.60636 0.74801 -1.4629 1.9707 -0.79993 -0.35845 0.079969 0.063393 -0.64522 1.5149 1.7226 -1.1424 1.208 -0.81342 -1.009 0.21618 
tobacco -0.91812 0.2271 -1.2528 -1.0992 1.3725 0.086375 -1.0527 -1.6061 0.026997 0.095428 -0.88169 0.13494 -0.087212 1.3032 -0.62964 0.97233 -1.2677 0.81416 -0.0092493 1.8468 -0.94634 -0.33275 -0.73314 -1.843 0.98092 -0.12719 -0.80968 1.3136 0.5036 1.0552 -0.56255 0.17681 -1.2001 1.0132 -0.22343 -0.61854 0.61945 0.81644 1.0964 -0.22366 0.12587 -0.15214 0.5378 -1.4408 -0.81553 -0.3609 -1.3095 -0.87222 -0.85754 -1.0389 0.81962 0.53289 -0.36422 0.014574 -0.1892 1.245 -1.8438 -0.099684 0.69005 -0.17019 -1.1979 0.80038 0.8206 0.42071 -1.1678 0.082555 1.0776 1.951 1.0281 -0.15768 2.4886 -1.2702 -0.48278 -1.8822 0.88936 0.65351 -2.0158 -0.93588 0.84469 -0.44472 0.54823 -0.21664 0.49166 2.0581 0.0018402 0.40177 0.46342 -0.17799 -1.5799 0.60042 -0.41019 -0.46536 -0.095811 -0.17415 0.21883 -0.99159 -0.55502 -0.74432 -0.90951 -0.53989 
vegetable -1.1112 -0.63247 0.64403 -0.090688 0.89101 1.7648 -1.1908 -0.66577 -1.8683 1.1416 -0.12761 -0.068587 -1.1098 0.29012 1.127 0.48567 -0.50555 1.2098 -0.43084 0.72149 -0.13535 0.96212 -0.07069 0.003392 -0.98155 -0.28044 -0.34638 -1.917 -0.23174 1.2878 -2.5711 -0.029878 0.24877 1.2849 -0.23825 -0.96753 -0.56916 -0.90736 0.91444 0.35859 0.87481 0.40492 0.031257 0.72815 -1.5448 -0.042367 -0.6078 -0.050616 0.6288 -0.31461 -0.25381 0.54625 0.030068 -1.3272 1.0909 -1.4801 0.27492 -0.18791 1.0204 0.42191 -1.0589 -0.89101 -0.43012 -0.49263 0.53687 -0.2801 -0.012637 -0.96595 1.766 -0.08546 1.663 -2.9569 -0.83744 -0.43698 -0.24288 1.7277 -2.0071 -0.27753 0.88633 0.49941 -0.73143 0.44931 0.78329 -0.019992 0.74346 1.1223 0.31118 0.57805 0.062971 -0.96812 -0.089512 1.2743 -0.33562 0.47937 0.21436 -2.1275 0.011533 1.0477 -0.33299 1.0378 
mint -2.8374 -0.93698 -0.74991 -1.1933 -1.2162 1.0255 0.42499 -0.48333 -1.1167 -0.036663 3.2061 1.9957 1.2475 0.50039 -0.12929 -0.46392 -2.0334 1.4134 -0.67874 2.1673 -1.2718 0.42079 0.76733 -1.1654 -0.87361 0.59161 1.7735 0.97202 0.021222 2.2242 -2.7588 0.066424 0.15527 1.6997 1.4269 0.55072 1.272 -0.10176 1.194 0.5614 -1.9357 -0.62562 -0.43218 0.88253 0.53345 -2.2382 0.17412 -1.4238 1.2714 -0.59857 -0.016938 0.0090206 0.94522 -1.3163 -0.45496 -0.63378 -0.48468 0.77367 3.0979 -0.56605 0.78346 0.31156 -0.58776 -1.5723 0.65399 1.4826 0.0079873 -0.48746 1.1609 0.41903 2.591 -1.5055 0.23224 -2.7655 1.4436 0.82411 -2.7004 1.2711 1.3803 -0.45544 -2.1909 -1.0834 2.3023 3.7476 -0.29293 1.6399 -1.1019 1.7685 -0.603 -0.3087 -1.3767 0.29203 -0.84894 -0.51897 0.74247 -1.1195 0.79773 -0.98661 -2.3482 -1.2788 
coconut 0.41009 -0.48519 -0.29691 1.1097 -0.8291 1.6972 0.94677 -0.90424 -1.4679 -0.44588 1.338 0.5059 0.88873 0.83952 0.21846 0.45536 -0.11356 1.8281 -0.18622 -0.43111 -0.091175 -0.48957 1.1466 -0.4419 -0.77914 1.1017 1.3378 -0.25768 -1.8027 1.0717 -1.2146 0.58321 0.13498 1.3941 0.25229 0.098333 2.1388 -0.69706 0.85372 1.0851 0.057396 -1.1541 -0.31196 0.65368 0.2997 -0.40217 0.355 -0.39923 1.0913 -1.3942 -0.72022 1.2821 -0.31868 -1.9223 1.3941 -0.79909 -0.77659 -0.41667 0.29564 -0.52183 0.083406 -1.4153 -0.97929 -0.0004548 -0.53327 2.2812 -1.0311 -0.27674 1.1721 -1.0622 1.6275 -1.7929 -0.73289 -1.1869 0.23896 -0.0506 -2.7246 0.48886 0.40131 0.29695 -2.4692 -0.41769 1.7524 2.2225 1.1154 0.17299 0.25977 2.4303 -0.78447 -0.06536 -0.38833 0.72594 0.2781 0.42313 -0.59725 -1.8234 0.78607 -1.0038 -0.5679 -0.15531 
weed -0.84813 -0.04862 0.41978 -1.5147 0.39 0.397 -1.4775 -0.77322 -0.88957 1.175 2.2951 -0.82972 -1.0313 0.42271 0.844 0.66384 0.69853 0.5317 2.0191 2.3037 -1.0557 0.84692 0.041664 -2.2638 -1.5522 0.76551 1.1173 0.3315 1.1533 0.82827 1.6105 0.22787 -1.4259 1.4044 -0.35674 0.27039 0.9464 0.072995 0.14846 -0.70132 -0.77994 1.5914 1.0849 1.1358 -0.1452 -0.48079 0.94195 -0.71975 1.4276 -1.4849 3.0145 0.21186 -0.42895 -0.64905 0.40349 0.15353 0.68723 0.54021 1.1484 1.6515 -0.63451 -0.10673 -0.80524 -0.7905 0.78372 -0.53272 -1.3172 2.4133 0.68393 -1.0804 0.93934 -1.3277 -1.19 -1.2645 -0.21026 2.1141 0.8312 -0.67656 1.8136 1.3451 -0.00044831 0.41952 0.071821 0.90067 -0.0104 0.66395 0.23269 -0.26712 -1.3691 -0.023917 -0.44681 0.028252 0.5143 -1.1866 0.82055 -2.0806 0.17119 -1.5515 -1.0643 0.33172 
cherry -1.5474 -0.80574 -0.045542 -0.51205 -0.47623 0.059674 0.84552 -2.086 -1.3703 -0.36182 1.4529 1.2442 0.42727 0.89712 -0.038374 0.79356 -0.77964 1.2966 -0.78935 1.6199 -0.17822 -1.06 -2.1875 -0.096335 -1.71 -1.3638 0.88734 -0.22611 -0.18191 -0.51265 -0.76809 1.7468 -0.045212 0.52035 2.1627 -2.269 1.1315 0.64101 1.3615 1.2027 0.32177 0.34921 0.57889 -0.85292 -0.32223 -1.6641 -0.79341 0.085783 -0.9706 0.080395 -1.8923 0.63507 1.3172 -0.032116 1.2784 0.31989 -1.1953 -0.80576 2.355 -0.35364 -1.6459 -0.36438 -0.51601 -0.070671 0.92333 0.92663 -0.1202 0.12605 -0.5913 -0.95042 1.7185 0.42893 0.42589 -1.2965 1.8385 1.6253 -3.6761 -0.7804 1.9019 -1.3356 -1.134 -0.82557 0.94696 3.475 -1.4438 0.36165 0.95677 -0.9674 -0.20489 -1.5172 1.4901 0.033061 -0.57111 -0.57493 -1.2984 -3.0175 1.3269 1.4175 -0.88555 0.032289 
grape -0.3702 -0.073983 1.9489 -1.633 -0.36774 -1.0622 0.10759 -0.10992 -1.2633 1.206 -0.77563 1.4048 -1.448 0.50136 0.12828 0.6924 -0.24579 2.0695 -1.0941 0.96722 0.47607 0.2959 -1.4725 1.284 -2.5201 -0.29262 0.35723 -0.009628 1.1979 -0.15426 -1.2687 1.7475 0.38036 0.37598 1.5978 -1.2206 0.72877 1.3306 0.91075 1.9569 1.0958 1.693 -0.34588 -2.3633 -1.2929 -1.0211 -1.7201 0.91176 0.27612 -1.9194 -0.68764 1.9111 -1.7262 -0.76575 0.63835 -0.068973 1.5362 -0.25924 1.3935 1.0154 0.48517 -0.29878 -1.0207 0.23485 -0.056857 0.30982 -1.572 -0.59435 -0.70715 0.47278 0.86287 -2.6791 0.28352 -1.5443 2.5985 1.1127 -1.3958 0.052524 2.4114 -1.0561 -1.4145 -1.2889 1.1769 2.7451 0.9418 1.1681 -0.69854 0.28434 -0.6556 -1.6684 0.51226 0.43778 -0.60504 1.1092 -0.75525 -2.2658 1.9126 -0.2171 -2.1774 -0.041976 
ammonia -0.012379 -0.33189 -0.14495 -1.1337 -0.31024 0.51516 -0.031148 -0.90383 0.039509 0.26193 -0.31399 -0.79401 0.38953 0.33 0.41899 0.040583 -0.054361 0.19306 0.94604 0.78212 -1.5362 0.3853 2.0706 -2.2329 -0.23817 0.41753 0.77725 -0.14583 0.73495 1.9817 -0.66667 0.015143 -1.6826 0.35986 -1.1513 0.40873 0.75545 -0.66197 0.11493 -0.06532 -0.55956 -0.02911 1.2888 -0.79616 -0.57211 0.49685 0.62183 -0.51317 0.44982 2.1807 0.67029 0.35571 0.68435 0.79764 -1.2097 -0.2557 1.1086 0.084003 0.055975 1.0022 0.057719 0.31793 0.091643 -1.9785 0.93523 1.8972 0.38746 -0.24917 0.61056 -0.92276 1.1457 -2.1126 -1.108 -0.45048 -0.037871 0.69383 -1.544 0.51768 0.17926 0.90583 0.88254 0.30033 0.094726 1.4892 -0.030543 -1.0134 -0.76986 -0.1497 -0.78918 -0.34559 -0.26886 0.22609 -0.44688 -0.041251 0.81632 0.2534 -0.88648 0.54951 -2.1377 0.39634 
vinegar 0.034622 -0.021879 0.9501 -1.5555 0.59579 1.3395 0.31065 -1.1009 -0.48482 0.5686 -0.37474 1.4779 -0.57043 -0.8387 0.42577 0.29931 -0.40188 -0.022688 -0.61231 -0.31158 -2.3506 0.5169 1.0001 -0.78979 -0.21461 0.10424 0.038669 0.024577 0.09605 1.3518 0.8142 -0.28331 -0.84041 1.8526 0.8209 0.47398 2.195 -0.026641 -0.78544 1.3094 0.20528 -0.23092 0.21386 -0.59006 1.4944 -0.48142 0.099359 -0.83758 1.0652 -0.11519 -0.30376 1.8023 0.44413 -0.1975 0.34404 0.25597 0.25818 -0.48783 0.48219 0.43137 0.8561 0.3616 -0.22306 -0.11375 -0.84508 1.5424 -0.30478 -0.58754 0.65745 0.42815 2.2025 -2.5116 0.028243 -1.2707 -1.2539 0.88405 -0.6458 0.97852 1.2935 -0.036446 -1.6497 -0.005185 0.061406 1.5733 0.49135 1.808 -0.31252 -0.29631 -1.1332 -0.84084 0.049558 0.59621 1.0003 0.5263 1.3429 -0.43285 0.33908 0.34793 -1.5743 0.40249 
peach 0.041088 0.73593 0.24239 0.34499 -0.55437 1.1007 0.97529 -0.68639 -1.961 -0.12963 0.62724 1.3524 -0.094798 1.4246 -1.0726 -0.42577 -0.35712 3.738 -0.54145 1.6223 0.52523 -1.919 -1.4392 -0.34702 -1.622 -0.84601 -0.30285 0.13018 -0.48847 1.0137 -2.8592 1.5145 -0.035801 0.39846 2.1255 -0.077694 1.4394 -0.50266 0.22194 1.6047 0.29884 0.059564 -0.53464 -1.3303 -0.042317 -1.1156 -1.2053 -0.080486 -0.91751 -0.45982 -1.1327 0.26062 0.50088 -0.097353 -0.21215 -0.63471 -0.34251 -0.65456 0.87242 -0.12509 1.022 -1.1047 -0.051131 -1.1291 1.3871 2.3537 -0.71022 -0.39347 -0.42072 0.069137 -0.39385 0.15443 -1.7482 -0.43135 2.0068 0.22239 -3.1333 0.035547 1.7792 -0.82156 -1.9931 -1.6456 0.97397 3.4117 -0.9278 0.35712 0.37687 1.4928 -1.6042 -1.0535 1.6777 -0.91405 -0.53324 0.84125 0.54796 -1.1948 2.3661 0.038978 -0.46978 1.0099 
rubber -1.4631 0.051636 -0.38157 -0.27633 0.44315 -0.84609 1.0511 -1.9449 0.1691 -0.035626 -0.14468 -0.51137 -0.23402 0.78538 -0.34075 2.0534 2.143 -0.21211 0.52521 1.1943 -0.79784 1.1274 -0.75137 -2.0943 -0.72332 -0.037388 0.42063 -2.0888 0.67003 1.6886 1.3477 1.0442 -2.0396 1.0554 0.78815 -0.25078 -0.16748 -0.37796 1.0676 -1.3975 0.31594 -0.51683 2.1006 -0.83518 0.98427 0.021424 -0.82248 -0.6683 0.84482 0.50927 0.46015 0.93542 0.082032 -0.38512 0.61352 2.7131 0.19273 1.0633 -0.17906 0.16676 0.047848 -0.33132 -2.7345 1.5319 0.43598 0.074961 0.26868 1.3285 1.2477 -0.91026 2.3844 -1.7114 -0.74732 -0.21134 -1.158 1.3128 -1.6969 -0.31027 0.39268 0.65587 -0.6535 0.45558 0.15458 0.73746 1.2134 0.17097 0.22231 0.68058 -0.40478 0.76404 0.67423 1.0549 0.38785 -0.19669 1.1793 0.98353 -1.0698 -1.5096 -0.65581 -0.67501 
grapefruit -0.076761 0.37898 -0.08728 -0.48752 -0.83231 0.25945 0.21909 0.030233 -0.53462 -0.55605 1.334 1.0896 -0.2774 -0.43699 -0.6875 0.053078 -0.30887 0.94739 -0.64237 1.7347 -0.015373 -0.12176 -0.98331 -0.13028 -1.7856 0.73985 0.31913 0.024797 0.57816 0.63544 -1.7761 1.2123 -0.71231 1.3232 1.3468 0.21491 0.76909 0.59095 0.85465 1.5372 0.31875 1.0052 -0.82542 -1.274 -0.099164 -0.7718 -0.79942 0.0031723 -1.3742 -0.64585 -0.48893 0.81819 -0.22581 -0.2293 0.67508 -0.60211 -0.78805 -0.30375 0.7016 -0.5813 0.24009 -0.53884 -0.15905 -0.72947 0.58196 0.90528 -0.50438 -0.87432 -0.61109 0.080916 0.24333 -1.5583 -0.1652 -1.6459 1.9886 0.59006 -2.1342 0.78205 1.9536 -0.86327 -1.324 -0.96443 2.2861 3.1174 -0.06623 1.3724 0.11545 1.3946 -0.64768 -0.95096 0.71982 -0.19547 -0.14576 0.64222 -0.51207 -1.1122 1.4192 -0.60806 -1.8102 0.38266 
berry -0.53119 -0.77125 -0.087293 -0.52156 -0.40145 0.81111 0.41568 -1.2739 -1.7724 -0.047727 1.892 0.89243 -0.13434 0.89473 -0.70494 1.0995 0.62385 2.7157 -0.28032 1.6312 1.606 -1.6918 -2.8877 -0.44677 -0.99971 -1.0191 0.73035 1.0281 0.50165 -0.23963 -1.6062 2.1901 0.50906 0.88101 2.5798 -1.4468 0.92366 -0.28469 2.5277 1.387 1.2775 0.28701 0.12916 -0.38543 -0.84924 -2.586 -0.52076 -0.03758 -1.5941 0.038875 -1.693 0.10002 0.81511 -0.22666 0.82883 0.22337 -2.5385 -0.45845 2.7615 0.40778 -0.86837 -0.42804 -1.3542 -0.14199 0.63059 0.36616 -1.1206 0.64266 -0.47576 -1.959 0.81347 0.23958 -0.85616 -2.377 2.1435 1.9741 -3.0098 -0.59506 2.5611 -1.0031 -1.1001 -1.4341 0.99563 3.6805 -1.4047 0.68894 1.0916 -0.21817 -0.57435 -1.585 0.15991 -0.72363 -0.98856 -0.80914 -2.1581 -3.0112 2.1458 -0.42743 -0.96698 0.34102 
strawberry -0.50458 -0.62117 0.25715 -0.36147 -0.84972 1.1437 0.0021237 -0.97268 -1.4716 0.19643 1.2334 1.1426 0.15672 -0.10177 -0.10337 0.65463 -0.56986 1.2228 -0.12826 1.1638 0.45026 -0.9516 -1.3443 -0.79329 -0.62651 -0.61781 0.67021 0.69253 0.070531 0.45452 -0.70303 1.1524 0.84707 0.41114 1.3597 -1.1569 1.1409 -0.35602 0.85312 0.067123 0.049261 -0.10448 -0.16207 -0.34699 -0.42697 -1.2699 -0.16352 -0.46628 -1.1317 -0.17889 -1.2563 0.3464 0.24152 -0.83262 0.85397 -0.29855 -0.58086 -0.090261 1.6047 -0.7281 -0.85903 -0.14658 -0.79506 -0.32827 0.3637 0.96825 -0.94058 -0.33421 0.39066 -0.45824 1.0576 -0.54328 -0.82329 -0.81419 1.3213 1.0655 -1.3191 -0.64987 1.4189 -0.24363 -0.96613 -0.75565 0.1294 1.1602 0.033482 1.0702 0.75658 0.80508 -0.39943 -1.162 0.67614 -0.03015 -0.43119 -0.048629 -0.44421 -1.8784 1.0103 -0.64331 -1.0456 0.037164 
manure 0.5748 0.63761 0.54568 -0.05018 0.19775 0.92765 -2.2013 0.30597 -1.2859 0.98342 0.067275 0.19219 -1.1181 1.3219 1.2369 2.3616 0.40954 1.6638 0.37289 0.84982 -1.0292 1.9303 -0.34157 -1.2389 -1.5618 -0.7616 0.79046 -0.11273 -0.1544 0.92302 -0.10372 0.4851 -0.19492 0.84176 0.36419 0.62398 -0.80276 -0.74755 -0.24022 -1.7771 0.40201 0.75842 0.90171 1.0724 -0.8047 -0.90313 -0.14812 -0.53393 0.89138 -0.16937 1.015 2.0896 -0.41174 0.33247 1.0658 0.024528 1.2016 0.4791 0.51013 0.065077 -0.31965 -0.98136 -0.22329 0.19445 1.228 -0.19552 1.1932 0.055087 0.83191 -0.28762 0.53035 -3.262 -0.4044 0.020203 -0.2616 0.9943 -0.099629 0.032738 -0.013822 1.4937 1.001 1.0797 -0.26866 1.5416 0.11518 -0.86611 -0.61331 1.0084 -2.086 1.1869 1.2379 1.7716 0.4325 0.8863 0.62456 -2.2327 -0.96483 0.35292 -0.33572 -0.21381 
clove -2.449 -0.7453 -2.0504 -0.6513 0.79261 0.51656 0.18606 -1.2712 -1.605 -0.57376 -0.14652 2.1791 -0.16321 0.48952 -0.65698 -0.75568 -0.96758 0.63266 -0.61914 1.7161 -0.98379 0.099677 -0.23922 -0.33388 -0.7923 1.1862 0.43413 0.25901 0.4539 1.5181 -1.1521 0.41843 -0.90815 0.76798 1.5613 -0.085556 0.62964 0.29374 1.5563 1.2841 0.29185 -0.55828 0.83882 0.48562 0.13605 -1.9529 0.87805 -1.2381 -0.64386 -1.5419 -1.0952 0.32163 -0.54391 -0.58075 0.91815 0.15512 0.53137 0.44058 0.95178 0.046923 0.092149 -0.17144 -1.0967 -1.0899 -0.55789 0.64164 0.045134 0.62418 2.1628 -0.073471 1.9029 -1.1265 -0.96818 -2.4443 0.52433 0.77155 -2.7163 -0.21823 1.7347 -0.20947 -1.6172 -0.58492 0.93354 3.3539 0.83578 1.2152 0.63702 0.5257 -0.34112 -1.107 0.04942 1.3509 -0.79721 0.052594 1.5481 -1.6608 0.67511 -0.63678 -0.67152 -0.49691 
cedar -1.0051 0.53389 -1.4033 0.3849 -0.42002 -1.2065 1.7415 -0.024086 0.40701 -1.3375 1.9968 1.586 0.49696 2.5226 -1.6282 1.3109 0.054568 -0.83047 -1.1109 1.2573 0.27508 -0.88189 -1.0696 -0.14276 -0.73032 1.0029 2.2094 0.024431 1.0174 1.2119 -2.0988 0.28017 -1.8181 1.2636 2.2118 0.50889 -0.12734 0.71702 1.9285 0.034755 0.93562 0.38588 1.5927 -0.30282 1.1623 -1.4403 -0.71117 -0.19036 0.32199 -0.89475 -0.90859 0.52715 0.035956 0.25423 -0.71413 0.97672 -0.79418 -0.7476 0.97355 0.66591 -1.0169 1.6519 0.052942 1.0912 -0.3807 0.86554 -0.093257 0.85984 0.97377 -0.1715 1.0306 -0.31012 -0.81831 -2.286 2.0433 -0.085506 -3.4907 -1.2247 1.538 1.519 -2.3849 0.406 1.3399 3.6782 0.10907 0.1231 -0.78777 1.8958 -1.1411 -0.57935 -1.202 -0.29402 -0.4989 -0.032865 0.3185 -0.34067 0.43218 -1.3502 -0.11422 -0.39428 
gasoline -0.41758 -0.026075 -0.19445 -1.3023 1.3183 0.10978 0.82207 -1.0463 0.73897 1.0827 0.63602 -0.44315 0.19988 0.68692 0.48379 0.76593 1.3104 -0.51365 1.1807 0.72236 -0.86125 0.072613 0.094829 -2.2643 -0.65081 0.67448 0.9408 0.1036 0.9252 1.0752 1.1116 0.14197 -1.9869 0.45808 0.61162 -0.23834 0.64077 0.5923 0.47637 -0.30044 -0.038403 0.35694 0.80445 -0.80416 -0.18221 -0.22097 -0.2073 -0.011164 0.16918 0.54835 0.045684 0.10685 -0.1553 -0.52849 0.67856 0.66982 1.2968 -0.33735 0.2951 2.1967 1.3038 0.67319 -0.54011 -0.26758 1.0944 0.80667 1.0719 0.61493 -0.29677 -0.43568 1.0614 -1.5786 -1.0026 -0.72625 -1.0731 0.40353 -1.3676 -0.69488 -0.16174 -0.12689 0.28148 0.068986 -0.65517 1.2537 0.45936 -0.82382 0.40233 -0.39063 -0.42901 -0.72038 0.057694 -0.46046 -0.011206 0.36065 -0.35802 0.25859 -0.94391 -1.123 -1.0539 0.40101 
oak -1.2392 -0.15274 -2.1288 0.085891 -0.072145 -0.63817 2.2533 -3.1163 0.51928 0.39119 -0.13718 3.9503 -0.92445 3.904 -1.9959 1.7451 -0.4983 0.47277 -1.8285 0.85406 0.4627 -0.61832 -1.6047 0.58439 -2.2396 -0.11353 1.4384 -1.5274 0.25452 1.348 -1.4272 1.4768 -0.034875 2.9272 2.2708 -1.0537 -1.0787 3.4523 1.183 2.1714 1.458 0.39155 3.1217 -2.6154 0.63218 -1.2839 -2.4308 0.37774 0.35407 -1.3929 -2.0892 2.1076 0.19042 1.8653 0.21379 1.9332 -0.44123 -0.14438 -0.15469 0.22866 -1.1773 -2.844 2.1806 2.3952 -0.43288 0.61579 -2.1404 0.15805 0.35879 0.063684 2.0864 -1.873 -1.4821 -1.9867 1.1881 0.47437 -3.6432 1.0782 3.5438 0.23667 -2.8402 -1.823 1.7121 5.5282 0.41253 0.9383 0.12147 0.051791 -0.18948 -1.5721 -0.074357 -1.4913 -1.0011 0.11404 -1.7614 -1.2744 0.38778 1.4549 -0.46623 -1.7282 
pear -1.7378 0.92881 0.11455 0.12001 -1.0262 -0.72636 2.1629 -1.3243 -2.0158 -0.94467 1.2935 1.3879 -0.52298 1.0837 -1.1554 -1.0011 -0.91073 1.1807 -0.11396 1.7889 0.95446 -1.9787 -2.0763 -1.1341 -2.1974 -2.4204 1.0164 0.56034 -0.3851 1.2281 -2.5448 2.1764 0.43097 0.031295 2.0966 -0.12149 1.4428 0.024533 1.9428 1.0504 0.96612 0.54316 -0.65614 -1.71 1.0409 -1.2197 -2.0805 -0.81807 -0.028594 -1.5514 -2.0314 0.12171 1.3364 -0.24744 -0.77271 0.54394 0.32026 -1.0269 1.253 1.3769 0.09246 -2.255 -0.52266 -1.2152 1.3782 2.5307 -0.72269 -0.52557 0.57685 -0.74061 -0.50749 -0.3928 -1.6199 -1.9996 1.5896 1.3898 -3.9196 0.45682 2.7133 -0.7023 -1.2674 -2.1414 2.4498 3.3842 -0.26903 1.5003 0.76481 0.28302 -0.90679 -0.75567 1.8847 -0.68279 -0.83888 0.1433 0.65363 -2.3289 1.9348 0.10285 -0.56188 0.66383 
banana -1.2841 -0.12365 0.40381 -0.48883 -0.79122 -0.055861 -0.95975 -1.5719 -1.8216 0.94292 0.50286 -0.10165 -0.058373 0.32931 0.36037 -0.72157 -0.50367 1.4443 0.32817 0.36152 -0.48799 -0.57589 -1.0114 -0.33677 -0.79082 -1.2865 -0.0071609 0.47073 -0.30632 0.31509 -0.84919 0.36146 0.065016 0.31514 1.3117 0.28471 0.66059 0.75924 -0.46306 0.99624 0.025107 -0.1993 0.31199 0.3566 0.15093 -0.46428 -0.86608 -0.35628 -0.08004 -0.52608 -0.13816 1.0588 -0.42791 -2.2246 0.37707 -1.043 -0.21007 -1.0095 0.5128 -0.058475 -1.1636 -0.31475 -1.7667 -1.2503 -0.36584 1.8091 0.54657 -0.24686 0.14523 -0.59995 1.6241 -1.6538 -0.75947 0.41818 1.119 0.62238 -0.61478 -0.17028 0.4944 -0.077675 -1.6419 -0.98201 0.62581 1.8269 0.5313 0.93921 0.55612 0.40029 -0.42041 -0.064679 0.84268 0.83747 0.053371 -0.076539 -0.42394 -2.3641 0.17055 -1.1117 -0.73861 1.3506 
popcorn -1.3942 1.1238 -1.5518 0.22058 -0.35212 0.20641 0.026017 -2.551 0.41994 1.1559 -0.33604 0.25396 1.0034 -0.44677 -0.49417 -1.3009 0.65711 -0.71105 -0.20498 -0.1737 -0.54446 -1.1501 -0.27008 -1.0615 1.0065 -1.3375 -1.2149 -0.028733 -1.68 1.1318 0.17221 1.2555 -0.5168 -0.9484 1.1097 -1.922 -0.35775 -0.87393 0.45276 1.6459 -0.79081 -0.4503 0.50153 -0.43516 1.2348 -1.9659 0.71663 0.6422 -0.12091 -0.994 0.47889 -0.026434 -0.13787 -1.4783 0.68277 0.19681 1.3412 0.36576 -0.042899 0.22165 -0.75662 0.26229 -0.21132 0.0057263 -0.61135 -0.53343 -0.26024 0.041665 1.3072 1.2377 3.1397 -0.97742 -0.48456 0.10311 -0.072452 0.4405 -1.2204 -0.57903 0.33957 1.7489 -1.0168 -1.7753 -1.4499 -0.0051526 0.92805 -0.22801 1.6808 1.5784 -1.6403 -1.3 -0.93824 1.1161 0.43278 -0.69305 0.42526 -0.31959 -0.029178 -0.6596 -1.1722 0.66384 
caramel -1.7057 -1.3179 0.40536 -0.53459 0.31572 -0.52501 1.376 -2.1241 -0.34089 -0.19973 0.34855 0.47119 0.43804 1.1998 -0.37061 -0.84183 -0.54796 0.14108 -0.24111 0.31441 -0.7241 -1.5387 0.56364 -0.21528 -1.1173 -0.39317 1.2995 -0.80261 -0.43056 0.44801 -0.36967 1.9703 -0.78824 0.49539 1.8635 -0.92626 1.1161 -0.18104 0.70499 2.1109 0.24496 -1.1859 1.3865 -1.3075 -0.19104 -0.5695 -1.0888 0.7749 -0.036428 -0.52077 -1.2211 0.30438 -0.84307 -0.069852 1.4395 1.4883 -1.1993 -0.61785 0.72113 -0.47246 -0.82636 -1.3633 -0.15017 -1.1246 -0.44935 1.0292 0.1131 0.44568 1.5508 -0.73948 1.5517 -1.4291 -1.1124 0.2144 1.1789 -0.11667 -2.9868 0.46272 1.5289 0.54293 -1.7236 -0.87211 0.084997 2.9872 0.076362 0.31178 1.413 1.6911 -1.4496 -0.63695 0.58927 0.49912 -0.60752 -0.3243 -1.0915 -1.8152 1.9438 0.54563 -0.78649 -0.039772 
eucalyptus -0.88999 0.56798 -0.78364 0.16953 -1.0954 0.65324 -0.042993 0.59706 -0.31734 -0.6618 2.0344 0.086461 0.43394 0.67511 -0.83766 0.89198 -0.50637 0.27288 0.29491 0.62452 -0.7086 0.32907 -0.28655 -0.46661 -0.063072 1.2022 1.0671 0.20857 0.58523 1.2295 -0.97118 -0.4137 -0.58355 1.4794 0.4332 -0.057079 0.25551 -0.018208 0.5018 0.055964 -0.72447 0.22925 0.15952 0.31238 0.78089 -1.1651 0.70788 -1.3616 0.33353 -0.38372 -0.65748 0.20505 0.60392 -0.80094 -0.64276 0.80203 -0.0046179 -0.00298 0.45714 -0.2102 0.62608 1.2404 -0.8778 0.13171 -0.34785 1.3956 -0.70254 -0.92722 0.61534 0.58494 1.018 -0.048778 -0.17012 -1.2316 0.75082 0.0309 -2.1298 0.1979 0.69151 -0.31688 -0.70169 -0.73291 1.3525 1.7431 0.8796 0.33208 -0.30805 0.86325 -0.0094568 -0.22964 -0.52002 -0.16194 -0.62788 0.61528 0.47925 -0.36601 0.36407 -0.96438 -1.3978 -0.81156 
bakery -0.92398 -0.040411 0.57134 0.1324 -0.58034 1.0181 -1.2087 -1.4667 0.23374 0.38803 0.52022 -1.2994 1.5465 0.78742 0.55277 0.64122 -0.040099 0.59561 -0.41969 -0.035702 1.6212 -0.036254 -3.0169 0.86898 1.6671 -0.57523 -0.66895 0.52701 -0.81679 1.315 -0.95581 -1.5192 -0.28747 0.63304 1.6027 -0.67495 -0.68665 -1.4916 -0.010234 1.4408 -1.1292 -1.3303 1.6795 0.63488 0.76461 -2.4204 -1.4217 1.4832 1.033 0.082504 -1.0915 0.24093 -0.19122 -1.1521 1.3165 -0.69289 0.87404 -0.6212 0.53039 -0.47113 -0.37461 -1.2331 0.67783 0.058358 -1.1174 0.87021 1.663 -0.01551 1.7012 0.86804 1.0709 -1.5747 -0.27318 2.5699 -0.84924 1.9246 -1.1789 -0.65551 0.32335 2.297 -1.6178 0.10106 -2.0166 1.9138 -1.8582 -0.082203 0.85863 0.060528 -2.7882 -0.52061 1.7332 0.70055 0.64023 -0.93173 -0.042432 -1.1971 0.47509 0.31759 0.57974 -0.68584 
peppermint -1.8671 -0.19191 -0.17857 -0.52902 -0.76705 1.076 0.15613 0.166 -0.20391 -0.80248 1.613 0.81236 0.39323 0.065819 -0.23637 -0.62233 -0.98049 0.39922 -0.036217 1.3346 -0.74311 -0.14373 0.57236 -1.3809 -0.6117 0.97262 1.0412 0.73127 -0.31151 0.81063 -1.8521 -0.68553 -0.31858 1.378 0.56848 -0.14815 0.016788 -0.054676 1.508 -0.66698 -1.3373 0.07712 0.12071 -0.18334 -0.02271 -1.4892 0.45314 -0.74214 -0.37902 -0.27005 -0.47521 -0.55854 0.20469 -0.18988 -0.42181 -0.12942 -1.5942 0.99136 1.1684 -0.56785 0.43926 0.59631 -0.89388 -0.88008 -0.26273 1.6257 0.10075 -1.0524 0.62399 -0.16026 1.3682 -2.0849 -0.11515 -1.1253 0.2557 0.32818 -1.2301 0.55191 0.45154 -0.72788 -0.79736 -0.63283 0.95211 1.9801 0.1366 1.2381 -0.29137 0.66938 -0.00039826 -0.46087 -0.57781 0.36279 -1.2866 0.76185 0.64587 -0.7913 0.33029 -0.66977 -1.2706 -0.68823 
mushroom -0.71841 0.099238 0.13983 -0.74723 -0.63742 0.062442 -0.36651 -0.60884 -2.3284 1.7757 -0.76997 0.66655 -0.93072 0.76099 -0.23457 -1.2256 -0.56684 0.18768 -0.90732 0.21444 -0.10477 0.13979 -0.26872 0.71046 -0.84213 -0.042508 0.74425 -0.17892 0.4552 0.068597 -1.5164 0.082116 -0.39938 -0.55824 0.88383 -0.24747 0.62878 -0.021074 1.1688 0.14597 -0.023783 1.2234 0.33291 -0.67805 -0.03673 -0.66358 -0.84508 -0.86718 1.6356 -0.76941 0.013399 0.11321 -0.42306 0.26107 1.2057 -1.0108 0.76463 -0.0086205 0.43638 -0.19527 -0.65732 -0.44142 -0.17955 -0.24154 0.19285 -0.31044 0.2648 0.56738 0.46185 -0.16948 1.2945 -2.6427 -1.3525 -0.98997 0.24528 0.39731 -1.6214 -0.84915 0.33203 0.6642 -0.82143 -0.8879 -0.33606 0.99532 0.20523 0.64121 -0.22978 0.7731 -0.7808 -0.65173 -0.65387 0.86129 -1.0874 -0.42195 0.34464 -1.7592 -0.70467 0.58112 0.094288 0.55988 
raspberry -0.095202 -0.5847 0.11018 -0.12083 -0.88741 0.61609 0.8331 -0.82923 -1.7182 0.004919 1.0569 0.50973 0.16755 0.27966 -0.57436 0.16211 0.3136 0.9253 -0.54674 1.1756 -0.075865 -1.8578 -0.66348 -0.41405 -0.94357 -1.0719 0.88924 0.52288 0.20773 -0.16889 -0.91408 1.95 0.013527 0.40604 1.9338 -0.92043 0.72165 0.60422 1.8263 1.5589 1.089 -0.41635 0.089206 -0.20638 -0.16587 -1.2789 -0.28013 -0.039742 -0.97093 0.21661 -1.1721 0.35387 0.52326 -0.30329 0.41833 0.14631 -1.3104 -0.64539 1.5488 0.099421 -0.7836 -0.44418 -1.179 -0.45171 0.44212 1.1219 -0.80143 0.062544 -0.33579 -1.1572 0.97404 -0.58398 -1.2325 -0.62556 2.0086 0.92297 -2.7649 -0.2471 1.752 -0.54217 -0.73477 -0.49784 0.5098 2.9088 -0.28949 0.77189 0.43618 0.677 -0.43245 -0.59224 -0.0044486 -0.22878 -0.63795 -0.33488 -1.0513 -1.6536 1.4461 0.048421 -0.71648 -0.091691 
almond -0.38633 -1.1681 -0.89534 0.81619 -0.1378 -0.28667 0.90046 -0.9614 -1.332 0.013307 0.54736 -0.1547 -0.64225 1.9685 -0.27685 -0.14276 -0.51262 1.4067 0.011573 0.12263 0.18241 -0.84558 -0.39497 -0.65068 -0.72398 0.63635 1.8974 0.45032 -0.41738 0.67675 -0.73136 0.42949 0.51413 0.35734 1.2386 -0.035613 0.91696 -0.081304 0.19463 0.85804 -0.53546 -0.37895 -0.6982 -1.0244 -0.14487 0.14061 -0.60602 0.12507 -0.026 -1.1211 -0.90435 0.090755 -0.1584 -1.342 0.6987 -0.72461 -0.35928 0.27208 0.66344 0.17162 0.13733 -0.34377 -1.4117 -1.5924 0.1042 1.8755 -0.90185 -0.081783 1.3711 -0.85488 1.692 -0.82214 -1.0455 -0.89216 0.71034 0.70265 -2.9993 0.56761 0.89152 0.56249 -1.5776 -0.37573 1.0112 3.1767 0.11201 -0.043132 -0.34305 0.51283 -1.0002 -1.1602 -0.3607 0.39056 -0.7926 0.42247 -0.31603 -1.8835 0.87364 -1.2373 -1.1011 0.25482 
violet -1.878 0.080118 -0.065287 0.032166 -0.74254 0.46378 1.5171 0.15077 -0.19396 0.096171 -0.43698 0.099334 -1.223 0.47612 -1.35 0.26765 -0.93432 0.30152 -0.20192 2.0554 -0.027852 -0.83181 -0.25988 0.71313 -1.3609 0.67227 0.069142 0.21283 0.23793 0.46787 -1.8458 1.5526 -0.33251 0.88176 1.3089 -0.43233 0.57314 0.14835 0.012752 0.42338 0.47379 1.2301 0.25866 -1.2109 0.19415 -0.046599 -0.8351 -1.1667 -0.11817 -0.001477 -0.60701 -0.50888 0.23696 -0.13313 -1.5546 1.5447 -0.17923 -0.37012 1.1681 -0.81842 0.23418 -0.0083793 -0.26265 -0.53058 0.14126 1.2525 0.15777 0.43659 0.20968 -0.61419 0.34455 0.97742 -1.4069 -1.5446 2.5834 0.11893 -2.0442 0.19631 1.5353 -0.53323 -1.4014 -0.37323 1.3908 3.4151 0.22788 -0.59839 0.0077864 0.35091 -0.55098 -0.78861 0.49779 -0.54867 0.12453 -0.81172 -0.88657 -1.4331 0.67064 -0.031533 -0.61965 -0.0068223 
pineapple -0.48171 1.0001 0.0073611 0.97925 -0.76577 0.18247 0.013041 -0.65681 -0.72309 0.17891 1.0822 0.30084 -0.22794 0.67887 -0.55448 0.32267 -0.67034 1.3332 -0.56185 1.2263 0.54865 -0.30369 -0.44751 -0.40218 -1.3709 -0.70977 0.19039 -0.52677 -0.11098 0.76572 -1.1201 0.59773 -0.39567 1.1168 1.7009 -0.52551 0.27418 0.0014894 0.7031 0.34322 0.21608 0.25299 0.27318 0.17275 0.089659 -0.46382 -0.82653 -0.10866 -0.26691 -0.66682 -1.2021 0.4698 0.31196 -0.50566 1.3269 0.35125 -0.12268 -0.069597 1.094 -0.16224 0.10791 -0.67411 -0.90463 0.22875 0.25622 1.6723 -0.10999 -0.59186 0.56925 -0.24451 1.0713 -1.6355 -0.36293 -1.4055 1.0406 0.19136 -0.86176 0.28522 1.0476 -0.33935 -1.3255 -1.0678 1.1925 2.3518 -0.1971 1.0879 0.77021 1.5432 -0.54473 -0.81538 0.60635 -0.11408 -0.61276 0.55062 0.3122 -2.0904 0.92768 0.17623 -1.5038 0.32872 
detergent -0.68024 -1.2124 -0.010393 -1.013 0.73229 0.32422 -0.073013 0.35724 0.063592 -0.68019 0.048101 0.60221 -0.27687 -0.7598 1.3928 0.68852 0.49787 -0.56245 -0.42257 1.2811 -0.54137 0.94535 0.4186 -0.2829 0.80042 0.53139 0.89869 0.014475 0.52491 1.3308 -0.25053 -1.1127 -0.45913 0.80401 -0.96389 0.47645 1.3971 -1.3372 -0.91004 -0.799 -0.61067 0.13948 -0.24511 0.43917 -0.1889 0.97953 -0.2472 -0.57866 -0.015283 0.27578 0.37505 1.2289 -0.14119 -1.29 -0.55975 -0.44002 1.046 1.1516 0.70047 0.84188 0.48197 0.43021 0.48761 -0.48787 0.80619 1.7099 0.35566 -0.88138 1.0673 0.7853 2.0806 -1.5705 -0.00027453 -1.9963 0.58542 0.48025 -2.1216 -0.41259 -0.040617 0.40053 -0.029041 0.70792 0.84073 -0.049905 0.99947 0.94715 1.7339 0.50111 -0.5093 0.59187 0.66894 -0.2877 0.78987 1.1297 0.17312 0.1998 -0.64297 0.083719 -1.4606 -0.10918 
disinfectant -0.52543 -0.043469 -0.19124 -0.9289 0.18734 0.79664 -0.43656 -0.55834 -0.48943 -0.12594 0.33851 0.22829 0.22452 -0.11097 0.67904 0.02135 -0.4497 -0.7627 -0.3165 0.61169 -0.70956 0.50814 1.0064 -0.84746 0.7066 0.20552 -0.27874 -0.0091948 0.18573 1.6331 0.14647 -1.549 -1.2069 1.5851 -0.5559 0.3831 0.58636 -1.3002 -0.32879 -0.10033 -0.79034 0.59584 0.13868 -0.47836 -0.40969 0.32824 0.48881 -1.3549 0.2605 0.807 0.21735 1.4084 0.2688 0.22803 -0.93776 -0.049426 -0.10671 0.47097 0.91256 -0.013015 0.29308 1.4648 0.21745 0.6707 0.45544 0.72158 0.39388 -1.3801 0.54348 0.75633 1.3594 -1.5748 -0.38703 -0.87684 -0.33789 0.074968 -1.2846 -0.40619 -0.53435 1.6581 0.074772 0.28914 -0.37409 1.3257 0.60352 0.30004 0.86069 0.54185 -1.0788 0.29325 0.84532 0.29787 0.19495 0.80607 1.2543 0.090295 -0.7279 0.2516 -1.1806 0.80075 
potato -0.6884 -0.70662 1.0905 -0.23937 -0.56316 0.72194 0.45886 -0.9112 -1.5821 1.4793 0.46564 1.5654 0.28073 0.11034 0.75744 -0.058207 -0.49808 1.5053 -1.0323 0.16393 -1.5988 -0.25242 0.16336 -0.23634 -1.287 -1.5941 0.81124 -1.5284 -1.0941 0.53981 -0.37652 -0.032581 -0.36838 -0.026532 0.36766 -0.099676 0.64639 -0.27892 0.37784 2.2551 0.1477 -0.16582 0.53561 0.384 -0.52515 -1.5861 -0.10098 0.34245 1.4549 -0.85949 -0.12692 -0.070077 -0.60265 -1.2355 1.2284 -0.92973 0.59377 -0.90398 3.6798e-05 -0.43315 -1.2633 -0.81519 -1.2902 -1.4909 -0.46952 -0.49356 -0.1851 0.1198 1.9252 0.10193 2.3231 -2.1267 -0.053933 0.86138 -0.50406 1.0586 -0.20202 -0.066807 0.64838 1.1528 -0.8107 -0.1949 -0.71626 2.3715 1.0631 1.9702 0.73679 1.1414 -0.6916 -0.37937 -1.0717 2.023 -0.36577 0.2511 0.07685 -1.0236 0.61167 -0.1003 -0.82115 0.6344 
bark -2.7377 0.37183 -1.2835 -0.26709 0.55685 -0.84086 0.055041 -2.5784 0.67007 1.4868 0.68377 1.6818 -0.17646 0.72651 0.51161 2.4859 0.57269 1.1811 1.4491 0.70547 -1.0563 1.0205 -0.92532 -0.66975 -0.54779 -2.1456 0.74184 -1.5086 -0.88548 0.63134 -0.44268 0.62474 -1.2816 -0.88264 0.61891 0.35142 -0.23445 -1.7834 0.19598 0.20697 0.70562 0.067338 1.3479 0.019196 1.9174 -1.6422 -0.93943 -0.78913 1.8251 -1.4299 -0.0048114 -0.16046 0.68735 -0.83815 0.24846 0.9137 -0.60966 0.57682 1.228 0.36714 0.49477 -0.04963 0.18873 0.097531 1.5241 -0.23604 -1.0348 -0.69787 1.1815 -0.3371 -0.54683 -1.0892 -1.0715 -1.1884 0.54875 0.24084 -0.75922 -0.86694 1.0096 0.26452 -0.56284 -1.9889 -0.13008 1.0727 -0.63908 -0.34869 -0.78422 0.96532 -0.60579 -0.5141 0.34964 -1.0345 -1.9992 -0.4908 0.7214 -1.2078 1.1472 1.3623 0.20878 -1.2704 
cork 0.31734 0.40769 -0.98998 -0.63475 0.98799 -0.93032 0.72925 -2.642 0.11588 0.55033 -0.7487 1.3006 0.18745 1.3587 1.0939 0.11182 0.72921 0.99978 -0.4478 0.49133 0.72052 0.43226 -0.04722 0.42663 -1.4343 -2.1278 -0.20057 0.96322 0.034764 -0.92906 0.31828 -0.36736 -1.1068 -0.65469 0.40877 0.06029 1.072 1.261 -0.23007 -0.64766 0.17195 1.3216 1.5404 -1.71 -0.90394 -0.94393 -0.71321 -0.49402 0.8584 1.3309 -1.3852 1.5506 -0.28509 -0.19119 0.83232 -0.28885 0.95885 -0.63211 0.48895 0.72248 0.25885 -0.32198 0.69036 1.6317 -0.10357 -1.6805 -0.92966 -0.46447 1.5551 -0.57831 1.6175 -2.4771 0.2859 -0.32964 0.45499 0.54116 0.65833 -0.37213 0.15979 1.5371 -1.3441 -0.66879 -1.5703 1.8845 0.090468 0.87384 0.77572 -0.35736 -0.14203 -0.72568 0.5811 0.46256 -0.73467 -0.57854 0.83014 -0.6566 0.36243 0.37944 0.51885 -0.73274 
hay -1.1554 0.078069 -1.9097 -0.44011 -0.084989 -1.019 -1.2131 -1.8427 -0.6004 0.63346 0.67605 0.023946 0.41237 1.6975 0.83532 0.056947 0.75323 0.70011 1.4898 0.45053 -1.2654 1.6594 0.31001 -0.059805 -0.57547 -1.2579 2.4559 -0.53983 -0.57203 1.3233 0.46666 1.1638 -0.8941 1.0619 1.2587 -0.87664 -0.30052 -1.4061 0.099104 0.63449 -0.45877 1.0923 -0.088301 0.84593 0.57559 -1.4161 -0.96201 -0.85775 1.5387 -0.88829 -0.25234 1.4447 0.54736 -1.0826 0.3663 0.79417 0.53289 2.0358 -0.07526 -0.9038 0.10967 -0.36996 0.28343 1.1295 2.0009 1.3449 0.025367 0.94838 1.2319 -0.30576 -0.4218 -0.010161 -0.40444 0.18179 -0.76263 0.71854 -2.6848 -1.6538 2.0017 1.7332 0.45366 0.23974 1.4906 1.5056 -0.17608 0.51703 -0.47206 0.55878 -2.0808 -1.2708 1.5947 1.6414 -1.3789 0.29551 1.0564 -2.0121 0.79878 -0.063217 -0.48483 -0.28829 
blackberry -0.40042 -0.76777 -0.23315 -0.68321 -0.0051977 0.62024 0.66668 -0.81243 -1.421 0.039155 0.89412 0.82867 -0.0046868 1.1646 -1.0438 0.52076 0.055235 1.1202 -0.038955 1.5695 0.43811 -1.6561 -1.2681 -0.37711 -1.0532 -0.74879 1.0661 0.16603 -0.013951 -0.19168 -0.74903 2.313 -0.32723 -0.62191 2.0567 -1.4655 0.66995 0.38597 2.1703 0.7938 2.2567 0.20347 0.049779 -0.61148 -0.59061 -1.3363 -0.69545 -0.28104 -0.59194 0.2384 -0.56579 0.16875 0.7593 0.33206 0.20062 0.07348 -1.5479 -0.62912 2.0523 0.26724 -0.70823 -0.66342 -0.57456 0.53625 0.16234 0.49071 -0.50999 0.78514 -0.33262 -1.4635 0.62689 -0.16247 -0.94695 -1.6446 1.4342 0.88945 -1.7933 -0.84033 1.3305 -0.22939 -0.84443 -0.71755 0.57929 2.7978 -0.46107 0.59206 0.61279 0.082805 -1.0633 -0.6635 0.38073 0.025562 -0.8025 -0.38836 -0.8368 -1.2664 0.89806 -0.14391 0.24329 0.097947 
tar -0.26197 0.22554 0.2244 1.4896 0.97082 -0.58979 3.9858 -2.8704 -0.0042559 1.4545 -0.46581 0.47654 -1.3345 0.30103 1.1055 0.77615 -0.48777 -0.88381 -0.65973 1.4636 -2.302 -0.12125 0.17192 -0.177 -2.1319 -0.97628 0.92032 -0.6415 -0.17402 2.4897 -0.4607 0.72273 -1.8152 0.94413 2.2164 -0.31146 2.0101 0.92436 1.8849 1.4656 0.63565 1.238 1.4941 -0.42119 1.9274 -0.39673 -0.62218 0.10012 1.2536 -1.486 -0.12687 0.86182 0.87533 -2.1534 -0.40608 0.71563 0.99443 -0.42131 -0.17907 1.903 0.80874 -0.98906 -1.5459 0.30924 0.5164 1.5108 0.86214 2.022 -0.21866 -0.38091 1.6446 -1.5358 -0.64494 -1.4951 -0.55575 0.21665 -2.5186 -0.97067 1.4326 1.4275 -1.4951 -2.3287 -1.6206 2.145 1.2771 0.12081 0.18919 0.74365 -1.3237 1.5079 0.37188 1.0047 -0.17908 -1.1558 2.065 -1.5366 -0.26058 0.089204 2.0896 0.91598 
geranium -0.96415 0.38671 -0.75765 0.51543 -0.7994 0.17352 0.98023 0.83677 -0.26317 -0.82955 0.8905 0.43994 -0.67111 -0.3407 -0.15524 0.46394 -0.461 0.78617 -1.0576 1.54 0.33359 -0.4069 -0.57262 0.030456 -0.24614 1.4214 0.94321 1.1515 0.93045 0.75486 -1.3196 -0.54889 -0.10488 0.95417 0.49555 1.3948 0.19314 0.72688 0.29319 0.66123 -0.48047 0.11896 -0.44697 0.082479 -0.60751 -0.69047 -0.47663 -1.3245 0.17936 -0.34345 -1.0196 0.25505 0.52083 -0.99651 -1.1218 -0.46753 0.35813 -0.32403 0.13336 0.36075 0.66987 0.77064 -0.54347 -1.3956 0.52576 1.6353 0.12193 -0.015853 0.47126 -0.2088 0.86313 -0.60931 -1.007 -1.654 2.1479 0.5147 -1.7829 0.16907 2.2897 -0.63174 -0.86611 0.28518 1.0642 3.4404 0.73002 0.60391 -0.45682 0.97361 -0.43182 0.1094 -0.05569 0.87206 -0.32094 0.17675 0.2999 0.52668 0.89039 -0.89537 -0.75765 -0.41726 
rum -2.1203 0.017472 -0.87494 0.75777 0.16325 0.81747 2.601 -2.3971 0.77133 -1.18 -0.049026 0.49425 0.3266 0.83126 -0.087514 0.84624 0.10656 -0.11951 -0.14692 2.2392 -0.83195 -1.7717 -0.95567 -1.6655 -0.61389 -0.77991 0.58865 0.28353 0.36388 0.13593 0.3177 0.49683 -1.7157 -0.27008 0.95081 -0.12948 0.99277 1.1396 0.22935 1.5781 1.0028 -0.84136 1.1638 -1.9865 0.95329 0.58769 -1.029 -1.1548 0.76517 0.63061 0.21593 1.3499 -0.41826 -2.7744 0.62812 2.1557 -0.35607 -1.734 -0.55782 0.32478 0.82556 -1.1178 0.90698 1.1685 -0.64186 -0.098733 -1.0322 1.4118 0.61996 -0.51379 1.6362 -0.65879 -1.3349 -0.32205 0.7988 0.75163 -2.8981 -0.31886 1.7129 -0.62264 -1.4047 -2.0312 -0.91723 3.8328 1.3558 0.90997 1.3009 0.61737 -1.5012 -0.62945 0.38966 1.2893 0.036726 -1.0574 0.06773 -0.089048 1.9907 -1.2189 0.70995 -0.017167 
cucumber -0.017876 -0.26252 0.24576 -0.59238 -0.6914 0.64295 0.35857 -0.27581 -1.6893 -0.41975 1.1859 1.1909 0.2781 -0.32063 -0.2958 -0.040332 0.057518 0.74741 -1.4897 0.75133 0.1069 -0.048033 0.55447 -0.73782 -1.0942 -0.6038 0.98315 0.50448 -0.12236 0.635 -0.96482 0.48177 0.38019 0.82408 0.29672 0.40319 1.4437 -0.65511 0.40528 0.11435 0.24086 0.1571 0.093612 0.3069 0.61556 -0.67468 -0.09403 -0.31074 -0.078751 0.30597 -0.3893 0.11585 -0.070978 -0.88772 0.36164 -0.077713 0.15324 0.40361 0.41953 0.70155 -0.21591 -0.10562 -0.22353 0.09203 -0.64222 0.69247 -0.14789 -0.063258 0.56707 -0.2443 1.9036 -1.4937 -1.0757 -1.2448 0.28718 1.1669 -0.98383 0.38862 0.51535 0.17555 -1.1037 0.16128 0.21169 1.3311 0.43788 1.3645 0.18465 1.4265 -0.52627 -0.71868 -0.38359 0.49883 -0.76337 0.88793 0.54198 -0.78476 1.5722 0.018572 -0.8859 -0.31112 
solvent -0.48696 -1.0525 -0.80472 -1.1102 0.65347 0.93667 1.2072 -0.39037 -0.70763 -0.30104 -0.11451 1.2133 -0.52938 -0.34335 0.75851 1.1422 -0.15044 0.099369 -0.26145 1.2337 -1.0001 0.54951 0.34469 -0.74474 1.6136 0.71408 0.18338 0.14454 0.95858 0.45386 -0.86207 -1.326 -0.51443 1.0152 0.048347 0.28253 0.69299 0.49558 -0.41796 -0.93269 0.68877 0.55959 0.61103 -1.1538 -0.72236 1.3723 -0.79239 -0.85229 0.21655 1.6596 0.0029795 1.5198 0.30944 -0.34001 -0.64213 -0.95522 0.93855 -0.018195 1.2565 0.72838 0.40783 0.59427 -0.4302 -0.1292 0.21853 0.59185 1.4741 -0.8922 0.50055 0.1646 2.2556 -4.0447 0.19887 -0.6806 0.3339 0.79196 -2.3843 -0.083235 -0.30818 0.69839 0.59304 1.5881 0.53365 1.3997 1.5103 -0.074554 0.57238 0.42734 -0.63589 1.0072 0.7595 0.04327 0.81816 0.27371 0.67476 0.39921 -0.74438 0.031522 -0.67622 -0.25727 
glue -1.2418 -0.25227 -0.93989 -0.78902 0.53441 -1.9209 1.8678 -1.6055 0.75461 0.37145 -0.69749 0.52481 0.14687 0.587 0.50848 0.84103 0.73757 -0.11719 -0.80931 1.5374 -0.11869 -0.75903 -0.54744 -0.49721 0.28603 -0.35559 1.0325 -0.61017 -0.19518 1.4137 0.14137 0.45855 -0.0080789 -0.60664 0.75238 0.67815 1.1543 0.068557 0.39539 0.12963 0.063219 0.042122 0.91539 0.20381 -0.48312 0.92397 -0.079145 -0.50834 -0.3584 -0.53178 0.25038 0.23223 0.62362 -1.1618 0.17014 0.81128 0.94275 0.63466 0.99328 0.38122 -0.030191 0.12996 0.31378 0.72894 -0.37131 -0.078361 -0.19729 0.3328 1.6022 0.42389 3.1595 -1.3882 -2.0395 -1.5667 1.5943 -0.8635 -2.2541 -0.61122 -0.44043 0.46317 1.1035 0.45142 0.091973 0.7328 1.064 0.45538 0.9593 -0.49713 0.36137 -0.79854 -0.31699 0.43959 -0.9869 -0.14484 0.71002 0.62282 -0.19895 -0.47148 -0.33928 1.4694 
mustard -0.35548 -0.81976 0.23169 -0.41507 -0.042655 -0.063759 0.14685 -1.4981 -1.2844 0.38009 0.21468 0.25746 -0.39016 0.073138 0.62875 -0.85357 -0.80264 0.91767 -0.24929 0.41009 -0.33145 0.43257 0.34236 0.64798 -0.56082 -0.026039 0.85451 -0.86522 -0.68135 0.82718 -0.19433 -0.057453 -0.42109 0.39754 1.0629 -0.012783 0.44254 -0.010294 0.77107 0.60908 0.0097806 0.25868 0.42194 -0.62604 -0.035271 -0.1506 -0.60092 -0.24096 0.53844 -0.77925 0.78638 -0.019545 0.2881 -1.1847 0.23856 0.21077 0.77402 -0.29803 -0.70805 -0.22219 -0.45035 -0.088205 -0.49523 -1.6361 0.34729 1.3518 -0.35431 0.64652 0.81928 -0.27802 1.0206 -2.0192 -1.3473 -1.1122 -0.46582 0.37145 -1.0413 0.078345 0.79584 0.55319 -0.7624 -0.45251 -0.19435 1.2292 0.8117 -0.41321 1.3062 0.74393 -0.54838 0.28673 -0.39905 0.76542 -1.1263 0.41869 0.97166 -1.5747 -0.15796 -0.08607 0.50109 0.20373 
peanut -1.0925 -0.7064 -0.25562 -1.3177 -0.16618 0.36361 -0.35871 -1.3386 -0.98547 0.62896 0.84075 0.86846 0.29647 0.755 0.52405 -0.13967 -0.70393 1.8116 -0.15454 -0.66292 -0.27631 -0.40823 -0.15349 -0.53924 -1.4109 -1.0255 0.39728 -0.45332 -1.3318 1.2162 0.28613 0.81929 -0.45372 0.68673 0.39081 -0.55809 0.38989 0.093804 0.58207 1.169 -0.43504 -0.84584 -0.039581 -0.20258 0.0054044 -1.3603 -0.24496 -0.26295 0.12206 -0.59327 -0.69419 -0.0051762 -0.12411 -1.4993 0.89223 0.080666 -0.40155 -0.32358 -0.091989 -0.48559 -0.56859 -0.48831 -0.24626 -1.2525 0.10988 1.295 0.16352 0.61423 1.6817 -0.96119 1.2608 -1.7258 0.11731 0.30899 -0.22859 0.26125 -0.94023 0.71986 0.78325 0.47375 -0.80341 -1.1417 -0.22574 0.84849 0.49985 0.86623 0.94359 0.35543 -1.4051 -0.84267 -0.086275 1.302 -0.63328 -0.28932 -0.24622 -1.8602 0.43305 0.28799 -0.59397 0.87799 
carrot -2.0982 -0.31248 0.69434 0.39492 -0.039597 0.32463 -0.26496 -0.8879 -1.1602 1.5438 0.018521 0.61843 -0.88608 -0.72861 1.1751 0.66602 0.21976 1.8693 0.81673 0.76542 -0.67628 0.55631 -0.018992 0.26102 -0.68718 -1.0498 0.75452 -1.4186 -0.8901 1.8167 -0.61119 0.94469 0.27121 1.1417 0.43479 0.45309 0.87215 -0.40509 0.4448 0.67801 0.4539 -0.18505 0.75046 -0.69192 -0.64398 -0.055854 0.55362 -1.2021 0.91832 -0.74967 0.23215 0.24995 0.45416 -0.21961 0.26873 -0.51468 -0.71424 -0.67772 0.26613 0.051058 0.053502 -0.24722 -0.31476 -0.75674 1.1938 0.19922 -0.1146 0.58141 1.1519 0.28679 1.0375 -1.8921 -1.2735 -0.59063 0.17008 0.99263 -0.49607 0.47179 0.6486 1.2673 -0.091752 -0.29376 -0.26685 1.3589 0.57603 0.64758 0.72677 0.16379 0.14017 0.02261 0.30759 1.7631 -0.84446 0.60611 0.78812 -1.8605 0.13751 -0.19838 -0.51825 0.18532 
licorice -0.84509 -0.64774 -0.15555 -0.78445 0.25183 0.19603 0.79374 -0.96317 -0.93669 0.58563 0.06419 0.9836 -0.50843 1.0421 -0.50722 -0.20309 -0.63229 1.167 -0.54802 1.4687 -0.9935 -0.72355 -0.1714 -0.079311 -0.83413 0.12043 0.99664 -0.3785 -0.83565 1.1367 -1.0505 0.3863 -1.1367 0.72894 0.42897 -0.0090905 1.1853 0.18233 0.9721 1.3301 0.64433 1.0891 -0.0042648 -0.91285 0.04624 0.2038 -0.32862 -0.22444 0.40825 -0.7031 -0.56802 0.45699 -0.21237 -0.85277 0.36963 -0.26809 -0.13376 -0.81057 1.0654 0.56317 -0.76737 -0.61685 -0.12643 -0.12361 0.34139 1.2397 -0.48658 -0.14694 0.22509 -0.9418 1.9044 -1.7061 -0.61457 -0.91211 0.97059 0.30451 -2.4403 -0.23693 0.77996 -0.085419 -0.44495 0.15351 0.3061 2.5219 0.35963 0.89266 0.25955 0.61715 -0.93923 -0.75581 0.3429 0.64515 -0.9654 0.19071 -0.27288 -1.2931 0.14525 0.19491 0.044139 -0.29563 
kerosene 0.3226 -0.40379 0.25275 -0.385 0.60714 0.28428 0.61101 -0.18551 0.22606 -0.19569 0.2164 -0.29665 -0.050894 0.37184 0.64839 0.85133 0.55819 -0.18219 0.03905 0.40551 -0.98729 0.3207 0.074035 -1.2614 -0.078595 0.99685 0.25613 -0.27409 -0.20207 0.95992 0.25319 -0.28888 -1.5194 1.156 0.60569 0.29758 0.024809 0.17653 -0.12263 -0.59471 -0.88142 0.32226 0.41932 0.10848 -0.043074 0.6795 -0.33272 -0.75674 0.74993 0.30102 -0.28178 -0.147 -0.50074 -0.18601 -0.33965 0.46551 0.50955 -0.22063 -0.40499 1.023 0.37636 0.95886 -0.75916 -0.83051 1.107 0.7743 0.69276 0.10742 0.11947 -0.51034 0.28988 -1.1678 -1.1653 -0.75044 -0.25573 0.23414 -0.84654 -0.32258 0.54813 0.33866 0.057612 0.21588 -0.42064 2.1727 0.29086 -0.77738 0.094514 0.13217 -0.93579 -0.15558 -0.012258 0.1021 -0.18529 0.44902 -0.18414 -0.36846 -0.69713 -1.0764 -1.1152 -0.2773 
ham 0.77892 -0.63777 -1.473 -0.012251 0.15545 -1.1106 0.51967 -0.77238 0.12527 1.2298 0.96093 -0.27386 0.44322 3.0478 1.3268 1.0519 0.28224 1.9141 -0.32592 -0.27828 0.048481 1.6631 0.64656 1.0712 -1.2338 -0.34926 1.8832 -0.75027 -0.062853 0.45254 1.4976 -0.1536 -0.67179 -0.83771 -0.012384 -2.0412 0.89957 -2.1413 1.0119 0.72743 -1.4953 -0.23988 0.84504 0.63955 0.5336 -1.3731 -1.1204 2.17 2.0974 -1.9562 -2.9154 0.74942 -0.75329 -2.2904 0.33557 0.2621 0.44978 0.036652 0.78476 -0.78666 0.016969 0.66901 -1.117 -1.2095 -1.0586 -1.2781 0.41955 1.3334 -0.10279 0.48677 -1.4123 2.4416 1.2372 0.65964 -2.0013 1.6664 -0.11426 -1.6454 1.2228 1.8466 0.25377 0.20806 -1.3425 2.5258 0.31136 1.2134 0.44238 -0.1663 -0.43003 -0.29992 -0.18442 2.159 1.1689 -0.32237 0.54639 0.92946 1.0189 0.34466 2.3439 0.86657 
rope -1.8879 0.38981 0.11139 1.0743 -0.59716 -0.44488 0.54557 0.25634 0.67595 0.7718 -1.2716 1.2906 -1.1811 0.95768 0.10418 0.35982 0.57229 1.0379 1.6587 0.26123 -0.46385 -0.11911 -1.1893 -0.30504 -0.38402 -1.4011 1.2709 -0.38196 0.16631 0.070078 -1.1599 0.75339 -1.1322 0.21545 0.73692 0.020509 -0.18019 -0.91992 1.2282 -0.29651 0.71249 1.6317 0.58517 0.31708 0.65745 0.22907 -0.23672 -1.0366 1.122 -1.2728 -0.08237 0.65457 0.37793 -0.82465 -0.5151 1.2027 0.95824 0.11873 -0.22386 0.35599 1.167 0.47467 0.53316 0.89672 0.6696 -0.50849 0.0016792 -0.29544 1.0452 -0.85427 -1.1653 -0.64808 -0.10264 -0.98296 0.2009 0.90852 1.2022 -1.0694 0.59357 0.46968 0.037891 -0.070398 -0.81182 1.2255 0.79204 -0.08868 0.25997 -0.41288 0.19128 1.3393 1.468 1.6368 -0.49404 -0.57061 1.5638 0.84045 0.20953 -0.03477 0.49121 0.38006 
camphor -1.1955 0.154 -1.1779 0.52674 -0.54108 0.14986 0.10001 0.12534 -0.35701 -0.9339 0.58568 -0.51838 0.15024 0.36864 -0.36715 0.6815 0.62624 -0.039886 0.11609 0.69977 -0.61998 0.38582 -0.39191 -0.41976 0.4708 0.69216 0.34676 -0.65272 -0.51099 1.0376 -0.76717 -0.11645 -1.1047 0.32149 0.74834 -0.056011 -0.26011 -0.3799 -0.058222 -0.23859 -0.84515 -0.10797 -0.1154 0.43194 -0.46354 -0.17273 -0.016538 -0.91154 0.36169 -0.92448 0.52016 -0.085097 0.64925 -0.43545 -0.98299 0.95438 0.20601 0.87744 -0.35546 0.24533 -0.14725 0.26839 -0.86172 -0.11153 0.93492 0.56825 -0.14163 0.35967 0.68204 0.011888 1.2595 -0.50712 -0.8232 -0.39997 0.71162 -0.73357 -1.1756 -0.22336 0.48221 0.11042 -0.15366 -0.24877 0.39403 2.9669 1.0737 -0.4718 -0.59536 -0.36007 -0.69895 0.39098 0.29102 0.39522 -0.74428 0.10172 1.2002 -0.37081 0.034165 -0.53649 -0.52871 -0.54794 
raisin -0.28851 -0.13999 -0.14009 -0.36743 -0.59488 -0.41066 0.9201 -1.1929 -0.39584 -0.72144 0.88977 -0.14955 -0.31393 0.36126 0.25801 0.56654 -0.52546 0.35126 0.14379 0.19715 -0.64586 -0.16316 -0.35869 0.23537 -1.4176 -0.94583 0.18838 0.58372 0.0025726 -0.0015579 -1.1663 0.04964 -0.92332 -0.31798 0.41681 -0.37433 0.0021664 -0.301 0.52522 1.2977 1.2758 0.77125 0.32402 -0.65695 0.08265 -0.37891 0.05476 -1.143 1.0286 -0.35086 -1.9206 1.6086 -0.47318 -1.0582 1.1738 -0.91749 -0.2127 -0.75806 0.36347 0.24047 -1.0873 -1.3449 -0.16568 0.55615 -0.094794 -0.031701 0.32546 0.71469 0.10125 -0.76134 0.08506 -0.3882 -0.67329 -0.12064 -0.08018 0.81456 -1.3437 0.42376 1.7618 0.67918 -0.70018 -1.1423 0.73039 2.8083 -0.073345 0.70667 0.53647 -0.17434 -1.4619 -0.71885 0.57313 0.7106 -0.36993 0.018688 -0.24263 -0.88658 0.85667 0.94817 0.49391 0.68928 
cardboard -1.282 -0.19115 0.18627 -0.577 0.18498 -0.46662 0.49215 -2.0092 0.87709 0.88922 -0.1237 0.66651 0.24129 0.23824 -0.0094674 -0.55806 -0.31466 0.48263 -0.33867 0.91664 -0.44254 0.8801 -0.40569 -0.58495 -0.19739 -0.93879 0.32554 -0.79451 0.28508 1.5543 0.15142 0.97923 -0.70516 1.0577 1.252 -0.27437 0.28825 -0.85366 0.32428 -0.47051 -0.12258 -0.099781 0.9348 -0.22834 -0.30333 0.88264 -0.12268 -1.1882 0.067691 -0.33893 -0.50283 0.14239 0.025727 -0.6411 1.5314 0.93832 0.48051 -0.17447 0.4446 -0.9797 -0.56719 0.42576 0.13806 1.1433 0.89049 -0.49692 -0.46245 1.3566 0.84949 0.60452 0.7505 -1.7761 -0.81753 -0.54473 -0.045454 0.001311 -0.53057 -0.17999 -0.0085673 0.85825 -0.24477 -0.046173 -0.36381 0.65509 0.51018 0.44066 1.4222 -0.30172 -0.73756 0.20304 0.44018 0.17437 0.12196 -0.12571 0.74044 -0.1304 0.21149 -0.71683 -0.38447 0.49596 
syrup -0.33339 -0.43441 0.12324 -0.53585 -0.62932 -0.21682 1.4234 -1.2795 -0.81884 -0.38678 0.46087 0.44446 -0.21892 0.5164 0.45332 -0.48942 0.27114 0.82507 -0.1446 1.1305 -1.1564 -1.4261 0.45483 -0.34734 -0.065418 0.29052 1.0139 -0.18589 0.046675 0.59773 -0.47455 0.12155 0.18505 -0.35103 -0.38308 -0.52178 0.97995 -0.10754 -0.35966 0.9743 -0.42379 -0.0073007 0.81176 -0.85583 -0.65026 -0.030585 -0.40173 -1.3867 -0.20767 -0.25211 -0.75141 1.0483 -0.013614 -1.2259 0.89541 -0.4418 0.50371 -0.46112 0.49314 0.0064198 -0.18868 0.034126 0.16062 -0.3565 -1.4018 0.43734 0.26158 0.34233 1.3269 -0.45767 1.0345 -1.3153 -1.2402 -0.73988 0.31016 0.95614 -1.1896 0.62436 1.1868 0.5193 -0.74355 -0.48058 -0.82196 2.3491 0.42914 0.25268 0.74231 1.6013 -0.7732 -0.50277 0.70094 0.0090445 -0.65332 0.52882 0.44791 -1.5906 1.3304 0.44083 -0.50891 0.056925 
mothball -0.58708 0.05666 0.032426 -0.068438 0.23684 -0.071634 -0.3228 -0.88104 -0.019866 -0.31205 0.3758 0.81658 -0.58596 -0.63424 0.53158 -0.50987 0.18425 -0.34716 0.13675 0.37323 -0.87087 0.98685 -0.29029 -0.20951 -0.19198 -0.55008 -0.048199 -0.19582 -0.11151 1.6806 -0.094456 0.11759 0.13134 0.99567 0.43752 0.32265 0.45185 -0.57015 0.19137 -0.6571 -1.2627 0.1863 0.35329 0.67943 0.29219 -0.56975 -0.55153 -0.11618 0.90179 0.10617 0.10275 -0.57581 0.12916 -0.53652 0.054856 1.2649 0.81081 0.44798 0.036934 0.45136 0.22826 0.46618 -0.68101 0.26644 0.76119 0.12396 -0.20132 0.25612 0.33689 0.028477 0.64702 -0.37835 -0.94924 -0.25807 0.72393 0.68598 0.18909 -0.77213 1.0106 0.49985 0.13934 -0.33885 0.32672 0.80918 1.262 -0.046192 -0.0013428 -0.43359 -0.14897 -0.30157 0.51226 0.33211 0.21554 -0.65747 0.32637 -0.32084 -0.028229 -0.47316 -0.42628 0.43622 
anise -2.3568 -0.25361 -0.30772 0.12832 0.51035 1.1103 -0.029896 -0.10415 -1.6434 -1.2785 0.27919 0.68295 -0.90151 0.091155 0.66299 0.59428 -0.87451 0.44381 0.59358 0.91444 0.70592 0.2641 -0.46126 -0.064645 0.37242 0.48317 -0.11085 1.0032 -1.3243 -0.40889 -1.1765 -0.91111 -0.87764 0.3585 0.091586 -0.21611 0.009005 0.25838 0.42446 -0.024331 0.43847 0.14478 -0.2276 -0.19189 0.056762 -1.1838 0.59005 -1.3207 -0.15024 -0.015749 -0.72335 -0.15924 0.13228 0.26248 0.0029279 -0.6567 -0.70088 -0.2227 0.36766 -1.0351 0.45781 -0.52134 -0.77015 -1.1567 -0.67406 0.83222 0.33469 0.38346 0.42365 0.2668 0.73963 -1.5832 0.092597 -1.5186 0.79937 1.4162 -1.3128 0.57678 1.5481 -0.46878 0.46755 -0.58902 0.52602 3.3421 0.60153 0.34162 -0.22105 0.014752 -0.65704 -0.10765 0.24265 -0.10091 -0.56275 0.42365 0.19833 -1.3231 -0.46922 0.55123 0.32096 -0.22174 
varnish -1.1912 -0.6998 0.21996 -0.13958 0.4458 -0.3012 0.96752 -1.3604 0.14186 0.41929 -0.19717 0.51714 -0.18007 0.047347 0.07045 -1.135 -0.87523 0.38833 -0.99164 1.0484 -0.47775 0.34385 0.070231 0.25445 -0.92206 -0.65393 0.56302 -0.80266 0.31767 1.172 -0.33685 -0.34607 -0.25015 0.40872 0.32404 0.1045 1.1059 -0.72818 0.72109 0.52594 0.14913 0.2063 -0.44475 -0.73917 -0.91083 0.32111 0.24764 -0.48611 0.43029 -0.44579 -0.39419 0.11376 -0.42255 -0.12669 0.50074 0.39331 0.0027086 -0.002492 0.23656 0.25961 -0.040472 -0.60382 0.19619 0.788 -0.51357 1.4124 -0.33027 -0.22056 0.98419 -0.18497 1.5659 -1.7852 -0.70905 -1.6668 1.1856 0.4772 -2.4872 -0.91778 0.81162 -0.62188 -0.25492 0.33422 0.51795 -0.14281 1.4799 1.3381 0.55136 0.15705 -0.4544 -0.69363 0.61142 0.20923 0.68522 1.2147 0.59813 -0.2138 -0.53133 -0.065028 -0.51031 0.071762 
walnut -0.98496 -0.48547 -0.3617 -0.41247 0.14143 0.28862 0.41302 -1.4728 -1.2333 1.0252 1.0249 1.3035 -0.11335 1.3063 -0.23784 0.086733 -0.27097 0.60147 -0.15874 -0.24009 -0.69425 -0.10121 0.093702 -0.52261 -1.086 -0.66558 1.0294 -1.6438 -0.45645 1.7103 -0.59248 0.74035 -0.88 0.26041 1.2903 -0.16839 0.54711 0.061474 2.0378 1.0764 -0.36222 -0.37084 0.46125 0.61203 0.39126 -1.0673 -0.45067 -0.32093 0.85739 -1.3366 -1.096 -0.64785 -0.11945 -0.291 0.61089 0.41447 -0.11322 -0.82666 0.17011 -0.69134 -0.7532 -0.9945 0.14946 -0.18931 -0.26205 0.42425 -0.17434 -0.1449 1.6303 -0.54418 0.56267 -0.9911 -0.51257 -0.36664 -0.5225 0.47362 -2.8865 -0.32699 1.3155 1.4121 -1.2173 -0.79215 0.23088 1.5736 0.037723 0.58465 0.37957 0.61098 -1.1634 -1.2849 -0.091177 0.61541 -1.1354 -0.44946 -0.2363 -0.84914 1.1 0.85978 -0.00047501 0.30193 
turpentine -1.3431 -0.11306 -0.5078 -0.21464 -0.24544 0.77127 0.39997 -1.2518 -0.61432 0.38117 0.5559 0.02287 0.26892 -0.23633 -0.18889 -0.23151 0.60712 0.38042 -0.63094 0.16273 0.4326 0.39262 -0.09607 0.14405 -0.13371 0.28302 -0.060935 -0.52184 0.66212 0.9469 -0.4264 -0.31829 -0.81225 0.14084 0.33569 0.27389 0.15455 -0.12702 -0.045927 0.35217 -0.33095 0.36476 -0.056902 -0.16798 -0.37741 -0.28238 -0.67085 -0.58226 0.55299 -0.50962 -0.33959 -0.23498 0.33831 -0.1655 0.0098947 0.56567 0.86295 -0.36231 0.42754 -0.072879 0.43066 -0.048293 -0.5244 -0.30997 0.14229 0.55407 -0.058766 -0.091136 0.93559 0.029652 1.0866 -1.4821 -0.44206 -1.0672 0.61217 0.31404 -0.85873 -0.49325 0.70461 0.38841 0.52117 -0.39683 -0.46614 0.89498 0.82034 -0.038123 0.82119 -0.090787 -0.26059 -0.97918 0.61634 -0.053941 -0.10957 0.096589 0.29988 -1.4504 -0.14753 -0.25884 -0.25079 0.10502 
birch -1.6525 -0.4654 -0.85761 0.47313 -0.44521 0.12207 0.64856 -0.24066 -0.18655 -0.29785 0.45978 0.11362 -0.39411 0.84295 0.23243 1.0939 1.1852 1.0463 0.054556 0.74013 -0.080767 0.79656 -1.3734 -0.78178 -0.71286 0.07785 0.5983 -1.0036 -0.62045 1.3683 -1.3162 -0.10577 -0.25073 0.84354 0.44593 -0.22704 -0.18319 -0.91855 1.0395 -0.27882 0.02597 0.93854 0.60992 1.1196 0.3027 -0.60642 0.27736 -1.2426 1.1429 -1.4159 -0.20317 -1.2754 0.55789 -0.61809 0.037425 0.40954 0.32329 -0.40784 0.10253 -0.57729 0.043782 0.55918 0.36562 0.79374 0.039938 0.81107 0.1478 1.212 0.50716 0.37715 -0.10122 -0.23708 -0.8864 -0.77659 0.41316 0.44635 -1.2926 0.49713 0.9663 1.0947 -0.045033 -0.45282 0.082997 1.1033 -0.097338 -0.044514 -0.20795 0.70436 0.64627 -0.17564 -0.18662 0.16451 -1.0512 0.35 0.72854 -0.8926 0.4358 0.74716 0.040806 0.03166 
celery -0.67191 -0.22973 -0.44719 0.30367 0.022171 -0.32995 0.1495 -1.3299 -1.2086 0.25932 0.11961 0.51585 -0.38792 0.55058 0.5704 0.093578 0.58749 0.36493 -0.52174 0.71608 0.63622 -0.17463 -1.1997 0.86961 -0.088747 -0.023817 -0.29313 -0.027879 0.082387 0.13594 -1.1457 0.73314 -0.16683 -0.40651 -0.022243 -0.32591 0.3635 -0.70896 0.49562 1.212 0.0029445 0.13537 0.43776 -1.3801 -0.3205 -0.91401 -0.97132 -0.14731 0.17637 -0.33553 -0.73452 0.15168 0.4177 0.093748 0.52594 0.0069946 0.6056 -0.16829 0.57119 0.53954 -0.42989 -0.27884 0.6196 0.15983 -0.12788 0.025097 0.20392 -0.19232 0.476 0.68502 1.0264 -1.0509 -1.2849 -0.045286 0.34022 1.6709 -0.57392 -0.44589 0.5173 0.41732 -0.88132 -0.086695 0.326 1.6779 0.59461 -0.06757 0.66832 -0.086195 0.0091721 -0.69533 0.042463 0.16178 -0.65331 -0.28412 0.42053 -0.47285 -0.13455 0.28128 0.11782 0.049237 
creosote -0.26846 0.12445 -0.055313 0.29398 0.33515 0.078416 0.47338 -0.49276 0.033527 -0.37179 -0.12404 -0.1591 -0.0043958 0.77074 0.050693 0.49078 -0.26231 0.11778 -0.29892 0.33067 0.091631 0.5226 -0.050901 -0.25356 -0.26784 0.194 0.19563 -0.25619 -0.041794 0.78759 -0.45311 0.2269 -0.44822 0.70189 0.71393 0.34696 0.15241 -0.060367 0.3858 -1.0151 0.63924 0.1865 0.46019 -0.018556 0.48884 0.051965 -0.091433 -0.57639 0.34002 -0.022476 -0.26839 0.47497 -0.27816 -0.011088 0.25378 0.14768 0.073685 0.040377 0.090614 0.052975 0.77168 -0.18355 0.21094 0.4837 0.27392 0.33909 0.5368 0.40819 0.65093 -0.30654 -0.033833 -1.0136 -0.62903 -0.67224 -0.1675 0.22735 -1.1193 -0.439 0.41458 0.31963 -0.18402 -0.26829 0.33345 1.535 0.081626 -0.72825 -0.32756 0.43788 -0.30634 0.096343 -0.044423 -0.28153 -0.18788 -0.42907 0.23468 -0.28634 0.051977 -0.27261 0.1036 -0.5604 
