96 100 
smoke -1.4897 -0.61181 -1.6492 -0.86185 -0.3031 -1.1253 -0.010818 -1.2455 -0.5883 -0.049259 0.73566 1.5681 -2.6581 2.026 -3.6071 0.12373 -2.1897 -0.39412 -0.72901 0.85375 -2.4689 -0.020982 1.2792 -1.1461 0.41881 0.79593 -0.04069 -1.434 0.60485 1.7384 0.055899 -2.4192 -1.4054 0.80053 0.73324 -1.1641 -1.0739 0.64511 -0.034297 0.57061 -0.37142 1.6917 2.1293 0.85103 -1.0881 0.81161 -1.5336 0.39667 2.0656 -1.4808 -0.79836 1.7973 0.14691 -0.71565 0.7574 -2.527 -1.4434 -0.17555 2.0671 0.59993 -0.58121 3.2668 -0.49312 -1.8788 -0.16384 0.75431 2.1622 1.1498 1.4277 -0.74356 1.561 0.71138 -0.43849 -1.3018 -2.1076 -0.86872 -0.40818 0.85816 -0.11495 0.88281 -0.096027 0.55011 0.42035 -0.3779 0.832 -0.73758 -1.8696 2.3275 -1.635 -2.3604 -1.8537 0.21167 -0.77362 0.16663 -0.68177 0.07891 -3.5491 0.0338 0.049386 -0.42119 
perfume -0.49831 -0.16525 0.45492 0.25542 -0.41894 0.44733 0.057826 -0.51495 0.86973 -0.46161 0.45712 1.0753 0.13109 -0.74804 -1.0773 -1.3286 -1.3614 -1.5129 -0.52274 1.3452 2.0069 0.019589 -1.055 0.014147 1.1126 0.66742 -0.6726 1.6773 0.011293 0.34193 -0.20503 -1.4538 0.44115 0.26104 -0.87502 0.11456 0.62091 -0.53082 -0.30018 -0.61208 0.62414 -0.15779 -0.60231 -1.1679 -0.88843 1.5821 -0.55382 -1.1412 -0.4161 2.0489 -0.62419 2.4467 -0.94436 -0.65178 0.16371 -0.86149 -0.44255 0.72788 0.54234 0.26296 0.32833 -0.30015 -0.20279 -0.095163 -0.94513 2.7899 0.47494 1.8389 1.3272 1.2606 -1.0681 -0.68602 0.3697 0.057912 1.3754 1.7711 0.027658 0.89835 -1.1181 -0.6777 0.48516 0.14897 0.87089 1.7908 0.7067 -0.36197 -0.86183 -0.52708 -0.20456 -0.20205 -0.32172 -1.2341 1.9901 0.35977 0.13358 0.20947 0.51622 -0.44972 -0.33092 -0.41746 
coffee 0.98559 0.37433 0.11885 0.87525 0.61639 -1.4806 -0.8506 0.15926 0.51198 -1.374 0.060009 0.24963 -0.85587 1.5945 0.47463 -0.54229 -1.9213 1.0751 -1.4195 0.52446 -0.39947 -1.2118 -0.14691 0.77156 -0.17722 2.7272 0.15181 0.31131 -0.68033 -0.018684 -2.0308 -1.2685 -0.48038 -1.739 -0.24494 -1.9909 0.79985 0.13523 0.7819 0.56932 -1.3904 -1.6982 -1.7782 0.87501 -1.2661 0.68516 -0.89667 -1.703 -0.2156 -0.024166 1.3019 3.3968 -0.26281 -2.0849 1.2888 -1.4717 -0.6011 -0.10071 0.22074 1.5254 -0.62816 1.9082 -0.35413 -1.2123 -3.1709 0.7012 1.2703 -1.1224 1.0479 -0.2027 1.0994 -1.8339 -0.29759 -0.66344 -0.36003 0.8078 -0.84326 1.005 -0.10588 0.6472 -2.1044 -0.79149 -2.7889 1.5441 0.59983 1.3414 0.18812 1.5666 -2.6204 0.0023581 1.0355 -1.3011 1.1734 0.46096 -1.2657 0.35531 -0.44491 -1.0501 1.9726 0.65599 
rose 0.16877 -2.5136 1.227 1.4999 0.18696 -1.3579 1.8891 2.7039 -0.67491 0.55794 1.7831 -0.95125 -1.7369 -0.093545 -1.0663 -0.023011 -1.3887 1.0115 2.2572 1.5529 0.49931 -2.1508 -0.024809 1.1868 -1.6159 -0.69673 -0.37879 2.9767 1.7526 0.10093 -0.29636 -2.021 -0.60264 1.8325 -0.85765 1.3679 0.6904 -1.0738 0.49322 1.2254 -1.2654 1.2949 -0.93528 -1.1791 0.1059 0.71427 0.52057 -2.7947 -3.9922 0.074479 -0.27485 2.5751 1.2256 0.6809 1.7252 -3.0673 0.036841 -0.66137 -0.53062 -0.13465 1.2151 -0.81753 -0.809 -0.33327 -3.2143 5.2601 -1.1304 1.5864 0.50863 2.1056 0.056783 -0.36357 0.46965 0.016241 -2.7515 3.5715 4.449 0.42731 -0.034081 -1.0621 -0.65985 0.15583 -1.2523 1.6734 0.3044 0.62975 0.52768 2.8666 -0.37852 0.3895 1.745 -1.1526 3.3049 -1.6584 -1.4682 1.5705 -1.1521 -1.4731 0.43204 0.3723 
blood 0.7728 -0.19451 -0.67796 1.5138 0.12716 0.4874 -0.47633 0.95488 -1.0819 -0.18576 -0.80088 -0.43993 -1.4017 -0.18298 1.0986 -0.069602 2.1912 -1.0073 2.6696 2.9301 -0.43167 -1.4567 1.5359 1.5023 -1.852 -1.1576 -1.3563 0.65483 -1.3438 3.85 0.8544 1.3522 -1.1547 1.3664 0.98129 -0.82226 -1.3704 -2.1883 0.21062 -0.28999 -0.064543 -0.75773 -2.815 1.1213 0.78367 -1.3925 -1.8186 -2.3717 2.5971 0.4698 -1.3507 0.015796 -0.95888 -0.11103 -1.446 -2.1516 -1.3613 0.41015 1.0012 1.4441 0.44367 0.25745 -1.3005 -1.8096 1.5423 -0.9973 -0.48222 0.05322 0.82115 -0.58895 -0.079469 1.192 -1.2295 1.4365 -2.4508 1.7978 0.59093 0.82408 1.0047 -0.094071 0.97669 -0.5364 -0.05971 2.014 0.41103 1.3175 -0.74205 0.95021 -0.50209 -1.1816 2.3341 -0.80881 -3.3214 2.5539 -0.57651 0.85111 -1.0162 1.2244 0.68164 0.53226 
wine 0.50165 -1.378 2.6459 0.54832 3.0202 1.2252 0.81277 1.0383 -3.0651 1.8588 -1.5993 -0.050975 -2.2657 2.0743 -3.6268 0.9942 -1.9933 -2.0761 -2.3672 0.95171 -2.909 -1.4024 1.5731 0.5969 1.132 1.7959 -2.7502 2.7219 1.1307 -0.83572 -2.0352 -2.0972 0.15313 -0.81 3.523 -1.6209 2.887 0.93802 -0.43207 1.7387 -0.50105 2.3016 -3.3125 0.44039 -4.5203 4.3801 -0.97946 0.49472 -0.58317 1.8959 -3.927 2.8622 -1.7793 1.1479 1.8754 0.4977 -1.4411 -0.28114 1.9754 -0.11528 -4.0648 0.019845 -0.17505 -2.6004 -2.2763 4.0457 -3.0905 0.21029 -1.2274 -0.91694 1.0314 -0.010345 0.8623 -1.2675 -1.7515 -0.65402 -2.8476 1.0034 -0.16621 -0.37637 -0.50076 -2.3432 -1.8594 1.0586 0.19751 -0.90686 0.41507 -0.8376 0.55455 -0.6868 1.6408 -3.2119 0.44583 2.2628 -4.4042 1.3661 3.7239 -0.92615 -1.0711 -1.4433 
fish 1.2833 2.4811 3.2889 0.59438 -2.326 0.073046 -1.09 -2.926 -3.1012 4.2393 1.8295 -0.2884 -2.1493 3.146 0.70779 1.9899 -0.45399 -0.56844 -1.4634 2.6672 -0.88914 1.668 0.70098 -2.565 -0.63582 -0.10324 -2.6684 -1.1548 0.0048438 4.5329 -2.3396 -1.658 -1.216 2.6018 -1.2812 1.7897 0.97024 -0.57878 -0.91561 -0.79981 -1.8231 -2.4432 -4.3587 -2.8439 -0.48955 0.5401 -0.0057522 -0.42914 0.059251 -1.4019 -2.6635 -0.65262 -0.05699 -1.4285 1.6057 -2.3135 -2.0428 0.36359 0.70736 0.65275 0.49774 -1.2006 -2.5359 -1.2767 0.8353 -1.888 1.8809 -0.65451 2.1025 -0.31512 0.59981 0.65448 -0.42084 -2.889 0.041094 2.2601 -2.5135 -0.71578 0.53277 1.8428 1.2472 0.52799 -0.97964 0.43637 0.088302 5.2381 -0.87294 -0.44242 2.2453 -0.67848 -1.3316 -0.051977 -1.9018 2.1196 -0.54427 -0.14902 -1.3788 2.9137 -1.8535 -0.3176 
animal -0.85181 -0.33449 0.57414 0.41892 0.71201 0.38599 -4.024 1.4695 -1.8302 2.0078 -1.5563 1.6794 -0.57205 1.1517 1.2112 1.8934 -1.3859 0.4741 -0.42349 -0.22398 1.3003 1.0041 -0.35303 0.073715 0.78682 -1.2162 -1.8962 0.16778 -0.42124 0.35333 -0.47219 0.24303 0.94595 1.5326 -0.12186 -0.55611 -1.1162 -0.67142 -0.64329 -1.9003 1.3786 -1.4811 0.14794 0.6864 -0.81123 0.73614 -1.5256 -1.0704 -2.3562 1.0622 -1.4193 -0.048847 -1.3289 0.86375 -0.6905 -1.6913 -0.095848 1.2401 1.543 -2.1543 -0.96653 0.6288 0.29012 -2.7815 2.7523 -0.1363 0.47217 -2.3682 0.37934 1.0596 0.54231 -0.95954 -1.2425 0.83696 0.5493 1.4921 0.80194 -0.052149 1.6771 0.10075 1.531 -1.2454 -0.90154 2.0885 0.2496 1.0182 -1.1213 -0.28185 3.4946 0.031535 -0.31476 1.43 -1.8601 1.7796 0.61493 -0.70512 -2.6645 0.33067 -1.8424 0.37171 
urine -0.50511 1.0112 -0.99183 1.481 1.4654 -0.50222 -3.2871 -0.90066 -1.818 1.0406 -0.11283 1.1388 1.4077 -2.2142 -0.10688 1.7981 0.56503 -1.2796 -0.70706 -0.41725 -0.093313 0.33247 1.5775 0.93414 -0.093986 -0.39423 0.31332 1.1922 -1.4982 4.6805 0.53499 -1.1911 -0.91409 2.5346 -0.52934 -1.5744 -0.80927 0.15613 -1.5913 -0.036044 -1.0006 0.19931 0.064992 -0.74225 -2.7881 -2.1556 -1.6219 -3.6519 0.15069 0.86016 0.043003 1.6023 -0.89044 0.71848 -0.61634 -2.9206 0.044451 1.092 3.006 0.72983 -3.1232 -0.043271 0.66374 -1.0625 0.75373 -0.41263 0.5531 -1.1535 1.1441 0.8028 -2.2777 -0.9246 -2.4082 2.553 -0.80347 1.0966 -2.8277 -0.12513 -0.66881 0.79357 -0.38853 -0.6603 -0.2006 2.7423 -0.28118 -0.36009 0.97627 -1.0133 -1.5988 -3.5889 -0.051163 0.49261 -1.9879 2.9598 1.4106 -1.1928 -2.6377 0.63916 -2.0113 0.057488 
beer -0.45397 -0.31053 1.2482 0.59285 3.7524 1.6575 -0.49419 -4.1631 -0.34894 1.1869 0.050842 2.2543 1.926 2.0452 0.094843 1.6538 -0.52074 1.0332 -5.4905 0.62121 -0.29323 -0.78725 3.1895 -1.1675 1.5572 0.6544 -0.84035 0.28498 2.5877 2.8592 -2.6418 -0.15635 -0.73039 -0.39196 1.9359 -2.2612 2.6255 -1.2376 -0.083838 2.7396 -1.1555 -0.41277 -1.4155 -0.023565 -3.4308 1.6895 -3.2575 1.6304 -0.30959 -1.1682 -1.3611 2.1038 -2.9886 -1.6295 2.0119 -0.62731 0.54135 2.9584 3.0501 1.4323 -2.2135 1.4031 0.37626 -1.3775 -1.2483 -0.43899 -1.3913 -0.95175 1.7133 2.3918 1.407 -1.3543 -0.98571 1.6994 -2.5184 0.63581 -3.0487 0.046713 -1.0363 -1.5594 1.4677 -1.7404 -2.3102 3.4055 1.2655 0.91705 -1.0583 -0.54285 -3.0454 1.1814 0.24333 -4.2615 -2.523 1.0015 -3.5442 1.604 0.53893 -1.3124 0.77761 -0.070641 
tea 0.93197 -1.511 2.4582 2.2757 2.4306 -0.41675 0.4346 2.4538 -0.76522 -1.9401 0.56677 3.8425 -4.1577 2.6818 2.8766 0.33566 -1.2301 2.8311 -0.63047 -1.8017 -0.65587 -6.5346 -2.9881 1.8358 0.12159 5.841 2.0383 0.41002 0.3273 1.6368 -4.7134 -1.8429 1.0405 -1.6591 -1.9509 -1.8135 2.6357 2.7657 -1.1809 1.8153 -3.9297 -2.7117 -0.6927 2.5935 -2.6904 3.3454 -0.21683 -3.8895 -0.0085489 1.9982 2.0531 4.2092 -0.0032314 -1.894 3.5778 -4.1331 0.34139 1.3759 2.7641 -0.64677 0.81369 -1.2646 0.94781 -1.4911 -6.8239 0.24128 -2.3774 -1.1434 1.2774 -1.3785 0.48673 1.085 0.089287 -2.7312 -2.2152 0.87551 -0.55605 0.31416 0.70038 0.94052 -2.2434 -0.28535 -1.9752 4.1251 0.50318 2.9603 0.75534 2.4823 -1.6378 5.1114 0.74268 -1.4099 1.8045 2.711 -1.0285 7.22 0.067086 -1.6645 -0.17201 -2.2467 
citrus 0.17116 0.55526 1.1567 -1.2154 -0.015622 1.392 1.2218 -1.1352 0.45607 0.14776 2.4286 2.0335 -0.26089 0.51653 0.040121 1.2275 -1.2653 0.21552 -0.82339 0.31083 -0.064774 -0.15192 -1.0702 -0.95418 -0.29676 1.345 0.5028 1.511 1.3605 -0.6326 -1.9593 -0.67176 -0.082187 2.0619 2.1795 -0.69126 1.8547 0.90152 -0.045222 1.0299 -0.32862 -0.41082 -0.25116 -0.18296 -1.4879 0.79739 -0.47764 0.35622 -1.6444 -0.84123 1.3354 0.89144 -0.36062 1.4537 -0.2996 -0.92763 -1.5174 1.0774 0.55171 -1.1827 0.25737 -1.5355 1.1194 0.49685 0.66112 3.3582 0.29109 -1.6936 -0.77644 0.15259 1.5385 -1.0689 -0.36926 0.12236 0.06312 2.1912 -1.6844 1.8954 0.33402 -3.0381 -1.3517 -2.2683 1.0669 3.4182 0.54407 1.0389 0.95091 1.6564 -0.72909 -0.84568 1.3995 -1.7054 0.4794 1.2953 0.091256 4.1058 0.36315 -0.17665 -1.6046 -0.054311 
lavender 0.12023 -0.69024 -0.87804 0.80993 0.52451 -0.68633 1.6284 -0.21315 -1.6904 -0.7689 0.51499 1.7607 -0.43495 -0.3654 0.62629 0.017396 -2.2389 0.12848 -0.36372 0.43142 1.2692 -0.7327 -0.83864 0.26805 -0.55678 -0.4742 1.6416 1.4728 0.29709 0.65503 -0.60127 -2.3091 0.1051 1.5798 0.34817 0.56124 0.8616 0.59548 0.21972 -0.43779 -1.4137 0.14637 -1.2855 -0.11083 -0.45881 0.93991 0.43793 -0.043111 -1.8962 -0.11621 1.4274 0.6119 -0.5398 -0.20142 0.092691 -2.6196 -0.16019 0.4103 2.3281 -1.2529 0.070255 -0.3888 0.53372 -0.0098414 -0.16994 2.4932 -0.050514 0.11899 0.55646 0.27311 0.57097 -1.2392 0.82285 -0.30886 -0.26176 1.9732 0.55308 0.61684 -0.35886 -1.124 -1.5497 0.29938 1.2791 2.6979 0.019415 0.19059 0.6591 1.0795 -0.4319 -0.064926 0.2586 0.55415 0.60172 0.86339 -1.0443 2.7639 -0.40233 -0.065757 -2.0975 -1.7449 
lemon 0.32248 -0.46845 1.6287 -2.026 0.082975 -0.088077 2.8466 -0.55476 -1.1187 -1.1072 2.1066 2.3148 -0.81939 -1.4804 1.4211 -0.55642 -2.456 0.98004 -1.3141 -0.20185 -2.3813 -0.94987 -0.86608 -1.27 -0.5061 -0.5255 0.26147 0.24763 0.11557 2.3525 -2.0881 -0.94935 -0.28725 2.3725 1.6685 0.85834 1.3321 0.89307 0.068171 1.5813 -0.94636 -1.162 -0.57495 1.1164 -0.54502 0.40882 1.3956 -0.23488 -2.2186 0.42473 2.0503 1.0672 0.16258 1.9272 0.08148 -1.9707 -0.22022 0.18238 0.18465 -1.5334 1.6949 -3.4175 1.1249 -0.81161 -0.76975 2.1576 0.7706 -1.2257 -0.14689 0.50876 1.7234 0.38888 -0.72773 -1.4801 0.21717 1.1212 -0.98475 0.50329 0.027447 -2.5569 -1.2881 -2.0224 0.69624 4.4132 1.8973 1.3738 1.873 1.7434 -1.6605 0.073085 0.19756 -0.30942 0.60171 2.1132 -0.94506 4.4611 0.10365 1.3486 -2.6245 -0.44644 
vanilla -1.6576 -0.31221 0.54065 -0.19102 -0.41403 1.2497 0.060479 -0.78369 -1.1914 -2.1198 -0.38325 2.1665 -1.0163 -0.027468 0.48913 -0.91827 -2.9001 -0.49949 -0.27231 0.21281 0.85586 -1.1776 -0.39081 -0.25805 0.75253 1.3379 0.76238 1.3605 1.9727 0.31067 -1.6713 0.27553 -1.3953 0.97635 1.8262 -1.9921 0.63145 0.74335 1.1757 1.5991 -0.82823 -0.50225 -0.57892 -0.7953 -0.6786 0.21244 -1.2453 0.74156 -1.5882 -0.090354 0.66771 0.28289 -0.14525 0.94537 0.52022 -0.32835 -2.2683 -0.16196 -0.38003 -0.75584 0.41486 -0.74918 0.66109 -1.15 -0.40234 2.0953 0.20913 0.4776 0.51531 -1.1112 0.45516 -1.4179 -0.82642 -0.7202 0.24085 1.671 -0.44159 1.6731 0.77774 -0.25074 -2.4006 0.59149 1.7846 2.6809 -0.57587 0.71535 0.90257 1.7058 -1 -1.2957 0.65243 -0.12341 3.2639 -0.20031 -0.39268 1.8151 0.28003 -1.68 0.28521 -0.57571 
garlic -0.69135 -0.25902 -0.74093 0.28915 -1.2607 0.36112 -0.16301 -1.2697 -2.797 0.41092 2.2277 0.89527 -0.38789 1.6796 -1.601 -0.070615 -1.1032 1.5045 -2.1872 0.87541 -1.7292 0.61869 1.9458 -0.19451 0.03738 0.63621 -2.0905 -1.3065 -1.7189 0.72179 -0.84671 -1.8359 1.2392 0.039589 -0.29443 1.4985 0.23802 0.38391 -0.60191 1.9637 -3.033 -1.9645 -1.7209 -0.0912 -0.33047 1.8545 0.24977 0.51138 0.15819 -0.58513 1.2501 0.87865 0.033536 -0.19635 0.029752 -1.4387 -0.76156 -0.52163 0.76873 0.58974 1.3177 -2.3535 -1.1806 -1.9246 -0.34497 0.92787 0.9481 1.5558 2.1875 0.94609 1.4101 -0.38614 -2.2226 -1.5395 -0.0037779 1.112 -1.1544 -0.19751 -0.050813 -1.4841 -0.82669 -1.334 -0.020205 2.4333 0.68085 1.2083 1.2783 -1.0047 1.3748 -0.27298 -0.83752 0.50827 0.2563 1.7605 0.95075 0.15926 -1.3955 1.1025 -1.2859 -0.15768 
orange -0.51308 0.21353 -0.25331 -0.75203 0.25377 0.41472 1.2765 -0.64078 -0.25554 -0.99733 1.1529 2.0848 -1.681 -0.01753 0.43618 -0.625 -0.4536 0.40375 -0.64457 0.50007 0.71426 -1.5604 0.050373 -0.80381 0.41762 0.5595 0.037225 -0.24334 2.1327 1.6684 -2.5523 -0.52904 -0.66748 1.5706 0.87009 0.57593 1.6968 0.32345 -0.62727 0.93072 0.40708 -0.056269 -0.18853 0.59449 -1.3118 0.49759 -0.4973 -0.19273 -1.561 -0.54694 1.6104 -0.28985 0.82678 0.35992 -1.715 -1.1236 -1.5774 -1.6768 0.64537 -0.026047 -0.51488 -2.3224 -0.65319 -0.91617 -0.60235 0.65544 1.0067 -0.087613 -0.78756 0.1367 0.32773 -0.41857 -0.28555 -1.6178 -0.52282 1.1345 -0.26267 -0.20976 0.88709 -0.74852 -3.1241 -0.82231 0.45785 2.5457 1.8745 1.5133 1.3727 0.49082 -2.6264 -0.64015 0.9331 -0.079639 0.66761 0.32079 -1.3757 3.913 -0.72271 -0.023168 -2.8999 0.13041 
soap -0.48376 -0.40144 1.0172 0.3458 1.0363 -1.7345 4.4332 -1.7992 -0.06258 -0.034569 -2.6726 1.635 1.9428 -0.48139 3.3165 -2.2268 -1.1209 0.30743 -1.8394 0.40629 0.67514 -1.7842 0.20205 1.4273 2.3334 0.87733 0.35217 0.52129 -0.41905 4.3139 -0.058167 -1.4477 0.84638 3.1459 -0.54058 -0.80326 1.0077 -0.21659 -2.4323 -0.95721 -0.26045 -0.29926 -2.8335 2.2568 -0.35399 1.5238 -1.7375 -2.5363 0.79691 3.4795 -2.573 -0.046895 -1.5885 -1.5523 -1.2037 -1.9346 1.409 1.6654 2.2853 -2.4259 1.8016 0.70812 1.3641 3.685 -1.7869 1.2343 1.0475 0.69396 0.2168 3.1523 0.39414 -3.6926 -0.22548 -2.2098 1.0865 1.5845 0.097055 1.9368 0.98102 -1.6718 -0.48734 1.8346 1.9097 2.8709 0.7741 2.1302 1.122 -0.79266 -0.21048 0.50005 -1.0213 -0.79815 4.5647 1.2186 0.30974 2.5332 0.96811 1.4901 -0.88618 -1.6662 
chocolate -1.5977 -0.90597 0.31581 0.7111 -0.85891 -0.41873 -0.3786 -0.2438 -0.87725 -1.2473 -0.91337 0.87092 -0.32779 0.3751 0.98046 -0.25411 -1.4606 0.24004 -1.4019 -0.23351 -0.20937 -0.70946 -0.34528 0.24929 0.64583 1.3002 -1.1878 0.65396 0.57515 1.014 -1.4963 -0.37966 -0.70728 0.23711 1.1738 -2.2432 0.81219 -1.3695 0.54459 1.1101 -1.8843 -0.84976 -1.6369 -0.39527 -2.898 0.84577 -0.81563 -0.26744 -1.564 1.1746 0.43061 2.0617 0.4852 0.057045 1.0233 -0.91308 0.011163 -0.77215 -0.1127 0.29111 -0.53241 0.29442 0.2308 -1.1322 -1.5548 0.90779 0.0020881 0.13881 1.4072 -0.42007 0.55981 -0.82192 -0.075941 1.0172 0.073227 0.60415 -1.495 0.17504 1.5355 1.033 -1.7769 0.46207 0.094299 1.0448 0.57132 0.13221 0.73184 0.72341 -1.1828 -1.1461 -0.0022196 0.17896 2.5286 -1.0949 -0.60696 0.78062 -0.2937 -0.29776 -0.13826 0.45563 
apple -1.2994 0.49057 0.629 -0.05125 -0.35055 2.0931 0.70259 -1.399 -2.6002 -0.59423 -0.062895 -0.7603 -2.6662 0.33333 0.051021 -0.83198 -1.2165 0.19814 -0.24878 -0.72965 -1.7102 -0.16367 -2.6195 -1.2953 0.69704 -0.66964 -1.6644 0.5352 0.84158 1.7822 -3.1913 -0.56039 1.2305 2.9106 2.0872 -1.163 1.4986 0.11077 1.6333 3.0584 -1.5542 -0.44213 -0.573 0.89306 -1.1629 2.9338 -0.51182 1.9326 -0.31591 0.23819 1.7671 -0.26675 1.2425 0.31816 0.9129 1.6206 -0.3119 -0.054413 0.6772 0.2769 -1.5756 -1.7978 0.089528 -0.43795 -0.12506 2.9248 0.62656 -0.48944 -1.3819 -0.071845 0.30734 -1.3759 0.80826 -0.23015 1.1954 1.567 -2.2728 1.0807 -0.019641 -0.67646 -1.5761 -1.5892 0.088551 1.2638 0.81308 2.2984 1.4306 0.48165 -2.6818 -0.60036 0.81774 0.72756 0.17028 -0.49773 -0.20274 2.5058 -0.82881 -0.44992 -1.0925 2.6531 
leather -0.41864 0.53879 0.23249 -1.2247 0.94679 -1.4211 0.30765 -2.6251 -2.8083 -1.9636 0.61535 1.7035 -1.5269 -0.24672 -1.3254 -0.072739 -0.75837 -2.5891 -0.045252 2.8741 1.3801 -0.57529 -1.3618 -0.43114 1.3924 1.3064 -0.73654 0.24386 0.3321 0.38195 -1.4728 -1.5247 0.30674 0.34861 0.64059 -1.3435 -1.1991 -0.47731 0.75113 -0.5404 -0.51646 -0.33171 0.078746 0.019376 -0.74078 2.8015 -0.4197 1.0872 0.49887 -0.047286 -1.446 1.2158 0.98724 0.28816 0.28653 0.57316 0.93518 -0.74729 0.20576 -0.85695 -2.4949 0.49286 -1.4365 1.0055 1.2621 -0.1177 0.2263 -0.19931 1.7228 1.6074 -0.22023 -0.072617 0.075907 0.79172 -0.045757 1.8358 -0.29024 0.29626 1.1166 1.3498 -0.66186 -0.15734 0.28011 2.9655 -1.2414 0.73884 -0.81305 0.19344 0.66208 -0.47508 -0.41067 -1.7488 2.7817 -0.062682 0.78736 1.7998 0.069237 -1.5458 0.26115 -0.66485 
cheese -0.3099 0.66554 -0.08051 -0.16253 -1.4715 -0.24018 0.3408 -1.8975 -1.8043 0.55839 -1.4308 0.30061 -0.9428 -0.035323 0.45463 -0.95256 -0.10989 0.22028 -1.4406 1.2807 -0.26525 0.017793 1.0878 2.289 0.92737 -0.24004 -3.5699 -0.51981 -0.91569 0.79022 -1.9037 -1.8496 0.82341 0.87063 0.7595 -1.0077 1.1824 0.63646 1.8755 3.2868 -3.0672 -0.68686 -1.6475 -1.6123 -2.3669 0.84224 -0.75155 0.77382 -0.6542 0.85305 -1.8003 0.8301 0.26467 -0.37645 1.0812 1.2359 2.0481 0.19838 -0.30555 -1.047 -2.4057 0.07285 -1.3616 -1.679 -0.37087 -0.53495 0.95975 1.4357 0.39159 1.2778 -0.51286 -1.0129 -0.28588 0.11478 -0.41263 1.6967 -3.1077 -1.8175 0.90064 1.2016 -0.90371 -0.9998 -0.61465 1.6992 1.0062 2.7015 0.52115 -0.2291 0.15889 0.97941 -0.82259 -0.085459 1.3817 0.15431 -0.56279 -0.0080287 1.4897 2.0281 -1.7793 0.76598 
bread -0.24892 0.98352 1.4971 -0.55864 -2.167 0.9315 0.72269 -2.5899 -2.5883 -0.13837 -2.2129 -0.17739 0.76355 1.0785 1.9735 -0.74476 -0.51212 1.6362 -2.3441 -0.94188 1.7946 0.41435 0.10942 -1.5222 1.6116 -0.20507 -1.6004 -1.0508 -1.0089 1.666 -1.5148 0.27726 0.345 -1.343 1.6782 0.2077 -1.6118 0.61202 2.6532 3.4023 -0.77134 -1.5476 -0.86501 1.8422 -2.0154 0.86731 -2.1554 0.25973 0.63471 1.3745 -0.73121 2.4577 -0.79703 -1.7891 2.9642 -1.5838 1.6404 -0.27091 -0.61628 -1.4019 -1.5757 -0.048542 -0.60425 -2.1448 -0.98022 2.0648 1.4514 -1.3753 2.5761 1.4825 1.5202 -1.3229 0.58977 2.2692 0.38757 2.4536 -1.2456 0.3649 0.6834 0.065442 -1.5613 -0.66198 -2.0741 0.58314 0.58301 4.0249 -0.76205 2.0499 -2.0298 -0.81154 0.94031 1.9529 0.19704 -0.13685 -1.1489 1.344 -0.22149 -0.25536 0.48562 -0.72642 
onion -0.010439 -0.34493 0.86019 0.91554 -1.6322 1.845 -0.79698 -2.4069 -3.1015 1.4047 3.182 -1.6122 -1.0463 1.2363 0.11789 -0.12484 -0.60858 2.5717 -1.7458 1.3266 -1.5732 0.15053 0.61062 -0.30755 0.18063 0.2377 -1.5122 -1.9609 -1.9454 2.8853 -1.8435 -0.43992 0.8012 0.68318 -0.84973 1.2386 -0.45967 -0.52379 0.24645 3.101 -2.5239 -1.4021 -1.7644 0.93861 -1.5174 1.9631 0.3466 1.2688 0.98798 -1.0906 0.15304 0.3903 -0.005911 -0.46168 0.80711 -0.11776 0.63628 1.1982 1.6777 0.40718 0.0095028 -2.6428 -1.7357 -0.97992 0.54211 0.31323 1.3604 2.012 2.9193 2.4173 1.4614 -0.11979 -1.2555 -1.5203 -0.71342 0.30985 -0.51196 -0.77101 0.85855 -0.85556 0.25233 -1.2871 0.38662 2.2807 1.9859 1.2237 1.0059 0.52515 1.2525 -2.6414 -0.23589 1.1777 -0.99429 1.0245 0.58974 0.14538 -1.3834 1.5905 -0.39106 0.66832 
paint -1.316 -1.1851 -2.1121 -0.41128 1.2431 -2.8817 2.2855 -3.0546 -0.44722 -1.4854 0.18861 0.11041 0.30425 -1.5497 -1.7943 0.57252 -2.1674 0.15663 -0.57607 2.8762 0.30877 -0.54366 0.73661 -0.50537 0.37843 0.36708 -0.43992 -1.132 0.16948 3.384 -1.1662 -1.9519 -0.65903 0.11619 -0.069245 0.2943 -2.5956 -1.5712 -1.0966 -1.9604 1.014 -0.16341 1.2635 -2.3013 -1.1712 3.7203 -0.044111 -2.4011 0.44042 0.40497 -1.8943 2.1969 2.5663 0.16957 1.6544 -2.2366 1.2436 0.56451 0.26613 -1.8251 0.56449 -2.478 -1.4627 0.55089 0.88544 -1.2761 2.1462 0.56668 1.1195 -0.070143 -1.916 1.419 -0.92212 0.78771 1.3933 1.3853 0.01875 -0.68866 -0.24105 -1.3691 -0.010785 -0.89712 1.7854 1.771 1.4569 1.6371 1.1609 -1.0274 -1.1838 -1.9845 0.28066 0.019573 -0.53893 -0.15014 0.9286 0.7763 -1.7341 -0.0061793 -0.50803 0.47512 
cinnamon -1.4454 0.63448 0.53621 -0.58621 -1.3064 0.44601 0.69238 -0.38088 -0.79216 -2.0364 -0.84636 1.6242 -0.57592 0.87901 0.92091 -0.43673 -1.9246 0.55977 -1.4867 1.6468 -0.38294 -0.96998 -0.34782 0.37571 -0.23085 1.249 0.24991 -1.3029 -0.47414 -0.65968 -0.80328 -0.15924 -0.98256 0.94467 1.431 -1.164 0.45927 1.1319 1.6522 0.59466 -1.7622 -1.1445 -0.35181 0.43506 -0.42623 0.10706 -0.27879 0.35659 -1.1809 -0.049919 1.0969 2.3254 -0.021962 0.92621 0.39394 -0.55492 0.03104 0.66796 -0.44854 -0.31478 -0.51766 -1.442 -0.18248 -1.3181 -1.7262 1.4423 0.52213 -0.30449 1.5855 -0.23762 0.30701 -1.6737 -1.1573 -0.59904 0.58062 1.4717 -0.39404 -0.014385 -0.45182 -1.6911 -2.1953 -0.083456 0.98563 2.3285 0.56085 1.0774 -0.43477 1.4176 -0.81929 -2.3602 0.59125 0.87572 1.4275 0.17068 -0.33183 2.1707 -1.0983 -0.60843 -0.013529 -0.55493 
egg 0.37261 0.9391 3.9298 -1.1858 -2.0818 -1.5483 -1.8525 -1.6294 -0.29005 5.8182 -4.2416 2.5911 -2.0639 3.4506 4.8611 1.2973 0.96989 1.7864 0.55177 0.83715 -3.0784 3.7216 2.066 0.41608 0.14438 -0.64826 -3.8769 -2.1539 0.033887 6.1973 -3.3176 -1.2543 4.9136 3.0657 1.0537 1.8899 2.0475 -2.1006 -0.23979 2.9455 -3.4379 -2.4221 -1.2162 1.0575 -0.19766 -0.11605 -2.2507 0.41781 -2.8288 1.763 -2.5959 -3.1559 0.22399 -1.5009 -0.14247 0.50037 1.3136 1.7476 -0.59798 -0.50983 -0.58413 -0.688 -2.707 -2.5304 0.81054 0.87318 -0.065198 1.2931 1.4266 -0.040599 0.14317 0.081825 -1.5246 -4.7769 1.3063 -0.43491 -1.1249 1.2753 3.9984 3.2295 -1.8357 -0.2665 -0.72989 2.1781 3.3303 4.8416 4.2971 -1.0009 -2.0461 -2.9584 -0.99961 3.0463 2.5094 -0.20417 0.73225 -1.0897 1.2953 1.6481 1.5728 0.72314 
mouse -2.2312 -1.6806 -1.8913 -0.043262 -1.5397 3.0792 -3.4796 3.2224 -1.0648 0.9828 -0.1331 3.8586 0.016737 -1.0618 2.5038 2.3491 -0.46334 -2.0057 0.15862 -0.4929 -2.1445 1.4227 -1.0591 -0.017749 -0.43344 -0.23904 1.1618 -1.7424 -0.39961 2.5878 -2.4487 -0.043029 1.9234 0.96761 1.1645 -0.18818 0.73777 -0.70307 0.50993 -1.2825 -2.0423 -0.22675 -0.45538 -2.0145 -0.60066 1.7208 -0.68887 0.80525 -3.5145 0.42695 0.62264 1.0385 0.81695 0.88533 1.2575 -0.97543 -2.7416 1.8914 4.6858 0.22306 -2.547 1.42 -1.1548 -1.2324 1.3119 -2.1368 1.322 -1.6472 -0.08867 0.22573 -0.38118 0.75512 0.029117 1.3022 2.1593 0.85566 1.1654 1.7354 1.824 1.6947 1.6724 -1.9613 -1.2241 3.1185 1.3441 3.1866 0.64486 -1.9269 -0.6722 -1.8576 -0.36949 0.12413 -2.5092 0.2101 -1.7303 -0.82133 -0.010035 1.0076 -2.9838 0.37632 
cologne -0.72278 1.0552 -0.017208 0.70363 0.67225 0.66467 0.17194 -1.4787 0.59225 -0.34689 1.9964 1.567 0.11302 -0.28409 -0.84035 -1.2181 -1.3838 -0.77249 -0.76531 1.7098 1.4903 0.44303 -0.64385 -1.0857 0.67179 0.66484 -0.33152 1.6459 0.52805 1.0056 0.57523 -0.84278 -0.30081 1.1333 0.49066 -0.44125 1.3824 -0.052103 -1.3071 -1.0542 -0.13006 0.64401 0.27768 -0.21135 -0.42884 0.78488 -1.493 0.81315 0.26997 1.7985 -0.48042 1.5003 -1.148 -0.53967 -0.16824 -0.70424 -0.03697 0.2204 0.24318 1.3158 -0.18353 -0.10743 -0.32238 0.45349 0.14507 2.4018 -0.21136 1.3481 0.1691 1.9061 -1.0921 -0.26232 1.3915 -0.17788 0.85086 0.96515 -0.76828 1.8147 -0.59792 -0.92192 -0.26917 0.27238 0.50873 2.3557 0.53264 -0.12469 -0.46454 -0.62006 -0.78574 -0.034403 1.1099 -2.0673 2.1218 0.96737 1.2257 0.21935 0.84712 0.73381 0.052824 -0.20658 
pine -0.41867 0.94712 -0.39045 0.64331 -1.0533 -4.1653 1.5013 -1.7046 1.5098 -1.9353 2.4427 3.762 -2.9094 3.3697 -0.76978 3.1325 -1.9995 -0.030534 -2.8185 1.5104 0.81848 -1.2225 -0.081486 -1.2548 -0.84651 0.66369 1.1628 0.44677 0.85856 0.20964 -2.1465 -0.52958 -1.3225 2.9982 2.0258 -2.2244 1.5127 1.698 0.012574 1.4988 -0.2129 -2.2528 1.8499 1.1927 -0.41852 1.4789 0.31945 0.22889 -2.7112 -1.1363 0.017958 2.8573 1.6756 2.1827 -0.15067 -2.2497 0.97058 -0.26349 1.15 -1.6276 -1.201 -0.50528 -1.3133 0.40975 1.8063 3.1324 1.1505 -2.1396 0.057272 -0.1808 2.5928 -2.0041 1.9405 0.62627 -1.8455 1.1713 -2.2132 0.014206 0.43065 -1.9642 -1.9141 -2.4711 1.4453 2.7633 0.12407 0.64212 -1.854 1.4224 -1.6049 -2.1442 0.69381 0.69986 -0.41396 1.9274 0.25683 6.1259 -0.052712 -0.15235 -2.8476 0.88909 
incense 0.63481 2.2857 -1.9938 0.75256 -0.90586 0.6491 0.36207 -0.453 -1.2871 -1.4737 0.16463 2.191 -2.6225 0.93382 -1.1816 1.8243 -0.45923 -0.15341 0.51685 0.89777 1.9102 -1.1177 -2.5808 -0.22101 -0.31078 1.4739 1.1753 -0.037767 -0.1458 0.93858 -2.0794 -3.0471 -1.1051 -0.11047 -0.1952 -1.0483 -2.1033 0.18741 -1.9843 0.35694 -0.52872 -0.32191 0.63951 -0.25226 0.94274 1.9823 -1.4488 -0.85104 -0.040436 -1.0556 -0.68846 2.5314 -0.16223 -0.25667 0.23549 -1.4091 -0.5752 0.76507 1.6062 -0.93354 -0.64274 -0.54813 -1.0166 -0.031148 -0.32365 0.41321 0.64508 0.71533 -0.050979 1.1274 -0.53356 -0.81065 -1.5439 -0.27536 0.6562 0.89408 0.80368 0.61278 -0.64869 -0.72286 -1.4257 1.1389 0.63516 2.4734 2.5381 -0.58708 -1.1652 1.3163 0.32363 -0.79479 -2.0585 0.57214 2.0452 -0.18009 0.86254 1.3803 -1.6047 0.070054 0.061986 -1.5261 
honey 0.15288 -1.1236 -0.029318 -1.3517 -0.015937 1.4499 0.94555 0.1229 -2.1667 0.53062 -0.73309 2.2043 -0.022988 1.0844 1.4059 -0.59801 -0.28383 1.1126 0.77646 0.23211 0.23867 -0.30624 -0.32304 0.81307 0.95703 0.53792 -1.2842 2.2931 0.88089 1.924 -1.8861 0.97895 -0.74996 2.1965 1.9155 -1.4449 0.33339 0.87777 0.22149 1.8629 -0.69638 -1.144 -1.8691 0.59771 -0.769 1.7 -2.1587 -0.36582 -0.21164 0.16856 0.034763 0.76921 -0.18902 0.96706 0.46059 0.040792 -1.7818 0.26281 -0.2344 0.02251 -1.0793 -0.1195 1.2486 -1.164 -0.42254 2.9048 -0.7939 1.0794 -0.43043 0.65854 -0.02541 -0.555 -0.59977 -0.26339 -0.76633 1.9368 -0.27651 1.4876 1.7155 -1.3183 -1.5234 0.27842 0.038749 2.5292 -1.0732 0.59951 -0.040265 1.0184 -1.6869 -0.14333 -1.4273 1.2841 2.8045 -0.1539 -1.9988 3.7723 -0.89845 -0.94657 -1.8517 0.65338 
grass 0.66642 0.97453 0.57619 0.5086 -2.059 -2.2972 1.2093 -1.4348 -0.86398 0.70604 0.081851 3.3031 -0.3176 1.5162 0.58766 1.179 -1.0522 0.28702 0.90958 -0.48714 -0.50154 0.45481 -0.90021 0.24186 -0.18322 -1.3359 0.93219 -0.0092766 0.93505 0.78879 -2.5946 -0.25628 0.77029 0.59093 0.46663 0.24987 0.25857 0.81649 0.30377 0.26144 0.26187 -0.73995 0.49598 2.4646 0.34485 2.6833 0.92781 -0.59012 0.12176 -1.9514 -0.023376 -0.37378 2.7084 -0.15947 -0.31683 -2.8212 3.4096 0.069797 -1.5647 -0.22877 -0.3056 -0.61029 -1.9819 -0.90887 1.1858 1.8522 -0.28103 0.58921 0.62194 -0.14462 -0.61114 -1.0496 -0.40944 3.7624 -0.90056 1.3 0.44414 -0.30419 0.93583 -1.3432 -0.64793 0.85466 -0.065202 3.4126 -0.6266 0.96191 -1.0169 1.326 -0.51843 -0.4108 0.53758 -0.84393 0.43165 0.54001 -0.26888 2.545 -2.3297 -0.50436 -1.9557 -0.61237 
tobacco -0.73227 -0.46742 -1.1132 0.10711 0.34532 0.99978 -2.6565 -1.4893 -0.57127 -1.2434 -0.92183 0.73385 -1.1495 1.2869 -1.7307 -0.5086 -2.7604 -0.68542 -1.7797 2.4323 -0.69732 -0.79709 -0.27945 -0.98226 0.42427 0.17261 0.0030197 -0.09837 1.6192 2.0197 -0.32741 -1.9822 -1.2269 0.013207 0.29903 -2.0506 -0.23501 0.5526 -0.5191 0.58564 0.13626 0.30127 0.38291 -0.084971 -1.8083 1.9266 -1.7215 0.50284 0.037861 -1.6948 1.9179 1.7417 0.2651 0.10424 0.59951 -0.10358 0.018303 -0.23039 -0.058428 -0.29476 -0.62613 0.057299 -0.0053735 1.2841 0.0083522 0.60671 -0.060983 0.78911 1.6128 0.19505 1.7915 0.36875 -0.45001 -0.21098 -0.86729 1.2666 -0.72077 0.46444 0.34475 -0.45331 -0.19517 1.2788 1.064 3.0487 -0.80408 0.10554 -0.5744 0.32023 -1.7081 -0.19233 -1.248 -0.93411 1.4724 0.85817 -0.5638 0.19873 -0.96559 -0.55818 -0.31111 -0.1916 
vegetable -0.079368 0.060592 2.2429 0.062297 -1.4164 0.57202 -0.90929 -1.1154 -2.1312 2.5832 -0.27209 0.40708 -0.95846 0.99225 0.4989 0.15646 -1.0558 0.065347 -0.42177 0.21264 0.23664 1.7534 -1.3442 0.18946 0.5295 0.32122 -2.1797 -1.533 0.1672 0.88236 -1.9171 -1.0847 1.2136 1.3381 -1.3549 0.50218 0.69869 1.4017 -0.060864 0.62446 -0.51744 -1.2755 -0.38173 1.3503 -1.8674 1.8458 0.21441 0.45393 -0.43817 -0.41689 0.13974 0.21877 -0.90508 -1.2909 0.1086 -1.1437 -0.28758 -0.17904 0.33264 0.032021 -1.1479 -1.6646 -0.42743 0.30976 -0.16092 -0.057629 -0.080936 -0.80796 1.224 0.72732 0.64431 -1.3692 -1.6038 -0.39042 0.87091 2.1717 -1.7813 -0.20564 0.86742 -0.26225 0.55257 -0.29585 0.52424 0.90311 1.1027 0.88526 1.8504 0.24384 0.26617 -1.0499 0.36692 0.62396 0.84802 -0.36429 -0.76978 0.90317 -1.7944 1.8548 -0.71295 -0.012669 
mint -2.6829 0.33605 0.23105 -0.30334 0.14184 -1.0735 1.0107 0.32263 -2.6974 -1.1048 2.5203 0.43145 -0.64173 0.81105 1.5199 0.80982 -3.2371 0.19688 -2.2206 1.9786 -1.7143 -1.0518 -1.1174 -0.53887 -1.0708 -0.84278 1.5004 -0.0033147 -0.11918 2.7861 -2.2732 -1.0444 -0.16803 0.89951 1.1182 -0.50381 1.8783 1.1153 -0.42781 0.38426 -2.7704 -1.6695 -1.9485 1.1219 -1.0454 1.2085 1.2063 -0.10759 -0.010438 -0.13384 3.7929 2.2512 2.153 0.32815 0.6522 -2.5989 1.3835 0.56416 1.5639 -1.3125 0.98103 -2.2949 0.94752 0.51113 -0.71593 2.0543 0.20063 -0.12433 2.0053 0.10131 2.2764 0.1813 -0.13325 -0.60822 0.32057 2.3957 -0.3506 1.6636 0.55956 -1.4499 -1.765 -1.9881 3.1294 4.6596 -0.01071 0.73779 1.8249 0.70431 -0.31649 -0.20685 0.017825 0.34745 1.5634 -0.38653 0.33086 3.7163 -0.28647 0.36305 -3.5978 -1.4599 
coconut -1.7336 -0.13604 1.1654 0.64033 -0.66014 0.3908 1.4552 -0.86907 -1.0175 0.77582 1.5806 2.4136 -0.30604 1.2396 2.081 -1.0995 -1.5821 2.2715 -0.39262 -0.60495 0.64482 0.2178 -0.0098596 0.41607 0.051866 0.66633 -1.3445 0.65238 0.049355 2.0405 -2.4855 -0.74481 0.0062074 3.0182 0.44528 -2.3812 0.85403 -0.48314 0.31601 -0.048984 -1.3409 -2.2126 -0.72003 -0.048869 0.20895 0.8401 0.24823 -0.75984 -0.037538 -0.44807 -0.37463 0.34284 -0.74977 0.18433 0.73975 -0.32011 -0.82911 -0.0452 -1.5661 -0.47549 0.68499 -1.9128 -0.10521 -0.39318 -0.026858 0.83214 0.12505 -0.86518 -0.64683 -0.57218 0.033127 -2.3301 -0.59549 -1.1617 -1.0392 -0.69024 -1.902 1.7332 0.63796 -0.86733 -1.9735 0.93954 1.1412 2.1889 -0.22503 1.7743 0.75173 1.948 0.10886 -0.059792 -0.45648 -0.29723 3.6363 0.73314 -0.027796 2.7053 0.14918 -1.2058 -1.6493 -1.1227 
weed -1.6874 0.97362 0.45974 0.31469 0.73167 -1.0118 -0.4497 -2.0423 -1.9572 1.1903 2.8548 0.11993 -1.3655 -0.37782 0.29838 1.7597 -0.1874 0.25041 0.68278 0.90609 -3.6132 -0.43668 -1.3992 0.25111 -0.11825 -0.10026 0.034377 0.57166 1.6848 0.3283 0.59908 -1.9592 -0.68978 0.71617 0.25324 -1.3601 0.96634 -1.0604 0.292 0.849 -0.45635 0.55014 1.5752 1.3957 -0.74395 0.37931 -0.27961 0.01097 -0.35169 -1.723 2.4563 0.8667 -0.80799 -1.4798 0.43344 -2.6002 1.7566 -0.60869 2.1132 0.78106 0.95939 0.67762 -2.7591 -1.2406 1.6856 0.45995 -0.74948 1.9586 2.5423 0.14087 0.52237 -1.6101 0.22258 1.1819 -1.9707 1.5759 0.76335 0.22807 1.2598 0.13767 1.2537 0.48542 -0.37283 4.1535 -0.020285 0.89896 1.8557 -0.82593 -0.15139 -2.037 -1.8046 -0.016217 0.87564 0.063389 0.69641 -1.0932 -2.4125 -0.63359 -1.5202 -0.37209 
cherry -1.7608 -0.92974 0.23509 -1.5542 0.72863 1.7793 0.14324 -1.8434 -2.4878 -0.17088 -0.14531 0.19896 -0.87126 2.178 -0.78188 -0.13998 -1.5114 0.10619 -0.60712 2.591 -1.365 -0.20933 -0.6968 0.48753 0.89864 0.37166 -2.8841 0.80831 0.84734 -0.50441 -0.691 0.39207 -1.9772 1.2902 2.3075 -1.8845 1.0854 1.8246 0.23196 0.80361 -1.7255 0.9236 -1.0421 -0.40677 -2.1956 2.3274 -1.3582 0.21822 -1.0297 0.56385 0.97948 0.59745 1.5611 0.11029 0.66624 0.13936 -0.47368 -0.74812 -0.141 -0.1199 -0.87588 -1.3154 -0.97639 -0.32315 -1.8617 2.3231 -0.79595 -2.2652 -0.76147 -2.4538 1.6386 0.078371 0.99539 0.82473 -1.2063 1.522 -0.31001 0.7182 -0.25848 -0.58167 -2.0971 -0.15853 2.8343 1.7676 0.43575 0.37797 0.20985 -0.087649 -0.46815 -2.3529 1.9126 0.70898 2.5603 -1.7174 -2.76 4.1911 0.041789 1.457 -0.87197 0.038196 
grape -0.321 -0.61249 1.9798 -0.76693 -0.26514 0.4569 -0.2297 0.85078 -2.5861 2.1968 -0.32619 -0.042936 -3.2758 1.6374 -2.3135 1.2643 -2.0058 1.0079 -1.2457 0.87019 -3.1172 -0.030841 0.36434 3.0337 0.8307 -0.12968 -1.77 0.77078 2.0346 0.28473 -2.6976 0.1515 -0.23375 0.12596 1.3996 -0.36781 1.6473 2.9917 0.8423 1.7023 -0.87533 0.050933 -1.2445 -0.22385 -2.9762 4.3593 -0.88359 1.0375 -0.53926 0.14776 -0.54806 -0.2954 -1.5877 -0.14552 0.28751 -0.23946 0.72498 -0.49142 0.7683 0.24329 -0.40958 -0.81844 -0.94808 -1.3495 -1.2546 2.9593 -0.79181 0.064949 -1.7179 -0.14316 -0.34217 0.52854 -0.65125 -1.3503 -1.4846 0.61576 -1.3258 1.3859 0.64265 -2.7084 0.29706 0.29378 0.59248 2.3347 0.99269 1.2125 1.3309 -0.97013 0.35401 -1.4458 1.7264 -2.452 0.71552 0.39045 -1.7357 2.899 2.5216 -1.582 -2.0108 -0.15487 
ammonia 1.4735 0.33147 -0.12177 0.52886 0.047284 0.65227 -1.2963 -1.4879 -1.0139 0.40032 0.74198 0.61773 0.79672 -0.021114 0.1473 0.31912 -0.43234 -0.94929 2.1597 0.28962 -0.33644 -0.11985 1.0804 -1.3347 0.56514 0.13658 0.38117 -0.24502 -0.28762 2.6759 -0.49567 -1.4383 -1.3132 1.1663 -0.32557 -0.89221 -0.87996 0.63308 -1.0797 0.88025 -0.167 -0.45946 0.35545 -0.73596 -1.2427 -1.0481 -0.45022 0.27888 0.57658 2.5179 -1.483 0.94057 0.37886 0.35228 -0.80829 -1.4423 0.57621 1.2227 1.7766 0.65829 0.2464 -0.68721 -0.11285 -0.2973 1.8175 0.83229 0.32499 -0.75494 2.0272 -0.80924 -0.99247 -0.44009 -1.8815 0.17242 0.69249 0.2864 -1.6561 1.4335 -0.85995 0.63667 -0.38032 -0.59705 -0.42779 2.4705 -0.73482 -0.3866 1.0865 0.083648 0.26667 -0.91495 -0.81674 0.37609 -1.177 1.7696 1.8366 -1.328 -1.7827 0.23221 -3.0721 -0.34695 
vinegar 1.1229 0.37171 -0.15579 -0.24294 1.0125 -0.34976 1.1364 -1.7268 -2.2183 0.79108 -0.19286 1.1093 -0.34476 0.21281 1.0491 -0.13565 -0.40427 -1.1607 -1.1912 -0.050509 -2.7372 0.26314 1.1617 -1.0236 0.13369 0.0090243 -1.1001 -0.14486 -0.81787 1.5946 0.19698 -0.18379 0.11871 1.3211 0.71907 -0.068836 0.74013 0.059563 -0.39852 0.60002 -1.304 -0.90341 -1.8729 0.64328 0.0235 1.3979 -0.28056 -0.32723 0.42948 -0.038208 -1.028 1.4307 -0.82048 0.10771 0.2734 -1.2613 -0.20367 -0.48881 1.0354 0.73295 1.1702 -1.0754 0.1459 0.15621 0.43302 -0.36731 -0.15643 -0.15927 1.1322 0.71997 1.2825 -0.61451 -1.2429 -2.5342 -0.17357 0.032899 -0.78009 1.5895 0.65726 0.84101 -2.4937 -1.025 -0.35669 3.0761 -0.076642 0.15263 2.4738 -0.85313 -1.1015 -1.5416 -0.63996 -1.4283 -0.33841 2.282 0.88988 0.91144 -0.41523 0.2484 -0.57748 -1.0259 
peach -0.25636 0.12682 3.0338 1.2973 1.1791 2.3661 0.68901 0.20519 -2.2495 0.2524 0.83707 -0.30875 -1.1759 1.1358 -0.49409 0.60995 -0.90314 1.3288 0.54071 0.11728 -0.32692 0.72632 -0.17051 0.14937 0.76882 -0.29252 -0.59319 2.2933 1.3684 1.8101 -2.4043 0.46076 -0.79915 1.6161 3.2153 -0.16865 1.0223 1.3793 1.1753 2.3382 -0.34732 0.30988 -0.68582 -1.5561 -2.0367 1.6305 -1.0397 0.89928 -1.149 -0.081358 2.72 -0.49826 1.5483 0.47127 0.15491 0.49795 -0.50731 -0.1336 -0.62763 -0.048238 -0.065575 -1.0697 1.5932 -1.0816 -0.75723 3.3438 -0.50624 -1.4773 -1.7925 -0.48281 -0.36021 0.20481 -0.56621 0.26712 -0.054758 1.2235 -1.7065 0.16022 -0.41263 -2.4396 -1.6245 -0.92535 0.033901 1.592 0.10913 0.88866 1.2131 2.5386 -1.5556 -2.0945 1.2169 0.0014805 3.1002 -1.2626 0.27342 3.9967 0.13281 0.19648 -1.8579 1.1338 
rubber -1.3421 0.2445 -1.8057 -0.80813 -0.073888 -1.7705 1.0273 -2.5197 -1.3513 -1.0916 0.43455 2.0063 -1.1648 0.78532 -2.3574 0.78619 1.0392 -1.5963 1.392 0.39925 -0.94261 -1.1363 -0.52328 -1.1003 -0.20809 0.44696 -0.90533 -1.0164 0.29071 1.8823 0.73207 -0.53605 -1.7082 1.9085 -0.62902 -1.5129 -1.8824 -0.57198 0.86095 0.21162 -1.0724 -0.75681 0.33335 0.27308 -0.43031 2.321 -0.74032 -0.48964 0.37488 -0.7882 -1.9765 1.9078 1.4844 -1.4422 0.89063 0.028906 0.74708 0.97318 -0.011445 0.28236 -0.37955 -0.53197 -2.0255 0.20507 1.8203 -1.0907 0.65345 -1.3004 -0.45254 0.21799 0.30703 -2.069 -2.3712 0.90089 -0.81854 -0.73068 -0.47341 0.17577 1.0627 1.8316 -0.53171 0.56662 -0.3993 1.903 0.93682 0.95573 -1.9734 0.65557 0.24537 -0.24277 -1.5567 0.063055 0.97092 -0.085633 0.6042 0.46063 -2.4271 -0.75344 -1.0659 0.043824 
grapefruit -0.34062 -0.53265 0.95656 -0.33322 -0.14425 1.9251 0.55435 0.25985 -1.4265 -0.63432 2.015 0.29574 -1.0193 -0.0047747 -0.91502 0.87105 -1.284 -0.26604 -0.60863 0.78142 -0.97598 -0.13907 0.075999 -0.09013 0.38329 0.54662 0.81398 1.0026 0.93671 0.86776 -2.0644 0.81501 -0.85196 1.206 1.435 -0.55517 1.4875 0.45004 0.89013 1.2308 -0.93189 0.016714 -0.76762 -0.39164 -1.6642 0.99109 -0.72224 0.9935 -1.2012 -0.9409 1.4685 -0.51613 0.010739 0.28666 0.30507 -0.19053 -0.49236 0.011851 -0.74656 -0.62946 0.60554 -1.8622 0.79539 0.95481 -0.64991 2.1462 0.10549 -0.52776 -1.1441 0.84738 0.81137 -0.51664 -0.29912 -0.40555 -0.44751 1.7442 -1.3 0.84472 0.52827 -1.5851 -0.7294 -1.6293 1.549 2.4475 0.15828 1.3555 1.527 0.80349 -0.73244 -0.40001 1.2299 -1.4316 -0.024057 0.25302 -0.40559 3.7459 0.14051 -0.50799 -1.73 0.3064 
berry -2.1632 -0.80127 0.74037 -0.91846 0.026664 1.8221 0.084259 -1.1426 -2.9921 1.1191 1.7623 -0.6005 -2.929 2.2242 -0.86375 -0.22434 -2.0971 0.4804 -1.1589 1.9958 0.067019 -0.52753 -1.0545 0.11789 0.29551 0.60789 -1.4287 0.88357 2.1392 -0.66279 -1.5854 -0.38401 -1.6519 2.0863 3.2209 -2.6778 2.4797 0.80391 1.0976 0.5324 -1.1109 0.13434 -0.84457 0.51541 -2.5599 2.0345 -0.1847 1.2476 -0.47496 -0.17969 1.4738 -0.22513 0.12137 0.55887 -0.1962 -0.1682 -0.36979 -0.77903 0.68923 0.27075 -0.71904 -1.5533 -1.3289 -1.2654 -2.1739 3.7421 -1.8462 -2.597 -0.44591 -1.4244 0.46484 0.79927 0.96251 -0.52155 -1.5678 3.2614 -0.6332 -0.090044 0.62828 -1.6792 -1.3513 -0.43901 2.1413 2.7107 0.77968 0.87497 -0.38903 1.2163 -0.6081 -2.0405 2.0304 0.019861 1.841 -1.6596 -2.4466 4.3528 -0.37238 -0.73054 -0.57647 2.2418 
strawberry -1.5926 -0.48024 1.05 -0.62225 -0.36119 1.1193 0.055128 -1.0098 -1.8193 0.50632 0.18917 0.7455 -0.56733 0.12984 0.060652 -0.56872 -1.1622 0.99628 -0.26533 0.88602 -0.15817 -0.96901 0.30838 0.034969 0.20216 -0.21884 -0.88357 1.5031 0.69787 0.79995 -1.0667 -0.23444 -0.62628 1.3805 1.5991 -1.5195 1.73 -0.021444 0.42209 0.49134 -0.91478 -0.41542 -1.0468 -0.24941 -1.4462 1.0414 -0.036341 -0.19335 -1.3539 -0.19195 0.72614 0.63547 0.1449 -0.17797 1.0597 -0.77538 0.42028 -0.35683 -0.17971 -0.25017 -0.37856 0.23328 -0.20139 -0.43793 -1.8644 1.1156 -0.22867 -1.8283 -0.19789 -0.71148 0.71757 -0.51531 1.0356 0.40114 -0.25425 1.3516 0.058884 -0.22897 0.31004 -1.4027 -0.64923 0.17581 0.85026 1.0122 0.87391 1.1958 1.44 0.84456 -0.71515 -1.0907 0.53592 0.58219 1.4383 -0.62746 -1.5137 2.6011 0.36316 0.20471 -1.8689 0.96274 
manure 0.41714 0.54481 1.1538 -0.38053 -0.77148 -1.4348 -1.669 -0.94688 -3.2431 2.4222 -0.50501 1.0305 -1.2163 0.48327 0.6441 1.9062 -1.7871 0.90834 -0.38714 0.037874 0.34731 1.3669 -0.79747 -0.43951 -0.92671 -1.8587 -0.66958 0.85546 -0.73516 1.2744 -0.92576 -1.0048 -0.85266 -0.089725 0.38068 -0.4732 0.046904 0.65198 0.27724 -0.51476 -1.2789 0.48364 1.3541 0.78624 -1.9208 2.3841 -0.083949 -1.7085 -0.17625 -0.54403 -1.3758 -0.13791 -0.64092 1.1098 0.98009 0.54323 1.8291 1.3056 0.8787 1.0443 0.57022 1.0995 -1.5807 0.072595 1.3397 1.0645 0.70618 0.0076684 2.1843 -0.35889 -0.58568 -3.4674 -1.35 0.52906 -0.4397 0.40907 -1.4713 1.167 -0.067748 0.54009 1.6637 0.030075 -0.22476 2.3745 -2.1624 0.10057 -0.1308 -0.045388 -1.0123 1.028 1.6122 0.73063 -1.3066 0.36746 0.46653 -1.4626 -3.1655 0.66524 -0.56708 1.3368 
clove -0.89823 -0.061393 -0.75378 -0.91961 -0.59763 0.13197 1.315 -1.3656 -2.3621 -0.48902 -0.082229 3.2179 -1.4466 0.74722 -0.89838 -1.2968 -1.6937 -0.15194 -1.5986 1.4804 -1.7526 -0.36737 -0.77867 -1.0054 0.69198 0.87309 0.3202 -2.3953 0.16145 0.59598 -1.04 -0.53464 0.0014751 1.2453 1.0869 -0.49368 -0.33193 0.70325 1.6912 1.6677 -1.7464 -1.2777 -0.81835 0.29364 -0.68308 2.1005 0.68058 0.59252 -1.297 -0.85474 0.36572 2.3072 0.81873 0.55131 0.38078 -1.8354 0.32151 1.101 1.4551 0.71214 -0.35222 -2.6936 -0.053058 -0.079871 -1.2278 1.3691 0.80865 1.637 2.4325 -0.07658 0.37362 -0.17246 0.11125 -1.1638 -0.63907 1.3095 -0.172 -0.18839 0.50813 -1.8919 -2.1857 -0.56927 1.3547 4.047 0.82848 -0.3855 0.49104 0.87295 -0.51512 -2.2672 -0.031307 -0.040439 1.4485 0.20153 -0.47754 2.978 -0.21957 -0.76529 -0.46614 0.31427 
cedar -0.27254 0.43278 -1.1087 -1.2915 -0.41042 -1.6496 2.3515 -0.89865 -0.57334 -2.5395 1.0088 2.6142 -2.8842 1.2796 -0.16001 1.29 -2.2229 -0.32955 0.61525 2.08 0.79388 -1.4649 -0.25781 0.45612 -0.8364 1.036 2.4962 -0.41184 1.9738 0.56826 -0.92774 -1.7057 -1.5735 1.4632 2.539 -0.55686 -0.80695 1.2555 1.1119 -0.49231 0.35337 -0.18101 1.9068 -0.57972 -0.22934 2.0713 0.34607 0.83809 0.186 -1.0723 1.8257 0.68898 0.28321 0.82925 -0.85973 -0.78052 -0.028752 -1.3993 0.68579 -0.72101 -1.1367 -0.26227 0.031075 0.099728 0.42903 1.1029 -0.98714 0.33399 -0.54164 -0.071104 2.0424 -0.18245 0.32448 -0.05092 -0.29071 1.7632 -1.8022 0.3287 1.3158 0.38422 -2.6392 0.42157 2.2477 3.0886 -1.7704 1.3285 -1.0567 1.3833 -0.95293 -1.3416 0.19452 -1.7984 2.0723 -0.7302 -0.38927 3.7135 0.47716 0.0608 -1.3492 -0.54831 
gasoline -0.63364 -0.64353 0.71827 -0.88142 0.83978 -1.1448 0.71072 -0.88418 -0.22175 -0.036135 0.3239 0.33614 -0.1895 0.13777 -1.0824 0.23838 -0.054635 -1.2592 1.6986 1.5109 -1.1629 -0.56768 -0.024133 -1.3901 0.46326 1.0292 -0.18713 0.14163 0.725 0.98283 1.1093 -0.68363 -1.0614 1.3219 1.4118 0.14613 -0.65729 0.16531 -0.27675 0.65851 -1.2246 -0.29065 1.0965 -0.52668 -0.050531 0.66209 -0.90652 -0.25464 0.71702 0.80787 -1.3057 0.84809 -0.35815 -0.76871 -0.63075 -2.0139 0.15829 -0.36195 0.038335 1.136 0.71711 1.029 -0.37504 -1.2577 0.52511 0.28126 0.75934 0.56773 -0.54789 0.11308 0.23124 -0.29814 -1.477 0.055407 -1.1289 0.80162 -2.0013 0.56704 -0.55406 0.32986 0.12809 -0.44238 0.47506 1.4236 0.41009 -0.48177 -1.1693 -0.028115 -1.3948 -1.0239 0.24963 -0.26499 -0.13645 1.6114 0.59266 -0.49407 -2.8345 -1.3274 -0.89895 -0.045932 
oak 3.2801 -0.63652 -1.4233 -2.3314 1.1968 1.3171 2.3302 -2.048 -3.473 -1.7515 -0.72566 4.176 -4.1268 5.1554 -2.4472 2.3342 -4.744 -0.34155 -1.0466 2.7402 -1.5988 -0.41707 -0.9247 -1.0726 -0.081165 0.84806 1.9553 0.5724 3.2313 0.42296 -3.6492 0.003496 -0.17817 1.0444 2.987 0.040909 -0.92497 3.6667 3.0063 0.78653 1.3854 -1.4318 2.8344 0.84048 -1.8132 3.6316 -1.6713 1.4779 1.5265 -0.20228 -2.2021 1.9544 1.6703 2.5235 1.3702 3.7595 -0.65238 -3.2362 -0.43109 -1.2319 -4.1894 -0.64991 1.5162 -1.936 0.29413 1.8223 -3.3772 -2.5212 -2.9397 -2.2953 -0.081415 -3.1134 0.30884 1.0868 -4.1199 2.102 -4.2512 0.75785 3.0506 -0.623 -5.2033 -2.5603 1.0402 4.245 -0.42262 -0.82861 -1.3106 -1.976 0.074161 -4.3037 1.3492 -3.2984 3.4788 0.4597 -3.4426 4.1659 1.8879 0.61413 1.5286 -1.6874 
pear -1.0472 -0.10334 2.2548 -0.62275 -0.21441 1.7724 1.6125 -0.41452 -2.7453 0.35584 -0.10948 1.0137 -1.7654 1.8005 -0.69775 -1.0836 -0.86934 -0.37415 1.1017 1.2494 -1.2129 -0.64754 -0.18629 -0.33715 1.4998 -0.74901 -2.1803 2.5721 0.97416 1.241 -3.9113 0.30151 -0.41289 2.7197 2.6777 0.53035 0.60546 3.4203 3.3256 2.1549 -1.7564 -0.069435 -0.23982 -1.6634 -1.5417 0.384 -0.70269 -0.73812 -1.3032 -0.043297 3.5476 -1.1125 3.0337 -0.34077 0.058937 -0.11417 -0.58778 0.16 0.65176 0.60556 -1.1311 -3.0634 1.0608 -0.64275 -0.74789 4.096 -0.46667 -2.3329 -1.1663 -0.51539 -0.95785 0.77719 -0.24635 0.64737 -1.6685 1.8037 -2.4741 0.7739 -1.1945 -2.8296 -0.21042 -1.6319 0.17123 2.913 0.64986 1.4386 0.86406 1.6182 -1.5372 -2.7225 1.0297 -1.0236 2.6942 -0.58017 -1.2662 6.2032 0.67806 -0.038913 -0.91534 1.3055 
banana -1.7737 0.72413 0.0057041 -0.4885 -0.81192 1.3887 -0.22911 -1.9929 -0.60735 0.63504 0.1383 0.68702 -1.0099 0.082735 1.4966 -0.096869 -0.38892 0.84911 -0.4858 0.72842 -1.742 -1.082 -0.25487 0.10999 0.60481 -0.80007 -2.1386 -0.20733 0.99277 1.3516 -1.7216 0.42764 -0.38595 0.69095 1.5821 0.23331 -0.11062 1.0328 -0.06254 1.3834 -2.4389 -1.4631 0.1506 -0.29934 -0.19485 1.2501 -0.092843 0.80402 -1.1882 0.39155 0.043096 0.1156 0.13606 -2.4655 1.4804 -0.60789 -0.26926 -0.35713 -0.2243 -0.463 -1.3492 -1.4884 0.01478 -0.17326 -1.212 0.65618 1.6739 -0.96862 -1.1938 -0.45542 0.7996 -1.4039 0.072721 -0.081047 -0.093906 1.0709 -0.78093 0.055215 -0.018942 -0.83903 -0.38603 -0.18738 0.6775 2.8637 0.24966 1.6614 1.589 0.53907 -0.13298 -0.43057 -0.033772 0.94636 1.7397 -0.40354 -1.1462 0.54122 -0.14194 0.44119 -1.5429 0.86216 
popcorn -1.476 0.098122 -0.91809 1.752 -1.4 -1.4865 0.059095 -3.0096 -0.30706 0.92924 -0.48663 0.4928 -1.8339 0.72506 0.74836 -0.11868 -0.24515 0.094512 -2.1729 -0.45562 -0.65741 -2.1299 -0.30852 0.26407 0.81251 -1.2096 -1.0109 -0.59881 0.15343 2.8016 -0.093138 0.12777 0.62079 -0.55712 1.3204 -3.0954 0.37037 -0.76223 0.72616 2.8908 -1.1162 -0.16274 0.033777 -0.97629 0.33422 0.87673 0.37528 2.628 0.3146 -0.46225 0.37738 -0.068872 1.3581 -1.0121 1.6149 -2.641 -0.076647 0.80055 1.288 -0.60766 -0.41753 0.61262 -0.24441 0.15442 0.15604 -2.4986 0.58548 0.88573 1.135 1.1159 1.615 -1.2907 -0.10764 1.0777 1.8314 -0.27904 -1.8763 2.1868 0.008641 -0.037227 -0.30153 0.26527 -1.3497 0.39008 0.9443 -0.67588 0.42805 1.816 -1.34 -1.2214 -0.14344 -0.20701 1.2661 -0.64185 0.11864 1.2454 0.36867 -1.5742 -0.245 0.86782 
caramel -1.056 -0.67741 -0.073617 -1.2337 -0.0097398 0.56222 -0.20252 -1.1416 -0.93957 -1.1933 0.60476 1.8433 -0.43481 0.10943 1.4389 -0.28507 -1.2398 0.69634 -0.92158 0.78547 -1.6979 -1.0915 0.48516 -0.96581 1.2636 1.4667 -0.95897 0.22414 0.68293 1.5256 -2.631 1.3372 -1.121 1.0018 2.599 -1.2041 0.41624 -0.98448 0.8088 2.4 -1.7959 -1.1657 0.79273 0.050853 -1.5588 0.72991 -1.1014 0.38889 -0.41216 -0.63563 -1.1248 0.20019 0.57208 -0.31956 1.6363 1.6794 -0.99529 -0.86963 -0.2995 -1.1978 -1.9508 -1.4741 0.32047 -1.0676 -0.029296 0.81129 0.55364 -1.0937 1.0366 -1.7968 -0.83661 -0.024943 -1.3767 0.5104 -0.17079 -0.49327 -2.6842 1.8962 1.1752 -0.83752 -2.4318 0.34681 1.3137 2.0841 0.71451 0.62372 0.044618 2.038 -1.8783 -1.9466 0.27611 -0.39393 2.7941 -0.59197 -0.71658 2.8107 0.57408 -0.37426 0.2522 -0.6575 
eucalyptus -0.57223 1.0768 -0.032043 0.33752 -1.3615 -0.82869 0.72487 -0.23397 -0.33337 -0.80707 1.1492 0.77153 -0.45017 0.69468 -0.70116 0.7429 -1.1233 -0.26746 0.024829 0.41548 -0.56963 -1.046 0.084967 0.0029069 -0.5728 0.75798 1.8027 0.15543 0.36412 1.0053 -0.36356 -1.5564 -0.20888 2.3843 0.55558 -0.29888 0.51977 1.1274 -0.93268 -0.08773 -1.2273 -1.315 0.16026 0.12202 0.20426 0.55312 1.2885 -0.24519 -0.66324 -0.46725 0.18312 1.2084 0.60549 0.39976 -0.16113 -1.2297 -0.28112 0.23412 1.1855 -0.36592 0.69211 -0.74649 0.34921 -0.05316 -0.56986 1.4897 -0.71732 -0.97366 0.067281 0.32609 0.98202 -0.73912 1.1134 0.16979 -0.28273 0.63833 0.72226 0.39127 0.22292 -0.15495 -1.5957 -0.57061 1.6393 1.5656 0.34877 -0.17539 0.24694 0.94427 -0.37617 0.073803 -0.19322 -0.0071022 0.2738 0.6643 0.066493 2.4968 -0.82223 0.10651 -1.6167 -1.3279 
bakery -0.61554 0.55858 1.2719 -0.10989 -1.0363 -0.96621 1.5073 -1.5378 -0.16996 0.30609 -1.3392 -1.1557 0.63862 1.2714 2.7194 0.8325 -1.9751 0.26723 -2.5521 1.468 1.8348 -0.676 -0.90334 -0.11107 -0.073064 -1.4359 -1.2673 -0.256 -1.8648 1.0638 -0.28964 -0.89794 -0.71826 -0.93031 3.0555 -0.3024 -0.81857 -0.60239 1.8847 1.2975 -0.37061 -0.96672 0.34165 -0.77156 -1.8144 1.7538 -2.1766 0.23499 -0.78931 1.498 -0.27762 2.7264 -0.46877 -1.4486 1.5024 -2.4556 1.0805 0.18579 0.6721 -0.63232 -0.24806 -0.35256 0.25672 -0.94711 -1.7052 2.5207 1.3204 -0.87083 1.0013 0.13941 -0.20599 -2.3556 -0.81477 1.4366 1.0965 1.8431 -1.0962 0.23571 0.20268 1.4654 -1.6665 1.7407 -1.6672 -1.512 0.63359 0.39087 -0.87571 1.4238 -1.228 0.018677 1.915 1.5101 1.5352 -1.5001 -0.73561 -0.0099684 0.64559 1.766 1.5148 -0.98029 
peppermint -1.323 0.34259 -0.037511 -0.49949 -0.18017 0.80165 -0.024881 0.71844 -0.47365 -1.3555 1.2941 1.265 -0.59507 -0.039476 0.92993 -0.17138 -1.6992 0.28646 -0.14279 1.465 -0.57722 -0.88267 0.035528 -2.0442 -0.27878 0.6717 1.2024 -0.21671 0.1514 1.0706 -0.87733 -0.68647 0.10344 0.90182 1.0539 -0.77713 0.94883 0.78304 0.41814 0.072524 -2.3773 -1.3278 -0.99702 -0.2538 -0.5936 0.44077 1.4411 -0.37441 -1.2446 -0.53095 1.7605 0.8889 1.1712 0.20707 -0.1447 -1.2544 -0.55097 1.1927 1.1679 -1.1051 0.32522 -1.1047 -0.21496 0.4182 -1.1507 1.1331 0.18871 -0.14194 0.46789 0.39666 0.85061 -1.4131 -0.038233 -0.69915 0.67907 0.87364 -0.34746 0.31426 0.34911 -1.5693 -1.5222 -0.16864 1.4385 1.8297 -0.034041 0.42173 0.39126 0.045902 0.017488 -0.98393 -0.20148 0.98297 -0.034354 1.7274 0.26193 1.7591 -0.97767 0.019376 -2.4782 -0.83176 
mushroom -0.60101 -0.53968 0.51093 -0.35501 -1.9838 -0.0669 -0.28553 -1.0169 -3.0412 1.6338 -0.59032 1.5626 -1.7226 0.71073 -0.78709 0.66536 -1.5462 0.30123 -0.52426 0.042639 -1.9673 1.2521 -0.10848 0.10113 1.4961 0.60857 -0.82062 -0.10829 1.5261 1.3777 -1.8198 -1.1148 -0.63012 -1.0095 -0.2372 -0.22233 -0.40559 0.62041 0.74358 0.7525 -0.79744 0.41017 0.16386 -0.35472 -0.92368 0.51232 -0.18966 0.6789 -0.4706 0.75658 1.0682 -1.1488 -0.50578 1.3781 1.1195 -1.0376 1.1594 -1.0784 1.331 -0.44419 -0.73307 -0.35871 -0.75687 -0.43699 -1.0203 -0.81495 0.09881 0.90672 0.14307 -1.0559 0.44066 -0.62396 -1.5345 -1.3624 0.69842 0.36958 -0.95254 -0.86808 1.0585 -0.97119 -0.31411 -0.65687 0.2147 1.148 -0.35319 1.3986 0.049816 0.0022641 -0.37269 0.49955 -0.92872 -1.0121 0.8287 0.3488 -0.017847 1.0737 -0.48899 1.3525 -0.93625 0.17706 
raspberry -1.7277 -0.64986 0.57794 -0.50212 -0.15142 1.5159 0.16928 -0.55166 -2.2897 0.062799 1.1478 0.14745 -1.7567 -0.0069207 -0.17252 -0.069857 -0.93597 -0.2051 0.18447 1.478 -0.54669 -0.91413 0.80292 -0.10017 0.38753 0.57982 -0.7603 0.86976 0.96753 0.27118 -1.6577 0.35896 -1.0601 1.5456 2.5789 -2.3696 0.50781 1.271 0.52508 1.6796 -0.83152 -0.27516 -0.47498 0.0092431 -1.132 0.8499 0.1734 0.29362 -0.034805 0.37618 0.8816 -0.46473 0.4017 0.83199 -0.47844 0.32577 -0.72702 -1.1464 -0.23608 0.13816 -0.57731 -0.73372 -0.4813 -0.49756 -1.293 2.4979 -0.85583 -1.7542 -0.4909 -0.89083 0.52324 0.60504 -0.59365 -0.2679 0.31839 0.75092 -0.88957 0.85163 0.64752 -0.77281 -0.66263 -0.015593 1.5713 1.6064 0.64194 0.86342 0.63783 1.4703 -0.23666 -1.326 1.1392 -0.28464 1.9692 -1.1338 -1.6816 3.4928 0.0095006 -0.44498 -0.44766 0.22746 
almond -1.7267 -1.4095 0.86888 -0.20524 -1.064 0.80341 0.20465 -0.46429 -1.717 -0.30696 0.18088 2.2161 -1.7459 1.9225 1.4489 -1.1156 -1.2914 1.7841 -0.30643 -0.65082 0.25432 -0.69744 -0.24981 -0.60046 1.2978 -0.087264 0.84399 1.5076 0.86985 1.3955 -1.1809 -0.13635 -0.28996 1.6205 1.2725 -0.14228 -0.83754 0.78483 0.10636 1.6507 -1.4605 -1.1696 -0.66034 -0.68366 -0.68956 0.23455 -0.75712 0.46448 -0.95582 1.0039 0.81227 -0.49652 0.74388 -0.099101 0.37728 -0.21999 -1.0717 -0.047897 -0.014958 -1.0982 0.24145 -2.0975 -0.52771 -1.1584 -1.2473 1.8583 -0.69632 -0.38343 0.48169 -0.86207 1.3053 -0.091748 -1.1268 -0.93072 -0.93798 1.3903 -1.7022 2.3347 1.1531 -0.62065 -1.7158 0.87364 1.4685 1.8285 -0.57112 0.50086 -0.34431 0.90914 -0.24065 -0.56239 0.89349 1.1128 2.1794 -1.4006 -0.95604 2.6953 -0.96635 -1.2452 -1.1853 0.49321 
violet -0.92417 0.69417 -0.75402 0.48041 0.19841 1.3582 1.2455 0.19507 -0.83263 0.38215 1.4086 -0.054505 -1.2088 0.33276 -0.4123 0.97988 -1.2477 -1.0939 1.3103 1.0047 -0.43549 -0.67243 -0.92268 -0.33358 -0.080902 1.1463 -0.015483 1.7921 1.6379 0.16216 -1.1367 0.74781 -0.73448 0.91281 0.77279 -0.32128 0.025792 1.5094 -0.64985 -0.092723 0.44349 0.53776 0.12169 -1.1451 -1.1 1.455 -0.79801 -0.66835 -1.8328 -0.30548 0.55141 -0.09129 1.0844 1.1109 -0.27165 0.44399 -0.46045 -0.62261 0.57914 -1.2433 -0.86922 -2.1942 0.524 0.3112 0.12259 2.4198 -0.18909 0.83451 0.27282 -0.7898 -0.30358 1.1191 -0.43728 -0.94619 -0.68679 1.3458 0.71321 0.67254 1.0985 -0.83504 -2.4 -0.81421 1.8066 2.1794 1.1134 -0.68668 0.052671 1.2047 -0.58036 -1.3461 1.4537 -0.97783 1.8376 0.12824 -1.2935 3.1943 0.35658 -1.1664 -0.77071 0.42082 
pineapple -0.75778 0.32452 0.64212 0.74177 0.093311 0.39721 0.27885 -0.55362 -0.88741 0.095419 0.0073712 0.95119 -2.0032 0.15141 0.088929 -0.1033 -0.982 0.050802 -1.3084 -0.15667 -0.09711 -0.35199 -0.56009 -0.038998 0.73374 0.33589 -1.3089 0.99255 0.52952 0.63239 -1.9567 0.28954 -0.66381 2.2159 1.2597 -1.2563 1.3648 0.60015 0.33997 1.8253 -1.0337 -0.76933 0.14386 -0.082439 -1.0815 1.4185 -0.036595 0.13158 -0.23794 -1.3724 1.5152 0.36498 0.6694 -0.24677 0.53038 0.32153 0.011385 -0.3937 1.3306 -0.89195 -0.54815 -0.93512 -0.39477 -0.28033 -0.11873 1.8364 1.0413 -0.46459 -1.2694 -0.078833 0.61476 -1.2671 -0.5948 -0.43065 -0.69937 0.65135 -1.4093 0.34518 0.53419 -1.4403 0.063784 -1.1008 1.1451 1.6807 -0.32934 1.3859 0.45081 0.43509 -1.1043 0.15333 0.37358 0.16395 0.41359 -0.36647 -0.14889 2.6402 0.31607 0.41184 -2.0883 0.92873 
detergent 0.28654 -0.51612 0.23376 -0.46959 0.6031 -0.97311 0.057372 -0.41159 -0.61047 -0.99165 -0.56061 -0.45923 0.29268 -0.37413 0.40169 -0.77898 -0.34353 -1.2069 0.36921 0.62035 -0.15599 0.35925 -0.75124 -0.5881 1.6439 0.92251 -0.55094 0.46633 0.26273 1.4184 0.21785 -1.1487 1.031 1.1963 -1.4981 0.083496 1.1542 0.59484 -1.9263 -1.1442 -0.097876 -0.083847 -0.48351 0.99498 -1.3478 1.2067 0.68886 -0.66866 0.2462 1.4072 -0.12639 1.3305 -0.95636 -0.63121 -0.49727 -2.6727 -1.0678 1.4985 0.88011 -1.7309 1.5116 -0.080955 0.42753 1.9205 1.2472 0.044481 0.47371 -0.26691 0.91776 1.1306 1.3104 -0.86071 -0.72013 -0.58311 0.34187 0.54603 -0.048425 2.0813 -0.93535 -0.0083343 -0.34314 0.44107 0.35627 2.8625 1.1465 1.8639 1.3189 0.38072 -1.0033 -0.15328 0.56927 -0.48435 -0.46661 1.0362 0.52172 0.17535 -1.2589 0.58076 -0.91911 -0.29723 
disinfectant 0.77701 0.25691 0.53864 0.22661 0.40083 -0.53757 -0.54712 -1.3553 -0.2832 -0.22749 0.093576 0.86949 1.0088 -0.075203 -0.46896 0.9151 0.049851 -0.299 -0.27833 0.22629 -0.71867 -0.25777 0.1257 0.14927 0.52128 0.50314 0.3725 0.45075 -0.78627 2.2781 0.22462 -0.67509 -0.70573 0.90954 -0.40765 -0.87393 0.18968 -0.54524 -1.0032 0.20772 -0.87663 0.22736 -0.42222 -0.58383 -1.2026 1.71 -0.22066 -1.449 0.28809 0.78584 -0.30791 1.3136 -0.026304 0.71369 0.11777 -2.0517 -1.42 0.42466 1.1557 -0.92585 0.068135 1.1058 0.95598 1.0524 0.66717 -0.36347 0.91261 -1.6862 0.42024 1.085 1.2398 -1.0846 -0.15879 -0.52997 0.13549 0.70773 -1.1023 0.76358 -1.1313 -0.026568 -0.27657 0.0076543 0.2208 2.1291 0.56944 0.70251 1.4558 0.50662 -1.2151 -0.038126 -0.23976 0.39142 -1.1501 1.4272 1.6803 -0.49565 -1.1544 1.0687 -0.88935 0.0097954 
potato -1.2183 0.25952 1.0195 -0.45343 -2.1036 0.27476 0.6251 -2.5644 -3.4855 1.7427 -0.66168 1.089 -1.3965 1.3831 2.1906 -1.3522 -0.53871 2.2355 -1.8758 0.55018 -1.0041 -0.052321 0.4775 -0.49622 -0.57839 -0.59157 -1.7068 -2.2211 -0.46605 1.5206 -0.13565 -1.0778 -0.16746 -0.03724 0.56193 0.40424 0.11415 0.13817 1.0647 2.2023 -1.2735 -1.7981 0.21019 1.0163 -1.0662 0.73567 0.67376 1.0125 0.84263 -0.12152 0.1266 -0.57884 -0.11157 -0.85077 1.1013 0.10441 0.51318 -0.30769 0.21774 0.34075 -0.38933 -1.7358 -1.6462 -0.42033 -1.1216 -0.3675 0.65301 -0.36215 0.91735 -0.29835 1.0152 0.34505 -0.51089 -1.0079 1.218 -0.06789 -2.0506 0.36245 0.60527 0.50467 -0.26844 -0.95113 -1.2055 2.6075 2.0522 0.97835 2.2071 0.59351 0.44848 -0.22483 0.29353 0.23562 0.17702 -0.00029531 -0.1212 1.6339 0.44858 0.82837 -0.82972 -0.38048 
bark -1.7239 -0.17163 0.25529 -1.3895 0.7303 -0.11157 0.26985 -0.27001 -0.608 1.6201 -0.55078 2.8651 -2.2741 1.7586 1.1949 2.0051 -0.024648 -0.41241 0.56794 1.5425 -1.7148 0.4727 -0.91748 -0.72718 0.68446 -1.6806 -0.48901 1.192 -0.37353 0.93615 -1.3173 -1.2672 -0.7989 -0.64764 1.0236 -0.71132 0.076306 -0.45345 0.93257 0.62524 0.8295 -2.6399 -0.02862 1.6798 -0.039701 1.3746 0.45011 -0.62751 0.47002 -2.1184 0.29648 0.53949 1.9453 0.19452 -1.3017 -2.8771 0.76384 0.81546 1.9325 -0.68418 -2.2311 1.0814 0.044728 -0.79971 1.1888 0.21297 -0.43975 -0.79243 0.80905 0.013157 -1.7275 -0.030863 0.17721 2.9431 -1.709 0.39109 -0.49716 -0.74187 2.364 0.24776 -1.8633 -0.90043 0.16118 2.2271 -0.16625 -0.46551 -2.6711 0.51373 0.19798 -1.9037 1.9334 -1.0584 -0.36722 -0.96584 0.62805 3.6438 -1.8044 1.0531 -0.19207 0.46315 
cork 0.41703 0.61931 -0.19462 -1.8168 1.8726 -0.34111 1.3074 0.062008 -1.0288 0.98928 -1.3064 -0.44658 -2.1301 2.5014 -0.79335 1.4389 1.1128 -1.198 -1.235 2.7644 -0.64776 -0.30699 0.86235 0.99159 0.54747 -2.6746 -0.37942 0.99005 0.57661 1.5553 -1.6145 -0.67483 -0.82455 -0.23236 1.2634 0.2145 0.70566 0.4647 0.93707 0.083317 -1.5904 0.52598 0.20167 -0.26845 -3.0344 2.8916 -0.51025 -0.20403 0.13988 0.80016 -2.0141 2.3154 1.6155 -0.28629 0.64504 -0.33796 0.53566 0.28439 0.033787 1.6509 -1.3917 0.41674 0.33893 -1.127 -0.73386 -2.2138 -1.8785 -0.44858 0.74545 -0.39547 0.64196 0.34408 -0.43339 -1.7857 -0.90403 0.65555 -2.8101 1.0601 0.73747 0.23777 1.088 -1.1237 -1.4708 1.3462 -0.5547 0.59182 -0.96815 -0.93271 0.54258 -0.7515 -1.0591 -0.33521 -1.2647 0.065524 -0.72532 0.093609 1.9735 -0.9673 0.21093 -0.051853 
hay -0.073057 -0.060411 -0.20406 -1.3587 -3.4513 -2.4735 0.67919 -3.227 -2.5705 0.86702 0.18375 0.5718 -1.0917 1.6808 1.5115 0.16729 -0.7074 0.88441 -0.99035 1.1517 -0.45196 1.151 0.065639 1.2807 -0.33357 -2.9341 1.1574 -0.67777 -1.3816 0.077879 -1.6622 -0.10088 -2.3146 1.0252 0.97953 -2.612 -0.11468 1.7291 0.42852 1.4111 -2.0035 0.67195 -0.62434 1.1618 -2.1331 2.1591 0.25021 -0.48885 0.72836 -1.2724 -1.4456 0.072611 3.1905 1.071 1.0361 -3.446 0.77639 1.1543 0.49636 -1.2554 -0.81655 0.74083 -1.1266 -0.039089 2.1651 1.4017 -0.91425 -0.84983 1.0108 -0.43279 -0.79702 -0.91835 -0.27377 2.7713 -3.0507 1.7097 -0.1587 0.65141 2.0634 0.087144 -0.22382 0.66771 1.6278 2.1667 -1.4365 1.4553 0.29924 0.44556 -2.7646 -1.6875 2.1923 0.35699 1.0336 2.3829 1.2229 1.7558 -2.3242 1.1679 -1.7228 0.29152 
blackberry -0.8203 -0.17252 0.36543 -0.64099 0.29703 1.5325 0.34798 -0.6295 -3.012 -0.065405 0.41961 0.20123 -2.2962 0.91312 -1.3166 -0.18455 -1.6462 -0.2003 0.70214 2.2115 -0.29755 -0.64175 -0.30841 0.63444 0.042799 0.49523 -0.87691 0.6694 1.6617 -0.48374 -0.475 0.13265 -0.97985 0.61646 1.7689 -2.3234 1.089 0.67631 0.90285 0.32757 -0.10159 0.35956 -0.74444 -0.11501 -1.6767 1.5195 0.14558 -0.26525 0.48272 -0.82272 0.7793 -0.004825 0.44896 0.6398 -0.33357 1.0833 0.24242 -0.86651 -0.2826 0.20615 -1.2942 -0.5217 -0.87451 -0.60917 -1.0367 2.0225 -0.4858 -1.3164 0.13943 -1.4036 0.47684 0.49932 -0.42049 -0.049559 -1.0506 0.98543 -0.68247 -0.18745 0.72783 -0.20944 -1.1048 -0.59668 2.6578 1.7756 0.23455 0.23104 -0.21853 1.0844 -0.68406 -2.1286 1.3971 0.61009 1.9296 -1.3684 -1.2005 3.1842 -0.053476 0.5113 0.5497 1.0369 
tar -1.2876 -0.70165 -0.59543 0.60808 2.3021 -2.5777 2.9984 -3.5161 -0.82233 0.011157 -2.5904 1.8155 -2.4084 2.25 0.78721 0.029377 -2.0617 -0.63166 0.6182 4.4846 -3.0713 -0.52661 -1.0143 0.086957 1.1013 1.0516 -0.80184 -1.3255 1.5755 4.8987 -2.2386 -2.5507 -1.1936 1.291 2.18 0.22769 -3.1213 2.4218 0.029231 2.8026 -3.1925 1.674 -1.0238 -0.9231 0.13564 2.5396 1.183 -1.7917 0.78082 -0.47306 -1.7031 -0.21516 1.3075 0.38901 -1.9419 -0.81097 0.6581 0.96126 -1.4311 0.60436 1.8313 -1.1446 -1.315 0.43067 3.1378 0.81224 1.546 1.8166 -0.31985 -1.2558 0.051754 -0.038178 -2.235 -0.34383 -0.58375 -2.7077 -1.866 1.3017 0.60771 3.0994 -0.77556 0.56871 -0.7056 3.2672 0.73699 0.79264 -1.2476 2.211 -1.3563 0.66478 -0.78177 1.0193 3.4604 0.71786 0.51147 3.3676 -0.71662 -0.30032 -0.2218 -0.19141 
geranium 0.0036511 0.028969 0.22549 -0.38864 -0.13048 0.25771 1.5218 1.3488 -0.71421 -0.46955 2.1504 1.022 -1.1352 -0.35177 0.097391 1.2991 -0.90638 0.61074 -0.082687 0.3225 0.42436 -0.98344 -0.29226 -0.27691 -0.69725 0.64128 2.0396 0.30886 0.70157 0.49249 -0.28216 -0.94181 -0.20222 1.0562 0.74851 1.453 0.25207 1.0653 0.61606 0.59819 0.06594 -0.61871 -0.28729 -0.72646 -0.39942 0.8727 0.58625 -0.59406 -1.8016 0.81761 1.1584 0.44144 0.94804 -0.28302 -0.93592 -0.7146 -0.10544 0.73312 0.869 0.2401 1.9759 -1.795 0.42575 0.49388 0.42268 2.6216 -0.097495 0.59458 0.051994 0.054105 0.7828 0.36676 -0.72184 -1.5776 0.37862 1.6485 0.14301 0.36048 1.118 -1.4443 -0.79241 0.18824 0.551 4.1605 0.19636 -0.31066 0.75606 0.90223 0.61859 0.2307 0.86264 -0.34884 0.78713 -0.80153 -0.22846 3.1553 -0.38662 -0.71716 -1.49 -0.97449 
rum -1.6679 0.013543 0.16119 0.85703 0.48469 1.6461 3.3374 -1.524 -1.1752 0.57798 0.60742 1.6068 -0.77761 1.2031 -0.015559 0.32486 -0.69883 -1.138 0.33957 3.5184 -1.2807 -3.2392 0.81908 -0.99239 0.92734 0.8918 -0.22138 -0.31887 1.2378 0.47606 -0.92008 -1.6886 -2.3773 1.8422 1.7572 -3.1913 0.45846 0.77926 0.39506 2.3762 -0.91177 -2.1726 0.03247 -0.37905 -0.77339 2.3969 -1.4461 -1.9132 1.9 -0.3428 -1.9819 0.11382 -0.81617 -2.5305 -0.71398 1.143 -1.0428 -1.5763 -0.98619 -0.89135 -1.1372 -0.70292 2.5021 -0.96191 -0.49371 -0.2113 -2.3398 0.9238 0.91362 -0.434 1.0239 -0.29472 -1.5936 -0.73896 -2.2611 0.74392 -3.2277 0.54826 1.0664 -0.1594 -1.9374 -0.14291 -0.74034 2.7025 2.7602 -1.344 -0.58313 0.65492 -1.0828 -0.13502 0.41389 -0.69606 1.6603 -0.25754 -1.0257 4.7899 0.95611 -3.5609 2.146 -1.2432 
cucumber 0.079143 0.95475 1.0059 -0.73466 -0.885 -0.18719 0.52296 -0.86131 -3.0595 -0.2854 1.1274 0.80624 -0.74452 -0.090698 1.3652 0.063604 -0.32977 -0.27694 -0.4277 0.6667 0.4557 -0.65113 0.49404 -0.66111 -0.46411 -0.203 -0.51579 0.50017 0.59588 1.8555 -2.3754 -0.8858 0.1586 2.1411 0.62314 -0.0801 1.9952 0.30322 0.41138 0.96829 -0.93387 -0.28241 -1.5376 0.54264 -0.40264 -0.18692 0.27366 -0.203 -0.18198 -0.54074 0.56022 -0.61185 0.023833 -0.51715 0.45047 -0.61109 0.1311 0.11699 0.27471 0.39438 -0.40529 -0.12138 0.28359 0.28536 -0.5141 0.81241 -0.29256 -0.20975 0.61213 0.36744 0.86306 -0.35748 -0.39533 -1.6881 0.058022 0.62711 -0.84384 0.75244 0.1815 -0.9478 -0.79515 -0.7613 0.33139 1.9321 -0.1948 1.6437 0.793 0.86355 0.4311 -0.1081 0.62234 -0.24091 -0.27182 0.27683 -1.5318 1.973 0.66558 -0.082042 -1.6331 -0.65499 
solvent 0.41316 -1.3929 -0.69245 -1.9802 0.73462 0.18793 0.10329 -0.27316 -1.8014 -0.98665 -1.7719 -0.0098626 -1.2178 -0.80868 -0.19222 0.78337 -1.0573 -0.12738 2.1617 1.5541 -0.24291 -0.64004 0.46231 -0.89687 2.1432 0.12939 -0.88694 -0.8197 0.703 0.23648 0.026833 -0.85669 -0.3393 0.55353 -0.9853 0.39703 -0.73111 1.5989 -1.0518 -0.84247 -0.9053 -0.49817 -0.051385 -0.11228 -2.461 2.4386 -0.52307 -0.80337 -0.20969 2.0894 -0.86785 3.0713 -0.82164 -0.40275 -1.7502 -1.4051 -0.99143 1.4063 1.0825 -0.50668 0.32526 -0.91863 1.1658 1.7352 1.8035 0.39449 0.023203 -0.33251 1.6284 1.1773 1.6739 -1.8825 -1.2434 -0.5308 1.1264 0.24661 -2.9284 1.0767 -1.0417 0.52463 -0.2525 -0.11074 1.0496 2.9456 1.2406 0.27654 1.0683 -0.028267 -1.6018 -0.29182 0.51594 -0.051118 -0.5183 -0.17365 0.16263 -0.61271 -2.0597 -0.33685 -0.64871 -0.57495 
glue -1.3689 0.29007 -1.3458 -2.1168 -1.4349 -2.5375 1.4092 -0.83252 -1.517 -1.2109 -0.48683 1.4585 -0.17504 1.1561 -0.91679 -0.29302 -0.36661 1.7203 -0.3819 1.6672 0.19064 -0.62378 -0.69048 -1.1714 1.9816 2.2306 0.54963 0.051902 0.25806 2.6197 0.97933 -1.164 -0.15494 0.51478 0.070318 0.0379 -1.3864 0.13761 -1.8089 0.6434 0.26121 -0.74201 -1.1912 0.42034 -0.53954 2.1783 -0.6379 -0.33246 0.24194 0.37279 -1.8774 1.3136 0.43199 -1.0725 0.16203 -0.0054058 0.022644 0.99823 1.3362 0.26752 -1.762 -0.30994 0.88348 0.61387 -0.68484 -1.8171 -0.37678 0.23474 1.558 0.45007 0.48275 0.79497 -1.7949 0.48143 1.3206 -0.39556 -1.7269 0.053144 -0.037394 1.2219 0.54568 0.43984 0.70577 3.3942 1.2323 1.0966 0.48989 -1.4523 0.55351 -1.9048 -0.042572 0.40459 0.66143 -0.93047 0.40457 1.5908 0.49252 -1.6694 -1.1832 1.8901 
mustard -0.48458 -0.97122 0.55565 -0.59873 -0.72418 0.3891 0.067844 -1.1049 -1.5283 0.46306 0.38541 1.2215 -0.32712 2.2211 0.2342 0.15103 -1.0944 1.4165 0.32161 1.218 -1.4891 -0.50082 0.5999 0.73644 1.1627 0.5689 -1.8462 -1.0381 -0.12176 1.822 -0.89462 -1.011 0.017824 0.56442 0.67003 -0.10001 -1.3572 0.37429 0.41193 1.7454 -1.5809 -1.0458 -0.4734 -0.47855 -0.41002 0.34114 0.40807 0.31794 0.014434 0.082693 0.29027 0.030942 0.99909 -0.48421 -0.6829 -0.89232 0.55604 0.33578 -0.57175 0.17717 0.29484 -1.0392 -0.10583 -0.86417 -0.13445 0.79597 0.25291 0.8539 0.69338 -0.29333 -0.50958 -0.38263 -0.96285 -0.50908 0.56304 -0.4141 -0.061576 0.86654 1.9979 -0.030952 -0.51087 -0.56843 1.0197 1.6465 1.1265 0.39933 1.4139 0.33142 -0.53835 0.076912 0.22981 0.32639 0.39004 1.2129 0.16945 0.46248 -0.61138 0.10173 0.28467 0.51524 
peanut -1.5382 -1.0262 0.80815 -0.51129 -1.2552 0.29249 -1.1786 -2.166 -0.040501 0.24979 0.2127 1.5525 -0.083289 1.156 1.4997 -0.30358 -0.54694 1.7872 -1.2994 -0.48756 -0.59801 -1.2226 0.22262 -0.18788 -0.196 -0.29812 -1.5949 -0.086885 -0.87941 2.3162 -0.75659 -0.96393 -0.69642 0.73373 1.5118 -0.60227 0.30169 0.088059 1.2237 1.094 -2.7519 -1.7253 0.060322 0.20968 -0.25582 0.48162 0.33832 0.12457 0.33981 -0.77082 -0.34928 0.1949 1.192 -0.82734 2.3086 -0.52161 -0.1303 0.28807 -0.14767 -0.14283 -0.78138 -0.46015 -0.20157 -0.64774 -0.24421 -0.059715 0.74058 0.21014 1.1286 -1.1644 -1.0752 -0.31714 0.12617 0.24759 0.23828 -0.0016603 -2.1013 0.57924 0.73454 0.14966 -1.0016 -1.1668 -0.51654 1.1604 0.56108 1.0574 1.037 -0.36931 -0.78303 -1.2038 -0.28337 0.77781 1.7884 -0.33467 -0.21778 0.1161 -0.24126 -0.22995 -0.59712 1.1902 
carrot -0.46687 0.30411 1.0673 -0.30015 -2.1985 0.030758 -0.70726 -0.36351 -1.4373 2.1395 -0.29333 0.8973 -1.0981 0.45982 0.88323 0.44804 -0.33487 1.0804 -1.1047 0.49868 -1.0654 0.87362 -1.1391 0.016242 1.0315 -0.48542 -2.2987 -0.78782 -0.18278 2.0851 -0.85442 -0.22565 0.28405 1.0357 0.96477 0.80097 0.59657 0.53966 0.082166 1.1632 -1.9039 -1.7035 -0.093254 0.53438 -0.9382 1.7734 0.8472 -1.1109 0.11491 -0.42688 0.096743 0.0024858 0.38648 1.1725 1.0016 -1.4376 -0.76908 0.030716 -0.44722 -0.41955 0.13915 -2.4695 -0.91539 -0.61178 0.69754 0.074129 0.52023 0.48722 0.86521 0.45179 0.044128 -0.66404 -1.5285 -0.051454 -0.59586 1.8177 0.43778 -0.49152 0.65091 0.096366 0.025427 -0.030759 -0.44442 2.2648 0.40746 1.3711 1.2023 0.50512 0.33675 -0.47061 -0.80133 1.9786 -0.53347 1.0189 0.28177 2.2693 -0.16481 -0.37903 -0.5993 0.85195 
licorice -0.10036 -0.24982 -0.96393 -0.70727 0.21581 0.69812 0.17192 -0.18069 -1.8227 0.25886 -0.026444 1.2692 -1.6093 1.5077 0.40603 -0.48046 -1.9 0.053772 -0.10656 2.419 -1.4007 -0.31456 -0.74267 -0.018759 0.63583 0.1672 -0.2816 0.099931 0.77348 1.3193 -1.267 -0.38444 -1.6225 0.51198 0.43378 -0.61132 -0.35299 1.0852 0.17643 1.2077 -1.4549 -0.26257 -0.84234 -0.13805 -0.53843 1.6404 0.12539 -0.31096 -0.06923 -0.033154 0.68629 0.35906 -0.11454 0.4311 0.55068 -0.8644 0.3574 -0.83638 0.24294 -1.0575 -0.83463 -1.741 -0.11743 0.042769 0.044264 1.3143 -0.20629 -0.15542 0.14439 -1.6816 0.42215 0.083581 -1.373 -1.1128 -0.81537 -0.092297 -2.0503 0.95259 1.3953 -0.34966 -0.74556 -0.14953 1.842 2.6048 -0.021901 0.96802 1.0663 0.14175 -0.75597 -0.84599 1.6437 -0.30025 1.1082 0.13361 -0.8792 1.7021 -0.13062 -0.042636 -0.82094 0.41341 
kerosene 0.44069 -1.2981 0.56942 -0.23639 -0.045042 -0.040657 0.61422 -0.14654 -0.36225 0.27656 0.63527 0.60568 -0.6283 0.25895 -0.0052138 0.5632 -0.18875 -0.8238 0.6873 0.96694 -0.24782 -0.082813 -0.66709 -0.47567 0.084501 1.015 0.61725 0.31647 -0.77924 0.31438 -0.27955 -0.59692 -0.76895 2.3185 0.7634 0.65925 -1.0239 0.65482 -1.477 -0.55767 -1.4209 -0.11251 1.3982 0.24066 -0.15578 0.88389 -0.63883 -0.86852 0.83727 0.81315 -1.042 1.1039 -0.76549 -0.66145 -0.070463 -1.8214 -0.32352 -0.36605 -0.34034 0.053188 0.19204 0.37096 0.098709 -0.13975 -0.17686 0.78341 1.2047 0.50621 -0.29687 0.30152 0.12158 0.22871 -1.0491 -0.71589 -1.1131 0.35671 -0.55475 0.40476 0.35917 0.60813 -0.58094 0.067314 0.35824 1.8231 0.30197 -1.0517 -0.38182 0.74707 -0.80482 -0.81309 -0.55321 -0.17203 0.13648 1.3667 0.40773 0.065237 -2.2017 -0.48424 -0.17989 -0.16947 
ham -0.34222 -0.82759 -0.36399 -0.73365 -1.8151 -2.3129 3.2703 -3.3483 -0.42083 -0.10036 -0.89129 0.10214 -1.0956 2.9775 2.554 -2.2885 0.059139 2.7215 -2.1118 0.34897 -0.86803 -0.41584 0.73216 0.45004 -1.3846 -2.4655 -0.056777 -2.2695 -0.91577 1.0382 1.7922 1.4878 -1.5722 1.4757 -1.1717 0.29879 0.86446 -1.4596 1.7438 2.1672 -2.1136 0.30392 0.13351 0.21829 -2.389 0.54213 -0.96501 1.8204 2.117 0.41829 -1.0756 1.5688 -1.8757 -0.91168 0.63977 0.41699 -0.87021 1.033 -0.30248 0.56857 0.22943 1.6177 -0.55926 -1.8299 -1.6203 -1.3925 -1.4933 3.1227 0.30314 -0.95974 -1.1358 0.5112 1.3834 -0.91597 -1.1443 -1.1647 -0.5476 -1.4502 1.0579 2.7318 -0.95549 1.0773 1.3972 1.4547 0.65037 0.43533 -2.0752 1.2551 0.58864 0.53823 1.3018 1.8934 1.4693 -0.84391 -0.43886 3.2021 0.10441 2.9728 1.5703 -0.11804 
rope 0.9198 0.4083 -0.82187 0.077831 -0.65367 -1.3152 0.62907 -1.4358 0.50028 0.89757 -1.4095 1.9534 -1.5876 0.35073 -0.50949 1.2834 -1.1429 0.30287 1.944 1.5917 -0.97726 0.075943 -1.1551 -0.38877 0.91231 -1.7157 -0.24163 0.5915 1.6291 0.17027 0.58148 0.54844 -1.3303 0.85209 0.16708 0.41257 -1.2455 -1.0071 0.32725 -0.2423 -0.52608 1.3985 0.73269 1.4258 -0.21237 2.1357 0.89228 -0.59109 1.4423 -0.05006 -1.1482 -0.098271 1.4791 -0.36826 -0.14467 -1.1387 0.80622 0.62951 -0.71023 -1.102 0.71608 0.27353 -0.2215 -0.1374 0.90568 -1.1265 0.090539 -0.21294 0.71928 0.29912 -2.4287 -0.46966 -0.82416 0.7906 -1.893 0.42022 1.143 -1.7081 -0.061207 0.20089 0.87268 0.38742 -1.8144 3.217 1.5364 0.79354 -1.5909 -0.80881 0.52644 -2.2668 -0.74265 0.4941 -0.038655 -0.16975 1.3943 3.1521 1.3516 -0.60955 0.54407 -0.49406 
camphor -0.45321 -0.50595 -1.1157 0.54987 -0.88292 -0.10525 0.10933 0.083261 -1.8936 -0.12403 0.72128 2.1685 -1.2781 0.20908 -0.39635 0.023806 -1.1099 -0.17474 -0.0011985 1.0442 0.34689 -0.37719 -0.55164 -0.24441 0.1201 0.40331 1.407 0.12385 -0.64578 0.67853 -0.059685 -1.0568 -0.52606 1.223 -0.47428 -0.51242 -1.995 -0.035044 -1.2598 0.89409 -0.95152 -0.83425 0.41793 0.019322 -0.29644 1.7921 0.26097 -1.0824 -0.46457 -0.38258 0.27132 1.4571 1.4688 -0.11536 -0.16798 -1.882 -0.46981 0.54969 0.058772 -1.4724 0.46778 -0.72812 -0.048008 0.23408 0.44107 2.0813 -0.50206 -0.25933 0.47621 0.48774 1.0266 -0.26743 -0.16791 0.48739 -0.70795 -0.90814 0.77873 1.0946 0.0036069 -0.46754 -0.2988 -0.48879 1.5043 2.697 1.4261 -0.97312 -0.82084 0.65584 0.19136 -0.30619 0.37847 0.743 1.1057 0.52273 1.1083 0.8551 -0.6222 -0.59576 -0.4515 0.36512 
raisin -0.94986 0.08077 0.80407 -0.70401 -0.70071 1.5482 1.3642 -1.3968 -1.8611 -0.54703 -0.37647 0.060552 -1.5407 0.75255 0.41235 -0.74008 -0.60267 0.72144 -0.90512 0.48375 -0.9182 -0.14423 0.00016999 0.43033 -0.30678 -0.73212 -0.65131 -0.19181 0.48959 0.2859 -2.0233 0.95319 -2.0933 -0.19787 0.28751 -1.805 -0.25988 0.0032622 0.84877 1.0751 -1.0936 0.23524 -0.01071 -0.32004 -1.114 0.71334 -0.17754 -1.1882 0.54081 0.10451 0.33841 0.19233 -0.67614 -0.66144 -0.29819 0.85861 -0.19292 -0.057489 0.2049 -0.56032 -1.5938 -1.2281 0.64833 -0.17589 0.11767 1.8232 0.66631 -0.82995 0.092714 -0.75418 0.083753 0.13527 0.55755 0.22422 -1.6889 1.0344 -2.3936 0.47999 0.37287 0.87495 -1.3075 0.53012 0.66809 2.9922 -0.45382 0.39661 -1.1755 0.16485 -0.68062 -1.2223 0.83491 0.71878 1.1439 0.00198 -1.0127 2.6084 0.73314 0.84462 0.30862 -0.011938 
cardboard -0.28732 0.024395 -0.028791 -0.67664 -0.591 -1.1244 0.25073 -1.8699 -0.92313 -0.25 -0.80528 1.4172 -0.50818 -0.23329 -0.32325 -0.56419 0.078357 0.14402 -0.91502 0.87183 -1.0924 0.21614 -1.0492 -1.5588 0.76572 0.61664 -0.025173 0.56694 0.65329 1.227 -0.68194 -0.28161 0.055599 0.96425 0.47327 -0.89754 -1.1037 -0.32785 -0.34225 0.35924 -0.82863 0.14063 0.54092 0.66728 -1.1825 1.651 -0.17718 -0.97165 0.58594 -0.44601 -0.14588 0.29804 1.0332 -0.21618 2.133 -0.54871 1.6062 -0.38724 -0.69046 -0.59112 -1.5202 -0.658 -0.2777 0.24106 0.66948 -1.3843 -0.12543 -0.39764 0.16278 0.8625 -0.079493 -0.64891 -1.0357 1.0501 -0.38387 0.74581 -0.63949 -0.80886 0.39782 1.401 -0.29456 -0.099585 -0.554 1.9366 0.79738 0.52498 1.0187 0.50031 -1.3386 -1.3242 -1.2617 -0.34349 -0.26626 0.51304 -0.21163 0.65829 0.0077731 -1.4432 -0.34749 1.2969 
syrup -1.2031 -0.053902 0.040875 -0.84187 -0.19539 0.42026 0.66779 -0.33032 -1.7235 0.43774 -0.77667 1.3716 -0.04953 1.6325 1.0691 -0.39326 1.8432 1.0876 0.00036726 0.7837 -1.1834 -1.939 0.12641 -0.57033 1.2212 1.3163 -0.62271 -0.29266 2.0166 1.4979 -1.1722 -0.53861 -1.6232 0.95507 0.74276 -0.78732 1.0321 0.96393 0.044527 1.2636 -0.84721 -1.6298 -0.60299 1.2712 -1.6182 -0.24173 -0.074542 -1.8122 -1.8743 0.2758 -0.55346 1.3401 -0.70237 -0.39067 0.3341 -0.42427 0.26009 0.18526 1.0978 -0.072863 -0.49163 -0.075997 0.87954 0.49397 -1.4735 1.4964 -0.39918 -0.44687 2.3651 -0.68101 -0.46869 0.12937 -1.4491 -0.8612 -0.52902 0.83257 -2.0998 1.5723 0.53846 0.15465 -0.82306 0.19281 -0.60994 2.3081 0.76589 0.069468 0.75781 2.0634 -1.5706 -0.85648 0.52773 0.13331 1.3738 0.41713 -0.44908 2.2016 0.19971 0.1721 -0.42936 -0.26687 
mothball -0.84289 0.72305 -0.60889 0.26261 -0.15228 -0.29466 0.61369 -1.1907 -0.75583 0.046948 0.83886 0.80588 -0.23381 -0.42704 0.3759 0.063361 -1.2423 -1.003 -0.57958 1.1783 -0.11263 0.87515 -0.61675 -0.057979 0.11923 0.089869 0.30732 -0.099301 -0.075683 1.6018 -0.87091 -0.30583 -0.28372 0.84188 0.80417 0.50425 -0.15261 0.64541 -0.29144 -0.43821 -1.099 0.48194 0.26822 0.016493 -0.86119 1.3668 -0.33715 0.27401 0.070699 0.28333 -0.79448 -0.0076915 1.2312 -0.22807 0.81403 -1.1617 0.44121 0.097294 0.94764 0.65816 0.038549 0.87514 -0.50009 0.93917 0.31102 0.14052 -0.64448 0.17145 0.69794 0.38602 -0.11003 -0.44165 0.40973 0.52336 -0.089733 0.70012 1.409 -0.0062953 0.25969 0.24293 0.22151 -0.75762 -0.62076 2.0443 1.0508 -0.014465 0.7247 -0.40599 -0.26514 -0.46553 -0.12016 0.30563 0.40318 0.56865 -0.033026 -0.064122 -0.74475 -1.0658 -0.38557 0.55076 
anise -1.1018 0.11458 0.03568 -0.79747 0.59369 1.9363 -0.64867 1.1346 -1.4555 -0.26351 -0.16503 1.5004 -2.3271 0.69236 0.85988 0.38304 -1.2317 -0.1948 -0.32387 1.7373 -0.045007 -0.095302 -0.10736 -0.96437 -0.35687 -0.50093 -0.60189 -0.34723 -0.99209 -1.4375 -1.0017 -0.56011 -0.90979 0.55813 0.48539 -0.55857 0.15759 1.193 0.69502 1.2999 -1.2166 -0.99597 -0.77299 -0.68461 -0.76926 0.16687 0.74274 -1.6397 -1.0433 0.048615 0.83065 2.03 0.76281 0.79037 -0.11916 -0.61987 -0.22903 0.022684 0.33238 -0.09994 -0.13983 -2.5062 0.16564 0.54078 -0.2998 0.52338 0.31621 0.21993 0.68343 -0.10763 0.2655 -0.64831 0.79713 -1.1028 0.73193 2.4663 -0.59627 0.10035 0.31604 -0.54514 -0.96807 -0.41838 1.4513 3.6398 0.43683 0.39752 -1.1379 0.52801 -0.61991 -0.25053 -0.32376 0.47855 0.6403 1.3446 -1.1499 2.1432 -0.88267 1.1056 0.20777 -0.23807 
varnish 0.45082 -0.4453 0.14778 -0.25462 0.60881 -0.84321 1.0109 -2.1853 -0.73318 -0.58366 -0.21037 0.0086109 0.65815 0.749 -1.0758 -1.5356 -0.97834 0.011275 -0.70213 1.8783 -0.84772 0.028129 0.24598 -0.17197 1.8309 1.3449 -0.44442 -0.26572 0.28521 1.9104 -0.78759 -2.4778 -0.05055 0.12686 0.46873 0.57796 -0.55501 0.13806 -1.1062 0.2679 0.21884 0.008941 -0.9163 -0.52922 -0.81134 0.60855 0.39405 -1.5607 -0.23147 -0.16355 -0.60122 0.67979 -0.16452 0.63257 1.7067 -1.3612 -0.18416 -0.37082 0.6771 -0.45301 -0.53822 -1.6157 -0.25134 0.73796 0.41628 -0.23088 0.092284 -0.31016 0.16281 -0.63444 -0.22799 0.90802 -1.7457 -0.50987 -0.031865 0.15495 -0.084192 0.075635 0.4345 -1.674 0.41374 -0.25504 0.6253 1.7425 0.56832 1.8575 0.76497 0.15369 -0.73931 -0.81617 0.50554 0.021384 0.84244 0.51448 -0.53395 1.7131 0.021793 -0.056992 -0.49038 -1.0932 
walnut -0.78921 -0.81029 0.84153 -0.77619 -0.97765 -0.73698 0.115 -1.9037 -1.3938 0.80285 0.12483 1.7044 -1.5163 1.1761 2.0546 -0.91157 -1.3961 1.0358 -1.0734 0.18374 -0.39331 0.060248 -0.44851 -0.56589 -0.0065112 0.41288 0.16744 -1.1934 0.49648 1.7364 -1.4986 -0.89917 -0.32114 1.087 1.1115 -0.057611 -0.45069 0.37196 1.6002 1.3318 -1.4722 -0.33833 0.96274 0.88197 -0.83086 1.0453 -0.097596 0.14232 0.79433 -0.56836 -0.49587 0.29681 0.54924 0.815 -0.076849 -0.91487 0.119 -1.823 0.56405 -0.97664 -1.4568 -1.6933 0.0092981 -0.61284 -0.47691 0.61181 0.16095 -0.49992 0.23697 -1.3772 -1.0597 -0.29757 -0.50873 0.40575 -0.54111 1.0355 -1.8987 -0.18915 0.56962 0.22626 -2.308 -0.48026 1.0623 0.94756 0.085458 1.0292 0.81464 0.38651 -0.37829 -2.063 -0.11524 -0.05668 1.9117 -0.61756 -0.79848 3.105 -0.44605 0.46411 0.067467 -0.021062 
turpentine -0.7871 -0.74657 -0.61779 -0.25926 -0.199 -0.74176 1.4283 -0.79846 -0.60685 -0.15208 0.15969 0.52002 -0.53124 -0.1471 -0.76527 0.5701 0.41358 0.10447 -0.66608 0.86992 -0.35029 0.038762 -0.61359 -0.099659 0.62334 0.956 -1.017 0.24329 0.4238 0.63661 -0.60904 -0.53202 -0.35625 0.56683 -0.58583 0.31887 -0.53905 0.19135 -0.055892 1.2084 -0.53629 -0.87645 0.20228 -0.55439 -1.9462 0.69785 0.0084855 -0.70969 -0.25464 0.028496 -0.10736 0.51087 0.2248 0.74885 0.34653 -1.3776 0.49391 -0.36225 1.0898 -0.16309 -0.77242 -1.3377 -0.13165 -0.37173 0.071501 1.4022 -0.019018 0.18854 -0.25511 0.2567 -0.017728 -0.34859 -0.88993 -0.17412 0.65971 0.91347 -0.20414 -0.13357 0.26767 -0.45205 -0.19727 -0.48116 0.71933 1.574 0.84413 0.33767 0.4112 -0.16404 -0.65036 -1.0458 0.73261 0.34154 0.093402 0.96735 0.05892 -0.061608 -0.49493 0.36403 -0.86002 0.50175 
birch -0.05602 -0.38162 -0.29531 -0.36589 -0.56095 -1.137 1.416 -1.2948 -1.1206 -1.2205 -0.86841 0.81086 -1.4006 0.5184 1.0745 1.4591 0.51216 -0.19113 -0.13049 1.0116 0.004163 0.74696 -1.8298 -0.15419 -0.65715 0.24126 0.95417 -0.18161 -0.56563 0.76638 -2.1203 -1.2293 -0.62128 0.98168 -0.16193 0.357 -0.33386 0.19389 0.24183 -0.0060508 0.8462 -0.0847 0.8007 1.7392 0.15811 0.90266 0.12969 0.11333 -0.66351 -0.60307 0.43107 0.75774 0.32933 0.62117 -0.59161 -1.3498 0.13177 0.37774 0.66322 -1.2061 -1.1041 0.16023 0.98989 -0.61087 0.76497 1.4622 0.64648 -0.56444 1.092 0.56864 -0.50093 -0.099729 -0.21933 0.42594 -0.78965 0.57475 0.57673 -0.42786 0.63405 1.1066 -1.2225 -0.9721 0.4268 1.91 0.55154 -0.23198 -1.2686 0.92173 0.44147 -0.71243 -0.84652 0.57752 1.2399 -0.37715 0.18213 2.771 -1.4424 0.19152 -0.79419 -0.32077 
celery -0.65357 -0.76552 0.97002 -0.16257 -1.1685 1.0066 0.59399 -0.25059 -1.9508 0.98492 0.68517 0.25546 -2.3176 2.0288 0.33587 1.0685 -0.16549 -0.38295 -0.6653 1.0629 -0.68645 0.1912 -0.63249 1.0074 1.0125 0.47024 -0.56898 -0.96788 0.13503 1.2552 -1.1049 -0.58398 -0.046352 -0.47076 0.26769 0.77917 0.48658 -0.041429 1.0238 0.4421 -0.67243 -0.43261 -0.15969 -0.51934 -1.0772 1.1515 -1.1189 0.39172 -0.2404 0.60479 0.31423 0.76057 0.95743 -0.42358 0.31938 -0.28443 0.46069 0.53351 -0.26642 0.63477 -0.24902 -1.2036 1.0212 -0.49213 -1.1196 0.25397 -0.12101 -0.14945 0.35048 0.37158 0.23171 -0.16169 -1.3773 0.07514 0.79373 1.7933 -1.112 0.04301 0.48051 -1.1291 -0.44959 0.30419 0.19564 2.0174 0.61084 0.2346 1.0162 0.56284 0.5517 -0.64063 0.57928 -0.75889 0.09967 -0.73481 -0.17663 1.9362 -0.17599 0.0093926 0.080323 0.54301 
creosote -0.016892 0.10631 -0.064703 -0.74415 0.33575 -1.0401 0.69114 -0.5792 -0.90443 0.017878 0.026913 1.4272 -0.67232 0.88446 0.028994 0.41915 -0.81166 0.080826 0.29358 0.56417 -0.035282 0.45191 -0.22245 -0.97085 -0.058994 -0.00064275 0.25787 0.59708 0.52031 0.78887 -0.68431 -0.24948 -0.4023 0.99675 0.65687 0.056079 -0.97417 0.59354 -0.25292 -0.24776 -0.041326 0.037767 0.39226 -0.31603 -0.0173 1.3304 0.08769 -0.40835 -0.43941 -1.108 -0.92374 0.57324 0.012169 0.37297 0.07231 -0.67135 0.66594 0.37856 0.090604 -0.39123 0.19945 -0.24021 0.21733 0.81457 1.0408 0.56106 0.32665 -0.3714 0.65868 0.3568 -0.15373 -0.63606 -0.62039 0.27367 -1.0125 0.67272 -1.2051 0.30097 0.39879 0.96849 -0.49797 -0.14361 0.27534 1.0721 -0.043747 0.39308 -1.3631 0.25029 -0.44569 -0.46692 -0.82248 -0.35207 0.56841 0.58116 0.47077 0.54993 -0.84055 -0.16493 -0.30002 -0.34281 
