96 100 
smoke 3.7998 0.36529 -0.44919 -2.2099 0.21478 -0.20567 -0.34032 1.1082 1.492 -1.6689 -1.3564 -4.3 -1.8196 2.9986 -1.9903 0.50577 -0.50536 -1.9884 -1.4924 -1.1172 -2.0973 -0.35654 0.59958 -2.7502 -2.2293 0.79779 2.6062 -2.2161 1.9866 -0.34761 -0.9594 -2.1043 0.16691 0.10489 -1.6411 -2.6337 -0.54321 1.7533 0.5549 -0.62221 0.56692 0.58138 2.3297 1.6318 -0.3039 1.643 -2.0723 1.1731 0.080452 -0.21205 0.6474 2.7036 -1.0459 0.35611 0.69877 -1.1508 -0.41857 -0.69807 1.5052 1.7082 -1.1599 0.084909 1.19 1.8702 -0.30063 -3.415 2.464 0.58939 -1.0668 -0.66549 -0.86819 -0.4445 0.43726 -0.43063 -0.13602 -1.1157 -1.5706 0.38309 -0.16019 0.37715 -0.2139 0.64722 1.5505 -1.0962 1.1756 -1.6879 -2.3999 0.46981 -0.11707 -2.0615 -0.76977 1.23 -1.2679 0.24982 -0.7665 -1.8179 -0.4191 -1.9311 -0.21553 -1.0827 
perfume 0.030201 -0.35512 -1.4454 -0.49379 -0.95545 0.55061 -1.3535 0.089561 0.58148 -0.48672 -0.21324 -0.24545 -0.87834 -0.85361 -0.81369 -1.5095 -1.0043 -1.1347 0.49291 0.033053 0.96726 -1.0043 0.24097 -1.5852 1.7471 2.6462 -1.2271 1.8644 -0.17824 -0.0063578 -1.0124 -1.1166 0.66125 0.85009 -0.40603 -0.39968 0.85021 0.70689 0.95564 0.67047 0.76043 0.34589 -1.1618 -1.4084 0.37172 -0.73373 -0.21789 -1.5142 -0.56794 1.8541 0.92134 1.8534 -0.19665 0.37372 -1.4937 0.95326 -1.2426 1.5391 -1.4098 0.47433 0.98875 -0.8584 0.33918 0.80396 -1.1782 2.5674 0.53707 0.27046 0.2259 1.2791 -1.7731 2.138 0.38419 -0.31753 2.0717 0.028035 0.0096765 1.7584 -1.2623 -1.612 -0.090539 0.05758 -0.31146 1.0286 -0.014285 -0.49437 1.6078 -0.92112 1.3841 -0.87114 0.26327 -0.8526 2.0364 -0.46327 0.26931 -0.087438 1.0743 -0.2888 0.42165 -0.57579 
coffee 2.6071 -0.72599 0.21106 -1.0288 2.2687 -0.81607 -3.1237 2.2681 0.36294 -0.92546 0.1342 -1.974 -1.1375 0.81435 0.5586 0.25384 -1.8449 1.8325 -0.42472 0.87774 0.42311 -1.5026 0.27933 0.17432 -0.48411 2.1694 0.23565 -1.2616 0.49545 -0.12517 -2.8283 -0.66179 -0.61833 -0.71611 0.062802 -1.4714 1.8652 2.5828 1.618 0.82986 -0.091719 -0.69115 -2.1912 1.8864 0.40605 0.75529 -0.25501 -1.5103 0.25047 -1.0157 0.0023204 1.3511 -0.72514 -0.74167 1.4362 -0.67099 -0.90433 -0.58793 -0.10635 1.5575 -0.49095 0.84868 3.2153 -0.78402 -2.3621 0.59752 0.4961 -2.0315 0.35564 0.15701 0.88588 -1.4703 -0.54988 -0.50189 0.99571 -0.30524 1.0401 2.9461 -0.16427 -0.47747 -1.2297 -0.51194 -2.7677 0.80499 1.5474 1.1065 0.77146 -0.2692 -2.0039 -1.806 1.2913 -1.1229 0.12837 1.0412 -2.1184 0.02858 2.3241 -0.15104 -1.6055 -1.709 
rose 0.76926 0.50708 -1.6441 1.2467 -1.3963 -0.41131 -1.8788 1.0877 -1.0728 -0.22867 2.342 -2.1041 -1.4307 2.3504 -2.8624 -1.1663 0.24656 1.8012 3.2543 2.9259 -0.15893 -1.6502 0.59231 -1.2289 -0.73816 3.1259 1.0656 0.65993 1.1709 -0.85926 -1.3989 0.70798 2.1562 2.757 -1.3362 1.4139 1.3887 -0.13694 0.012767 3.567 2.3828 1.9994 -3.4745 1.9601 -0.54623 0.19208 -0.51596 -2.0702 -1.8085 -2.5262 3.0506 3.1937 0.13292 1.5867 -1.6157 -0.74741 0.14125 1.8642 -1.0278 0.4866 0.8804 -0.42422 -1.2372 -0.18963 -0.027573 6.0737 1.2138 -0.5868 -0.83593 2.0819 -0.15889 1.1278 -0.96614 1.275 -0.95571 3.1239 -0.29373 0.89266 1.3437 -1.267 0.63434 -0.21856 -0.57853 0.54394 -0.51382 2.0331 -0.92303 1.2214 -0.066867 -1.0682 2.4882 -1.51 2.2705 -2.5643 -3.4817 -0.52571 1.2096 -1.8618 -2.4082 1.0876 
blood 0.059726 1.407 -0.23868 0.10176 0.27277 -1.947 -0.81018 1.78 -1.7472 0.18178 0.11506 0.69378 -0.75524 1.5243 -3.5689 3.0213 0.9732 -0.23049 1.5303 2.8311 -2.4148 -0.81734 2.1321 -0.81512 -1.595 -1.6898 1.343 -1.9214 -2.251 1.1873 0.56699 1.256 0.25534 -2.7353 0.23957 0.5389 -2.0714 1.032 -2.0665 -0.99578 1.1448 1.151 0.85168 -3.2548 -0.45362 0.20511 -2.3404 -1.1065 1.9644 1.0331 -0.51143 -0.11137 -2.0148 1.0627 -1.8158 0.64348 -0.45254 -0.94349 -0.62131 2.6514 0.2637 -0.74563 0.46317 -0.29766 2.0551 0.48127 -0.032932 -2.4421 -0.14017 -1.5536 2.0956 1.8077 -4.1593 -0.13942 -0.6335 1.8828 1.0397 0.54467 -0.92955 -0.12373 -0.5676 0.25572 -0.35384 -1.7689 1.3259 -0.073244 -2.5698 -1.2067 -0.095442 -1.0449 -1.6561 1.826 -1.6773 0.96767 -0.28927 0.53831 -0.35223 -0.61173 -2.8249 0.88276 
wine 2.1788 0.10933 2.3784 -3.9969 1.1255 3.3437 -4.2405 2.7791 0.14848 -0.28811 -3.7628 -1.4853 -4.0341 0.42752 0.17493 -0.52682 -1.2573 -0.60854 -1.917 0.58315 2.8423 -1.4346 -0.96182 -1.1476 -2.1763 -1.2479 -1.7405 1.4745 3.5612 -1.095 -2.3157 -1.3457 1.1778 0.15735 3.659 -0.86113 3.3045 1.5178 2.1157 5.7909 -2.3672 1.8929 -1.9779 -2.6271 -3.2458 2.2385 -0.88765 1.0863 0.21609 -3.2195 -2.585 2.5457 -1.0017 0.88435 -1.67 2.5508 -0.11555 0.28705 0.56156 0.15881 0.068511 -2.1024 -2.5521 0.61863 -0.085734 1.5026 -2.6817 -1.7176 -0.63916 -1.3536 -2.0948 0.42386 1.2031 -3.2512 1.4103 -0.37396 0.8112 2.8467 -0.41827 -5.8651 -2.4748 -3.7699 -2.5182 -3.1511 -1.3851 0.22004 1.4647 0.26318 3.6798 -2.696 1.1941 -4.0406 1.3803 0.81848 -3.7518 -0.029528 5.6848 1.4122 -3.6809 0.36111 
fish 0.064144 -0.62523 3.0987 1.748 -1.9689 0.76727 -2.6952 1.5488 -4.8904 3.866 1.3629 -1.6308 -2.7205 0.6223 -0.27153 1.7991 0.89841 -0.95744 -0.88981 0.30404 -2.2368 1.9971 1.9651 -0.75241 -2.5368 -0.41672 -0.88054 -1.6447 1.3087 2.4346 -2.3996 1.1412 0.37753 0.76903 -1.3914 0.44817 1.2147 1.1358 2.4801 -0.12575 0.96837 -0.18456 1.1286 -5.3543 2.2368 1.9077 -0.20718 -1.0674 -1.5156 0.46587 -1.5738 1.0572 -2.381 -2.2854 2.0654 -2.9056 -0.70213 -2.7075 1.191 -0.37485 -1.1828 -3.5265 1.8992 4.3996 0.22697 0.37606 -1.4547 -0.29235 -0.30707 -3.1835 3.0977 -1.6599 -1.334 -1.4866 0.11803 -1.4432 -0.25057 2.9919 2.0458 -0.86603 0.90889 -1.1762 1.1659 -1.8497 0.39153 2.596 -2.9519 -1.2793 2.1631 -1.9941 -0.50303 4.0663 -0.77581 0.63514 1.8732 -6.6987 2.6222 2.2218 3.1557 0.90553 
animal -1.6964 0.5985 -0.092856 0.91625 -1.8907 -3.0586 -0.10809 1.5908 -1.6921 0.22312 -1.2472 3.2799 -0.98014 -0.16275 0.53036 -0.11817 -0.12302 1.1529 0.09004 -1.4697 0.61892 2.1209 0.4624 -1.1835 -1.0816 0.081136 0.65828 -2.0874 0.16386 -0.44117 -0.91314 1.195 1.7347 -1.642 0.94992 1.1136 -2.0566 1.5328 -0.50983 0.5512 1.2427 -0.86492 1.9324 -2.799 0.7179 0.84583 -2.2321 -0.069016 -2.2216 -1.3677 -2.328 0.84181 -1.001 0.17078 1.9336 -1.3604 1.5358 1.4844 -0.11043 1.1355 0.25442 -0.32635 -0.0030896 -0.45934 2.9974 0.31927 -1.5289 -1.2973 -2.1876 -0.16182 0.26816 -0.34276 -2.352 2.0046 3.7022 -0.31322 -1.7534 0.93729 2.352 0.010829 0.51464 1.6546 1.5039 -1.1822 -1.3877 -1.8443 0.89062 -2.1478 4.2459 0.24747 -0.84153 4.2311 0.94821 1.545 0.2989 -2.3785 0.65283 -0.47568 0.6259 0.68356 
urine 0.12608 2.857 -1.3439 -1.6648 -1.4522 -1.0503 -0.67602 1.4611 -3.4887 -0.79805 -1.614 0.0039578 0.70642 -1.1825 -2.8868 -2.1235 0.27966 0.31453 -1.9062 -1.3801 -1.4062 0.59982 0.7795 -0.42203 -1.3453 0.72198 0.75676 -2.227 0.84656 0.31203 1.8626 -0.033766 -1.1258 -2.3964 -0.24941 -0.5751 -1.3199 -0.22621 -1.2541 -2.4703 1.9916 0.27484 4.1487 -5.4033 -3.0875 2.0599 -1.7866 -0.44029 -1.0739 -0.011953 -0.79726 1.8777 0.21354 0.5112 0.07486 -0.023962 1.9943 -1.24 0.74027 0.84786 -0.22781 -1.7714 1.4424 1.9608 -0.57116 -2.25 -0.75286 -0.87902 -0.089449 -0.84995 -0.25912 2.2337 -4.6137 0.37381 0.30439 0.74423 0.53451 1.4954 -0.64318 2.4774 -2.2947 2.7051 0.38671 0.95003 -1.1328 -3.271 2.5196 -3.4248 -1.1857 -3.3217 1.4403 2.7073 -0.70874 1.9535 1.6885 -2.4698 -0.16073 1.5924 -1.8973 -2.8314 
beer 2.0204 0.31994 1.9007 -0.53527 2.2973 2.8174 -3.3572 2.6003 -1.2847 -1.5726 -3.6183 -1.238 -1.7618 1.0555 -0.5895 1.7977 -1.1347 3.2506 -3.6986 -2.3602 1.8253 -2.3 -1.1579 -0.31576 0.86441 -2.7134 -1.4639 0.14585 2.8852 -1.4432 0.87693 -0.59286 -0.29135 0.97028 1.5136 0.40067 2.3355 0.54629 3.0972 1.6518 -4.5297 -0.36938 -1.0677 -2.1321 0.83353 2.6378 -3.0865 0.9469 0.88962 -0.76478 -1.0045 4.0792 0.18344 -0.53584 -1.9981 4.2438 0.86192 -1.9843 1.4803 3.8778 0.77087 -2.5702 1.6226 -1.4624 -0.85781 -3.6072 -1.7764 -0.37998 1.0109 -0.034895 0.0068304 -1.9862 -2.5829 0.046938 2.8116 -1.1481 1.5824 4.6635 1.933 -2.5942 -1.1202 -0.18576 -0.96016 -1.2069 0.60564 0.012306 -0.085823 -3.0406 -2.1985 -3.2783 1.8578 -2.6301 1.6624 2.2736 -0.24142 -2.6649 4.8448 0.92237 -1.1118 0.44303 
tea 4.7661 -2.7819 -1.4669 1.0425 0.58943 0.56907 -4.381 7.626 -0.45125 -2.2302 0.86394 0.8248 -4.0571 0.57464 2.1175 -4.6596 -0.51057 6.9382 -1.8813 3.2404 -0.67048 -2.8966 1.0284 -0.37567 3.0944 7.8851 2.1836 -0.0045266 0.65101 -1.1062 -3.918 -1.0472 0.64537 -1.5349 0.24554 2.2492 3.7866 2.8676 4.3278 4.4916 -2.4317 2.7123 -2.067 2.567 -1.3934 3.282 -2.8199 -3.9335 -1.3984 -2.3661 -0.47939 4.7824 2.5784 -2.3178 0.866 3.0514 -1.6151 -2.3744 4.8921 1.9389 0.064632 -2.2583 3.764 -2.1594 -5.3143 5.26 -3.2292 -4.2297 -2.9094 0.076848 2.5255 -0.65005 -1.1273 -2.1394 -1.3946 2.119 2.1079 3.3561 0.43495 -0.14925 -6.6578 1.003 -3.1931 0.55605 1.149 4.4668 -1.8422 2.7661 -5.7004 3.5569 0.63635 -2.3879 0.16559 6.7015 -4.0796 0.68897 4.5326 -0.13609 -2.471 -2.6252 
citrus 2.192 0.32023 -0.16541 0.11202 -3.5328 2.3237 0.13053 3.6201 1.2922 -1.8249 1.4331 1.1244 0.6358 3.236 -0.71939 -2.714 -1.5455 0.41906 -0.87185 1.003 0.56251 -0.81209 0.45165 -0.4028 0.17436 1.4507 0.52019 2.9624 -0.48945 0.81063 1.1954 -0.17229 -0.71594 2.1907 0.48504 -0.83177 1.7518 0.99505 0.50232 2.1893 -1.4588 -0.93021 -2.0992 -0.6018 1.965 1.2717 0.45984 0.40688 -1.6206 -1.4347 -2.8543 0.33433 0.087112 1.1002 -0.95057 0.90028 0.36004 -0.47784 -0.98604 0.59125 2.9591 -1.6168 1.0457 1.014 -0.50246 1.1743 -0.10486 -0.44892 -0.79766 -2.1794 0.83943 0.081686 0.38859 -0.8964 0.63507 2.9548 1.3008 0.76681 2.2706 -1.5604 -3.2696 -1.0311 3.0435 0.3096 0.025493 -0.40263 0.23522 0.8342 0.29783 -1.1374 0.75849 -1.5152 2.1076 2.0122 -0.62816 1.1859 3.5899 -0.78616 -0.22835 1.8272 
lavender 1.2422 -0.46326 -1.1722 0.43924 -1.8358 0.10973 -1.3619 3.6066 -0.035639 -1.1626 2.2447 0.39441 0.42275 0.87292 -0.95703 -1.3887 -0.48127 0.56408 0.99112 -0.49473 0.1061 -1.9619 0.27085 -1.1718 1.8765 2.1535 1.3642 1.2335 1.1926 -0.37221 0.35105 0.5267 0.83218 0.72731 0.6925 0.38313 0.10309 0.86138 -0.098957 1.7701 -1.4696 -0.10822 -0.94775 0.457 1.1685 -0.059603 -0.037425 -0.23503 -1.387 -1.9348 0.79289 1.8248 0.22334 1.6698 -1.5907 0.70674 -0.73867 -0.20121 0.43936 -0.39183 0.86594 -0.6549 1.4679 2.101 -0.59811 2.6073 0.48637 1.3279 -1.1317 0.98875 1.2851 0.45205 -0.35108 -0.83585 -0.27815 3.052 -0.51425 -0.24431 1.4431 -2.4648 -2.5794 -0.8503 1.3554 2.3056 0.8624 -0.62803 0.97784 -0.053575 0.24324 -0.61189 0.59077 0.54829 0.17753 0.78631 -0.77687 -0.7854 1.3418 -0.80499 -1.0392 -0.023688 
lemon 1.6457 -1.5135 -0.21664 -0.24057 -3.5555 3.6528 1.0837 4.7291 -1.0945 -1.8351 2.4279 0.71353 0.86371 2.3517 1.702 -3.4919 -0.2 0.57981 -1.2102 1.9491 -1.9113 -1.4012 1.0163 -0.69083 0.81944 1.4916 1.9048 1.4601 0.47347 2.4116 1.146 0.54303 -0.99673 0.16647 0.74181 0.62518 2.1394 2.0104 -0.36258 2.4966 1.5272 -0.45553 -2.3208 0.027301 1.5938 -0.43227 1.2375 0.14494 -3.0869 -1.8953 -3.5972 2.0254 1.9063 1.2873 -0.92199 -0.63731 -0.03284 -0.88503 -0.15568 0.15919 1.4453 -3.589 0.48996 0.65749 -0.42744 1.6343 1.3591 0.36669 -0.023486 0.51378 1.0087 -0.092812 0.88589 -0.3008 -0.41261 2.9161 0.62536 0.95011 1.7743 -2.5171 -5.2379 -2.1848 3.315 1.1674 0.69016 1.4613 -0.26577 -0.41307 -3.2171 -1.3569 -0.80659 -0.12755 -0.62947 1.4236 -0.26558 -0.12556 3.557 -0.98935 -1.2014 1.3331 
vanilla 1.6589 -0.60958 -1.2507 -0.16557 -0.98578 2.7347 -1.6463 1.9488 -0.46889 -3.5781 -0.75099 0.096962 0.11175 0.62392 -1.1806 -3.7437 -2.0736 -1.0857 0.019023 0.043823 1.6244 -1.3168 -1.4123 -0.37156 -0.26298 0.9172 0.40391 0.9215 -0.15327 1.0351 0.035202 1.5796 -1.1312 2.4392 0.61267 -1.3443 1.7334 1.2766 1.7348 2.2416 -0.94385 0.94222 -2.0179 -0.286 2.1515 -0.75735 -0.1924 -1.0066 -0.40238 -2.1353 -0.26319 0.41428 -1.0029 0.48035 0.74652 0.034328 -1.5527 0.32355 -1.1387 1.1125 0.93586 -0.83127 1.9443 0.51588 -2.2919 2.0697 2.1982 0.0080953 -0.45482 -0.469 0.05841 0.13015 0.92698 -1.6825 -0.2074 3.1625 1.1591 -0.013737 0.94155 -2.338 -2.2446 1.2162 1.66 1.5721 -0.48178 -0.64383 0.35369 0.83005 -0.75578 0.39631 1.1737 0.40634 0.26671 -0.33558 -1.9637 -0.042064 2.4576 -1.0222 0.12381 1.1431 
garlic 1.5544 -1.541 1.3925 0.21596 -1.971 2.0102 -0.98447 1.0252 -3.5289 1.1723 1.276 -2.1127 1.2978 1.8764 -1.2986 -0.49826 -0.27216 0.28272 -1.5291 -0.18021 -0.8417 -1.2609 2.5976 -0.88072 -0.87855 2.2194 -1.6845 -1.0155 1.4773 0.10857 -2.7696 -0.24901 1.182 0.31496 -0.42515 -0.17042 0.88695 2.846 0.7312 1.8136 0.51251 -1.0015 0.81845 -0.79384 -1.2198 -1.9529 -1.3902 0.70798 -0.42595 -2.0404 -0.31087 0.89143 0.70179 -0.93566 1.4873 -2.2172 -1.0299 1.0886 0.37468 0.038716 0.83619 -3.2901 0.88017 0.46908 -0.15438 -1.8931 -0.96058 0.9693 0.88633 0.14251 -0.042473 -0.45897 -1.2863 -0.94926 -0.98068 0.95134 -0.65662 2.6392 -0.10466 -1.5715 -3.1629 -1.1272 1.7054 0.31384 0.88343 2.8467 -0.4472 -2.5568 -0.65873 -2.1513 -0.39877 2.2513 -1.9256 1.0411 0.50054 -1.4435 2.7859 1.2725 1.3315 -1.8309 
orange 0.76841 -0.6818 -0.49349 -0.43965 -1.5097 3.1346 -2.9764 1.0473 -0.35939 -1.9284 3.5622 -0.54867 0.35189 0.18895 0.67131 -1.6294 -1.1395 0.90421 -0.90057 2.6883 0.6596 -0.56714 -0.34463 -1.2245 -0.090672 1.9221 2.2708 0.38865 -0.67362 -0.15567 -0.16365 1.883 0.21451 1.7981 -0.4538 -0.22496 2.3769 2.6958 0.23543 0.49855 0.67706 0.618 -2.0522 -0.70426 1.1389 1.943 -0.16548 -0.24601 -1.1839 -1.5575 -0.87142 0.10935 1.0013 -0.10928 -0.82558 0.91077 -0.7594 -1.9174 0.078642 0.066545 0.69758 -2.5034 1.4973 2.3247 -0.47228 1.232 1.187 0.2994 -0.21567 -0.83606 0.48324 -0.094418 0.19057 -1.8935 -0.34403 2.0514 0.69891 -0.53699 1.5998 -1.3229 -3.8897 -1.4106 3.5117 -0.74574 1.1753 -1.4498 -0.31227 -1.3059 -2.0647 -0.67842 0.1044 -0.80691 -2.1862 0.52572 -0.95499 1.0178 2.9136 -1.915 -1.5148 2.6866 
soap 3.2629 -0.58968 -2.6955 1.7884 0.39456 0.22342 -4.0615 3.788 -0.56222 0.33118 -1.677 3.4324 3.5256 -2.1536 1.3537 -0.67599 -1.2157 -0.037614 -0.10682 -0.38391 -1.626 -2.3324 2.4617 -3.0012 1.9434 3.259 -1.4603 2.5598 -1.2421 1.4374 -2.4041 -2.8344 1.1155 1.2786 4.9488 -1.7899 4.5445 1.3996 -0.64273 3.228 0.82281 2.0564 -2.3359 -0.4999 1.1338 -1.3814 -0.47251 -4.7104 0.5931 4.8574 2.2658 4.4742 0.74357 -0.92738 -1.6291 1.8037 3.2591 -0.061888 0.48013 -2.6842 1.4272 -0.68888 3.1899 3.2684 -0.46387 0.24704 -0.62745 -0.84354 0.021082 2.8393 -1.3432 0.88322 -1.512 -3.5071 -1.8745 3.5281 -1.293 2.0529 1.054 -2.6786 -1.9389 0.89199 2.3253 3.6039 2.3488 0.4043 1.3503 -1.0935 -1.1243 1.4935 -2.3871 2.1309 0.95114 3.1379 0.25898 -0.69448 -0.36356 0.15417 -0.51858 0.87252 
chocolate 0.92834 -0.70018 -0.34659 0.0028766 0.31596 0.57691 -2.1908 1.2586 -1.5555 -2.1531 -1.0666 -0.85039 0.37905 -0.5057 0.22117 -1.4868 -0.49267 0.40145 -0.50257 0.43755 0.86356 -0.79286 -2.3862 -0.092809 -0.51213 1.0353 -0.89297 -0.8237 0.091402 1.0415 -2.4232 0.6878 -0.44446 1.0189 0.82475 -1.2209 2.0832 1.5531 2.0379 1.7375 0.34493 0.72526 -2.4538 0.82327 0.08692 -0.71887 -0.47566 -0.29125 -1.7593 -0.78428 -0.86865 1.4349 -0.55284 -0.7821 1.4659 1.4982 -0.6549 -1.6859 -0.073198 0.71719 -1.0854 -1.1302 2.469 0.21136 -0.7186 0.79454 0.52131 -0.90073 -0.30012 0.54284 0.15957 -0.78438 0.051913 -1.0131 1.1476 1.0388 1.4801 1.1137 -0.018686 -0.89036 -1.9602 1.0452 0.66252 0.44467 0.25392 -0.19081 0.95451 0.19991 -0.50497 -2.1945 1.1523 0.88546 -0.87432 -1.5017 -0.89689 -0.79097 1.5164 0.0055189 -1.6239 0.15145 
apple -1.4638 0.90296 1.8011 1.0258 -0.17333 4.3621 -1.0237 1.7357 -1.1653 -2.4572 0.30261 0.30036 1.4995 2.1458 0.23471 -2.1083 -2.7196 2.3409 -0.41605 0.82501 -0.74905 -0.65954 -0.76187 -0.34511 0.2023 1.2988 0.61361 1.7088 0.40938 1.7331 -2.8972 2.9023 -0.79628 1.9896 2.5367 0.41427 0.50003 2.0626 1.7926 2.203 -0.9598 0.0083305 -0.71474 -0.56909 0.070404 2.1828 0.21824 0.62891 -1.4821 -0.71282 -1.865 -1.8152 -2.0583 1.3001 2.2573 1.0975 -0.97854 -0.17779 -0.58172 1.1678 0.24802 -2.2567 1.5547 2.2009 -1.5018 0.58747 -0.27319 0.12927 0.79238 0.060714 -0.18843 -1.3216 1.7293 0.7756 2.2749 3.3687 0.7113 1.9104 1.5172 -1.6801 -3.3553 -1.548 1.216 -0.58555 0.11154 2.0568 -0.98089 -0.47024 -0.81872 -2.6927 -1.0003 -0.47852 -0.89237 -0.61716 -3.3938 0.1392 1.532 -1.4619 -0.41661 3.7777 
leather 1.8266 -1.4313 -0.15734 -1.0977 0.20985 1.0343 -4.7132 0.93133 -2.2329 -2.5634 0.87511 0.75202 -1.302 0.91558 -1.9847 -0.55245 -0.7299 -2.0966 0.35658 0.62093 -0.9177 0.92437 -2.5126 0.0062682 0.94987 0.73382 -0.40085 -0.45586 -0.33557 1.1659 -0.75567 1.1419 -0.11648 -0.12775 0.5618 -0.56037 -0.93476 1.7265 3.1769 1.7854 0.10137 -0.32441 0.56488 0.52422 1.2582 1.144 0.36027 0.53023 0.11024 0.29126 1.5628 2.0591 -0.59567 0.6361 1.584 2.7617 -0.75862 0.37445 -1.4743 0.012902 -1.7574 -0.39857 1.0931 1.5891 -1.4129 0.88712 0.055859 2.8937 -1.1323 0.1612 -0.76537 2.1765 -0.5488 -1.308 0.00092896 1.099 0.57704 0.71398 -0.098954 -3.5588 -0.41999 1.3006 0.39228 -1.3423 -0.87 -0.11227 1.9144 -1.2872 -0.34298 -1.5258 -1.4296 -0.64165 2.5028 0.86499 0.17899 0.62219 -0.017017 -1.3045 2.2468 1.1451 
cheese 0.76757 1.8082 2.7314 0.27665 0.034318 1.3509 -3.1973 0.48416 -3.246 0.029973 -1.5111 -1.2039 0.87048 -0.16252 1.3405 -0.90445 0.082309 1.7755 -0.667 -1.1691 -1.1025 0.8747 -2.1481 1.5662 -1.954 0.46817 -1.7912 -1.0695 -0.35244 1.6438 -2.6101 -0.66892 0.21419 -0.87494 1.5362 -0.98134 1.3435 1.8995 4.1902 1.4953 -0.8506 -0.76531 0.95737 -2.208 -1.0281 -2.3855 -0.64358 0.70795 -1.5706 -1.0788 -0.99869 1.5343 -0.49622 -1.7963 -0.090515 1.4177 0.34788 0.85007 -0.86147 -0.12313 -2.8687 -2.5852 1.6417 1.4 0.34252 -0.084182 0.38418 1.9182 -1.1221 0.61312 -0.40735 -1.0621 -0.30788 -0.37791 1.2348 1.1293 2.1195 0.028088 -1.2232 -2.1577 -2.9465 -0.30141 0.11504 -0.77056 2.4336 4.025 1.0593 -0.19767 0.11418 -1.7238 0.30763 0.32943 -0.48842 -0.93994 0.05027 -2.2174 1.9918 1.2993 -0.48454 0.75253 
bread 0.072085 1.5483 1.1486 -0.61435 -0.84241 4.1989 -3.0215 1.3378 -0.69048 -0.95744 -0.56149 -2.4249 1.5648 0.2686 1.5526 1.8441 0.4428 4.6393 -0.4665 -1.1197 0.44091 0.92721 -0.35416 1.5137 1.3268 -0.72725 0.36251 -1.656 -0.35421 1.9853 -3.7458 -0.33571 0.75088 -1.5087 2.3381 -1.6722 2.824 2.0391 5.1349 0.73882 0.75708 -1.018 -2.6917 0.077364 2.5454 -0.18313 0.08109 1.2284 -0.11639 -1.5022 0.39041 2.5158 -0.35635 0.26302 1.3942 -1.379 -0.82175 -0.041214 0.059481 -0.20561 -0.48016 -1.133 2.4716 2.2761 -0.92804 0.43606 1.2297 -0.9268 0.72786 -0.22081 -0.89064 -0.73548 -0.25477 2.2365 3.2737 2.365 0.58654 1.7863 0.80377 0.28774 -1.9496 1.5109 -0.99825 -0.72633 0.45134 2.3153 -0.31186 0.43132 -1.3821 -2.2028 -0.82766 2.114 -0.80029 -0.010655 -1.555 -1.1793 1.538 1.0771 -3.2332 0.5376 
onion 2.018 0.15146 3.1643 1.2325 -1.3312 1.9649 0.3485 1.3961 -2.3515 1.7217 0.94287 -1.3026 0.91968 1.8521 -1.2847 0.21763 0.0044409 3.3351 -0.48794 2.0561 -2.167 -1.3917 1.3878 -0.97766 0.58926 2.6642 -0.63571 -2.8767 0.78513 0.96074 -3.1048 0.31765 0.17452 -0.32005 0.13792 -0.78598 -0.70243 1.4325 2.1191 1.4597 0.37122 -1.506 0.85007 -2.4419 -1.662 -0.7192 -0.28042 1.1567 -0.25833 -0.94828 -1.0535 0.4619 0.68785 -0.97728 2.2128 -2.2566 -1.5315 -0.26401 -1.0125 0.72973 -1.3524 -3.6456 0.62984 0.5672 -0.80205 -3.2175 -0.28439 -0.00065304 3.0045 -0.18325 1.0225 0.071006 -1.4975 0.48288 -0.24784 0.3255 0.035995 2.0024 -0.53448 -1.5415 -1.7288 -1.3165 2.6887 0.99516 2.0727 2.8626 -1.0323 -1.0527 -0.10601 -3.6888 -1.0661 3.2988 -0.78836 0.44015 1.2727 -1.3535 2.1127 2.5364 1.945 0.38666 
paint 0.61156 -1.3192 -1.1939 -2.74 1.5092 0.93003 -0.92676 0.77553 -0.31821 0.41006 0.4023 -0.8198 0.38393 -0.36253 -2.9298 -0.2577 -0.68117 -1.8419 -0.67175 1.6938 -2.2706 -1.3054 2.0659 -0.79102 1.6282 2.32 0.4803 -2.0108 1.9731 0.21155 1.5736 -2.0003 0.68892 -0.83678 0.41541 -0.3862 -1.0842 1.7881 1.1075 -2.5054 2.4082 0.0094468 0.80077 -1.2301 -0.64944 2.9975 -0.94659 -0.16194 -1.7462 2.0381 1.8388 2.6785 0.86827 -0.6881 0.93169 4.289 -1.2633 -0.0095788 -0.87217 -3.5932 -1.4932 -3.139 1.1721 1.9683 0.73965 1.7996 1.6411 -0.97339 -0.69789 -0.88547 -1.6769 0.28049 -0.019274 0.36152 -0.12938 2.5751 -2.0143 0.2993 1.1243 -2.6432 -2.217 0.35333 1.971 -1.1891 -0.56948 0.68646 -1.2402 -3.9525 -4.0113 -2.1264 -0.56946 1.8892 0.7987 -1.1592 3.0634 -0.4388 -0.55771 -2.8054 0.88527 1.5788 
cinnamon 2.765 -0.30591 -0.56536 -0.3338 -1.8898 1.5893 -0.21904 1.6082 -0.30373 -1.7783 -1.2527 -1.4041 0.5407 0.84015 -0.21053 -1.5053 -1.9393 1.1474 -1.2797 0.51517 1.8984 0.11988 -1.187 1.6596 0.62054 2.5585 -0.36024 -0.63685 -0.65332 -0.6118 -0.73645 2.4744 -0.7552 1.4903 0.22538 -1.2714 1.7981 2.743 1.9057 1.043 -0.7829 -0.36229 -0.47894 0.017147 1.6829 -0.98769 -0.58084 0.78139 -1.0251 -1.2435 0.063461 1.4135 0.37791 2.2757 1.2043 -1.1673 -0.5082 0.39263 0.2428 -0.36221 0.84199 -1.7669 2.2605 0.57713 -1.8246 0.54082 1.9993 -0.16969 0.46202 0.32957 0.98023 -1.2926 0.79077 -1.5534 0.45798 3.0768 1.2334 0.074378 1.0939 -0.73661 -2.8504 0.86574 1.484 0.15903 -0.49592 0.3517 -0.053959 0.43814 -0.9121 -1.7868 -1.1671 -0.17977 -0.11929 1.008 0.39911 0.56531 1.2964 -0.23951 -0.38568 -0.47872 
egg -0.66818 -1.8542 4.7123 0.80555 -0.97278 2.4953 -0.7254 2.053 -7.6717 2.0904 -2.4773 1.516 0.46886 0.36435 4.4854 0.28302 4.0926 1.9883 -0.7282 1.6089 -0.80131 3.8564 -0.57214 0.070714 -5.5447 2.8988 0.72403 -4.8154 -2.8852 7.9633 -4.743 3.9535 7.7688 1.8862 4.1669 1.0909 5.306 -0.87148 0.83464 4.393 0.55229 -0.81817 -0.79265 -7.3579 -0.28075 1.9686 2.8444 -0.92356 -3.0184 -1.096 0.38183 -0.75663 -3.0586 -2.4214 0.5282 0.13225 0.54556 1.9931 3.027 3.5856 -5.0412 -4.2179 3.5308 2.2193 2.2696 -0.64374 -0.37817 -3.2174 3.0124 -1.9057 -1.9477 -2.5821 -0.0092176 -1.1193 2.9636 -0.16649 0.27641 1.9868 4.1067 2.3123 -0.99444 -3.7059 1.5371 1.4703 3.3391 3.7036 -0.72373 0.95342 -2.9003 -2.625 1.4167 5.3122 -2.6733 0.53134 0.80421 -7.2812 1.9791 -2.85 4.0931 3.2083 
mouse -1.7496 -2.2805 -1.8821 0.28361 -3.9776 -2.8027 0.71713 4.1744 -2.0088 0.031193 -1.8727 3.5714 0.019708 -4.5817 -0.72033 -2.1003 0.32728 -0.20273 -1.0655 -0.48879 0.55761 1.2952 -1.0749 -3.2423 -0.14364 0.99273 0.77938 -1.8899 0.80246 0.00398 0.089319 1.5268 0.86756 -1.8771 0.95957 0.77107 -0.78207 1.4635 1.1516 -1.2124 -3.1398 0.3344 4.1411 -5.0959 1.1726 0.19907 1.3883 0.15297 -4.0986 -3.1038 -0.68389 1.028 -1.0365 1.3832 -0.73229 0.12359 -2.4294 0.67182 0.08312 0.64493 -3.6125 1.2049 0.019767 0.55482 2.4718 -0.57121 -0.48766 -1.4069 -1.6671 -2.8291 0.20007 -0.079222 -2.4639 2.3271 3.3691 -1.5998 0.75836 2.9286 2.4968 3.8586 -1.4907 -2.301 1.7878 -2.9195 -0.2587 0.60687 1.0921 -2.6058 1.5049 -2.9826 1.4794 2.5497 -3.5337 -0.54011 -3.2704 -0.75572 2.4129 1.4775 0.016385 2.1836 
cologne 0.55918 0.76599 -2.0859 -0.35701 -0.84545 0.72893 -1.6672 -0.12305 0.54873 -1.6313 0.73085 -0.40924 -0.49101 -0.24496 -1.0799 -0.71451 -1.4381 -1.0165 -0.19678 0.59203 -0.68763 -0.56396 0.11942 -2.0032 0.84471 1.1745 -0.51621 3.2289 -0.34147 0.88943 0.22857 -0.72762 0.17997 1.1942 -1.2784 -0.68116 1.6983 0.45771 -0.0094355 0.78831 -0.43097 -0.12828 -0.093512 -0.59556 1.6715 -0.64864 -0.86524 -0.34963 -0.60209 3.4143 1.64 0.8041 0.39522 0.64088 -1.3517 0.57946 0.65243 1.8063 -1.1166 1.1859 0.88482 -1.5179 0.79287 1.2958 -0.33098 1.1613 -0.56337 1.4453 0.69062 0.43394 -1.6042 1.8006 0.056017 -1.3835 1.0108 -0.78723 0.47205 1.4575 -1.0414 -1.5656 -0.56932 -0.78319 0.35938 1.4156 0.54079 -0.34588 0.54929 -2.3248 1.4894 -0.76247 0.17415 -1.0492 2.9254 0.43863 -0.088945 -0.34092 1.9098 0.013363 -0.64243 0.32222 
pine 3.9381 1.3572 0.84097 -0.53429 -3.4713 1.211 -1.8911 3.3985 0.59876 -4.1602 1.5849 0.11165 0.25122 6.4589 -1.9218 -1.0264 -3.6153 1.5353 -2.5413 -0.042884 1.5915 -2.1213 -2.1519 1.5044 0.19711 3.4505 1.397 0.51377 0.33931 -0.46243 0.91013 0.23251 -0.907 3.5166 2.8063 -0.58893 0.46094 3.5664 1.4536 0.045616 -0.51263 -2.689 0.20087 0.15975 2.6479 3.158 -0.85445 3.6426 -1.911 -1.6548 0.70646 5.0978 1.5115 0.63943 0.029389 0.75341 2.3429 0.51503 2.4442 0.94951 2.9314 -1.139 2.3229 4.0705 -1.0325 5.1714 0.91269 2.1246 -1.3481 -0.60125 2.2793 0.49589 3.2665 -0.99071 2.1371 -1.7858 1.0684 1.1268 3.3145 1.0411 -3.132 -1.0872 4.7064 -0.73997 0.35028 -0.024218 -1.5289 -0.51823 -2.4639 -3.425 -0.14829 0.29003 0.80053 3.0755 1.7892 0.044234 2.6679 0.20188 0.19991 -0.050423 
incense 3.7638 -0.047808 -2.8066 -0.71586 0.17622 -0.55152 -0.36901 2.3176 -1.0306 -2.2148 1.3362 -1.1337 -1.7744 0.012955 -2.4539 0.2372 -0.96451 0.061346 0.023557 -1.7998 0.57914 -1.4112 -0.75779 -1.7907 0.56465 4.0423 0.57676 0.49793 0.028866 -1.5085 -0.91991 0.11087 -0.33605 -0.63901 -1.1261 -1.4 -1.0553 3.0528 0.63525 0.54211 0.20573 -0.14239 0.8046 -0.34058 1.8253 3.9749 -1.5469 0.61955 -0.57843 -0.12348 0.89794 1.5428 -0.021485 1.0123 0.7437 -0.8669 0.32085 0.37379 -0.47086 -0.86105 0.60684 -1.889 0.78992 1.5428 -2.1424 2.1614 -0.96944 1.1718 0.10621 0.14332 -0.16791 1.903 -0.92533 0.019944 2.1016 0.4776 -1.1906 -1.8402 -1.205 -0.31112 -1.7706 0.85645 0.90879 -0.52395 2.3318 -0.53199 0.67062 1.0191 -0.381 -0.19166 -1.8046 0.19066 0.99998 0.22444 0.98281 0.049954 1.631 -1.7826 1.1718 -0.66642 
honey 0.96993 -0.82986 -0.61828 0.22963 -0.56904 2.5948 -0.35843 2.8132 -2.2678 -2.3531 -0.84006 0.86485 0.67349 2.4603 1.1892 -1.198 -0.11748 1.739 1.1057 0.18967 0.2067 -0.39081 -0.204 0.010258 0.15418 1.628 -0.69532 2.1314 -2.3299 0.88085 -0.86912 0.38466 0.13438 2.1791 2.9898 -0.60518 1.4057 1.6865 1.615 3.0841 0.27458 1.7314 -0.36885 -0.88925 1.2247 0.22676 -2.0038 -2.1631 -0.88243 -2.3358 -1.11 1.017 -1.6845 0.53562 1.6444 -0.51719 -0.19567 -0.53681 0.97985 1.4203 0.0043924 -2.2183 2.5104 0.051581 -0.030968 1.1189 0.16335 2.2969 -2.7006 0.62641 -2.1116 1.0716 -1.4612 -2.523 0.7377 3.802 1.6711 -0.51565 0.66436 -2.2899 -3.5125 -0.59085 1.5872 0.64401 0.35783 -1.9516 -1.7955 2.168 -0.019962 -0.036696 0.96862 0.14292 -0.084707 1.1724 -3.6814 1.2503 1.5496 -0.85452 -1.2685 1.8379 
grass 1.8395 0.89574 0.84486 1.1389 -3.0171 0.096027 -3.5107 2.6318 -0.50002 -0.43252 2.1558 1.1661 0.52214 4.6601 -0.75353 -0.40377 -1.8957 -0.21617 -0.53357 -0.33023 -0.98029 1.6511 -0.80862 0.056987 1.0226 1.718 1.2936 -1.8238 0.67985 1.2079 -1.6942 4.0991 -0.63536 0.75845 0.80993 2.5204 -1.1498 1.7331 0.07318 1.2298 1.8756 -0.52302 1.309 2.6106 0.70427 1.1765 0.58678 0.69895 1.3212 -0.94876 1.314 2.529 1.3879 0.66727 -1.4387 0.91418 2.2973 -0.26063 -1.0183 2.1552 -0.29165 -1.9464 1.579 0.17856 1.0493 2.5977 -1.2618 1.1433 0.5121 -0.19253 -0.12993 1.0752 -0.20516 0.86861 -0.048041 2.1251 -1.5352 -0.79549 0.96445 -0.37642 -2.1341 2.1005 2.0687 -3.0252 0.098741 -0.30831 -2.3314 0.029982 -1.5717 -0.3322 1.3749 -0.43285 0.096432 3.7245 -0.55451 -1.2027 -0.95142 0.23311 0.79455 0.76071 
tobacco 1.2947 -0.39426 -0.72749 -0.38338 0.1168 -0.66395 -2.3495 0.62071 0.20107 -2.0757 -1.355 -0.70976 -0.83927 2.0288 -1.8406 -0.30085 -2.8555 -0.06748 -1.5663 -0.17484 -0.58414 0.13395 -1.1144 -1.7243 0.75802 1.1142 -0.14859 2.2683 1.0234 0.042985 -1.5437 0.32067 -1.2167 -0.02625 -0.97585 -1.043 -0.50236 3.38 1.4509 1.133 -0.10385 1.6729 0.052718 -0.22469 0.19575 0.34838 -1.8763 -0.93324 -1.6221 -2.0777 0.97447 1.1707 -0.33066 0.97005 2.5157 -0.0019585 -1.5145 -1.1555 0.49269 1.9398 -1.174 -1.2984 1.716 1.278 -0.40497 -1.7044 0.66606 -0.23489 -0.20497 -0.26286 -0.26309 1.7881 -0.47155 -1.6978 1.8787 0.56793 -0.46536 0.89114 -0.14435 -3.7226 1.5041 1.3265 1.1937 1.5333 0.65826 -1.0401 0.35595 -0.78666 -1.6008 -0.67049 -0.41974 0.90682 0.61704 -0.40258 0.33483 0.24912 2.6944 -1.4756 -0.30743 -1.1942 
vegetable -0.23242 -1.0423 1.0075 1.4954 -2.4826 1.5871 -2.3303 2.0252 -1.3747 1.6674 0.95698 0.040911 -1.6256 0.90761 0.80981 0.28499 -1.505 2.4333 -1.3241 -0.73642 -0.43621 0.55344 0.21809 -0.10624 -0.41174 2.0421 -0.93478 -0.77365 0.96265 0.94045 -2.632 0.806 0.54759 0.37932 -0.12678 -1.2543 1.1806 1.2914 1.1495 1.7007 1.0124 -0.89222 1.0062 -1.0022 -0.89076 0.8811 -0.3182 -0.03218 -1.0047 -0.33692 -1.3159 -0.6031 0.49092 -0.87873 1.0523 -0.39081 0.10768 -0.72777 -0.19803 0.26319 0.21265 -2.8088 0.6061 0.68965 0.23513 -1.3953 -0.389 0.59871 1.3478 -0.58846 0.3635 0.16813 -0.47646 0.36196 1.1589 2.8895 -0.69851 1.5202 -0.085111 -0.66349 -0.78792 -0.29215 1.1585 -0.018423 0.11449 0.84736 1.9566 0.34548 1.0035 -0.47675 -0.058823 1.8676 -1.0893 1.7908 0.48709 -1.5536 0.63979 2.2881 2.2785 2.464 
mint 0.67633 -3.4029 -1.0788 1.0343 -1.6356 -0.48065 -0.44701 4.875 -3.4426 -1.4212 3.4991 -0.36825 2.2644 5.5039 -0.87627 -5.3895 -0.77583 0.51327 -2.0765 0.15438 -0.61151 -2.8551 -0.7698 -2.0862 1.1669 2.6341 0.33074 1.6414 0.084146 0.38463 -1.0229 1.812 0.026497 0.17642 0.60239 0.42215 -0.35784 1.7518 1.1574 3.8711 -2.1949 -0.57743 -0.72638 0.31741 0.44478 -1.06 1.4471 -0.44719 -2.8781 -2.2159 1.4382 1.891 2.1843 1.3902 0.88087 0.31553 -0.28147 -3.1868 0.57508 -0.79541 0.81894 -3.2931 0.70867 2.5506 -0.19232 0.29056 1.2783 0.16358 -1.9731 0.39303 2.7339 -0.34477 0.47843 -3.1311 -0.88692 3.9938 -0.42952 2.9023 2.9508 -0.57639 -4.3193 0.071216 3.7421 2.5202 -1.2656 -0.8183 0.5377 -1.886 -3.0183 -1.7602 -1.4529 -0.67509 -1.1919 0.76485 0.84976 0.45513 3.4683 0.61188 -1.0078 -0.29003 
coconut 0.41435 0.027005 0.97954 0.67597 -1.3125 3.9511 -1.0056 2.7124 -2.5586 -0.79684 1.4686 0.33708 0.76049 0.22079 0.88012 -3.4207 -3.0182 -0.12687 -0.11218 -0.27555 0.4305 -0.59546 -0.14702 0.6282 0.87096 1.1583 0.73141 1.3674 -1.857 0.50566 -0.75551 0.94042 -0.93431 3.4095 0.73285 -0.27841 3.9749 0.5871 0.32725 1.2057 -0.23138 -0.64508 -1.8197 -0.97572 2.7706 1.8218 1.9854 -0.9255 -1.122 -1.1826 0.65096 2.9051 0.51209 -0.81438 1.5474 0.45205 0.35451 1.0195 -1.0679 1.5058 -0.43063 -3.0563 0.85936 -0.32733 0.25689 1.1919 0.85584 1.0994 -1.7751 -0.59254 0.90422 -1.4738 -1.0135 -3.0569 -1.699 2.7464 0.53047 0.93757 -0.37934 -0.13524 -2.7734 1.0429 1.9995 1.1913 1.1534 0.024025 -0.19402 2.709 -0.30945 0.4114 0.61171 0.98298 -0.49259 2.1343 0.45805 -1.2618 1.0989 0.10427 0.052638 0.26759 
weed 0.18929 0.46046 0.29484 0.84057 -1.3226 -1.5567 -2.1743 0.57568 -1.2897 1.4468 1.9882 -2.1867 -2.7979 2.2964 -0.57587 -2.6586 0.56021 -1.6097 0.81445 -0.068922 -1.9367 -3.721 0.50438 -2.2929 1.0711 0.91874 0.063155 -1.841 2.037 -2.5481 -0.45644 -1.7484 -2.6591 0.1927 -0.77661 1.6074 -1.8285 0.57009 -0.51723 0.044532 1.9572 -1.1606 2.0203 -0.70414 -1.0026 0.98357 -2.1792 -0.10932 -0.83274 -1.2538 3.6769 3.9442 -2.224 1.5784 -1.6188 -1.3631 0.70103 -1.2363 0.94198 4.7268 0.7634 -0.38877 0.14172 -0.72556 1.2795 -1.9486 0.39942 2.4172 3.0601 0.73966 0.067285 -0.74281 0.053397 -0.22104 0.9213 1.6288 0.014158 0.85305 0.80535 0.344 -0.26803 4.258 1.5333 -1.2286 -1.0127 1.5999 0.20826 -2.3134 -3.0268 -2.7085 2.7328 0.08199 -1.6051 1.1326 0.87142 -3.2952 2.8514 -1.2477 1.0376 0.090953 
cherry 1.1941 0.42072 1.787 -0.27976 -2.2841 2.5213 -1.4359 1.0644 1.3738 -1.059 0.033559 0.73656 1.0249 0.27843 -1.2633 -2.7205 -0.44817 0.34976 0.022397 1.7707 1.209 -0.1257 -3.3844 -0.57665 -1.5937 -0.60911 -1.2144 2.1432 0.6166 -0.29123 -2.6381 0.53619 -1.235 2.9035 1.17 -3.2266 3.7092 3.5146 0.26181 4.114 -1.0044 1.1477 -0.26096 1.1378 0.44287 -0.33767 -1.9535 1.7601 -0.68857 -3.2096 -0.48731 1.5941 0.0028081 1.3596 1.193 1.0523 -0.72205 -0.92511 0.59046 -0.54667 1.1756 -0.63567 1.2206 2.4321 1.0025 1.469 0.40478 -2.0596 -2.021 -2.0561 0.5637 -0.47508 1.3173 -2.0361 0.2172 3.9732 2.1377 -0.19752 -0.93973 -1.8692 -1.4012 -0.95551 2.8484 -1.0673 0.40989 -0.33101 -1.3197 1.1679 -2.411 -2.171 -1.7384 -0.46995 0.26011 -1.8118 -1.4936 0.96043 2.1974 0.88075 0.1134 2.4832 
grape 1.0321 0.91242 2.1121 -1.955 -1.6992 2.321 -1.7186 2.9908 1.037 1.4666 0.018474 1.5448 -3.6257 0.39694 -0.27067 -2.2711 -1.1118 2.4257 -1.8236 0.69584 -0.73702 -2.435 -1.3141 1.0834 -2.2822 0.3466 -0.93975 2.6481 3.3348 -0.36419 -3.4473 -0.40063 1.9127 1.6213 2.6546 -0.31206 2.4772 1.3259 2.3449 6.1361 -1.1757 1.8747 0.39547 -1.9657 -2.4124 2.2017 0.3621 0.17334 0.72451 -2.2508 -0.78645 0.33477 -0.6498 0.60034 -0.90156 0.70331 1.1224 -0.48879 -0.56287 2.1778 -0.67342 -1.83 -1.4317 0.017394 2.5104 1.0643 -1.6116 -0.28585 0.41101 -0.32161 -1.7493 0.80628 1.9858 -4.4277 0.48922 3.3772 -0.051465 2.0529 2.5113 -2.1666 -3.6528 -1.7682 1.1324 -3.4596 -0.85872 1.7416 -0.7389 1.0283 3.0903 -0.38953 0.77911 -0.93556 -0.070945 -0.0212 -0.83478 -0.043043 4.138 -0.37179 -0.63499 2.5215 
ammonia 0.35512 -0.97929 1.6646 -0.66772 -0.89657 -0.42805 0.65689 -0.032769 -2.1544 -2.1404 0.15658 0.0002277 0.773 -0.5801 -1.3439 -0.51824 0.059504 -1.004 1.8255 -0.45944 -1.5777 1.0407 1.8615 -1.0264 -0.35825 1.7079 1.6895 -0.69377 1.2405 1.1128 0.19956 -0.25997 -1.3584 -2.3477 -0.86557 -0.58488 -0.91714 -0.29743 0.42323 -0.047175 -0.035677 1.3101 2.5263 -4.424 -0.82104 0.20835 -0.32825 1.3887 -0.37292 0.60514 -1.6956 0.68129 -0.11732 -1.2261 0.9456 -0.038129 2.1124 1.4552 0.76566 1.2282 0.68617 -3.2197 0.83477 2.3689 0.72019 -1.1693 -0.85879 -1.0713 -0.15938 -2.6246 -0.53386 1.4788 -1.598 -0.26109 0.63442 0.46887 -1.2962 1.0236 0.81876 0.62039 -0.49396 1.4592 0.098041 1.106 -0.28621 -3.1801 0.7027 -0.58762 0.14392 -1.8853 0.60339 1.0408 0.36508 0.47382 -0.11813 -1.3352 0.49266 0.56063 -0.8099 -0.62171 
vinegar 2.6511 -0.89966 0.72416 -1.6352 -0.020528 2.605 -1.1981 0.81038 -2.5221 0.065047 0.26769 0.43315 -1.3636 0.47111 -0.78192 0.8855 -0.57323 -0.54476 0.3266 0.51627 -1.8726 0.098898 2.4276 -0.94335 0.47137 0.052868 -1.0921 0.15985 -0.44501 1.3008 -0.32734 -1.1585 -0.94118 -1.6006 2.6716 -0.055954 0.87593 0.31645 -0.0090412 1.6017 -0.2793 -0.25585 0.53849 -2.0968 1.0271 0.28513 1.7746 -0.86799 -0.28866 -1.3922 -1.2383 2.1035 -0.69794 0.76761 0.90776 -0.926 1.1752 0.38551 1.03 1.2199 0.13676 -3.3487 0.9077 2.6665 0.4114 -1.8386 0.56571 -2.1387 0.30897 0.5896 0.83586 1.2863 -0.25228 -1.4782 -0.70298 0.85708 -0.74239 2.2203 2.1229 -1.5181 -2.8742 -0.87685 0.19595 1.5051 1.433 -0.61018 0.43022 -1.9858 -0.3503 -1.724 0.53691 1.2477 -1.5907 0.010876 -0.14166 -0.74848 1.0901 0.29888 -0.94628 0.69913 
peach 0.24528 0.4068 1.4453 -0.36522 -1.2855 3.6173 0.49841 3.5859 0.28661 -0.6968 1.4562 -1.4267 1.0965 0.87734 -0.3529 -2.7678 -1.7102 0.59442 0.66256 4.0264 -0.22489 -0.098348 -0.581 -0.16701 -2.3006 0.93419 -0.1735 3.5233 2.2183 1.6122 -1.655 1.4899 -1.3324 3.6914 1.5473 -1.5626 2.1612 0.19053 2.1255 2.7172 -0.40146 0.32865 -2.0676 -0.90034 0.2065 1.5387 -0.58679 -1.0205 -4.1866 -2.5362 -0.83615 -1.6625 -0.20984 2.2499 0.72378 0.48957 0.065584 -0.83529 -0.41871 1.2029 1.1037 -1.4787 1.3952 1.0774 -0.24225 0.78352 -0.85885 0.63897 -1.4186 -1.0688 -1.2108 -1.0613 1.3079 -0.18481 1.1007 5.2683 2.5599 -1.455 0.71855 -0.62099 -3.2763 -1.776 1.5345 0.16511 -0.44373 -0.43716 -1.2668 1.9005 -1.2654 0.43295 -0.24476 0.67124 1.5594 -0.34159 -3.2331 0.4079 2.2216 -0.37736 -3.1611 3.6882 
rubber 2.9428 0.16552 0.12223 -1.2459 0.0016941 0.33317 -0.23297 0.91926 0.67537 -1.325 1.5738 0.98306 -0.89443 2.1902 -3.1047 1.2544 -0.71146 -0.29404 1.0077 -0.68269 -2.3217 -0.36081 -0.25856 -1.5054 -0.44578 1.4501 -1.0834 -3.0519 0.13112 0.67922 -0.94279 0.57116 -2.4977 1.3299 -0.56043 -2.0826 -1.6272 1.0299 2.0555 -1.5446 0.72655 0.44622 2.5562 0.090224 0.86011 2.07 0.18201 0.18095 -0.25571 1.1048 0.18945 4.3251 -0.29771 -1.9414 2.5068 2.6348 1.0942 0.97766 0.91016 1.7428 -1.7005 -0.023711 -0.31842 0.86549 -1.1578 -0.77995 1.2 1.1581 -2.4059 -1.4265 0.58141 0.5956 -2.8097 -0.85008 -0.24024 -0.70592 -1.9418 0.51945 0.21144 0.33895 -0.70044 1.7059 1.4368 -1.4754 -0.19304 1.938 -0.55268 -0.15226 -1.2149 -0.49572 -1.6128 0.86069 -1.5891 -0.52466 0.048932 -0.19739 -0.60986 -1.4807 0.43641 0.47632 
grapefruit 2.0023 -0.20354 0.84606 0.82602 -1.8895 2.1356 0.066072 2.3606 -1.1412 -0.74841 0.96264 1.0968 -0.017042 2.3908 -0.85924 -2.852 -0.90228 1.5889 -0.57818 1.6562 -0.15469 -1.2891 0.078715 -0.31868 -0.2528 0.73395 0.20548 2.9673 -0.11899 0.5316 1.6431 1.243 -0.51083 2.2345 0.16943 -0.8067 1.207 0.30407 0.94859 1.5203 -1.7858 -0.25759 -0.94867 -0.76158 -0.019255 -0.049227 -0.041045 -0.44062 -0.97011 -1.8886 -2.3343 -0.79903 0.16133 0.35996 0.33103 0.95293 0.29371 -1.2934 -1.0838 0.27557 1.3425 -1.0308 0.25094 0.98863 -0.18364 2.1879 1.0904 0.46659 -0.39792 -1.0284 0.82434 -0.19985 0.66573 -1.7689 -0.61916 2.6076 0.92989 1.9169 1.2718 -1.3819 -2.4729 -1.1849 2.3949 -0.61619 -0.57186 -0.24357 1.1306 -0.19121 -0.91299 -0.79424 -0.12472 -0.20952 0.013337 0.83988 -0.69159 1.4826 2.3669 -0.3146 -0.66621 2.3469 
berry 0.34205 1.613 1.4463 0.79759 -0.96079 3.0479 -1.4828 2.3042 1.5196 -1.8211 1.6625 -0.13359 0.016586 2.8459 -1.267 -3.9118 0.31679 1.0329 -0.90842 2.2614 1.0416 -1.9045 -3.2661 0.41998 -0.040451 0.13023 -0.2889 0.89833 0.2257 -2.6376 -2.6274 1.1008 0.66357 3.941 1.7228 -1.32 4.4689 0.92754 2.4885 4.3773 -0.72425 1.0513 1.0589 1.7069 -0.48891 1.5495 -1.1887 0.69855 -2.1361 -2.1427 -0.75019 -0.44224 0.9576 0.98688 -0.13222 0.24899 -2.016 -1.8068 -1.5199 2.3902 1.2962 -1.9419 1.5904 1.4314 0.93016 2.9483 0.20401 -1.6214 -3.0412 -1.4408 -0.43981 -0.95271 2.018 -2.4029 0.89915 4.0919 1.5999 1.0381 0.57528 -2.5195 -2.3458 0.57128 3.4143 -1.4966 -0.94514 -0.10702 -1.3885 1.0158 0.082143 -4.1597 -2.1198 0.3516 -0.16006 -0.76754 -2.0904 0.90786 3.7851 -0.41832 0.29827 3.6605 
strawberry -0.19057 0.44758 0.29846 -0.77264 -0.62667 2.0427 -1.2982 1.7404 -0.51349 -0.37746 1.0828 0.6311 0.62881 0.59918 -0.27103 -1.9247 -0.53786 0.32963 0.11025 1.1382 0.30961 -2.5745 -0.30877 -0.58987 0.18244 -0.54488 -0.29059 0.52076 -0.046862 0.26306 -1.6858 0.56783 -0.73664 1.6054 1.1413 -0.68461 3.2033 0.30069 0.81522 2.2087 -0.38086 0.58023 -0.29687 0.19541 0.83201 -0.16113 0.11875 -1.291 -1.9553 -1.6332 -0.93573 1.6644 0.60803 0.75858 0.34403 0.59996 0.22821 -0.62679 0.18239 -0.55486 0.088237 -0.16082 1.5002 0.15576 -0.40064 1.4003 0.94514 0.48115 -1.6291 -0.21744 -0.068212 -1.1452 0.91341 -0.46501 0.53769 2.3111 1.2371 0.77868 0.71023 -1.1958 -0.61704 0.11445 2.5661 -1.2458 0.64229 1.3263 0.32723 0.27891 -0.6511 -2.1102 0.63766 -0.015735 -0.31616 -0.37336 -1.1059 -0.62086 2.3533 0.94957 -0.74031 1.9167 
manure 0.55737 3.356 3.1721 -0.37167 -0.63601 -1.5238 -0.40163 1.1633 -2.1578 -0.31468 -0.010694 1.2882 -0.6096 1.9014 0.3438 1.0522 -0.6934 0.92929 0.3995 -1.2947 -1.688 0.06728 1.8504 -0.32531 0.012738 1.9045 -0.6992 -1.4621 1.7112 2.0066 -2.5553 -0.64712 -0.90427 -0.62608 1.3208 1.2824 -2.0823 2.706 -1.2083 -1.6555 0.68512 0.32865 3.3408 -0.086553 -1.6298 0.19367 -1.4706 -0.38255 0.098769 0.93085 0.57364 0.76954 -1.2565 2.1448 0.63343 0.77583 2.4632 1.0476 -1.7998 -0.31749 -0.22152 -2.5378 0.63441 0.52299 2.5543 -0.11245 -0.42539 -0.11523 1.5322 -1.2592 0.30998 -1.5569 -1.3649 -1.7854 2.6468 0.82698 -0.73911 0.65024 0.73349 -0.19098 0.69257 2.2354 -0.60475 0.18502 -2.7958 0.025738 1.3257 0.81705 1.1035 -1.0713 2.7984 0.26053 0.33218 -0.21567 0.23742 -4.9106 1 1.1682 2.2107 1.0602 
clove 3.3815 0.012747 -1.7369 -0.10866 -2.5855 2.3194 -1.9122 1.027 -0.72786 -0.96999 -2.0384 -1.6658 0.89807 2.0843 -1.7189 -2.4309 -0.25316 1.6032 -0.72736 4.1019 -0.16576 0.81077 -2.3043 -0.00057618 2.9771 3.7969 -0.78774 -1.3052 0.11709 -1.7772 -0.9773 2.191 -0.15112 1.6699 0.80748 -1.1583 -0.13929 2.8614 1.7022 2.7883 -1.4406 -0.098227 -0.72061 0.21015 0.92086 -0.42953 -0.31646 -0.71776 -0.59531 -1.7955 0.79249 1.4714 0.55709 1.1216 1.0154 0.14731 0.73114 0.99803 1.511 0.31442 -0.57015 -3.6586 1.1167 1.8155 -1.5076 0.025061 1.1344 1.2013 0.2831 -1.8227 -0.7159 0.30966 1.7482 -1.9996 -1.2353 2.2087 -0.61488 1.5163 2.3941 -1.9797 -4.5997 -1.2758 2.7035 0.7979 1.3461 0.74049 0.60038 -0.73105 -1.8836 -2.345 -1.9117 0.89358 -1.2651 0.18708 -1.1287 1.8597 1.8345 -0.080642 0.12359 -1.0573 
cedar 2.8042 -1.0946 -0.40337 -1.5144 -2.5093 1.0792 -3.1975 1.4987 -0.32949 -3.2337 1.5651 0.6025 1.4195 3.2972 -2.6168 -2.6746 -2.966 -1.1364 -0.56798 1.3307 -0.23847 1.2438 -2.31 0.69619 0.26175 1.8639 3.4406 2.4727 1.3114 0.46875 1.6908 -0.57118 -1.693 -0.019504 -0.6568 -0.69388 0.19938 3.4197 0.9838 1.6953 0.84847 -0.34925 -0.80636 2.7842 3.443 1.8222 1.2582 3.2201 0.38341 -1.3198 2.5111 2.0643 0.3303 1.0231 0.25076 1.1877 0.3943 -0.33975 -0.016078 0.58983 0.31449 -0.26231 1.3899 3.5282 0.35734 2.1581 0.43365 2.1571 -1.525 -0.020486 1.9175 -0.085728 2.076 -3.6243 1.0937 2.0618 2.0186 -2.1243 0.36034 -1.836 -1.0153 0.54006 2.3276 0.52577 -1.7643 0.54863 -1.0445 -0.34458 -0.085846 -0.93354 -1.6966 0.081715 0.019045 0.088997 -1.1968 1.1965 2.7051 -2.2955 0.078383 1.4502 
gasoline 1.8098 -0.07815 1.5647 -2.9951 0.17136 0.68602 -0.26569 0.13579 0.69729 -1.3013 -0.7733 -1.6321 -0.45812 1.7429 -0.60647 0.27917 0.95535 -1.801 1.0208 2.0945 -1.6226 -0.93226 1.0527 -0.8562 0.33021 0.9647 0.61483 -0.21693 1.6259 0.93416 -0.93272 0.49302 -0.70161 -1.035 -1.1205 -0.42478 0.028748 0.70469 0.3718 0.035107 2.062 0.44503 2.4731 -0.85578 0.2486 0.23801 -0.41035 1.4516 -0.95314 1.6766 0.46315 1.7948 -1.6369 0.15575 0.0045524 -0.26175 0.65821 1.1661 0.25914 2.1804 0.53389 -0.83891 0.65876 0.4696 -0.023295 -0.55654 2.165 -0.28771 -1.4208 -1.0303 -0.041762 0.65692 -1.9317 -0.3062 -0.27025 0.54119 -1.554 0.94698 -1.1591 -0.15132 -0.052819 -0.1415 1.3 -0.58681 -0.76015 -1.4714 -0.011235 -2.2777 -0.87279 -0.23916 -1.7062 -0.40967 -0.41612 0.46014 -0.57043 -1.9312 -0.74872 -1.5472 -0.98442 0.27021 
oak 7.6622 -1.4949 4.7549 -2.4048 -2.4265 6.34 -4.4695 2.2131 -1.1621 -3.9146 -2.398 -0.86294 -0.80342 4.2073 -4.5458 -0.57205 -5.2333 0.34916 -1.0929 0.45417 6.5351 3.7354 -9.3248 0.50972 -2.1492 -5.416 -0.44886 3.1342 3.2477 3.2199 -1.3686 0.1103 -1.0496 2.7512 3.5794 -0.99661 1.7748 6.4888 4.9465 1.5392 -2.2073 2.9919 3.8098 2.4804 1.4573 6.4034 -3.6303 4.7304 2.3389 -5.4073 -3.2343 4.0472 -1.8424 0.24133 0.60982 2.041 1.7906 0.31998 0.28042 1.5036 1.3599 0.26823 0.77248 4.7037 1.1415 2.7873 -4.6665 -3.8425 -2.4545 0.3492 -4.8215 3.4387 6.2445 -3.8998 1.3306 3.8309 2.3131 -2.1578 4.3983 -3.3364 -3.1321 -3.271 1.664 1.5288 -0.62086 1.1246 -1.1615 0.75765 0.61161 -0.99675 -2.1413 -1.564 0.91071 -0.44323 -1.4766 -0.58343 5.0725 -3.7196 3.8645 0.52614 
pear 1.5082 2.9674 2.5263 0.83884 -0.87187 3.426 0.8806 3.4508 2.4229 -2.898 0.051195 1.261 1.7603 3.799 -1.2365 -4.7051 -1.6679 2.3395 0.68066 5.3301 -0.19933 0.89745 -0.7546 0.047141 -0.20341 0.38499 -1.6735 3.5684 1.4881 1.8654 -2.7722 4.8859 0.23926 3.8074 1.5178 -1.1376 2.3294 -1.1644 3.5091 2.5812 -0.52775 1.6214 -0.32593 -1.4434 -0.75438 0.57684 0.077993 -1.416 -3.0869 -4.2646 -2.4086 -3.0837 -0.7172 2.3013 -1.6104 2.9684 0.12226 -3.0455 -0.25103 3.0628 0.72385 -4.3522 1.6359 2.2432 1.0449 3.0296 -0.82714 -0.66518 -1.9438 -1.7981 -0.23664 0.13586 1.7803 0.99903 0.51181 5.4471 2.3623 1.0481 -1.2644 -0.36105 -5.1999 -3.0736 1.8215 0.89452 0.6079 1.7275 0.60394 2.2944 -1.3503 -0.76903 -1.7381 -0.074233 2.2906 0.71141 -4.2911 0.27649 2.5778 0.77164 -1.7091 2.5402 
banana -1.1448 0.24599 -0.4849 -0.33922 -1.7761 2.5456 -1.9774 0.062433 0.4022 -0.75389 -0.82635 -0.86059 0.79195 0.075681 1.2495 -1.8606 -1.9207 2.245 0.21565 0.22094 -1.1328 -0.3548 0.36811 -0.20078 -1.295 0.23726 -1.1176 1.4571 -0.09774 0.30036 -1.5197 1.8903 -1.7934 0.50924 1.1617 1.7982 1.2627 1.0303 0.96366 2.6866 -0.88585 -0.16581 -1.358 -2.0698 1.8037 0.61221 0.41733 0.72442 -1.5789 -0.90371 -2.3375 1.3841 0.22194 -2.4565 1.2664 -1.0517 -0.84756 -0.3621 0.20157 0.85122 -1.5615 -1.666 1.0728 1.2844 -0.82654 -0.053944 2.0321 0.64189 -0.18916 -0.81381 0.63126 -1.1955 -0.33039 -0.52796 -0.15927 2.8455 0.20212 0.7352 1.4414 1.4295 -1.3317 -0.28957 2.4529 -1.0587 1.06 0.98625 -0.2038 -0.0032726 -1.6544 -2.0777 -1.6778 1.3076 -0.46535 -0.19104 -1.0214 -1.4636 1.3396 -0.28374 1.3432 2.2555 
popcorn 0.10556 1.2157 0.81751 0.57429 0.2496 0.18265 -3.1563 0.42861 -0.97306 -0.84954 -1.3733 -0.97815 0.23818 0.078953 -1.3737 -1.9086 -1.1668 -0.69728 -1.8522 -2.3759 0.31319 -3.2236 -0.24868 -1.1528 0.02995 0.21473 -1.1544 -1.2949 -0.68704 1.084 -0.99477 1.0841 -1.6478 1.8528 2.2073 -2.5176 0.88142 -1.266 3.5239 0.24502 -0.94241 -0.27222 -0.75956 -0.89056 2.3738 0.80185 0.89683 2.3742 -0.58188 -1.337 2.4732 1.9718 0.18435 -0.69966 -0.2218 1.4601 1.2213 -0.8823 -1.4846 0.22275 -2.2448 -1.7618 2.6729 -0.46435 -1.023 -3.0476 0.24384 0.69225 0.88425 -1.0858 1.4564 -2.1682 -0.34243 1.6708 2.4218 0.19646 -1.5513 1.9591 0.82493 1.8455 -2.3507 1.5058 -0.51449 -1.5982 1.4447 -0.92098 -1.4382 0.45909 -2.1639 -1.1129 0.69293 1.4217 1.1119 0.16235 0.12472 -0.2773 -0.77009 -1.7531 -0.31757 0.81549 
caramel 1.6623 -0.34028 0.62999 0.52929 0.16295 3.5098 -0.68572 3.1783 -1.8498 -2.9273 -0.83912 -0.46009 0.63476 1.8589 -1.3261 -0.67079 -3.0367 0.77822 -1.2627 1.0983 0.26747 0.54781 -1.8478 0.99555 -1.6772 0.075334 -0.046771 0.13806 -0.32702 0.99324 -0.26776 2.5053 -1.9226 0.7585 2.1942 -2.1717 3.0158 0.52941 1.3056 2.8061 -0.14673 0.758 0.6829 -0.50381 2.5382 0.36907 0.25297 1.8827 -0.5866 -2.3047 -2.396 0.69622 -1.5222 0.66977 1.4442 1.3357 -0.29126 -1.6029 -1.5347 1.7935 -0.90967 -0.66593 1.5177 -0.028474 -2.9315 -0.67773 1.9619 -2.0236 0.28153 -0.65187 -1.4442 -0.86449 0.5115 -1.1956 -0.43714 1.6579 2.9315 0.44694 0.2407 -1.0428 -1.4173 1.0597 2.0932 0.41824 1.6728 -1.5954 -0.43618 1.6586 -2.0503 -0.78061 0.81871 0.42891 0.92957 -1.1611 -0.01744 0.34729 2.5783 -1.2939 1.2043 1.0453 
eucalyptus 1.7304 0.28299 -0.070398 -0.21328 -2.372 0.2384 -0.86104 2.4916 -0.4052 -1.1772 1.9961 -0.050441 0.95967 1.5299 -1.2318 -1.7026 -1.2246 -0.65014 0.36399 -0.2272 -0.62115 -0.24072 0.032762 -0.063847 0.54016 1.949 0.85877 1.1707 0.3176 -0.96385 0.04797 0.11155 0.34403 1.0808 -0.12194 0.5795 0.14549 0.80563 -0.47967 1.207 -1.1663 -0.73385 -0.22759 0.67746 1.0917 -0.26534 0.60624 0.26439 -1.3862 -0.1503 0.50216 1.9559 0.98655 -0.035165 0.027026 0.1541 0.62164 0.31797 1.4726 -0.53277 0.02698 -1.5218 0.36212 1.6436 -0.16899 1.5609 -0.58197 0.68028 -1.8377 0.73279 1.2695 0.6685 1.2716 -0.82294 0.091588 1.2194 -0.55277 0.82466 2.0132 0.68743 -1.6523 -0.87831 1.7975 0.68531 0.5197 -1.1421 0.17362 0.47056 -1.0342 -0.73472 -0.19993 -0.50735 -1.0763 1.6259 0.15386 0.76348 0.67349 -0.97048 -0.78497 -1.7172 
bakery 0.32051 -0.37656 -0.77314 -1.0124 -1.8262 1.6596 -2.3761 0.49437 0.47866 -0.082813 0.56801 -3.8005 2.533 -0.22561 0.93615 2.9056 -2.4672 1.3111 -0.6267 0.23127 1.0689 -0.97672 -0.88547 1.7539 -0.026671 -0.29797 -0.14183 -0.87175 -1.1931 2.2868 -3.975 -1.9165 1.008 -1.009 0.87069 -2.0692 1.8349 1.3512 2.5706 -0.41165 0.16775 -1.0257 -3.8693 -0.040044 2.2204 -0.069644 -1.0599 0.86029 -1.7141 -0.42406 2.4995 3.4946 -2.9076 -0.35374 -0.96487 1.7174 -0.51394 -2.0674 0.92797 -1.7763 -0.20931 -0.1102 3.0154 -0.16254 -2.2263 1.5981 2.7915 0.23729 -0.093346 -0.22066 -0.73166 -2.5882 0.49647 0.86841 1.681 2.9783 -1.1653 -1.2153 -0.41801 0.046263 -0.87227 0.61998 -1.567 1.4283 -2.5441 0.27607 -0.0021667 1.446 0.26656 -1.2376 -0.64764 0.41396 0.13583 -1.9294 -1.4724 -2.7906 1.2989 0.4283 -0.59029 0.34091 
peppermint 1.7911 -0.76543 -1.3075 0.81162 -0.36824 -0.069585 -0.4887 2.1704 -1.4093 -1.9204 1.2683 0.96545 0.97167 1.249 0.25205 -3.2388 -0.38435 0.3425 -0.94258 0.61107 -0.4058 -1.2792 0.39167 -1.177 1.7684 2.5504 -0.093967 0.50857 -0.29578 -0.065272 0.28099 1.8435 0.29478 0.387 0.47662 -0.54797 0.088877 2.6253 0.4461 0.68681 -1.8646 -0.23608 0.071186 -1.6289 1.5459 -0.98812 0.87542 0.38521 -2.3372 -0.89525 -1.114 1.4761 0.43702 0.4897 0.79345 -0.59545 -0.79423 -0.46626 1.1227 -0.78162 -0.034868 -1.0396 1.0352 1.3598 -0.63542 0.74236 0.9372 -0.49976 -0.32003 -0.55332 1.4156 -0.038469 0.62469 -1.1145 -1.5828 1.1781 -0.12498 0.3035 1.3973 -0.89023 -1.408 -1.0115 2.3344 -0.01917 -0.98114 -0.80606 0.69303 -0.16297 -0.37351 -0.8591 -0.010609 0.052909 -0.68776 1.0953 0.44835 -0.30434 2.6844 -0.31496 -0.95739 -0.92519 
mushroom -0.79293 -0.78422 0.65074 0.21589 -2.1784 2.4946 -1.5462 2.2997 -1.9117 1.8534 0.9222 0.019467 -2.3304 0.25589 -1.0016 -2.6489 -0.87754 -0.58882 -1.5464 -1.9191 0.25072 0.87477 -1.0774 -0.65535 -0.016968 0.7152 1.9479 -0.67345 1.5396 -0.2596 -1.4468 0.6246 -1.1108 -0.23947 1.8793 -0.57567 -0.24862 -0.068935 1.0123 0.8816 0.95965 -0.49379 1.9062 0.10229 -0.57053 -0.46782 -2.1382 1.4978 -0.21954 -0.84231 -1.3471 0.14999 -0.5131 -0.25398 1.9771 -0.12016 -0.17153 -0.29959 0.071986 0.6426 -0.77118 -2.0509 2.1141 0.44481 -0.46689 -0.01366 -1.0157 0.81168 0.5296 -0.32366 -0.44625 -0.62098 -0.77203 -2.3701 0.18767 1.0538 -0.46473 -0.31834 0.40957 -1.534 -1.0763 -0.71629 0.56312 -1.1552 1.3591 1.6647 0.89832 0.54753 0.074076 -0.12005 0.65304 -0.99344 -0.22829 0.30607 -0.53164 -1.9856 1.5208 0.49952 0.66192 1.4403 
raspberry 0.073869 1.2684 0.37268 0.17603 -1.193 2.3552 -0.95829 1.9144 -0.45574 -1.5667 1.3733 0.778 0.3269 0.59439 -2.0803 -3.0339 -1.089 -0.22944 0.061917 2.7661 -0.3205 -0.10579 -1.0684 0.42033 -1.5162 -0.56031 1.083 2.2397 -0.25903 -0.34305 -1.7913 0.66731 -1.0127 2.8604 0.65834 -1.6061 3.4894 1.0832 0.46082 2.8513 -0.012093 0.34706 -0.023119 1.0727 0.7278 0.32372 -0.14623 0.55772 -1.3223 -2.2573 -1.5684 -0.089967 0.59455 -0.49615 0.89192 0.31084 -0.56819 -1.7869 -0.30663 1.118 -0.087669 -0.73176 0.80241 0.36062 -0.23033 0.69347 0.66716 -0.54289 -1.8715 -1.5835 0.88931 -0.16732 0.21531 -1.5597 0.44117 3.0137 2.0882 0.59472 0.2698 -1.2603 -1.5173 -0.36988 1.667 -1.1921 -0.18257 -1.3265 -0.33579 0.82897 0.01626 -1.9928 -0.99519 0.016217 0.031197 0.19186 -1.9759 0.44669 2.3442 -0.64089 -0.64311 0.6442 
almond 0.92406 -1.88 1.6291 1.4759 -1.1963 1.9967 -1.0339 2.5465 -1.1701 -2.2814 1.3399 -0.40358 1.3426 1.5527 0.98478 -3.9794 -0.36914 1.212 -0.67529 -1.1163 -0.15162 0.8186 -1.076 0.5288 0.73853 0.76397 0.96867 1.0163 0.87788 0.36491 -0.75665 2.4686 0.82972 1.4013 0.79212 -0.35432 2.8364 1.3202 1.7132 2.4534 -0.37596 2.769 -0.23433 0.68752 1.2435 -1.1298 -0.55405 -0.017235 -0.49791 -2.6659 -1.547 0.83711 -0.33449 0.18588 0.72908 -0.35774 -1.1918 -0.0072332 -0.29471 -0.24094 -0.74056 -1.7103 1.8192 0.5807 0.43759 1.5005 0.81495 -0.72586 -0.1341 -0.19956 0.41946 0.014582 -1.2628 -1.7796 -0.0039967 2.598 0.53717 0.85119 0.075534 0.77786 -3.3889 0.021942 2.0627 1.2049 -0.52943 -1.425 0.076639 1.9217 -1.1757 -0.024192 -0.17693 1.8484 0.3945 -0.86166 -2.8904 -0.67994 -0.35523 -2.7601 0.88322 2.1793 
violet 1.351 0.23723 -0.78441 -0.28634 -1.9299 2.11 0.56114 2.0727 0.73735 -1.7055 2.1633 -0.29114 -0.99001 1.0139 -1.9018 -2.9634 -0.11326 0.30885 2.1836 3.6551 2.1929 1.1184 -0.87935 -0.014308 -1.129 2.0588 0.12906 3.2143 1.0648 -0.24127 -0.80156 0.3535 0.56866 0.71151 0.13296 -1.5139 0.98041 0.68349 0.34235 3.0814 0.5866 -0.099616 0.3268 1.3044 -0.40353 0.21043 1.0338 -0.44067 -0.36183 -2.104 0.10875 0.86457 0.47377 0.61532 0.26718 0.2504 -0.35056 -2.5729 0.62703 -0.08058 -0.29853 -0.90518 0.33584 2.6747 0.022027 3.5425 0.43484 1.2176 -1.4565 -1.1889 0.23118 3.3976 0.97612 -1.938 -0.21593 2.5139 0.83877 0.11434 -0.0094111 -2.105 -0.74949 -0.853 1.2425 0.8441 0.44152 -1.2946 -0.40094 0.86368 0.20594 -2.0464 0.95724 -0.99058 0.11356 -2.6228 -1.8434 0.60341 2.2673 0.40153 0.22851 1.3005 
pineapple 0.7508 2.0037 0.36213 1.4646 -0.88563 2.549 -0.75133 2.3916 -0.35846 -0.31723 0.98613 -0.015997 0.23837 1.1676 0.0090205 -1.8267 -2.5556 1.2416 -1.5967 0.050732 -0.47601 -0.85965 -0.21771 -0.9499 -0.65112 1.1176 0.28474 2.1805 0.35533 1.0499 -0.86626 1.6171 -2.1693 1.5652 1.2278 -0.4332 0.90066 1.5894 0.34308 0.34575 -0.34811 -0.74326 -1.0087 -0.84205 -0.44384 0.88908 0.1014 -0.21473 -0.066983 -1.3927 -1.2845 0.9005 0.38633 -0.069468 0.31558 0.98365 -0.46822 -0.70356 0.44626 1.5612 0.23717 -1.5282 1.0629 -0.29576 -1.8849 0.93456 -0.053377 0.96399 -1.1522 -0.18246 0.094737 -0.39332 -0.76317 -1.0919 0.089833 2.0642 1.1639 0.20279 0.093601 -1.5041 -2.5557 -0.2842 2.5458 -0.19571 -0.39451 0.64254 -0.020712 0.36179 -0.45274 -0.81451 -0.26921 0.25042 -0.50586 -0.0546 -1.0391 -0.21109 2.5193 0.93016 -0.59317 2.1644 
detergent -0.35968 -2.1678 -0.78167 -1.3895 -1.2823 -1.4567 -0.63267 3.0771 0.82459 -0.87483 0.42573 0.7343 -0.32741 -0.91921 1.6108 -1.1155 -0.090738 0.11495 0.50258 0.89412 -1.7768 -0.45632 1.4092 -1.6684 0.27706 1.9598 -1.2042 0.68572 0.68534 0.90434 0.30851 -1.154 0.3115 0.018633 0.19935 -1.4571 1.2527 1.41 -1.723 -0.47367 0.9693 0.52621 -0.70079 -3.1298 0.90457 -0.7449 0.57266 -2.6624 -0.14361 0.63931 0.63049 0.75294 -0.35427 -0.66523 -0.48346 0.23286 1.3329 0.59659 0.18546 -0.45039 1.4551 -0.64716 1.6801 2.843 0.91061 -0.96716 -0.35175 -1.0253 -0.063274 -0.13178 0.33735 1.1299 -0.36168 -0.81255 0.42479 0.44248 -1.7667 3.4879 0.62541 -1.326 -0.76713 0.86095 0.88457 0.71592 0.51414 0.14748 2.5255 -0.64542 -0.93992 -0.051738 -0.36177 0.309 0.76618 1.5184 0.89207 0.3219 -1.0092 -0.79497 -0.19744 -0.066431 
disinfectant 0.4982 -1.3339 -0.71157 -0.78972 -0.75016 -0.29119 -0.65422 1.4344 -1.0104 -2.1418 0.083127 0.056861 -0.44684 -0.141 -0.3196 0.7066 -0.63709 0.73547 -0.60046 -0.79315 -1.5013 -0.28025 3.2653 -0.58848 0.091 0.70871 -0.75072 -0.042151 1.775 1.8901 1.0863 -1.1645 -0.91491 -0.68884 0.38903 -1.5996 -1.1223 0.76064 -0.34904 -1.657 -0.6227 -0.22636 -0.3381 -2.9135 -0.46229 1.2296 -0.33877 -0.8537 -1.52 0.93016 -1.1539 2.1921 -1.1595 0.27498 0.046048 0.10088 0.92033 0.35075 -0.038444 -0.76564 0.90823 -1.1493 2.4883 0.45819 -0.28107 -1.3851 -0.37761 -0.037407 -0.83036 0.13232 0.77629 0.75025 -0.57814 -0.0438 0.1212 -0.14069 -0.88741 1.3165 0.32101 1.2021 -1.0926 0.52985 1.4505 0.8306 0.39602 0.067178 1.856 -0.48899 -1.5116 -1.5017 1.1408 0.40202 1.3768 1.4596 0.99173 -0.81293 0.30348 -0.88627 0.53938 0.005978 
potato -0.97245 -0.012812 2.1585 0.2242 -1.5375 2.9461 -1.3102 1.9776 -1.6489 -0.62835 0.45841 -0.32901 0.0036705 0.86088 0.54734 -0.65732 -0.98852 2.2153 -1.5444 1.2249 -1.8261 0.97833 -0.29166 1.5598 1.3414 -0.065979 1.9255 -2.8246 -1.2322 1.0219 -2.5602 1.6179 -0.5083 1.2639 1.4492 -0.37924 1.1761 -0.707 2.5 2.224 0.86636 -1.4994 0.027324 -0.80731 2.1918 0.10262 0.80116 1.8041 -0.26681 0.2474 -0.25298 0.0091896 0.64032 -0.58649 0.52364 -0.54644 -2.4964 -0.40312 0.2066 0.051564 -3.0708 -3.282 1.639 -0.34386 0.083548 -1.5528 -0.47519 -0.48199 2.8719 -0.84452 0.40783 -0.88037 -1.838 -1.2203 1.0835 2.1251 -0.65232 0.73735 1.2483 -1.1978 -1.3241 -0.66169 0.71929 0.55595 1.8925 2.1267 -0.073212 -0.4662 -1.0445 -1.7312 -2.8729 1.4887 -1.086 0.11178 0.71635 -1.8177 1.088 1.9756 0.57392 2.6098 
bark 0.26636 2.0163 -0.61529 -1.9059 -0.89554 -0.48918 -2.1437 3.2491 -0.63844 1.4215 0.36295 1.6985 -1.5407 5.0882 -2.46 -2.1106 -1.1919 1.4584 -1.5527 2.3447 -1.1491 2.5818 -2.5112 -1.6339 0.12032 1.146 2.4676 -1.3981 -3.1329 -0.72285 0.22822 2.8972 -0.6205 -0.37403 -0.47222 0.99085 -1.4665 0.934 0.82343 0.14486 3.4382 -2.8284 -0.10219 1.5347 2.5682 1.9253 -2.7608 3.2964 0.85076 -1.2194 -0.74095 2.6297 -0.79054 2.561 0.8796 3.1528 0.74056 -2.9704 2.3389 1.8857 -0.93275 0.5099 1.5611 0.97838 3.0621 1.7007 -0.41381 -1.7485 -1.1648 -2.2277 -1.0906 -0.45488 0.75584 0.4316 -0.069922 0.22521 -1.9744 -0.69827 1.4337 -0.36455 -4.0637 1.47 3.0564 -3.1274 -1.2272 -1.8134 -1.7538 -0.58405 0.20508 -2.2611 -0.052407 0.32362 0.84724 3.1101 -0.8156 -1.2154 1.1926 -1.5357 2.8606 0.11789 
cork 1.3184 1.1544 2.4482 -2.876 1.5634 0.19727 -1.0658 -0.066881 -1.6144 -0.11754 -0.97623 0.50342 -2.7595 0.88999 -0.80402 3.4558 1.5236 0.12746 -0.84533 -0.1422 1.3848 0.54073 -0.56729 -0.56126 -0.75805 -1.4631 1.1296 3.1032 -1.4836 -1.4246 -2.3381 -0.18717 -0.72662 -0.89211 2.0286 0.73288 -2.2884 1.1864 2.11 -0.045772 -0.71924 2.3465 0.4303 -2.9051 -2.8007 2.0158 2.8863 0.49247 0.051012 -1.8981 -0.66048 5.0136 0.16707 1.1538 -0.47771 2.3077 0.76366 -1.3623 1.2807 1.9037 -2.3502 0.11535 -0.83614 2.8988 -1.4709 -2.7026 -2.5071 -4.0881 0.02667 -1.1886 0.9984 -0.15186 -0.38263 -1.3546 -0.50744 -0.91278 -1.4174 0.38893 0.4827 -1.8612 -1.7911 -1.3369 -1.9163 -1.0761 -1.2365 -0.71182 -1.0731 -0.10994 3.8217 0.14668 -0.0012078 -2.0618 0.86115 -0.61119 -0.16371 -1.7905 3.1926 -1.2738 0.77423 1.9671 
hay 2.7246 3.913 1.0333 -1.7524 -5.6259 -1.6562 -5.1045 0.22875 -2.4342 -3.2766 -0.12335 2.8794 0.83728 5.1019 -2.1111 0.35944 1.0941 -0.79298 1.684 -1.9556 -3.2593 0.22359 1.5893 -0.40611 0.54401 -1.6234 0.00071723 -1.5323 -1.118 1.0383 -5.2705 2.9254 -4.3318 0.2815 4.8279 -0.013239 -2.2881 3.9873 0.99736 1.3987 -1.2177 3.3568 1.7115 1.2164 -2.1607 2.2381 2.2831 3.3538 2.0856 -1.5324 0.60296 1.8006 -1.5521 1.8179 2.8197 2.6166 2.0538 -1.6056 0.15382 -0.51251 -2.6668 -0.11168 3.5859 0.39669 4.2303 3.0018 -0.502 -1.254 2.4102 -2.2676 1.2031 1.2008 -2.3938 2.8236 0.28663 3.5265 0.22854 1.2384 2.0453 -2.113 -1.7558 2.3904 3.5661 1.0549 -0.52265 -2.1729 -1.8076 0.84986 -1.8463 -3.4834 1.7252 0.90717 3.8454 3.0967 3.0183 -3.7564 -1.3648 0.40887 0.12487 2.5986 
blackberry 1.0083 0.10162 1.1571 0.081797 -0.62481 1.5963 -1.2754 0.98147 -0.32804 -0.35094 0.97811 0.31917 0.26158 2.4978 -2.4645 -2.6385 -0.97516 0.20005 -0.062309 2.2835 0.46696 0.59383 -2.5546 0.33036 -1.4609 -0.49052 0.049524 1.2144 0.46013 0.21939 -0.98092 0.32624 -0.62881 2.5885 0.62108 -3.9152 1.4497 1.8354 0.498 3.1928 -0.44987 0.68145 0.53134 1.9947 -1.0427 0.8531 -1.0878 -0.6982 0.12676 -1.0649 -0.8067 -1.215 1.0711 1.7358 0.56366 0.63437 -0.61752 -1.4377 -0.71844 0.9834 0.22145 -0.73064 1.7281 1.2787 0.80053 1.6323 1.284 0.064998 -0.98101 -0.50348 -0.56349 -0.13775 -0.6458 -1.8856 0.89383 2.4716 2.1973 -0.62431 0.13572 -2.177 -1.3934 0.034776 1.6972 -0.99794 -0.18328 0.23166 -0.17443 0.68415 -0.45932 -2.0944 -1.5833 0.096794 -0.11418 -0.095128 -1.8836 0.81254 2.2811 0.11039 0.9776 1.3693 
tar 5.3369 -0.8396 2.5743 -3.359 4.1747 4.4975 -0.78076 2.9843 1.4776 -1.625 -0.41732 0.42797 -0.55921 0.7694 -3.0669 0.48867 -3.5226 -6.3156 -0.082642 2.9973 -4.9756 3.876 -2.0129 2.2108 1.1044 -0.29612 2.1041 -1.491 -0.060619 2.6131 -1.2931 2.5488 0.81045 2.3193 -1.1847 0.45386 -0.90975 5.68 0.52217 5.7447 5.6853 3.1636 1.826 0.78449 0.98508 1.1384 -2.2932 -0.075621 0.020685 0.25813 3.6365 3.5956 -1.5599 -2.1638 -0.40438 1.755 3.125 1.5317 0.51273 -0.018582 -2.8672 -6.7056 1.7069 3.086 0.13037 0.36919 1.9374 2.8675 -0.70865 -2.0443 1.9806 0.038378 -3.5 -3.7101 -0.43823 0.4102 -2.8766 -0.60863 -1.2535 -1.1273 -2.1214 1.5982 1.4569 1.0493 0.52389 0.97778 -3.617 0.62405 -7.8465 1.8406 -1.2894 0.43332 -1.6988 -1.238 2.2118 -0.86032 1.3013 -2.7615 -0.77646 -1.0633 
geranium 2.0271 -0.36761 -0.019117 0.3609 -2.5305 -0.087127 1.3955 3.9473 -0.59443 -0.35077 2.8944 0.57962 -0.032788 1.1622 -2.5219 -1.783 0.040389 1.7212 0.48289 2.0339 -0.7133 -0.69702 -1.4431 -0.69374 2.4166 2.7479 1.2145 2.261 -0.22175 0.42354 1.0884 -0.099271 0.87655 0.30582 -0.94639 0.94759 0.25194 0.98405 1.023 2.09 1.1092 0.14172 -1.0673 -0.028639 1.1501 -1.3154 0.45189 -0.60041 -1.3393 -0.74064 -0.36733 0.095568 1.7537 0.1975 -1.6456 0.13701 -0.73448 0.88449 0.69126 0.72529 0.6058 -0.63285 0.58571 1.0581 -1.1312 1.5955 -0.58636 0.30857 -0.59008 -0.66925 1.0516 0.90678 0.87978 -1.975 -0.18257 3.5535 -1.0637 -1.0596 2.0702 -1.5577 -1.6139 -0.60998 1.7769 2.2861 -0.42461 -0.17491 -0.045392 0.1823 -0.6694 0.30903 -0.61536 -0.50239 1.995 -0.53437 -0.49721 0.12771 2.6307 -1.5343 -0.50973 1.2587 
rum 5.2776 1.5315 1.6139 -0.87059 1.451 5.5313 -3.9906 2.8858 0.027725 -4.4166 -2.9906 -2.3001 -0.81825 1.5125 -0.52481 -0.0086723 -1.17 -1.6928 -1.733 3.9617 0.87088 -1.8477 -2.5028 2.1356 -0.81667 -1.605 -0.99369 2.4998 -2.3467 -2.3804 2.8615 1.355 -4.1477 0.89281 0.17984 -1.475 4.6548 2.6135 2.0243 7.0188 -1.4473 -0.55412 -1.0359 -0.88961 2.8863 3.0995 -3.4301 -1.8264 2.91 0.22684 -0.4729 3.3757 -1.6864 -0.32696 0.7857 2.9035 -1.7432 -2.7138 -1.3155 5.1221 -1.1471 -3.1916 2.7287 1.2989 0.94774 -0.21102 0.25742 0.14834 -0.73418 -0.01667 0.36607 0.19145 -2.4839 -3.6969 0.59111 1.8695 1.3276 -1.1382 -0.54103 -1.9186 -2.4332 0.89129 -2.7814 1.8994 1.2295 -3.9474 1.373 -0.15032 -3.2282 -0.60605 -3.4803 0.66906 0.49972 1.4213 1.7164 1.2553 4.8923 -2.3377 -0.82683 -1.4311 
cucumber -1.06 0.11413 2.0955 0.87227 -1.6376 0.91107 -1.0197 2.5306 -2.0469 -1.3356 2.2301 -0.18721 -0.19702 1.1225 0.4789 -1.1004 -0.24925 1.2568 1.1688 0.42909 0.66322 -1.2553 0.56974 0.45118 1.1339 0.32609 0.70341 1.6763 -0.46555 1.0911 -0.56701 0.76725 0.22601 1.9848 1.0949 -0.053009 0.25742 -0.0053733 -0.44105 0.99844 -0.64565 -0.94592 0.1394 -1.0622 0.90425 0.078567 -0.52152 -0.75254 -1.2115 -1.2709 0.20933 0.67298 1.1907 -0.94259 1.3915 -0.67502 -0.88132 -2.2724 -0.036644 -0.14722 0.2218 -2.3409 0.45734 2.6364 -1.9118 -0.16947 -0.05557 1.0046 -0.47155 -0.34001 1.7563 -1.8619 -1.1875 -1.1735 -0.97745 1.3331 1.4943 1.75 1.3357 -0.70252 -1.9675 -2.2103 1.977 0.90074 1.1722 0.74496 -0.83834 0.30961 0.68125 -0.36647 1.0191 -0.46899 -0.61034 1.2983 -1.4681 -1.2618 1.6857 0.43561 -0.18791 0.53634 
solvent 2.296 -3.5902 -0.12709 -3.3884 -1.1831 -1.2813 0.54486 1.4702 -1.1181 -1.6578 -0.69922 0.65614 -0.81634 -0.52263 -0.3535 -0.93377 -0.89272 1.7703 0.33451 0.96371 -1.0362 -1.1485 1.2933 -0.31963 2.6958 1.7893 -1.326 -1.6022 2.9954 0.15488 -0.59238 -1.3914 0.19071 -0.019161 -2.3049 -2.2474 -0.22016 3.2893 -0.78068 0.57642 1.0759 2.8687 1.4166 -2.6668 1.1737 0.060554 -0.004208 -0.058528 1.1016 -0.65545 -3.2764 1.9254 -1.5822 -1.449 0.98303 2.3584 0.14929 2.0255 0.45728 -0.34492 1.2895 -1.775 1.9021 3.2456 2.2436 -1.5302 0.57473 -0.64243 1.2651 0.28835 0.35338 0.79825 -1.3515 0.1111 2.0403 0.3097 -3.2093 0.48261 -0.41062 -2.273 -0.27359 0.4405 0.5765 1.6711 -1.223 -0.92898 2.7331 -1.9966 -2.2604 -0.54933 -0.71445 0.69435 1.4791 0.20403 1.006 0.30058 0.83483 -0.97236 -1.4404 1.9864 
glue 1.9194 -1.2878 0.59894 -4.5065 1.601 0.55968 -0.42076 0.45645 -0.11639 -0.54633 -0.27103 1.3447 2.1468 1.0815 -3.3788 -0.41865 0.30159 1.4068 1.4958 0.4985 -2.6099 -0.022203 -1.6332 -3.552 -0.72936 3.2721 -0.90529 -1.6412 2.035 2.9972 0.61972 -0.021881 -3.2994 2.4959 3.2065 -1.0368 0.1765 1.5371 4.4058 2.5718 2.4562 2.8555 0.59778 -0.99884 2.1123 0.83867 0.34773 -0.80517 2.3684 2.0609 0.43122 2.0227 0.77533 -2.9179 1.6201 3.6664 -1.0037 2.4213 -0.20737 -2.398 -1.4237 0.74618 2.7558 2.1315 -2.5157 -1.1147 -0.33111 -1.0272 0.18735 0.95379 2.7335 0.68833 -1.9852 -2.3577 1.2179 0.68102 -1.8121 1.5361 -0.32323 0.098107 -0.85665 2.1822 1.2099 -0.88771 0.56188 0.96846 1.0614 -2.8323 -0.02169 -1.6092 0.28171 2.5557 0.18746 -0.80762 2.8242 -1.7349 1.0986 -2.0846 0.69858 0.67365 
mustard 1.764 -2.0132 0.32965 -0.44231 -0.84384 2.2428 1.0342 -0.75666 -2.0979 1.0577 0.22012 -1.2281 0.20074 1.2698 -1.0134 -0.64258 -0.096624 0.2382 0.41111 1.9002 -2.2885 -0.55368 1.0452 -0.42439 0.26791 1.3521 0.59375 -1.7695 -0.37336 1.0727 -2.0305 0.44855 0.52115 -0.60844 0.098422 -0.57391 1.1142 1.5589 -0.076791 2.9465 1.3611 -1.0216 0.47001 -0.23269 0.010654 -0.55853 -0.1557 0.35457 -0.8457 -1.0423 -0.32374 0.63826 1.1612 -1.3577 1.0817 0.41634 0.016434 0.28103 -0.30437 0.77517 -1.9375 -2.9887 2.0961 -0.63132 0.16518 -1.1219 -0.90955 0.15235 0.84019 -1.4506 1.2507 -0.52069 0.26782 -1.1294 -0.47185 1.1644 -1.5621 1.5278 0.40388 0.41679 -0.87182 0.46483 1.9647 -0.48726 2.2013 0.28228 -0.52556 -1.3386 -0.71875 -0.1156 -0.46436 -0.0018945 -1.0558 0.71869 -0.95146 -0.24954 1.0993 -0.35741 0.9972 1.1974 
peanut -0.76583 -1.5731 1.0456 0.014269 -0.30654 3.014 -2.8795 -0.92853 -2.5944 -1.8839 -0.60748 0.19014 0.52549 1.5903 -0.17103 -0.61137 -2.3806 0.89067 -1.5779 0.066096 -0.99209 -0.87769 -0.27871 -0.21152 0.74132 1.1565 -0.25616 -1.2921 -1.9744 -0.66873 -2.7635 1.6034 -1.7676 0.34108 1.1889 -0.27542 0.51438 -0.53183 1.7739 0.79802 -0.43548 -1.0663 0.42856 -0.36037 2.4764 -0.34976 0.78996 1.2296 -1.4285 -1.0469 0.93664 1.4773 1.1937 -0.49593 1.7383 -1.2143 -2.0057 -0.47259 -1.0393 0.15319 -1.6966 -2.5419 2.8859 -1.4383 -0.13537 -0.47565 0.62189 -0.085784 0.74222 -0.016945 -1.7234 -1.2716 -0.31998 -1.1715 0.16549 0.59478 0.021194 2.3634 -0.46389 1.7228 -1.1414 0.81447 1.2237 -0.66225 1.8468 1.1068 -0.4193 0.42226 -1.3339 -1.5089 1.3832 2.0827 -0.75056 0.37766 0.068116 -1.9982 0.087571 0.067174 1.125 0.28561 
carrot 0.22903 -0.6367 0.13777 1.5087 -4.4937 1.0326 -0.53541 1.8272 -1.5341 1.5145 0.22709 -0.42584 -1.3585 1.0368 1.4121 -1.3931 -0.36542 1.6365 -0.91743 0.30507 -0.47859 0.32851 -0.076726 -0.77709 0.35737 1.89 -0.90497 -1.3077 0.26637 1.4315 -1.0204 3.2888 1.2181 0.5462 2.0286 0.88799 -1.1939 0.63805 0.79341 1.8542 1.2281 -1.8922 -0.95932 -0.91551 -1.5839 -1.1584 -0.81022 -1.5583 -1.1033 -0.2001 0.066006 0.67565 1.2995 -1.0456 1.4422 -0.64183 -1.8124 -0.49547 1.5134 0.17815 -0.56222 -3.4828 1.3445 0.30784 1.9738 -0.19506 -0.47145 1.3546 -0.30675 -0.45467 1.0757 -2.031 -0.89473 -0.10309 -0.8985 2.803 -0.041856 0.91351 -0.0094352 1.2932 -2.8659 -0.40028 2.6017 0.36283 -0.33113 2.3981 -0.51847 -1.498 -1.496 -1.4922 -0.13125 2.2501 -1.5571 0.54206 1.201 -2.0852 2.3718 0.25732 0.51023 0.72424 
licorice 1.4001 -0.3844 0.38402 -0.60709 0.0070096 1.6368 -1.3083 3.7437 0.53806 -1.1778 -0.92877 1.5987 0.33608 1.5402 -1.7466 -2.9066 -1.3827 -0.43886 -0.1282 1.6394 -1.7507 1.229 -1.6731 1.2268 0.78336 0.25626 2.0034 2.2384 0.42292 -0.22673 -0.86396 0.76039 -0.75523 0.22559 0.58711 -2.3837 0.25744 1.9966 -0.19042 3.3571 0.92695 1.2826 0.45202 0.31366 0.41935 -0.88125 -1.1775 1.3585 -0.30234 -2.1794 -1.4793 1.0551 -0.4759 -0.60765 1.7093 0.083065 -0.33817 -1.5118 0.28904 -0.26105 -0.40308 -1.7208 1.7132 0.94657 0.72604 -0.53177 0.86835 0.23792 -0.88633 -2.3157 -0.0041818 1.0821 -2.1586 -2.8423 -0.45286 1.2687 -0.18091 -0.59633 1.632 -2.5962 -1.2674 0.074591 1.4467 0.39001 -0.91876 1.3955 0.77343 -0.38146 -1.0269 -1.9032 -0.40765 0.21572 -0.54882 0.0063348 -1.5345 -0.44167 2.2932 0.45823 0.22421 1.1511 
kerosene 3.6112 -0.87257 0.61383 -1.5747 -1.7387 0.88986 -0.45622 -0.48033 0.49431 -1.7181 -1.0519 -0.58458 -1.6141 0.25963 -0.074564 -0.13016 0.56034 -0.77435 -0.015108 0.13272 -2.285 -1.182 0.60995 -0.50875 -0.14495 1.7161 0.74371 0.24771 -0.32724 -0.41826 0.22897 0.23128 -0.79596 -0.29671 -1.3038 0.25407 0.89105 0.10804 -0.9652 0.31237 1.5217 -0.2263 2.8802 -0.43415 0.14771 2.1075 -0.80911 -0.19471 -1.0344 1.2028 -0.73349 1.6603 -0.556 0.14159 0.73437 -1.1789 0.72716 -0.13472 -0.46724 0.71202 0.43157 -0.767 1.2603 -0.068331 -0.69862 0.60628 1.47 -0.075528 -1.76 -0.55906 -0.25384 1.4967 -1.3128 0.028487 -0.81431 0.57813 -2.1689 0.88582 -0.28308 -0.016259 -2.2007 0.051511 1.2164 0.59844 0.49041 -1.5233 0.4367 -1.0072 -0.69371 -0.52048 -1.3246 0.11333 -0.41841 1.3796 0.32149 -0.40837 -0.37309 -0.81146 0.8938 0.71197 
ham 2.519 -1.3991 -1.4388 -0.60426 -1.1983 3.7319 -3.351 -0.28855 -1.6146 -0.45161 1.2499 -2.4361 -0.66047 3.7256 -1.1694 4.1699 2.0803 2.6928 -1.1072 0.63764 0.74138 1.031 -1.1708 2.6032 -3.7251 -5.0889 -3.152 -4.3496 -3.2429 -1.134 -2.8358 -2.9554 -0.57449 2.2509 1.9107 -0.18365 2.5746 0.46035 3.4053 2.1116 -0.94778 -0.86908 0.34457 -0.48729 -2.086 -4.6353 -2.7376 3.5359 1.8843 2.5625 0.099334 3.312 -2.095 1.2539 0.62522 0.45738 -1.7859 2.3634 2.3979 -0.21264 -4.6478 -2.3991 3.7328 0.37213 -1.6641 0.85956 -1.3535 2.6735 -0.40366 0.50843 -1.2481 -2.2933 3.6627 -1.9187 0.17004 1.1662 2.8961 -1.4214 -1.7401 0.063115 0.45716 -4.79 0.18223 3.6127 4.6322 3.6438 -2.5791 1.1158 -0.59715 -1.7663 -4.2516 2.8679 -4.3575 3.6944 2.6012 -2.5262 0.63795 -1.973 0.25586 3.5303 
rope 2.1692 -2.0468 1.0733 -1.5606e-05 2.4175 -3.8651 -1.1161 0.036152 0.39705 2.4453 0.66448 0.43449 -1.7256 1.3973 -0.1692 1.0114 2.203 -2.557 0.47454 2.166 -3.0855 2.5784 -2.3843 -1.7598 1.8781 -0.35631 -0.64166 -2.4551 -1.018 0.0047914 0.48065 2.9242 -2.3533 0.63033 0.22362 -0.36644 -4.4303 -0.079609 2.2628 1.3292 0.21556 0.028042 1.5185 2.4759 1.707 2.1463 -1.2739 -1.1566 1.1977 2.5537 0.18946 5.1065 0.9108 1.7453 -1.5574 2.0689 4.7496 0.45655 2.477 0.67829 -1.1467 -0.057303 2.0569 1.069 2.8837 2.394 -0.71027 1.8732 1.5029 -2.5508 -2.2445 -0.56308 -0.52016 -1.3056 -1.1774 -0.25275 0.66647 -3.0043 0.41686 1.0685 -1.7085 -1.2654 -0.18959 -0.57747 3.3944 0.52246 1.0334 -0.7266 -0.48415 0.53786 1.4535 2.1197 0.75075 -0.70827 1.7177 0.81184 0.38796 -2.8815 0.83027 1.4463 
camphor 2.7597 -1.7196 -2.0414 -0.24607 -1.6682 0.56321 -0.52581 2.7631 0.59911 -0.58456 0.63117 -0.80874 -0.56322 1.6486 -1.6468 -1.9643 -1.3936 -0.83055 0.037127 -0.63982 -2.2249 0.43672 1.5128 -0.83651 2.2326 2.2312 -0.083267 -0.50876 -0.24807 -0.98421 -1.1438 0.63316 0.5298 1.4776 -0.32352 -0.6624 -1.0446 2.0915 -1.2796 2.4161 0.46264 1.3852 -0.55115 0.60867 0.69717 -0.23073 -0.46417 0.19061 -2.0877 -1.0492 1.8216 1.1061 0.39751 0.29718 0.26054 -0.88828 0.84567 -0.72583 -0.16683 -1.3477 0.096164 -0.61057 0.97189 0.20936 0.67335 1.4817 -1.4896 0.51894 -0.32505 -1.1649 0.26647 2.2699 -1.4444 0.6982 0.8303 -1.0305 -2.4302 0.97859 -0.2997 0.57234 -2.363 1.2833 3.1041 1.4698 0.55844 0.060725 0.94201 0.61613 -1.9982 -0.90947 -2.2891 0.79114 0.64326 -0.40091 1.3583 -0.69708 1.9637 -2.7102 1.9231 -1.4224 
raisin 0.7449 0.40033 2.1144 0.41938 0.73051 3.3576 -1.9941 0.58263 0.55038 -1.8164 -2.4394 0.72462 1.3241 1.4554 -0.62581 -0.88049 -0.78592 3.0212 -0.78276 0.71699 0.81031 2.4774 -2.6213 1.3616 -1.7487 -1.8844 -1.5884 0.74112 0.90758 0.62401 -1.4878 1.2253 -2.1435 1.7179 0.54839 -2.3088 1.8666 0.90352 1.644 1.8607 -0.10832 2.2084 -1.2406 -1.3268 1.4874 -0.057372 -1.68 0.32284 0.074188 -2.3164 -0.4396 0.72199 -2.8715 0.88943 0.43389 -1.4603 -0.43454 -0.2635 -0.97446 -0.14226 -1.3936 0.97212 3.3085 1.8557 0.04375 0.33926 1.2899 0.71036 -0.55556 -0.43821 -1.8414 0.32792 0.48476 -0.52078 -1.1367 2.5085 0.72353 0.17929 -0.17337 -1.7399 -3.0051 -0.17105 0.91744 0.36884 -0.63088 -1.907 -0.72325 -0.25396 -1.6638 -0.75504 -2.8299 0.76668 -0.75662 0.82734 -1.0749 1.1736 2.2136 0.32781 0.29583 0.85439 
cardboard 2.128 0.32322 0.78967 -2.0758 -0.33993 0.80114 -1.7746 0.76826 -0.69375 -1.4527 -0.88093 0.56412 -0.81213 1.9826 0.93889 -1.5339 0.43148 1.0094 -0.70145 -0.85795 -0.79901 0.71364 -1.8385 -1.1067 0.2943 -0.63456 -0.66867 -0.10008 -0.24136 1.7283 -0.80583 1.5319 -1.9193 0.81647 1.6988 -0.46871 -0.7412 0.61029 1.83 -0.68458 0.7599 -0.25986 1.6017 0.042278 -1.2865 2.5322 -0.13559 -0.40969 0.40618 0.34006 0.60876 1.5261 1.0099 -0.049419 0.61901 1.15 1.462 -1.096 -0.46736 -0.91227 -0.57882 -1.3355 0.59913 1.6458 -0.62387 -1.2388 -0.21999 -1.4524 -0.049658 -0.51884 0.91454 0.90419 -0.40798 1.5752 0.70518 -0.10131 -0.084562 1.0341 0.26887 -0.83924 -0.51992 0.7385 0.15952 -1.2426 0.30482 0.8357 1.2766 -1.0024 -2.1016 -1.5431 -0.2322 1.0988 -0.78241 -0.2515 0.050794 -0.98172 0.29779 -1.165 0.38553 1.2641 
syrup 1.3623 -1.7277 -1.0006 -2.7794 0.43337 2.7029 -0.83003 3.2567 -2.3248 -1.0899 -3.0682 0.85087 -1.0862 0.61734 -0.379 -1.139 0.038249 4.7853 -0.78719 1.8661 0.68957 -0.68549 -2.0224 0.1556 0.27359 0.74186 0.68802 -0.31269 -0.98453 0.38292 -1.4673 1.0051 -2.4091 2.7864 2.9917 -2.3713 2.6718 0.38642 0.51828 0.46351 0.46742 0.21372 0.10949 -0.63569 2.2521 -0.16229 -0.49712 -2.5947 -1.4929 -1.6079 -1.3227 1.4443 -1.4957 0.84763 -0.42311 1.6153 0.87512 -1.7761 2.0478 0.70762 1.6786 -1.8002 3.113 1.1767 -1.6285 -1.0385 -1.2402 -1.1737 1.9221 -0.41477 -0.8638 1.5577 -2.6989 -0.28652 -0.6815 3.4636 -0.91548 0.8803 0.58995 -0.22663 -2.7921 1.9378 0.63338 0.7412 0.89887 -2.3425 -0.1083 3.0018 -0.63364 -1.1484 0.23439 -1.0256 -0.94926 0.44679 -0.99173 -1.1652 3.7457 0.16871 -0.63782 0.74731 
mothball 1.2918 0.3597 -0.2952 -0.22955 -0.77376 0.6848 -1.0838 0.54275 -1.1769 -1.765 0.38848 -0.83192 -1.3426 -0.58884 -0.5241 -1.0549 -0.19582 -1.5088 0.43743 0.35284 -1.7549 -0.63023 0.0036279 -0.028373 0.60919 0.45641 -0.09501 -0.40233 1.0609 0.074328 -0.13535 0.44223 -0.079893 -0.022828 2.5949 0.57832 -1.7365 -0.2597 0.91138 -0.085907 -1.0509 -0.037783 0.49599 0.4774 -0.71467 1.5366 -0.62117 -0.65161 0.020845 0.73553 2.8697 0.76205 0.33522 0.70445 0.26708 -0.57694 -0.51648 -0.35237 0.27998 0.038328 0.11243 -0.25677 0.8413 1.2777 0.34907 0.49919 -0.38399 0.42288 -0.17276 -0.21032 0.20891 1.2125 -0.027231 0.56213 0.26208 1.1819 -0.26775 1.0463 1.1408 -0.46684 -0.33198 -1.3946 -0.055452 0.37556 0.8938 -0.26428 0.39684 -2.8614 -0.80881 -2.8306 0.84349 -0.54584 0.56155 -1.5122 1.0198 -1.9417 0.064055 0.56213 1.2608 -0.29438 
anise 1.0701 -0.50885 -0.54212 0.87882 -2.3552 0.81396 -1.6863 2.8419 -1.4709 -1.4803 -1.2212 -0.49222 0.6945 1.8305 -0.59695 -2.7635 -2.9785 2.3883 0.51397 1.9017 1.7274 1.7102 -1.5245 -0.014334 -0.43206 2.5666 -1.9967 1.5277 -1.2904 -1.4633 0.059468 2.8013 -1.8654 -0.64576 -0.020055 -1.382 0.59475 3.9244 1.1722 1.2997 0.87368 0.6169 1.0599 -0.5602 0.51563 -1.5094 -0.82982 -0.61663 -2.5738 -0.85937 -1.822 1.5049 0.29176 1.9301 0.23133 -0.48591 -1.9632 0.41337 1.4241 -1.668 -0.0061092 -2.7906 1.2994 0.87236 1.5961 1.1088 0.53479 -0.86809 0.59358 -2.0366 1.2894 1.1489 -0.64046 -1.3801 -1.2222 2.7251 -0.83242 0.77566 0.66161 -0.19177 -3.1255 -0.52961 2.7502 1.8011 -0.86315 3.1466 2.2386 0.96962 0.17228 -1.6372 -1.5198 -0.93169 1.1327 -1.6357 -0.36944 0.64285 1.943 -0.88765 1.3039 -0.45373 
varnish 1.9967 -1.7375 -0.79468 -1.5379 1.7744 1.4926 -0.96643 1.2845 0.19893 -0.19888 -0.26045 -0.92568 -1.0125 -0.70315 -0.86772 -0.021381 -1.2224 0.5211 -0.91363 -0.14809 -1.0498 0.10716 -1.0792 -2.0784 -0.11329 0.9246 0.57431 -0.26653 1.1182 1.2115 3.2143 -1.7895 -1.0024 0.018874 1.169 -0.0012731 0.62121 1.2287 0.35279 -0.35556 2.1264 1.9374 -0.56287 -0.50294 0.48795 -0.29977 0.34237 0.67154 -0.67536 0.93312 0.57279 2.9111 -0.16744 0.68781 0.28116 2.15 0.51615 0.09319 0.675 -1.632 -0.60443 -2.7001 0.9842 2.2448 -2.0489 0.54726 -0.1102 -1.7235 1.4274 -1.0495 -1.3164 1.4694 -1.681 -0.29388 0.030478 1.319 -2.3774 0.62454 0.60426 -3.2893 -1.4917 0.64925 2.011 0.42024 0.39656 0.1996 -0.13168 0.66385 -1.7405 -2.0309 0.76045 0.74983 1.3292 1.3658 1.3453 0.74256 1.964 -0.84192 1.3504 -0.4259 
walnut 2.2468 -1.9578 0.6521 0.63683 -1.8974 3.842 -3.3237 2.0475 -1.914 -2.2146 -0.20303 0.5078 0.81339 2.5925 0.3346 -2.6016 -2.9524 0.34507 -1.5393 0.56001 0.68149 2.6936 -1.8829 -0.44984 1.874 0.046625 0.82981 -1.7097 0.91377 0.41852 -1.7539 3.1259 -0.024771 1.3616 2.3398 -0.29208 2.2909 0.24314 2.4568 1.3024 0.85177 0.44713 0.46717 2.1214 -0.022664 1.0475 1.0498 1.292 -0.66323 -1.1735 -0.55753 1.6416 -1.1337 0.40251 -0.070945 -1.0953 1.2782 -2.373 1.4841 -0.73244 -2.2494 -4.0549 1.8424 0.7116 0.8139 0.46196 1.2158 -1.7026 -0.71199 -1.0703 -1.8694 -0.2513 1.6713 -1.1401 -0.94446 2.2167 1.1161 -1.7638 -0.91501 1.6695 -2.031 -0.46592 3.185 2.0912 1.3202 -0.58753 1.172 -0.051705 -0.52652 -1.9475 -1.0109 -0.28746 -2.1384 1.6878 -0.24146 0.045824 -0.68934 -0.25859 1.4357 1.7861 
turpentine 0.88727 -0.53339 -0.77679 -1.3135 -0.761 1.2839 -0.63543 0.64501 0.57937 0.38762 -0.47918 -0.80905 1.219 -0.19917 -1.8216 -2.7151 -0.2061 0.2708 -0.018478 0.81092 -1.667 -0.99112 -0.0080703 0.22438 0.6265 2.2371 -1.6039 -0.28628 0.55129 -0.24291 -0.68201 0.035947 -0.37745 0.68428 0.1366 -0.44415 -0.48617 2.2398 -0.62213 0.15385 1.7836 -1.4242 -0.29828 -0.84468 -0.21114 -0.25626 0.043162 0.25705 -0.46359 -0.65355 -0.40942 0.34062 -0.97845 -1.2973 0.47648 1.0312 1.8389 0.072792 1.0314 -1.3522 -0.62846 -1.9533 1.0677 1.1032 -0.83709 1.2872 0.10903 1.239 -0.55173 0.39932 -0.91557 0.69948 -0.26508 0.14392 0.18652 1.2758 -0.8712 0.81811 0.040668 -0.016236 -1.117 -0.84166 1.2322 -0.9576 -0.8584 -0.58205 -0.53262 -1.0376 -1.1126 -0.80322 -1.1168 0.66935 -0.45885 -0.020568 0.80442 -0.66181 1.3178 -0.64957 -0.73065 0.79255 
birch 2.7211 -3.2037 0.17149 0.726 -0.38372 -0.72117 -0.19407 2.1959 -2.2773 -3.8473 1.6473 0.22534 -0.90914 1.4441 -1.0422 -0.21391 0.73197 -0.9433 -1.5709 0.20453 -0.39271 2.2592 -1.3149 -0.79808 -1.2473 1.0161 1.2307 -0.23475 -0.47531 -0.14881 1.3192 0.80713 -1.1125 0.69157 0.48063 1.4317 -0.4682 1.392 0.2395 0.11981 1.0772 0.085664 1.0624 1.8037 1.0713 3.3243 -0.58331 2.3633 -1.0532 -0.72993 1.3369 1.1134 0.87956 1.3343 0.011925 0.57419 2.3513 -1.6391 3.3272 -0.041085 0.81824 -1.3227 2.01 1.0232 0.017019 3.0197 1.6957 2.3147 -2.798 -0.81336 1.3742 1.3304 1.5042 -1.0307 2.1765 -0.67576 0.1913 -0.28082 1.6705 0.21705 -1.2277 1.353 3.8193 0.89341 -1.381 -1.1777 -1.7583 -1.6685 -0.62159 -0.52159 -1.7482 -1.1633 -0.34587 1.5876 2.4247 0.75432 1.5326 -0.22834 1.1698 0.50738 
celery -0.16119 -3.0783 1.0121 1.6639 -2.4702 0.87626 -0.33229 1.837 -1.8318 2.1895 0.79913 -1.3308 -2.1009 3.4121 0.015225 -1.0525 0.33496 2.9072 -0.031039 2.3174 0.52105 0.12976 -1.7766 0.67068 -0.48282 1.402 -0.37258 0.68598 -0.78404 1.2763 0.097094 0.5013 -0.98623 -0.78323 0.37364 -0.3309 -0.3544 1.9448 2.4818 1.9628 0.66715 -0.39518 -0.058394 -1.2079 -0.71232 -1.6085 0.41262 0.52629 -0.69358 -1.0169 -1.8699 -0.97351 0.76853 -0.06996 -0.036303 0.96799 -0.34976 -0.17181 0.04882 -0.084984 -0.87078 -2.5596 0.20859 -0.2722 -0.29726 -2.1049 -1.6885 -0.45686 1.749 -0.021973 0.26499 -1.355 -1.3776 -1.1876 1.2138 3.4133 -0.43758 1.5955 -0.17434 0.1166 -4.7492 -0.5471 1.4159 -0.82245 -0.8716 0.29438 0.57347 -0.25512 0.18872 -1.1925 -0.93114 -0.84397 1.3861 0.029345 -0.19622 -0.64547 2.6249 -0.90829 0.7393 2.6249 
creosote 3.1305 -0.44105 1.7888 -1.5817 0.097645 1.0606 0.28637 0.54289 -0.85507 -2.4232 1.0165 0.78088 -0.71386 1.5931 -0.93179 0.89077 -0.65432 -0.7948 1.3986 0.78873 -0.89821 2.1211 0.16951 0.27036 1.2404 -0.17077 -0.47148 0.50714 1.1855 0.66637 -1.8828 -0.27773 0.57602 1.1009 -0.23803 -0.69641 -1.4303 0.85722 0.98976 -0.025012 1.4976 0.82445 0.66387 1.0485 2.436 0.49977 0.67519 -0.25411 -0.53384 -0.67436 0.23322 3.4145 -0.6344 0.21821 0.10362 0.23745 2.8872 0.30785 1.1221 -0.028375 -1.9631 -0.94238 0.60863 0.67921 1.2244 0.92508 1.1109 -0.20535 -0.99133 -1.1847 -0.32631 2.0958 -0.69797 -0.73941 0.439 0.82618 -0.3945 -0.26787 1.5032 -1.6795 -1.8365 1.2844 0.87619 0.43179 -1.1609 -0.23349 -0.35672 -0.078422 -0.48223 0.50765 0.4955 1.4165 0.44824 0.76728 0.15769 -1.4268 -0.43263 1.257 -0.077579 1.1737 
