96 100 
smoke 0.46208 0.26215 -0.32579 0.051821 -0.78614 -2.5808 -1.4181 -1.3915 1.3125 -0.67072 0.19966 -2.5452 -0.815 2.1219 0.20759 1.1991 -1.6521 -1.7665 -0.15177 0.09519 -1.8812 0.23915 -0.11879 -2.1733 -1.6014 0.10203 1.1549 -3.255 -0.93379 -0.11719 0.26473 1.5882 -2.0477 1.3945 0.23126 -0.83564 -1.9951 -0.44294 0.034855 -1.0303 -1.3893 2.3599 2.7751 -1.1565 0.035925 -0.51904 -1.3756 -0.70246 0.20607 0.53801 1.8297 1.2923 -1.26 -0.62769 -1.2992 3.4763 -1.2898 -0.82598 1.0336 0.18409 0.29023 0.99077 1.7666 2.5972 1.1191 0.48245 3.1888 1.9185 0.073344 -0.19881 2.9032 0.059713 -0.46126 -0.74029 1.0643 -1.0284 2.1181 0.61276 -0.52597 0.11022 -0.33813 -1.0092 0.99042 0.053726 0.27198 -0.59023 1.0717 1.9513 0.29715 -2.0572 0.22826 0.40758 -2.6038 0.0081546 -0.21978 -1.8506 -1.904 -0.19824 0.21179 -0.94799 
perfume -0.62266 0.40503 0.52415 0.03209 0.70867 0.036194 0.54375 -0.65616 0.28475 -0.12241 0.38929 2.8389 -0.35016 -0.19812 0.028775 -0.68901 -0.67728 -0.88005 -1.0253 1.1932 0.19107 -0.69119 0.87044 -0.86735 1.2566 1.7013 0.2281 1.4606 -0.34049 0.38329 -2.1877 -1.4246 -0.0097642 1.2116 -0.48143 -0.18007 -0.28895 -0.64997 -0.98658 0.49476 0.49392 1.2284 -0.38701 -2.1323 -0.38179 -1.745 -0.74466 0.18582 0.29875 0.033978 -1.2336 0.84013 0.13501 -1.5579 -0.98997 0.21876 -0.191 -0.31989 0.42242 0.05035 0.28121 -0.74627 -0.20905 0.13903 -0.80541 1.938 1.1705 1.6083 -0.29602 1.2444 -1.4241 -0.28883 0.89045 0.50671 2.1651 1.3178 0.1871 2.1594 -0.46874 -0.89198 -0.98065 -0.065745 0.19201 1.7203 0.76664 0.39207 0.19885 -0.85412 0.6076 0.045421 0.62102 0.21171 0.59375 0.2502 0.4311 -1.6805 -0.67637 -0.023801 -0.02415 -1.2682 
coffee 1.2453 -0.9585 0.31826 0.24283 0.98518 -1.2395 -1.5401 0.84252 0.71226 0.028208 0.43293 -1.0801 0.28225 0.66329 2.0052 0.50116 -1.2198 1.8365 -0.69511 -0.43895 0.02611 -1.1201 0.25164 0.012427 3.3288 2.4494 -1.0205 -0.12107 -0.39468 0.45504 -2.1298 -0.078391 0.065342 1.0738 -1.1767 -0.48431 1.27 -0.76836 -0.22614 0.5884 -1.7104 0.25027 1.3752 -0.27541 -0.35429 -1.849 -1.6468 -1.1584 -0.8606 0.90137 1.127 1.0845 0.21434 -1.8575 0.28832 0.44867 -1.2746 -0.50709 0.99889 0.8038 -0.071001 1.5181 0.52943 2.2835 -1.4798 0.70753 0.15964 -0.15803 -0.11107 0.17371 2.383 -2.4039 -0.9797 -1.05 2.4147 -0.48189 0.62262 0.60793 0.22585 1.1208 -2.7042 0.15949 -3.842 0.14091 0.25426 0.84208 -1.3004 2.0179 -2.1941 -1.6952 0.56522 -1.2602 0.61647 0.83682 -0.30141 -1.8326 -0.77808 -0.25507 0.37366 -0.1141 
rose -1.245 -0.45348 0.00096772 1.666 1.1205 -0.63625 -0.72917 1.1696 1.0352 0.90714 1.3131 1.8245 0.13408 -0.15443 -3.5824 0.57008 -1.6988 2.8348 1.4735 0.062688 1.3085 -0.91636 -0.87736 1.067 -1.5489 0.26149 1.8373 2.7666 0.36955 -0.96475 -3.3231 -2.5114 0.24125 1.2226 -1.0088 0.3442 2.0261 -0.47327 -0.40614 1.7828 -0.11481 2.9331 -2.6735 -0.7651 -0.021204 -2.979 -1.4699 1.0088 -3.331 -3.5425 0.33294 -0.32415 -0.23565 -1.9301 -2.0353 2.406 -1.03 -1.2506 1.5372 -0.035545 1.1067 0.5565 -1.9556 2.3464 0.96156 4.6788 0.60004 0.72151 -0.65612 -0.10145 -0.20302 0.038923 -3.6979 -1.6486 1.215 1.0347 1.733 1.7428 0.37065 1.347 -2.5657 1.0946 -2.3706 1.4729 0.2413 1.4403 -1.0299 1.9998 -0.64989 0.30133 2.0995 1.2929 0.4243 -1.1929 0.74898 -1.2571 -0.60898 -1.0946 -0.78448 -0.22211 
blood -0.36906 0.49526 0.76965 -0.097263 0.32299 -1.8151 -1.6383 -0.7134 -4.1861 -0.30857 0.77257 -0.60517 -1.5673 0.28361 -0.5695 0.82459 1.8869 -1.6023 1.7739 2.7104 -0.77635 0.13864 2.1485 0.37364 0.11468 -3.5092 0.87418 -1.3014 0.50216 1.8359 -0.33218 1.1131 0.084954 0.53334 0.15919 1.3838 1.7716 -1.7329 -2.4269 0.052467 -0.049203 0.51995 -0.63172 1.5234 1.0572 -3.5984 -3.0879 -0.012164 2.9042 -0.26009 1.0321 -1.3385 0.28426 1.1548 -0.60006 1.3852 -2.003 0.50615 2.3583 1.9066 0.55693 0.94986 0.60281 0.074314 2.4642 1.4804 -1.0794 0.22164 1.4436 -0.63459 0.029304 -1.2597 -1.41 -0.15881 -0.66706 1.5535 -1.7547 0.44621 0.53522 0.18551 0.19597 -0.037181 -1.1181 -2.1493 0.69436 0.54786 -1.9669 2.1588 -0.070306 0.24303 0.478 -0.37937 -0.71278 0.83194 -0.2921 -1.3556 -0.038534 1.5657 -0.48584 -1.6758 
wine 2.7248 -1.5217 3.2471 0.21494 0.92656 -0.34766 -4.6644 2.0281 1.4938 -1.1714 -1.7315 -1.432 -1.9012 1.1062 -0.68037 1.3676 0.23131 -1.7833 -1.2332 -0.46413 -1.4148 1.0793 2.7634 -0.86047 0.48632 3.4141 -2.4847 4.4277 2.1601 0.56729 -2.0596 -1.2634 0.3719 0.59677 3.6581 -2.281 2.1882 -2.3106 2.1503 5.2561 -2.1649 2.513 -0.29128 -2.2058 -1.8179 0.73828 -1.7688 2.1651 0.12505 1.1997 0.33857 4.2049 0.4008 -2.0726 -2.1935 2.796 1.454 -1.7675 0.83242 0.051909 0.86214 -1.4575 -2.5341 -0.65507 -0.25357 0.36291 -1.4109 2.4525 -2.7232 0.19467 2.0738 -1.5801 -0.32405 -1.8527 2.6913 -1.9704 -1.7946 1.4412 3.3861 -0.85912 -1.7768 -1.4449 -2.0223 0.60085 0.065019 -1.2404 0.9519 -0.15518 1.6327 -2.2787 -2.6276 -1.4477 -1.5448 2.6507 -2.6891 -3.1562 0.014588 -1.2958 -2.6008 -0.86729 
fish 1.2911 2.3719 3.9046 0.59242 -0.59276 1.7255 -2.688 -2.7336 -2.1919 0.72461 1.3928 -1.1603 -5.1306 1.5422 2.7582 -0.62384 2.9169 -1.5529 0.12656 3.0024 -1.6422 -0.73967 0.88128 -0.95734 -0.66648 -1.2284 1.5354 -1.5977 -0.69044 2.2889 -0.88113 -1.3023 2.1213 3.4925 -0.30189 0.20932 -0.2119 -2.5557 0.59631 -0.060407 -1.7835 -0.33283 -1.0264 -2.0939 1.8965 1.2863 -1.8028 -1.56 1.3923 1.5823 2.2396 2.0674 -1.0225 0.5633 2.3469 0.16175 -0.94247 0.63465 0.22813 -1.7725 0.093305 0.024431 -2.3804 -1.1164 2.3384 -0.10074 3.0039 -1.3284 1.7035 -1.6308 -0.4353 -0.43198 -2.1729 -2.959 -0.31599 0.22774 -1.6647 -0.0018633 1.3675 1.463 1.3788 -0.16307 -1.1535 1.7423 0.67983 2.1268 -1.6031 -0.14793 2.0647 -1.3269 -2.3385 0.73103 -2.2509 2.2272 4.099 -4.8632 0.57183 3.7638 -0.57596 0.67759 
animal -2.1782 0.30321 0.13484 0.98629 0.7315 -1.4293 -4.013 0.78007 -2.0221 -1.1845 -0.62222 -0.57434 -1.1632 1.1259 1.0859 0.008722 0.62495 0.06999 0.04778 0.87001 -0.17501 2.0304 -0.81939 -1.0777 0.28479 -0.76017 -1.6228 -1.1447 1.4305 1.1873 -1.6615 0.13169 2.0988 1.2974 0.22194 0.79849 -2.8312 -0.66806 -1.4913 -0.63408 1.1829 -1.6835 0.21102 0.68719 0.62532 -0.79751 -0.059149 0.60806 -0.29803 -2.0808 -1.6884 -0.10931 -1.231 1.8326 -0.044949 -2.4418 1.8895 0.82549 0.66654 -0.9945 0.53162 0.077688 0.29708 -0.35633 1.7846 1.234 0.48288 -1.6445 -0.26491 1.1919 -1.1519 0.19645 -2.2245 0.804 -0.25953 -0.1618 0.14431 0.65513 -0.83818 1.1533 1.412 -1.0127 -1.0093 0.20861 -0.028562 0.90015 -0.16045 1.3093 2.89 -0.38698 -1.5489 2.6158 -0.96433 2.2295 -0.22724 -3.4753 -0.94324 0.24463 -1.6503 -0.68752 
urine -0.72541 1.611 -1.4944 0.022505 0.37534 -0.54263 -2.5574 -1.41 -2.9143 -0.66147 1.1306 -1.6368 0.57631 -0.75032 1.1722 0.18186 -0.13728 -2.7542 -2.2085 1.4897 -1.8328 -0.98942 1.6822 -0.52299 -0.60353 -0.89653 1.0135 -1.4175 -0.79474 2.6888 0.60711 0.74816 -2.7505 1.5127 -0.21284 0.67108 -1.6412 -0.91548 -2.5792 0.14268 -0.11197 -0.94438 2.2427 -1.4718 -3.1674 -2.4291 -0.38739 -2.0339 1.0136 1.0001 0.58367 2.3078 0.93922 1.6084 -1.769 -1.5185 1.1524 0.80507 2.9745 0.10008 0.33123 -1.4226 1.7799 -0.58844 1.8836 -0.48402 -0.68553 -1.6034 -0.41743 1.6015 -1.2345 -0.60785 -3.1393 1.985 -2.6637 0.44137 -0.0049604 1.0213 -1.4577 1.8087 -0.94176 -0.44983 -1.4623 0.70534 -0.81465 -0.22335 -0.73156 0.28815 0.73937 -1.4223 1.2882 -1.1327 -0.75322 2.518 0.66596 -3.2595 1.4472 -0.62611 -1.4758 -2.7858 
beer 1.8994 1.5477 -1.082 -0.9952 2.2951 -0.18138 -1.8854 -0.85606 0.47273 -3.1748 1.7515 -1.2731 -0.97945 -0.37646 -0.55378 2.0897 0.81006 -0.23756 -2.4941 -0.25301 -1.5442 -0.86461 0.71056 -2.877 4.9038 -0.36214 -3.3192 -1.6001 1.2006 1.2587 -2.2209 -0.2787 0.38764 0.8015 0.36163 -0.17673 2.9179 -1.6532 0.078639 3.6255 -2.716 0.9871 1.8796 -0.86584 -1.2914 -0.31926 -2.0613 1.597 0.38756 -0.24666 0.71903 6.695 1.2149 -2.5875 0.030702 2.0188 0.87891 -0.48186 1.3933 1.5956 -0.24884 -0.38 1.3141 -1.9718 0.79093 -2.1232 0.63639 0.53375 -1.9123 0.55756 0.78395 -2.1238 -3.5276 -2.2608 1.0496 -0.32945 1.9548 -0.60088 0.023917 -0.10591 1.3839 -3.757 -2.4889 1.5851 1.9748 1.159 0.027657 0.3714 -0.57544 -0.65928 -1.2162 -2.6823 -1.5642 0.35004 -3.3069 -2.4265 0.30925 -0.31343 -1.7392 0.51498 
tea 1.6827 -1.6736 -1.6744 0.88191 2.5519 -1.2282 -1.0543 3.7699 -1.6111 -0.49057 0.45342 -0.28817 -3.5926 2.5409 1.4314 -2.3454 -2.5398 3.9919 -1.5872 -0.87612 1.2508 -2.9326 -0.93883 -0.37462 2.5727 4.2848 -1.6519 -0.19637 0.84205 1.3468 -1.8923 -2.3 -0.7258 -0.47554 -1.9228 0.46502 5.5063 -0.21289 1.8826 2.9679 -4.5661 0.93341 -0.32044 -1.7281 -2.0056 -0.90855 -1.9105 -3.0434 0.076111 0.25902 -2.681 2.2279 -2.8471 -4.8353 -1.3344 3.1118 -0.59292 -1.1294 1.0559 4.2931 0.43915 0.44015 0.81971 1.2341 -4.2808 3.209 -3.9477 -2.0233 0.75671 -0.48984 6.8797 -2.8337 -4.5253 -2.5055 1.8005 0.4264 -0.73352 0.59297 -0.69314 2.2613 -5.3368 -0.17951 -3.7022 3.3585 -0.60566 4.7079 -0.19355 3.2583 -3.3008 -0.79884 -0.20798 2.7896 -3.5347 5.3803 -0.32356 -0.81859 -0.4614 0.15474 -0.37728 -1.1547 
citrus 1.6812 0.32016 1.5872 -0.44284 -1.1232 0.78425 0.24313 -0.29082 -0.85936 -0.91353 2.6153 1.367 -0.63985 0.17053 -2.1601 -0.42226 -1.618 1.3774 0.21246 -0.88216 -0.27237 0.22488 0.15958 -1.0904 1.1275 1.6124 -1.2226 1.4365 1.6201 -0.61624 -0.68513 -0.13906 0.98954 0.46268 1.2107 -0.185 0.21728 0.30365 -0.53864 1.9217 0.75599 0.31566 -0.91523 -0.27534 -0.32818 0.59732 -0.67345 0.61789 -0.98849 -0.18522 -0.12979 1.9759 -0.48017 1.2943 -0.9262 1.1954 0.44437 -1.0138 0.503 -1.2112 -0.53698 -2.6128 2.0111 -1.3717 0.11263 2.7036 -0.66246 -1.2111 0.17673 -0.12837 1.1233 -0.58548 -1.7338 -1.6694 2.3967 0.50366 -0.76005 1.8556 0.12634 0.33668 -2.335 -2.311 1.0066 4.6053 -0.16601 0.028854 0.42815 2.4124 -1.7195 -0.79858 0.73563 -1.3586 -0.786 0.71614 -0.18415 -2.2329 1.0813 0.31079 -2.6956 -1.2273 
lavender 0.29591 -0.996 -1.2867 0.62825 0.25655 -0.14283 0.28614 0.55667 -0.64593 -0.43007 1.6471 2.3684 0.043955 -0.46064 -1.5964 0.1317 -1.3982 1.0454 0.013458 0.33042 0.63329 -1.7556 -1.096 -0.093714 1.2304 0.5592 0.73571 0.20043 -0.54706 0.65641 -1.0525 -1.3561 0.50462 1.8294 0.89891 0.57581 -0.50629 -0.04996 -0.20463 0.78948 -1.8299 1.051 0.27297 -0.74169 -0.038353 -0.30265 -0.10496 -0.86776 -1.2834 -1.499 0.6487 0.42495 -0.25203 -0.26418 -0.78248 1.1223 -0.45178 -0.611 1.7147 -1.5027 0.71161 0.08528 0.43615 0.635 0.23119 2.3284 -0.66942 0.060071 0.14945 -0.058484 0.21865 -0.6249 -0.98063 -1.7046 0.89598 0.29603 -0.80664 1.0813 -0.56722 -0.84448 -1.4362 -0.045848 1.1525 3.6929 -0.26128 0.1854 -0.46548 1.2625 -0.90037 0.56569 0.85937 1.0515 -1.7459 2.1947 -0.82378 -1.9978 1.5361 0.24267 -1.559 -1.2932 
lemon 1.0971 -0.55689 0.90419 -1.0845 -1.2357 0.89742 -0.86454 0.58987 -2.9231 -0.43305 2.4738 1.8262 -0.91426 -0.46244 -1.8613 -1.3346 -2.4175 2.6741 0.077622 -0.442 -0.0043867 -1.6801 -0.7082 -0.25867 1.1941 1.2314 -0.32451 1.4021 -0.2782 0.92847 0.63954 0.36045 -0.55244 1.3434 1.3402 0.72615 0.55856 1.8056 -0.083314 0.75899 -0.37199 0.85619 -0.99366 -0.99557 0.23481 0.3803 -1.5051 -0.39656 -1.5281 0.77568 0.901 2.0224 0.14268 1.866 -0.74209 1.7534 0.90878 -0.84637 -0.15206 -1.0508 2.6952 -2.2103 0.65386 -2.0615 0.56274 2.8373 0.0060061 -1.5829 1.2578 -0.69946 2.2747 -0.93219 -1.6434 -1.9318 1.1294 -0.32912 -0.24937 1.5864 0.99433 -1.1687 -3.8782 -2.5512 0.95372 5.0481 0.32088 1.3065 -0.13319 1.4286 -1.6583 -0.10476 -0.20783 0.25029 -2.087 1.3901 0.72458 -1.4432 2.3953 0.72429 -1.5228 0.55193 
vanilla -0.53651 -1.3885 0.6412 0.012581 -0.83642 0.7723 -0.064429 0.37219 -0.25588 -2.4446 -0.30359 0.87615 -0.20762 0.66302 -2.9525 -0.9766 -1.2608 -0.60123 0.34292 -1.3247 0.21496 -1.8238 -0.86897 0.12635 1.2536 2.2836 -0.45294 1.4928 0.41254 1.0327 -0.25375 0.35876 -0.6837 0.8852 0.58248 -0.2334 -0.5208 1.3425 0.21686 1.5269 -0.71043 -0.46163 -0.046093 -0.98811 0.93857 -0.67256 -1.4552 -0.63388 -1.3971 0.1795 1.0453 0.50231 -1.7709 -0.57143 0.79318 0.25227 -1.4666 -1.018 0.2434 0.026582 -1.073 -1.401 1.1936 0.21731 -0.30471 2.2101 0.10888 0.64496 -1.1406 -0.37025 1.0512 -0.58229 -1.6453 -2.468 3.136 1.467 0.70835 1.696 -0.17161 0.2163 -1.0757 0.75164 0.44506 2.4562 -0.74225 0.91003 0.6714 1.4813 -1.2355 -1.4784 0.53152 -0.447 0.76992 -0.72324 -0.82794 -1.3832 0.98125 -1.2229 -2.2425 -1.409 
garlic -0.91254 -0.21886 0.33152 -0.54688 0.022627 1.3055 -0.90962 -0.3493 -0.046476 0.96097 0.72831 -1.5675 -0.27248 -0.061141 0.47901 -0.57369 -0.53796 2.1163 -2.7739 0.39226 -1.3166 -0.9124 1.1783 -0.60476 -0.78419 0.64102 0.37737 -1.4181 -1.2585 -1.1717 -1.6576 0.26858 -0.19323 2.6012 0.061528 0.86642 -0.49112 1.6024 0.18335 0.80884 -2.4171 -0.15522 0.54623 -2.0026 -0.41239 0.22101 -1.6761 -0.34572 0.27685 -0.77204 3.4165 1.8167 0.60732 0.40991 -0.54993 0.14219 -0.332 0.58588 -0.16717 -1.6906 1.3606 -0.73794 -0.071807 -1.3978 1.0809 -0.42054 0.70478 0.55508 2.0632 0.26348 1.9096 0.67531 -1.3991 -1.7101 1.4993 1.4865 -0.59061 0.92004 1.1309 -1.1041 -1.646 -0.66494 -0.3936 2.3227 1.2629 1.7895 -0.98671 -0.2074 1.0038 -1.3385 -1.5052 1.062 -1.5752 1.1117 2.7457 -2.819 0.41492 1.1298 0.90612 -0.021205 
orange -0.28517 -0.57119 0.62877 -0.89603 -0.66042 0.60977 -1.2139 -0.9646 -1.7039 -0.94133 1.2466 1.2957 -0.59738 1.5146 -2.8393 -1.0451 -1.0077 1.1545 1.6447 1.3209 0.37345 -1.612 -1.0764 -1.3102 0.7219 0.095931 -0.52046 -0.25928 0.47311 1.0787 -1.3234 0.69393 -0.7328 0.98812 -0.30536 -0.62436 1.7551 1.1593 -0.99659 -0.075786 -0.094994 0.23927 1.042 0.89951 -0.96969 0.71072 -2.1159 -0.49099 -1.7011 0.94331 1.1937 0.58758 -0.87868 0.54497 -0.49843 2.2562 -0.62232 -1.4639 1.3561 -0.97426 0.26656 -1.1249 -0.035339 -0.91349 -0.81668 2.4918 -1.6115 -1.2548 0.39585 -0.3321 2.27 -1.1932 -1.1757 -2.4549 1.7193 0.97652 -0.54547 -0.38452 -0.050836 -0.60566 -2.3852 -0.86301 1.6411 2.38 0.13357 0.73409 0.29401 -0.71828 -2.1002 -0.079825 0.10204 -0.18387 -0.77016 1.1141 -0.96801 -1.8702 0.54194 -0.34873 -1.5732 0.78032 
soap -0.35054 -0.20463 0.10795 0.61282 1.7623 1.0634 2.3015 2.0721 -3.6653 -0.33306 -1.4809 3.2914 1.1594 -2.3277 -0.46576 -2.9877 0.1911 -0.22382 -3.4473 -0.11392 -0.11562 -3.5403 -0.69446 -1.6258 2.5643 1.1943 0.63052 0.98147 -1.2469 3.4541 -0.068955 -0.3303 1.2322 2.8549 -0.0061112 -0.45678 1.1208 -0.73045 -3.1345 0.4686 -0.64938 0.82119 -1.5346 -0.20647 1.0164 1.433 1.0441 -0.87301 2.4058 0.58322 -0.15209 1.3594 1.1128 -3.6419 -1.3875 1.9088 1.987 1.9138 0.6826 0.19267 1.5032 0.74681 0.41903 3.7013 -1.3395 1.9166 0.58218 -1.0863 -0.44139 3.2605 -0.16114 -2.3263 -0.64432 -3.3942 0.1586 1.2538 -0.095964 2.2451 -0.74547 -0.099411 -0.0068117 -0.90058 2.1148 4.7742 2.0492 1.3626 2.1812 1.1929 1.17 0.69741 0.021635 2.9266 1.2858 2.475 -0.323 -2.559 2.339 0.10031 2.0993 -0.71151 
chocolate -0.55601 -1.3885 -0.93073 -0.23783 -0.85301 0.81213 -1.0572 -0.87961 -0.096239 -2.0933 -0.92099 -0.33651 0.24027 -0.40197 -0.10348 -0.25216 -0.4088 -0.51334 0.17719 -0.12106 0.11137 -1.6138 -2.068 -0.75142 1.3342 2.436 -1.1285 0.79015 0.40605 1.6394 -1.8521 -0.0042885 -1.0419 1.4512 0.50913 -0.70463 0.64688 -0.21646 0.29345 0.94637 -0.59588 -0.59652 0.6418 -0.83425 -0.1177 -1.1154 -1.5499 0.14122 -1.0475 1.2974 1.5668 1.4953 0.79258 -2.0145 0.8116 0.098478 -0.05667 0.22634 0.63527 -0.23299 0.010984 -0.61993 -0.76066 0.8837 -0.29398 0.78872 -0.36094 -0.5621 -0.060222 0.4242 1.2131 -1.0583 -1.1586 -0.83068 1.4193 0.28919 0.56288 0.69449 0.37768 0.25016 -1.9206 2.2496 -1.8157 1.5603 0.16206 0.78226 0.771 0.74287 -0.4657 -2.3958 -0.59818 0.49378 -0.28962 -1.0743 0.035128 -1.1999 -0.47934 -0.10946 -1.0979 -0.93813 
apple -0.32128 0.26583 2.9356 -0.94087 -0.76376 2.6993 -1.6265 -1.3368 -1.4963 -0.5024 -0.68225 -0.18551 0.54059 0.36687 -2.1789 1.575 -1.8011 0.48344 1.2379 -1.6887 -0.28854 -1.8406 -0.59185 -1.6356 0.88064 0.31816 -1.6974 2.4871 1.5778 2.5456 -1.4135 1.0196 0.30705 0.5366 2.3965 -0.040122 1.3483 0.88888 0.69819 1.5652 -0.59575 -1.0829 0.67433 0.39263 -0.26939 0.91242 -2.5582 1.5397 -1.4335 1.0978 1.9336 1.3345 -0.4593 0.73869 1.0827 1.0745 0.071439 1.8292 1.4566 -0.55975 -1.6435 -1.4545 -0.21818 -0.88035 -0.80949 3.3466 -0.28349 -1.0761 1.2226 0.33941 0.95462 -0.72244 -0.11593 -2.8799 1.9172 2.4723 -2.0282 1.5961 -0.68488 0.73082 -0.85352 -1.6436 0.15019 1.6038 -1.4394 0.91783 0.044792 1.8075 -1.9476 -1.1573 -1.5709 -0.84887 -2.8608 -0.35725 1.1148 -0.48355 0.57103 -2.038 -0.76526 2.4735 
leather -1.4429 1.2 -1.0017 -0.61484 0.96196 -0.2786 -0.55648 -0.77739 -1.3201 0.019672 1.1337 1.3248 -0.65284 0.81089 -2.5259 -0.30656 0.064612 -1.6986 0.62791 3.0018 -3.217 -0.17502 -0.040756 -1.0246 2.6338 1.8401 -1.1518 -0.21247 1.1077 0.45682 -1.7245 -1.6005 -0.1066 0.2758 1.4083 0.36828 -0.54447 0.866 0.14438 1.5313 -0.713 -0.21497 1.2443 0.54018 0.25537 -0.0464 -0.89117 1.1533 1.4634 0.79916 -0.18047 -0.48425 -0.23981 -1.3245 0.7696 1.9421 0.46997 0.053519 0.14272 -1.8256 -1.7678 0.92804 -0.41375 2.0235 -0.47288 -1.134 1.0068 0.82726 -0.20403 0.74249 -0.69602 -0.49536 -1.1403 -1.9631 2.5543 0.56358 -0.12504 2.8813 0.025641 -0.76365 -1.3981 1.3114 -0.32369 1.4232 -0.86485 0.66798 1.4428 1.0664 -0.016426 -0.89632 0.31692 -0.44971 0.41334 0.20689 1.947 -1.2055 -0.37467 -1.6847 -0.8734 -0.36031 
cheese -0.68981 0.51355 0.21256 -1.3111 -0.54302 1.0604 -2.0957 -1.3563 0.0059945 -0.6303 -2.1278 -1.3165 0.68308 -1.5331 1.7772 -2.0074 0.013787 -0.066313 0.29472 0.36108 -0.36836 0.087743 1.28 0.74406 0.11313 0.55671 -1.1768 0.25216 -0.34823 1.5159 -3.3946 -1.7821 -0.50136 0.58056 0.8785 0.14715 0.85644 1.2117 1.3995 2.9442 -3.1033 -1.3844 1.1681 -0.78362 -0.026648 -0.92159 0.43263 1.006 0.42032 1.5161 1.9117 2.9243 1.0181 -0.26617 1.2373 1.2514 0.82766 1.0275 -0.63034 -1.3194 -2.5295 -0.68857 -1.5546 0.49293 0.34617 -1.4667 1.8199 0.77467 0.43178 1.0804 -0.90378 -2.3065 -2.26 -1.7184 2.0197 0.37999 -0.44284 0.10503 0.2188 0.48284 0.054074 0.83192 -0.49337 1.4657 0.83416 1.2919 0.27572 -1.281 0.2483 -1.3536 -3.2605 0.53011 -0.2285 -0.055213 0.4846 -2.6317 1.7124 0.11886 0.018554 0.11629 
bread -1.0125 1.4145 0.95022 -1.4809 -1.6954 1.9595 -2.6292 -0.88202 -1.2741 -1.14 -0.36769 -0.86052 1.1883 -0.71369 1.8009 2.1138 -1.2467 2.71 0.11004 0.17713 0.51249 0.063952 -0.54118 0.67106 3.6885 -1.5413 -1.8377 -0.015091 -1.9868 2.6081 -1.9812 0.038257 1.6728 -1.1054 0.88865 1.3326 -0.79442 -0.23271 1.9859 1.5832 -0.55063 0.2871 1.6315 -0.73971 0.71348 -1.826 -0.26118 1.016 -0.041133 1.9245 2.701 3.3782 -0.5439 -2.996 2.8276 1.7197 0.35357 1.1849 -0.12679 0.047301 0.62684 -0.30287 0.77483 1.4302 0.57979 1.6998 -0.33894 0.47154 2.156 1.5341 0.40525 -2.1075 -1.3738 -1.374 2.208 0.22123 1.1768 1.1829 -1.0067 0.77292 -1.583 0.1957 -1.0687 1.0523 -1.1446 2.0562 0.29771 0.60043 -0.54761 -3.5529 -2.5524 1.3771 -0.16602 -1.1463 -0.73479 -0.83842 -0.38272 0.59133 -0.9223 0.32926 
onion -0.43792 0.48568 1.1717 0.24915 0.43862 1.3418 -2.0075 -1.316 -0.93901 1.0214 1.3883 -2.1154 -1.0124 -0.6646 0.14833 -1.2537 -0.045914 3.3987 -0.86802 1.2343 -1.2008 -0.72008 1.5948 -0.1081 -0.59303 -0.83412 -0.48419 -2.3979 -0.75323 0.35205 -1.1701 0.19246 0.039092 2.0787 -0.3848 1.1307 -0.89859 0.15314 1.1365 1.6353 -1.9128 -0.70271 -0.52275 -2.3099 -0.34555 -0.52785 -1.8535 0.12924 1.1044 0.82228 2.962 2.8583 -0.74062 0.90506 0.47084 0.2587 0.44333 2.3038 1.5954 -1.1428 -1.6399 -1.5117 -0.5113 -0.76868 0.65461 0.60353 1.77 0.28665 3.1634 0.82708 1.8487 -0.15251 -0.23942 -2.0445 0.47359 1.4295 0.035148 0.33743 1.1452 -1.2764 -0.17372 -2.6198 -1.1442 0.85136 0.76089 1.6235 -0.3674 -0.068517 0.49597 -1.678 -1.6863 1.7961 -2.2514 0.66123 3.4717 -1.9214 -0.10036 0.90452 0.64761 1.4938 
paint -1.5506 1.2323 -1.4343 -2.3825 0.30856 0.1991 0.33934 -1.7495 -1.5122 1.1707 0.33939 1.7373 -0.36755 -0.37167 0.018807 0.10344 -1.2713 -1.1168 -0.66174 3.8724 -3.0385 -0.54384 0.24766 -1.6895 1.4712 0.20194 0.57856 -0.83249 -0.27092 0.42289 -1.7086 -1.0771 -2.6178 -0.20301 1.33 -0.28191 -0.86714 0.043414 -1.6622 -2.5848 -0.36853 0.92649 0.28742 -0.87881 -0.12776 -0.67015 -0.87152 -1.6104 1.0941 1.3089 1.2059 0.28814 0.83394 0.24665 -1.9661 2.5787 2.3945 -0.1223 0.60893 -3.8806 0.43566 -0.57334 0.13902 1.7422 2.4035 0.70408 0.68524 -1.4368 0.026411 -1.0678 -0.29211 -2.3754 -0.77201 -0.38645 1.7063 0.49452 2.0569 2.3109 -0.24144 -1.317 -1.314 0.28396 1.4914 0.72292 2.3379 1.8335 0.80067 -1.7517 -0.39197 -0.75834 1.1607 1.8669 -1.2949 0.45124 3.541 0.27953 -2.0392 -0.53856 -0.59774 0.66524 
cinnamon -0.11591 -1.2674 1.5419 -0.27049 -2.0405 0.45615 -0.42904 0.52847 -0.042236 -1.3457 -0.88243 -0.006784 1.7381 0.47814 -2.5239 -0.014946 -2.3704 1.5792 0.14 0.73987 0.86509 -0.97604 -0.37429 1.0526 1.8814 2.3952 -1.1919 -0.73415 -0.13432 0.46174 0.31472 -0.29439 -0.57811 0.59562 0.022959 -0.44569 -0.81 1.1108 0.93166 -0.37259 -0.91195 -0.25263 0.95183 -1.2816 0.47187 -1.9824 -0.47057 -0.76438 -1.163 1.3405 1.4255 2.5608 -1.1897 0.06586 0.24956 1.2851 -0.19275 0.13418 0.51017 -1.3601 -0.82559 -0.99779 0.059413 -0.65457 -0.6404 0.95163 0.41872 0.34686 0.29226 -0.2356 1.7807 -0.51285 -1.3242 -1.1351 1.7667 0.85278 -0.037019 0.64618 -0.26647 0.28218 -1.5984 0.64962 -0.28974 3.1062 -0.62611 0.22582 -0.34115 1.8793 -0.6357 -1.2237 0.24543 0.026422 0.55741 0.20494 0.80985 -2.0929 0.38023 -0.68283 -0.24047 -0.33761 
egg -1.9903 -1.9496 2.1739 0.64065 -0.97492 2.5666 -2.9018 0.83805 -3.2945 0.74944 -2.3665 -3.0292 -2.4358 -0.4163 5.424 -3.5231 3.0765 1.8478 3.0832 -0.12978 -0.66477 0.052618 1.2955 0.37399 -0.91696 2.3098 -0.53549 -3.3992 -0.38182 5.4151 -3.1785 1.0511 2.1584 4.1489 1.255 -0.21304 -1.891 -1.422 -1.5929 4.0622 -1.464 -2.2141 0.745 -0.19628 2.4825 1.2331 -1.5442 -1.5408 -1.6679 0.2475 5.6927 3.6162 -1.105 -1.2879 2.3162 0.43284 3.7508 2.981 -0.81618 1.1222 -3.6459 -0.69284 -2.2665 -2.0137 1.532 2.3239 1.4602 -1.627 3.8376 -1.4566 -3.0752 -1.3996 -0.55058 -3.4109 -1.3413 -1.4688 -0.080149 0.49822 0.7079 1.2389 -1.9493 -2.754 -0.55046 0.45449 1.5556 3.1975 2.851 -0.85636 1.4169 -3.8353 -4.0595 1.3185 0.8417 0.92441 -0.18773 -2.7286 3.4012 -1.5163 2.9654 4.3106 
mouse 0.10503 -1.4421 -0.75576 -2.3116 -1.5458 -0.3816 -3.8728 0.74872 -3.3456 -1.9881 0.92782 0.038306 -0.82958 0.15186 0.05656 1.7632 -1.4086 -3.6294 0.99154 1.5665 0.20315 -0.19243 -1.6307 -0.65694 0.72467 1.2983 0.79745 -0.93598 0.76541 2.9367 -2.034 1.2733 1.5392 1.079 1.3346 -0.66745 -3.0843 0.80351 -1.4249 -0.90295 -1.3504 -1.753 -1.1691 -1.5527 0.70935 -0.92029 -1.165 0.23982 -1.593 -2.3537 -0.34154 -0.098163 -0.18972 2.3113 -1.2983 -2.3375 -0.70857 0.41754 2.1641 0.3988 -3.4495 0.86028 -0.63447 -2.2674 1.6614 -1.2775 0.88318 -4.4353 0.25332 0.53028 -0.20137 1.2574 -0.8865 1.7726 -0.86591 1.6212 -1.542 2.8362 2.4845 2.5337 -0.96582 -3.0311 -2.2248 0.4403 0.66623 2.1538 -0.13661 -0.058062 -1.466 -2.0188 -2.8069 1.4196 -3.331 3.1231 -0.57102 -1.2155 -0.9245 -1.2182 -0.49348 0.46456 
cologne 0.20306 1.171 0.096353 0.77594 1.4577 -0.81526 1.4847 -1.5008 -0.57866 -0.71918 0.75218 1.9741 -0.07122 -0.48622 0.3207 -0.44037 -0.22768 -1.0537 -0.98614 1.1762 -0.50974 -0.86342 0.09471 -1.0894 0.44838 1.1807 -0.31727 1.5831 -0.18769 0.10775 -1.252 0.2075 0.15342 1.6566 -0.15092 0.14355 0.97992 -0.18637 -1.1977 0.77652 0.0072611 1.459 0.49078 -1.2733 -0.79432 -0.74452 -0.97782 0.029048 0.37186 -0.59084 -1.5551 0.55972 -0.50116 -0.46935 -0.6974 0.31593 -0.264 -0.29148 0.0058024 0.097401 -0.51363 -1.3976 0.82087 0.67861 0.17289 0.26257 0.62995 1.8296 0.36095 0.97974 -2.133 -0.47838 0.36252 -0.40409 1.839 0.84581 -0.20725 1.841 -0.51343 -1.7846 -1.2429 -0.96868 0.83101 2.9596 0.3371 -0.06668 1.2679 -0.82788 -0.18176 -1.0412 1.3294 -2.1939 0.015672 0.43899 -0.5251 -1.879 0.21478 0.88371 0.34005 -0.0071294 
pine 1.3414 1.6851 -0.65341 0.92331 -2.8222 -2.8163 1.051 -0.80112 -1.5963 -1.4583 1.6566 0.38935 -0.28915 3.4419 -2.9518 1.6466 -2.7468 1.9856 1.6465 1.5624 0.95066 -0.27328 -1.9696 -0.40565 1.701 1.9793 -1.6563 -1.2684 0.73558 -0.078561 -0.53021 -0.34396 -2.2925 -0.49063 1.1036 -1.8529 -1.9669 0.74964 -0.02959 2.3534 0.13802 -1.0657 2.0049 -0.63783 1.1456 0.14322 0.74016 -0.33981 -1.7767 0.20837 -0.59032 5.22 0.24835 0.408 -1.3895 4.1673 1.787 0.31217 -0.077649 -1.9732 -0.86954 -1.4934 -1.0896 -0.60612 1.4655 2.1535 -0.1539 -2.4662 2.2916 0.4006 2.8023 -3.184 -0.73615 -1.431 1.9876 -2.1321 -0.24451 0.51089 -0.68176 1.8598 -2.4056 -0.53524 2.402 5.1621 -2.4304 0.45258 1.1861 2.1355 -1.3777 -0.91276 1.6833 -1.8349 -0.94366 1.6777 1.0486 -4.5301 1.4234 0.65146 -2.8483 -1.1923 
incense -0.35661 0.25533 -0.51831 0.63277 -0.32245 -1.0113 1.0643 0.29777 -0.65824 0.68004 0.54063 1.1484 -2.5791 0.66207 0.081007 -0.53763 -1.697 1.0649 -0.78116 1.5368 0.63448 -1.7194 0.15481 -0.88975 -0.11739 0.51809 -0.10442 -3.0094 -0.70828 0.44752 -2.6122 -1.7593 -1.8856 -0.75742 0.5387 -0.48746 -2.6844 0.41854 -0.4599 -0.16414 0.037177 1.9032 1.5963 -0.87405 0.26475 -0.73275 -1.0872 -1.2709 1.1516 0.68957 -0.48773 0.76691 -2.8051 0.10248 -1.5299 1.0305 -0.47836 0.078234 1.0748 -2.2336 -1.1597 -0.1071 0.56487 0.64408 -1.7053 1.9233 0.044723 1.1178 0.16735 1.632 0.89297 -0.68374 -1.9473 -1.0657 2.0439 0.94023 -1.3766 1.564 -1.4303 0.074601 -1.1395 0.39957 0.49799 0.79629 1.5479 -0.16988 0.48802 2.7159 0.33475 0.7912 1.0534 -0.25321 -1.5653 0.23953 1.125 -1.6381 -1.4511 -0.74101 -0.25851 -1.2105 
honey 0.32003 -1.5449 -0.26484 -1.5757 -0.73437 0.95455 -0.32886 -0.094757 -0.81841 -2.2252 -0.15614 -0.93181 0.5709 0.74299 -1.0343 -1.2924 -0.78441 1.2399 0.95979 0.31356 -0.86918 -1.9348 -0.9793 0.10492 0.95552 1.0642 0.43315 1.5867 0.71489 3.0294 -2.5175 0.89275 0.052087 2.0424 0.99988 1.4471 0.89552 0.55701 0.76036 2.4506 0.35964 -0.41428 -0.2148 0.44493 0.84474 0.64006 -1.9985 0.3239 -0.33231 -0.56215 0.25847 1.6513 -0.40793 -0.92441 -0.28542 2.8186 -0.8129 0.17449 0.76298 0.071506 -0.89395 -0.48214 0.33683 -0.85788 -0.61886 3.3881 -1.0864 1.0958 -1.7295 1.1549 0.54134 0.23743 -2.795 -2.031 1.9793 0.74815 -0.47462 1.1043 0.27042 0.25814 -0.64646 -0.26011 -0.042943 2.1818 -1.6221 0.33409 -0.26496 2.6001 -0.067945 0.014504 -0.67004 2.3921 0.5583 -0.15785 -1.9475 -2.4532 -0.51287 -0.3004 -1.3496 -1.1633 
grass -0.62503 2.0034 -1.0961 -0.22037 -0.9885 0.87374 -1.3363 0.71277 -1.2823 0.74365 0.84752 1.5507 -0.35228 1.8695 -1.298 1.366 -1.8485 1.5523 1.285 0.46511 -0.87177 0.53798 -1.9723 0.069621 0.81748 -0.73932 0.84473 -1.4116 1.9095 0.24529 -2.5089 1.377 -0.075291 -0.43201 0.4958 1.7128 -0.46965 1.4732 -0.37194 0.766 -0.031036 -0.23586 0.82145 2.7385 0.56053 -0.30635 0.65162 -0.91646 0.29556 -1.1004 0.76573 1.0204 0.39792 -1.5766 -1.2859 2.6959 2.6618 1.1493 -1.3237 0.081969 0.51028 1.1231 -1.6134 -0.87032 0.63255 0.97965 -1.0575 0.54567 2.531 -1.6704 -1.0836 -0.5308 -2.4597 -1.3566 1.2987 0.9405 -0.09845 0.2054 -1.2009 -0.24872 -2.3621 0.69614 0.18019 2.6578 -1.4954 0.13984 -0.1046 1.0883 -0.63731 0.21801 1.9404 0.801 -2.2142 1.2336 1.8413 -2.4951 -1.2227 -0.53067 -0.79415 -0.69903 
tobacco -0.16225 -0.16536 -1.1677 0.26076 0.58147 -0.29523 -1.8029 -0.61641 0.32706 -1.7303 -1.7545 -0.56396 -1.1894 1.3631 -1.1269 0.28552 -2.9743 -0.094527 -1.9093 2.0719 -1.7931 -0.86923 0.09953 -2.615 0.96123 1.7605 -0.79807 0.75359 0.91974 1.1618 -0.44597 0.49356 -0.42657 1.5642 -0.48552 -0.027992 -0.46228 0.75061 -0.645 1.4719 0.32782 2.0215 1.3222 -1.699 -0.51409 -0.65003 -1.5579 -0.40286 0.67958 -0.063323 1.4335 0.39491 -0.41332 -0.46669 -0.15719 0.69544 -1.1643 -0.0041462 0.84032 -0.92648 -1.9023 0.034692 1.0853 1.7234 -0.47632 -0.27934 1.093 1.6932 -0.38268 -0.52713 1.5079 0.55448 -0.85128 -1.9641 0.69021 0.99714 0.82175 1.0616 -0.90252 -0.95552 0.29012 0.062681 0.15267 0.64703 -0.039039 0.91277 0.15468 1.0756 -0.35211 -0.12378 1.4361 0.15161 -1.3072 -0.13922 0.22992 -1.3125 -0.33857 -0.014835 -1.2021 -1.321 
vegetable -1.2357 0.67483 0.69123 1.3262 -0.56111 2.3337 -2.621 0.35288 -0.18553 0.3289 1.3367 0.12041 -0.69132 0.13156 0.82383 -0.55893 -0.9916 0.83483 -0.46081 0.57043 -1.6406 0.39467 0.22975 -0.31014 0.052145 0.52624 -0.77118 -1.0435 -0.29891 1.5689 -1.7804 -0.5648 0.64573 1.7352 0.24281 0.51938 0.018045 0.63689 1.3284 0.44658 0.49786 -0.43926 0.3377 0.31403 -1.5637 0.92133 -0.73093 -0.4649 -0.49322 1.5061 1.2881 2.3471 -1.0357 -1.6302 0.95527 -1.369 1.2169 0.75822 1.2834 -1.2749 -0.61977 -1.0309 -0.41062 -0.68318 0.037905 0.67044 0.81837 -0.42144 1.7968 -0.18707 0.13675 -0.15767 -1.2336 -1.1301 0.96243 1.5733 -1.5089 1.0173 -0.36847 0.79112 -0.14886 -0.63467 0.71941 1.6167 0.85242 -0.025715 -0.25161 0.21577 0.71912 -0.9224 -0.80714 1.6373 -1.4279 1.4535 0.69023 -2.2738 -0.21902 1.3072 0.47417 1.5425 
mint -0.30749 -0.75423 -1.6265 -1.0269 -0.35235 0.76674 -0.11501 0.65663 -2.0058 -0.6645 1.6692 1.4122 0.45797 0.3999 -1.9416 -1.0179 -3.2277 1.4076 0.68913 1.9686 0.90797 -1.0193 -0.49085 0.78742 -0.64364 1.9193 -0.37929 1.467 0.19938 1.1487 0.55793 -0.49153 0.53959 2.8411 0.5913 0.92829 0.79255 0.64284 -0.53427 1.5548 -2.4377 -0.61222 0.13297 -1.7194 -1.1184 -0.26707 -0.18777 -1.1594 0.57599 -0.55586 3.4192 1.6926 1.1501 0.61608 -0.46192 0.79667 -0.11185 1.2872 1.7663 -1.0238 -0.63723 -1.3142 -0.85262 1.1439 -0.10141 1.8001 -0.050115 -2.1992 1.9773 -0.41829 3.6304 0.92105 -0.5687 -2.1324 1.758 0.6621 -0.39127 2.6669 0.14581 -0.10185 -4.1303 -1.7481 1.4535 5.9362 0.071741 1.043 0.69824 1.5615 -0.93466 0.55188 1.4373 1.7314 -3.114 1.3048 2.3087 -2.0969 1.6469 0.58468 -3.3979 -1.4261 
coconut -0.39125 0.34569 1.4412 0.23775 -0.32322 1.4253 0.59255 -0.18631 -1.2154 -1.0766 0.80289 0.54285 0.5456 1.1866 -0.39618 -2.2602 -0.41582 0.68649 0.70271 -0.43168 -0.4724 -0.59138 -1.1717 -0.26115 0.67076 1.8233 0.1015 -0.12809 -0.74528 1.2577 -0.99878 0.95247 -0.17312 2.4307 0.50559 0.060548 3.3452 0.6033 0.75742 -0.57371 -0.45391 -1.1854 -0.59769 -0.37029 1.0243 1.8552 0.4019 -0.90257 0.83264 -1.1302 1.7932 2.5227 -1.0871 -0.59878 0.87709 0.45239 -0.34036 0.2587 -1.9075 -0.36682 -1.2901 -1.6937 -0.40222 0.027742 -0.38298 2.7011 -0.94509 -1.559 -0.18318 -0.091135 0.45887 -1.6622 -2.7135 -1.6195 1.9278 0.21109 -0.064298 1.7341 0.087578 -0.078639 -1.4035 1.1414 -0.31252 3.668 0.0035621 1.6419 0.54674 2.4729 -0.48616 -0.14462 -0.070911 0.88004 1.2789 1.0868 0.40339 -2.6554 0.56634 -0.28321 -0.50508 -0.90021 
weed -1.7281 0.16105 -0.47916 -0.89773 0.10502 0.62874 -0.26211 -1.306 0.13584 1.4098 1.8727 -1.3334 -1.5746 -0.88303 -1.1044 0.84687 -0.94177 -0.043066 0.51776 1.6504 -2.4341 -1.3433 -0.67851 -2.5795 -1.1436 -0.13475 0.57855 -1.0323 1.0399 -0.70466 0.56741 -0.4715 -2.1948 1.2278 1.7584 0.55639 0.14356 0.37139 -0.48815 -0.30521 0.57066 1.4273 1.7776 0.79428 -2.296 -0.53644 -0.89813 -0.50267 0.8285 -2.9611 0.96731 1.8898 -0.77138 -1.9137 -1.5138 -0.79023 0.02447 0.77621 1.0291 -0.36163 0.91199 0.38386 0.45714 0.29426 1.814 -0.82633 0.6131 2.3849 3.0254 -0.54616 0.15688 1.7517 -1.3435 -1.8207 0.40344 1.98 2.5393 0.91278 0.15561 2.6366 -0.22284 -0.74126 -1.821 1.6916 -1.1764 1.5703 0.24358 1.1425 0.22993 -0.3886 1.7675 -0.35831 -1.4434 -0.20528 -0.046613 -4.4093 1.2343 -2.1632 -0.49144 -0.38453 
cherry 0.10337 -1.193 0.11353 0.32431 -1.7755 2.1187 -1.5743 -0.78044 -0.45401 -1.5901 -0.23909 -0.96617 1.4836 0.67964 -2.4314 -0.69884 -1.0964 0.87555 0.73687 2.0373 -0.76158 0.18779 -0.53497 -0.67661 -0.13641 1.8955 -2.4 3.8042 1.5407 0.0048012 -1.2837 -0.29153 -1.8935 1.8281 2.5175 -3.1041 1.8004 0.40986 2.0195 1.8029 -0.8737 -0.47131 -0.42328 0.20481 -0.1303 0.8716 -1.3825 -0.84082 0.06874 0.56087 0.94682 1.3001 -1.2684 -1.4484 0.57052 1.5561 0.0035119 0.45616 1.5081 0.23741 -1.0817 -1.5677 -1.2025 0.68434 0.83938 1.4634 -0.32026 0.012017 -0.84679 -1.4795 2.1287 1.4543 -1.5046 -2.6168 2.0579 0.16132 -1.5264 1.8048 1.0641 0.49463 -1.0564 0.32212 1.7081 2.9958 -1.1245 -1.6504 1.4408 0.40486 0.32715 -4.0647 0.80468 0.34727 -1.5777 -0.89904 0.42402 -0.57037 0.8091 1.2085 -2.234 -0.86364 
grape 1.356 -0.272 2.6982 -1.2829 -1.8484 -1.647 -3.5669 0.88638 1.6382 0.63184 -1.1427 -0.37672 -1.6961 0.30862 -2.1484 -0.28104 -1.3396 0.77442 -0.90005 -1.1326 -1.8637 -0.95055 1.3083 0.38264 -0.034325 1.5277 -1.9707 1.8996 2.671 0.67074 -3.6371 1.2502 0.78717 0.51653 1.318 0.16885 2.5891 1.3898 1.4448 3.0372 0.30235 0.50936 -0.12059 -1.7892 -1.407 1.5111 -0.28459 0.42679 0.088644 -0.68074 1.4455 2.4323 -2.5217 -1.1466 -1.3808 1.605 1.4726 0.54102 0.70358 -0.035007 0.38326 -0.97224 -1.1214 -0.8283 0.73347 1.2675 -1.6893 0.60074 -1.1712 -1.2899 0.4073 -0.65715 -1.5059 -3.1922 2.1395 0.77937 -1.9319 0.56675 2.5372 0.071471 -0.12348 -1.5798 0.24555 1.8081 -0.11352 0.23746 1.9592 -1.146 0.49532 -1.4838 -0.99868 0.45661 -2.7421 0.94198 -1.5899 -2.5864 1.6724 -1.6311 -2.1011 0.42939 
ammonia 0.33673 0.12416 -0.34622 -0.44318 0.50965 0.51848 -0.98552 0.0093671 -1.7597 -0.12942 0.77794 -0.99564 0.40931 1.4984 0.706 -0.53312 0.54584 -0.64344 0.17809 1.4338 -1.9078 -0.78841 0.85062 -1.0588 -1.4381 -0.8118 1.998 -1.4602 -0.073075 0.7471 0.10445 0.70447 0.05581 0.899 -1.1534 -0.065049 -1.8642 -0.26821 -2.4194 0.42435 -1.2202 -0.50022 1.3728 -0.42819 -1.5545 0.27227 -0.67023 0.27229 0.047125 2.2544 -0.97114 1.2878 0.27095 0.96393 -0.9184 -1.7886 0.83437 2.4706 0.79862 0.17938 -0.54463 -2.3532 1.2589 0.10975 1.4793 1.4918 0.10756 -0.85651 0.66401 0.096214 -1.041 0.028578 -1.1821 -0.53996 -0.87358 0.44127 0.78191 2.4801 -0.75748 -0.090433 -0.15668 -0.30231 -0.4065 1.163 0.16326 -0.0097641 -1.4526 -0.19862 0.025315 -0.522 -0.42133 -0.42623 0.38247 0.34216 1.8255 -1.7857 0.62674 -1.302 -0.85091 -1.635 
vinegar 1.3815 -1.8921 1.5026 -1.0248 0.87027 1.0452 -0.089738 -0.065003 -1.7471 -0.17584 -0.3454 -0.72303 -1.339 0.15946 -0.8649 -0.31142 -0.87009 -0.48798 -1.3355 0.72693 -2.2007 -0.1984 1.3068 -0.11346 0.7263 0.25605 0.13676 -0.96726 -0.66082 2.3741 0.23781 0.6786 -0.47685 2.1536 0.39717 0.37088 1.1607 0.060355 -1.901 1.0927 -1.2592 0.78063 0.8924 -0.078749 0.4558 0.93215 -0.66165 -0.21866 1.3161 -0.21097 1.161 2.3394 1.0301 0.36232 -0.37907 0.52793 1.6603 1.5189 0.15961 -1.2229 1.6262 -0.66561 0.33736 -0.15425 -0.1004 0.26077 -0.43806 -0.12781 0.56526 -0.66887 0.70047 0.24885 -0.39925 -1.7045 0.3544 -0.76793 -0.76252 2.021 0.99419 0.12484 -2.4959 -0.91118 -0.4869 1.5513 0.83763 0.32453 -0.78488 0.87428 -0.92007 -0.73677 -1.6186 -0.12617 0.44134 1.0232 0.61331 -2.5101 1.2987 -0.31355 0.29416 -0.13609 
peach 1.0164 -0.64222 2.2882 0.047081 -0.20486 1.3542 -1.605 -0.45707 -0.11751 -0.44574 -0.61104 0.0071452 0.58111 0.050753 -1.5378 -1.006 -1.5901 1.7565 1.7044 -0.34998 0.74487 -1.4503 0.17972 -1.4794 -0.86045 0.50134 -1.0127 3.4601 1.076 2.222 -2.0877 1.0298 -0.24353 0.37248 2.0597 0.77352 1.6469 0.16242 2.3264 1.596 0.56527 0.13894 -1.7384 -0.40646 -0.6595 1.4617 -0.79686 0.7263 -2.2881 -0.10426 2.0112 1.7084 -0.55023 0.70984 0.058815 1.3142 -0.25064 0.46035 1.2262 -0.085158 -1.0334 -1.824 1.2711 -1.4412 0.3854 4.338 -0.88891 -1.0936 -0.42112 -0.12994 -0.25468 -0.12136 -3.3016 -1.6827 2.018 0.014044 -0.83698 -0.01243 -0.040411 0.89916 -1.2351 -0.78691 0.72043 3.8561 -1.8202 0.042832 0.72028 1.8037 -0.28869 -1.1973 0.38822 -1.6242 -1.08 -1.6617 0.11862 -0.20968 0.3971 0.11872 -2.7376 0.47544 
rubber -0.12924 1.4863 -0.84653 -1.4432 -0.67362 -1.4459 0.85849 -1.5453 -0.3377 0.78215 0.93822 -0.072059 -0.36684 1.4471 -1.1682 0.87953 -0.57742 -1.085 1.0396 1.9793 -3.058 0.18004 -1.2118 -2.5573 0.23464 -0.55006 0.53493 -2.9166 0.35557 1.0957 -0.71322 1.3902 -1.701 -0.75187 0.086972 -1.4562 -0.56035 0.7949 -1.0097 -0.76875 -0.025757 -0.93822 1.5405 0.98471 1.305 -0.023354 -0.72781 0.20965 2.3818 -0.83781 -0.2312 1.3806 -0.56086 -1.6309 0.22821 1.3501 0.96246 2.4654 -0.09895 -2.1974 -0.56688 -1.0257 -0.74391 1.4687 0.51861 -0.86627 1.1094 0.64936 0.048327 0.34555 1.1295 -1.43 -1.9866 -0.013539 0.99852 0.086515 0.3805 2.4585 -0.72214 -0.11572 -0.26913 2.2748 -0.95674 0.84764 1.3843 1.0548 -0.53864 1.9661 0.23517 0.14052 -0.65626 0.44086 -1.1508 -0.99146 0.57479 -1.2734 -0.46147 -0.54292 -0.10283 0.5433 
grapefruit 1.639 -0.21338 0.92304 -0.68805 -1.0296 0.34623 -0.35972 -0.28144 -0.70842 -0.85495 1.3468 0.27686 -1.0805 -0.60423 -2.944 -0.39524 -1.5185 0.60763 1.1235 -0.54074 -0.73127 -0.74712 0.31284 -0.5922 0.51773 0.69183 -0.75833 1.7534 1.3028 -0.1894 -1.2715 1.2052 0.14356 0.82262 -0.19054 0.51565 1.5925 1.0106 1.0258 1.5421 -0.31914 -0.13645 -0.36652 -0.99739 -0.50781 0.49372 -1.0309 0.36155 -1.0345 -0.38098 0.70918 1.0318 -1.2727 0.55948 0.17449 0.41732 -0.21429 -0.28175 -0.062806 -1.3233 -0.36192 -2.3226 1.0709 -0.88129 -0.3718 1.4166 -1.0983 -0.92703 0.21159 -0.01687 1.619 -1.1861 -1.2402 -1.9756 1.2803 0.83917 -1.1236 1.2517 0.36984 -0.16874 -1.9733 -1.8655 1.2339 2.5367 -0.8023 0.39462 0.2586 0.62691 -0.98327 -0.75262 0.71108 -0.37514 -1.2676 0.057456 0.088114 -0.9779 1.1674 -0.27978 -2.3013 0.42794 
berry -0.47232 0.40728 1.1087 1.4029 -1.8675 0.92123 -0.77535 -1.1656 -1.1668 -0.81756 0.3445 -0.92724 -0.0054875 0.68523 -4.255 0.2117 -0.9603 0.55847 0.9644 0.5031 -0.15304 -0.53574 -0.27057 -1.7862 0.30203 2.2689 -1.9675 3.8118 2.2808 -1.0802 -1.4056 -0.63491 -0.18598 2.7655 2.6686 -2.342 2.5435 1.2995 2.1514 1.5031 -0.019813 -0.41573 0.78212 0.27386 -1.8027 -0.22527 -0.73678 -0.046894 -0.30618 1.0139 1.0628 0.69755 -1.4161 -1.2357 0.53607 1.9761 -2.0515 -0.6926 2.2244 0.38958 -1.4848 -2.4996 -1.2015 -0.21582 0.75134 2.8915 -1.0315 0.16658 -0.38833 -2.7436 1.5649 0.90826 -1.8068 -3.3485 2.3923 0.96588 -0.90784 0.4897 0.77263 0.076133 -1.4799 -0.58713 0.21851 3.7819 -1.5712 -0.92645 0.81919 1.6491 0.85296 -4.2217 1.4917 0.61696 -3.1292 -1.034 -0.07439 -1.2616 0.62126 0.35785 -2.5335 1.7014 
strawberry -0.37116 -0.27077 0.59143 -0.0030534 -1.4631 1.3288 -1.3308 -0.85707 -0.71103 -1.0516 0.16358 -0.39774 0.69849 -0.74885 -1.797 -0.097681 -0.92876 -0.11061 0.1844 0.14356 0.20299 -1.8815 0.040235 -0.95634 0.097362 1.2934 -0.50996 2.7686 0.26385 0.9062 -1.047 0.10766 0.24915 1.1196 1.2729 -1.376 1.8712 -0.29636 1.3952 0.18216 -0.39474 -0.44146 0.20077 0.024864 -0.69674 0.34694 -0.19699 -0.46367 -0.93926 -0.1184 0.1048 1.3616 0.10569 -0.86164 0.029807 1.1175 0.16055 -0.20108 0.65789 -0.50385 -1.398 -0.37783 0.073223 0.25687 0.26811 1.6116 -0.54542 -0.57674 0.23256 -0.49736 1.1985 0.26486 -1.7769 -1.0485 1.0956 0.14179 0.10328 0.60143 0.51511 0.10298 -0.97263 -0.072716 -0.21535 2.013 -0.1229 0.37486 0.4253 1.3761 -0.084885 -1.8539 0.66781 1.2161 -1.7217 0.01725 -0.060215 -1.3477 1.3429 0.50191 -1.5266 0.58675 
manure 0.36255 2.2227 -0.12533 1.9572 -0.78095 -0.52482 -2.4663 0.62877 -0.91407 -0.25807 0.95874 -1.5885 0.15456 0.078002 0.79106 1.9033 0.66518 -0.044136 0.91396 -0.25201 -2.3217 0.75538 0.75593 -1.0076 -0.064518 0.90734 -0.74603 0.40547 -0.21289 1.3222 -1.6661 -0.58259 -0.32395 0.93608 -0.12171 2.2021 -1.2684 0.2303 -1.5199 0.78089 -0.89168 -0.84338 1.7809 0.66649 -1.0005 0.53446 -0.99906 -1.315 0.73738 -0.4511 -0.6547 2.334 -1.5343 0.77238 -0.31044 -1.1128 3.5284 0.81158 0.36278 -0.85809 -0.4661 1.0975 -1.3883 1.8279 -0.31501 1.0084 0.67737 2.5246 2.0005 -1.7692 -0.86669 -1.4576 -1.305 -0.2717 -1.6707 0.060247 0.653 1.1388 -0.77891 2.0462 1.0867 -0.80035 -0.9127 1.2316 -0.34436 -0.16603 -1.8585 0.48005 0.27545 -0.40998 0.63887 1.8476 -1.4267 -0.30489 0.72184 -2.6171 0.2169 -0.18687 -0.38845 0.50146 
clove 0.017729 -0.7473 0.68741 -1.1342 0.28588 0.61433 -0.5252 -0.65553 -0.92202 -0.80111 -1.1222 1.1203 -0.17902 0.49284 -2.7585 -0.19421 -1.7477 1.572 0.17827 1.5295 -0.71657 -1.4843 -0.87693 0.15835 2.0305 2.1075 -0.27793 -1.6225 0.20558 0.44641 -0.92973 0.66182 -0.86261 2.0635 0.42578 -0.18787 -1.5714 1.116 0.85086 2.1198 -1.794 0.25343 0.51325 -1.1735 -0.521 -1.3411 -0.54473 -0.66373 -1.3012 0.33747 1.0992 2.6741 -1.2532 -0.54008 -0.91036 1.9522 0.84833 1.0648 1.3882 -1.1179 -1.1849 -2.0025 -0.071731 -0.70503 -0.62581 0.99183 1.1647 1.1541 1.2023 -0.98181 2.4717 0.73498 -1.2694 -2.9401 1.3997 0.41897 -1.3217 1.2484 0.1683 -1.9614 -3.2151 -1.0901 1.1654 2.7297 0.27235 0.83546 0.11961 1.3049 -1.0776 -1.4457 0.033161 1.4396 -0.77309 0.18251 1.69 -1.7358 -0.1094 -0.42468 0.35677 -0.47714 
cedar 0.49713 0.14185 -1.1922 -0.36374 -0.54283 -2.5942 -0.36377 0.096817 -0.83962 -0.60739 0.45818 1.469 -1.0481 2.9046 -2.9381 0.6286 -3.2207 -0.03792 1.2706 1.8566 -0.41521 -0.31567 -0.37807 -0.26221 1.4281 2.2437 0.63344 -0.62276 2.3075 0.24245 -0.041256 -0.94116 -1.4745 -0.075691 1.4699 -0.2499 -0.37872 1.1776 0.15545 0.95975 0.11756 0.21224 2.0492 0.50735 1.244 0.77164 1.2422 -0.038047 -0.23272 0.02048 1.1864 -0.91408 -1.3411 -0.21901 -0.43687 3.1171 -0.17925 -1.5292 1.5031 -1.7574 -1.8612 0.18378 1.1515 0.68369 -0.13997 0.74656 -1.8164 0.337 0.73019 -0.78555 2.0454 -1.5798 -0.92735 -2.671 2.3046 0.25292 -1.0062 1.799 -0.10699 -0.073577 -1.2764 1.819 2.0932 4.5836 -1.4819 0.65591 1.2718 1.0511 -2.0528 -0.021992 0.72953 -0.99564 -0.80127 -0.89638 0.42307 -1.1447 0.77464 0.88215 -1.4785 -0.62146 
gasoline -0.16863 0.9928 0.27279 -0.5458 0.83754 -0.58898 -0.078843 -0.72422 -0.52149 1.414 -0.45334 -0.21981 -0.23499 0.76354 0.5745 0.34307 0.56697 -0.81556 0.48301 1.4021 -1.8488 -0.19566 0.2917 -1.775 -0.059809 -0.27189 1.0269 -0.4197 -0.10178 -0.073237 0.81529 1.6255 -0.79785 0.80788 0.10394 0.18138 -0.19483 0.32365 -1.1883 -0.22608 -0.77168 0.74786 1.9613 -0.45578 1.1451 -0.66165 -1.9509 1.2035 0.029828 0.76251 0.36957 -0.025563 -0.83696 -0.50458 -0.978 0.31756 0.87124 0.11199 0.7624 1.3857 1.2183 0.16369 0.98558 0.3123 1.9107 0.72402 0.88264 1.3981 -0.71253 -0.30702 0.95952 -0.62495 -1.2967 -0.15941 0.21318 -0.46233 0.79639 1.8587 -1.2357 -0.50902 -0.44873 0.3947 0.34914 1.7438 0.90116 -1.5974 -1.4008 0.63173 -0.75045 -0.78645 0.42715 0.013358 -0.84451 -0.034399 0.75851 -2.3182 -0.36364 -0.67067 -0.41009 -0.55739 
oak 1.8123 -1.2399 1.4162 -0.6006 1.6958 0.045143 -2.7321 0.45733 -1.8811 -0.22029 -0.41549 -0.043855 -1.5385 7.484 -5.2069 1.1979 -5.2966 1.7784 -0.30037 0.15575 -2.079 2.1078 -1.1978 -0.24037 1.6967 3.3921 -0.73622 0.76724 4.782 1.4831 -2.1481 0.49429 -0.93911 1.4046 5.1508 -0.9117 -1.0067 2.6753 3.8634 6.0802 -0.072025 -0.43699 4.3418 1.6571 -0.10519 1.0242 -0.56758 0.86651 3.3006 0.23145 -0.040696 1.8731 -3.2161 0.11639 -0.027898 5.0812 -0.08759 -1.517 -2.1296 -2.3448 -2.6181 -2.609 1.6029 0.94332 -1.3372 -1.0295 -1.0505 0.83168 -2.0605 -0.88855 1.2049 -3.8316 -4.208 -4.097 2.4602 -1.7436 -2.8965 1.8697 2.933 1.0616 -0.51071 0.43246 3.4285 3.7701 -0.20014 -1.6322 0.93902 -1.3071 0.89455 -3.8889 -0.44527 -4.0292 -0.77109 -1.0546 -3.1737 -1.276 0.17291 -0.91362 -1.871 -2.0542 
pear 0.81006 0.024583 2.7964 -0.93272 -1.8332 0.98244 -1.8356 -0.46292 -1.6098 -0.00017415 -0.11922 0.12063 -0.0065188 1.8507 -3.1142 -1.4095 -3.296 1.4216 2.1037 -0.3361 -0.6683 -1.7406 0.92473 -2.1834 1.2372 0.31656 -0.35259 3.9359 0.91664 2.0843 -3.654 1.4279 -1.1807 -0.64777 1.5377 0.42665 1.3331 0.79745 3.1415 2.9951 -1.5615 -0.49942 -1.8043 -0.48949 -0.23763 0.34857 -0.71668 0.014712 -2.2249 -0.30846 2.6525 0.77296 0.041452 0.22366 -0.13959 2.9931 0.34281 0.91042 2.397 1.5598 -1.9209 -3.9018 0.44775 -1.846 0.79095 4.5549 -0.48221 -0.79343 0.6275 -0.19465 -0.21226 1.5629 -3.6734 -2.529 1.7096 -0.3063 -2.5733 1.4417 -0.39665 0.62945 -1.0407 -1.3654 1.1698 3.917 -0.78314 -0.18879 1.0768 1.6233 -1.7244 -1.0152 -0.2767 -1.9122 -0.72734 -0.80213 -0.031527 -0.82806 1.0651 0.47315 -1.2002 0.23143 
banana 0.036236 -0.079316 0.28755 -0.57757 -1.6581 1.4264 -1.9481 -1.4815 0.52021 -1.1021 -0.1426 0.44633 0.022718 -0.643 -0.006873 -0.55172 -1.0025 1.7365 -0.15943 1.2271 0.11226 -1.6055 -0.24369 0.095828 0.24529 -1.2892 -1.9694 0.76439 0.95553 1.2758 -0.69446 1.2671 -0.98673 0.53367 1.4165 0.8747 0.22089 1.3345 -0.45259 0.045392 -1.1946 -1.0173 -0.32209 -0.46845 1.258 0.52512 -0.36168 0.21989 -0.21371 0.41137 1.0829 1.6238 -1.2786 -1.1247 -0.12549 -0.70958 -0.043827 -0.081171 0.26914 0.63995 -1.6448 -1.4113 -0.6229 -0.0082203 -0.39209 0.86273 0.92586 -0.77159 0.24 -0.39724 0.92364 -0.28377 -1.672 -1.8455 1.6734 0.37511 0.0090249 0.49831 0.72051 0.071295 -0.76324 -0.48689 0.59482 2.1411 0.65334 0.43056 0.10805 1.0556 -0.9683 -1.2952 -1.325 1.5916 -0.0015022 0.60153 -0.015135 -2.4304 1.743 0.17798 -0.52888 1.9302 
popcorn -1.3984 0.87713 -0.081284 0.54139 -0.34072 -0.32298 -0.21293 -0.27188 0.057647 -0.81644 -1.3242 -0.46144 -1.3459 -0.63503 -0.19113 0.33143 0.32109 -1.8068 -1.479 0.52656 0.34908 -2.9451 -1.9257 -0.99269 1.1798 -1.7876 -2.0768 -1.1379 -0.22437 1.168 0.46594 0.15604 -0.93622 0.54736 0.19408 -1.3785 0.23081 -0.1142 -0.95266 0.92764 -3.0117 -1.0047 1.5155 -0.30371 1.1537 -0.078939 1.4543 1.0402 -0.020881 0.005702 2.6002 2.2611 0.68656 0.28437 0.2384 0.5487 1.8403 2.6405 -0.17734 1.5777 -2.675 -0.33891 0.08433 0.60291 0.12458 0.11212 0.41424 -0.36395 1.7723 0.39729 1.6338 -1.0999 -1.167 -1.4836 3.6676 0.35225 0.68811 1.0016 -1.0136 0.71861 -0.23328 -0.90734 -0.71657 0.10175 1.3394 0.10511 0.9088 1.7853 -1.4104 -1.9424 0.38863 0.72414 0.36687 -0.40942 0.61555 0.78184 -0.58284 -0.53624 -0.59897 -0.28806 
caramel -0.19893 -1.0546 -0.2585 -1.2154 -0.69768 1.4004 -0.56244 0.40557 -1.9863 -1.9589 -0.21492 -1.272 0.92606 0.784 -1.3863 -2.1357 -1.2619 0.5898 0.4311 -0.027859 -1.3653 -1.2992 -0.67853 -1.2351 1.3886 1.4785 -0.92806 0.20225 0.54199 1.1359 -1.4326 2.5428 -1.9347 0.87005 1.6168 -0.49739 0.53672 -0.7224 0.75298 1.8632 -0.1305 -1.7949 0.62161 -0.15433 1.6803 0.12961 -1.1169 0.64393 -0.047164 1.7154 1.5636 3.035 -2.3475 -0.26176 0.46755 2.0914 -0.27288 -0.071118 0.37361 -0.0091392 -1.5534 -1.2264 1.0782 -0.66394 -1.1822 0.86622 0.68865 -1.371 0.65275 -1.1062 0.59727 -1.0431 -2.3848 -1.7828 2.5229 -0.063428 0.63197 1.3739 1.5722 0.0064912 -0.85467 0.7251 0.28354 2.1457 0.51672 0.19161 0.96674 1.006 -0.45897 -1.2342 -0.24125 -1.165 0.56204 -1.6642 -0.95109 -0.53459 -0.13271 -0.59739 -1.2146 -0.65161 
eucalyptus -0.018532 0.43849 -0.67147 0.50853 -0.88096 -0.29787 0.48367 0.32607 -0.55657 -0.28501 1.2211 0.32234 -0.48413 0.19787 -1.4324 0.33644 -1.2637 0.29349 0.5187 0.64713 0.30807 -0.61338 -0.42127 0.54928 -0.48954 1.1715 0.64149 -0.88218 0.46585 0.96913 0.26558 0.10592 0.16318 0.96165 0.79247 -0.27016 0.1066 0.95028 -0.74385 0.27474 -0.94214 0.66629 1.0085 -1.0897 0.11721 -0.20682 0.16479 -0.63902 -0.40796 -0.70097 -0.19604 0.64372 0.0095531 0.06385 -0.68331 1.9271 -0.80251 -0.38276 0.23816 -1.1975 0.39653 -1.1374 0.09666 0.22212 -0.075162 1.2094 -1.4659 -1.849 0.5732 -0.019502 0.85279 -0.016613 0.055078 -0.96436 0.96983 -0.68942 0.072376 1.0713 -0.43971 -0.45242 -1.4823 -0.0028221 0.94552 2.7195 0.13884 0.13864 0.16407 2.0315 -0.7501 0.62789 1.322 0.58776 -1.3588 0.74584 0.63658 -1.7782 0.54654 0.40646 -0.84503 -1.0684 
bakery -0.5014 0.46138 1.1012 0.12763 -1.4414 0.45702 -0.784 -0.52025 0.49508 0.18506 -0.30434 0.66371 1.3683 0.25907 1.9275 2.4736 -1.5459 0.91529 -1.2218 1.0634 0.59753 -1.4869 -1.5495 1.1538 1.7846 0.67785 -1.5236 1.5757 -2.3096 1.6786 -0.72451 -1.8424 1.1227 -0.45654 1.7021 -1.2241 -0.66702 -0.98591 0.18933 0.40795 -1.316 0.59102 1.2619 -0.60635 1.5862 -1.7315 -0.7854 1.383 0.0024102 1.1268 3.0583 2.5774 -1.4273 -0.95781 1.7849 0.13754 0.90215 0.11019 1.3062 0.98897 0.82276 -0.26793 0.5849 2.1681 -0.28734 2.0197 0.40357 0.14989 0.82899 0.78899 -2.3303 -3.3269 -0.9116 -1.162 1.8678 -0.27426 0.15389 -0.13721 -0.67633 1.8408 -1.2467 2.5735 -1.8985 1.8312 -0.59614 -0.65122 0.67445 -0.40786 -0.30019 -1.2542 -0.21423 1.2814 -0.3596 -1.7143 -0.28592 0.18399 -0.70913 2.0613 -0.090957 -0.3114 
peppermint 0.51181 -0.4877 0.11387 -0.76717 -0.82147 1.325 0.15812 0.26107 -0.89939 -0.5257 0.36482 0.38827 -0.20469 0.15647 -1.0446 -1.2167 -1.3337 0.83899 1.2152 1.0426 0.689 -1.5861 -0.31326 -0.59359 0.59433 1.6938 0.47267 0.52557 -0.61912 -0.12509 0.74632 0.46471 0.77425 1.3583 -0.67209 -0.96555 -0.75892 1.3734 -0.52536 -0.51493 -1.7115 -0.5208 0.34617 -1.2366 -0.045174 -0.61951 -0.22908 -0.47206 -0.80295 -0.18948 0.90498 0.98705 0.050334 0.69608 -0.51447 -0.22269 -0.79981 0.38137 1.4886 -1.9517 -0.90086 -1.1623 -0.45304 -0.22576 -0.55761 0.67953 -0.85321 -0.93799 0.38649 0.11497 1.7661 -0.09176 -0.33663 -0.72861 0.66505 0.25561 -0.37987 0.8027 -0.025128 -0.82804 -2.1807 -0.21555 0.42922 2.9493 -0.30471 0.62254 -0.48312 1.301 -1.0293 0.048579 0.76914 1.0437 -2.0779 1.5754 0.64986 -2.7425 0.79799 0.26429 -1.3802 -1.4552 
mushroom -0.99842 -0.16482 0.34138 -1.1482 -1.0649 1.0024 -2.5821 0.089315 0.78477 1.5685 -0.58068 -1.1962 -0.51494 1.0905 -0.45001 -0.13627 -0.40414 -1.1465 -0.4902 0.19781 -1.3129 -0.32858 -0.6835 -0.42514 -0.71428 1.1338 0.11217 -0.17686 0.69294 1.5698 -2.0419 -0.36891 -0.67834 0.38575 0.26012 0.83235 -0.54467 0.20991 1.0458 0.51741 -0.81864 0.11674 -0.021498 -0.47319 -0.82063 1.0382 -0.096176 -1.7184 -0.58865 1.1974 0.75842 0.26598 -1.452 1.2119 0.77873 0.33618 0.87194 0.035051 -0.42911 -0.21428 0.091056 -0.4917 -0.29084 0.58556 -0.98863 -0.81832 0.82623 0.38858 0.69521 -1.4939 1.1076 -0.72553 -2.059 -2.2008 1.2686 0.98655 -0.12576 -0.36464 -0.4801 -0.56361 -0.63076 -1.7091 0.44887 1.861 0.031378 1.8997 -0.09711 0.31961 0.67451 -0.78265 -1.5222 0.98489 -0.93759 0.40553 -0.34271 -1.2389 0.80727 -0.12984 -0.39167 -0.21109 
raspberry -0.14272 0.010137 0.60095 0.2414 -1.6719 1.0825 -0.93555 -0.17208 -1.7441 -0.72075 0.093588 -0.89194 0.16909 0.0070821 -2.0372 -0.39805 -0.92086 -0.38517 0.38893 0.39517 -0.50729 -0.74788 0.54387 -0.93733 0.085844 1.6929 -0.17902 2.6351 1.3303 -0.46896 -0.77586 1.0716 -0.63418 0.86979 1.2337 -1.1376 1.8145 1.7176 1.0712 1.1974 -0.14379 -0.54231 -0.08845 0.027695 -0.45198 0.85184 -0.58277 -0.071038 -0.69124 0.89119 0.7251 0.51002 -0.99454 0.050541 0.32586 1.3986 -1.541 0.19712 0.96202 0.18564 -0.81656 -1.4945 -0.095727 -0.14946 0.1813 2.4623 -1.0063 -0.32098 -0.47452 -0.86136 1.8309 0.4553 -1.8135 -1.6163 2.6557 -0.21877 -0.55148 0.93158 0.91125 -0.019797 -0.93694 0.16863 0.020528 2.3061 -0.93154 0.28459 1.6884 1.7679 0.65195 -2.5441 0.30404 -0.675 -1.3676 -1.1532 -0.07598 -0.33717 0.3447 0.0097077 -1.3439 0.048853 
almond -1.4773 -1.3325 -0.25716 -0.31884 -1.0313 1.6322 -0.93675 0.14067 -0.78664 -0.73879 -0.60806 -0.69451 -0.28105 2.1686 -0.83911 -1.7969 -0.062216 1.6488 0.50287 -1.3819 0.82741 -1.4093 -1.5381 -0.34622 1.88 0.98142 0.43443 0.53696 -0.16535 0.45071 -1.0755 1.1223 -0.19586 1.9933 0.70019 0.86045 0.34091 0.72342 0.14968 0.68626 -1.0916 -1.2251 -0.18368 -1.0475 1.0148 0.14218 -1.1694 -0.48965 -1.2329 -0.028904 1.1911 0.91441 -1.637 -0.95005 0.51297 0.73589 -0.82719 0.44911 0.46689 0.21751 -1.1038 -1.7538 -0.08362 -0.050205 0.045454 2.898 -0.31342 -0.64973 0.54471 -0.50692 1.1386 0.53793 -2.5377 -2.1455 1.3841 0.54833 -0.33798 2.4403 -2.6257e-05 -0.26859 -0.12396 0.86617 0.9222 3.4355 -1.0491 -0.22557 0.1808 1.3548 -0.61424 -1.8047 -0.28239 1.1887 -0.45654 -0.64407 -0.59577 -0.40996 0.67743 -0.99516 -2.0331 -0.1094 
violet 0.47665 -0.22842 0.41344 -0.58882 0.17712 0.89662 0.073689 -0.40719 -0.0093977 0.76651 0.53234 0.81842 -1.1867 1.0716 -2.4497 -1.3112 -1.1929 -0.27986 0.43428 1.1611 0.025589 -1.0842 0.12587 0.49657 -0.88868 1.1686 -0.013096 2.3698 1.6035 0.64377 -2.738 0.42705 -1.4879 1.2124 0.92066 -0.49509 -0.2109 1.7403 0.86731 1.5062 1.0729 -0.042664 -0.6285 -0.13412 -0.14366 -0.33109 -1.4358 -0.038516 -1.1161 -0.17261 0.43312 -0.66777 -0.78563 -0.45744 -1.3918 2.2375 0.3477 -0.6692 1.9325 -0.72477 -0.74096 -1.6919 0.14724 0.038893 0.29429 1.9249 -0.77551 -0.91194 -0.76058 -0.91991 1.6266 1.0956 -0.65913 -2.1499 1.1288 -0.077242 -1.5478 1.6425 0.63549 -0.2127 -1.5388 -0.37956 0.952 2.2527 -0.77942 -0.67116 1.3437 1.124 -0.10049 0.07176 1.0481 -0.54438 0.3223 -0.82002 -0.86216 -0.24572 -0.64619 -0.67073 -1.6344 -0.99538 
pineapple 0.13653 0.61137 1.1687 0.22223 -1.6809 0.44215 -1.0518 -0.012663 -0.84275 0.021786 0.78788 -0.18964 -0.13915 0.10661 -1.5769 -0.6046 -1.5827 -0.37731 0.4043 -0.44142 0.31367 -0.88224 -0.69203 -1.1229 0.89562 0.26366 -1.4341 0.80839 0.70001 0.8986 -1.212 0.77287 -1.173 -0.10978 0.55596 0.71129 1.3721 0.5603 0.080194 1.1724 -0.4882 -0.7816 0.14224 -0.52739 -0.20253 0.94056 -0.72257 0.22289 -0.48732 -0.097194 0.68493 2.3093 0.0046288 -0.18254 0.37881 0.72133 0.19988 -0.05036 1.0059 -0.8058 -0.80018 -0.81887 -0.16463 -0.73523 -0.86721 1.855 -0.085966 -0.86365 0.40278 0.063784 1.0994 -1.3192 -1.1488 -1.8488 1.4945 0.58914 -0.9112 0.73838 0.41832 0.82981 -0.43061 -0.7515 1.2661 1.786 -1.78 0.74029 0.52981 0.93338 -1.042 0.2875 -0.59117 0.069071 -1.6431 -0.31934 -0.13442 -2.1972 1.0138 0.25391 -1.1069 0.5027 
detergent 0.8787 -1.0702 -0.10395 -0.58995 -0.0083237 0.24193 -0.094658 1.3598 -1.0764 -0.78168 0.86899 1.7113 -0.26075 -0.83797 0.50695 -1.5956 0.307 -0.64872 -0.46447 0.63885 -1.033 -0.63625 1.6911 -0.69253 1.7264 -0.096058 -0.042332 -0.18971 -0.048912 1.8702 0.84002 -1.2361 0.58933 1.1874 -0.50447 0.3813 0.21645 -0.00038617 -2.6239 0.43826 0.59901 1.0587 -0.22598 -0.80697 -0.57833 0.85637 -0.51178 -0.95377 0.031075 -0.31555 -0.81062 0.67366 -0.44127 -1.2157 -1.0726 -0.95989 0.39775 1.1902 0.53247 -0.55941 1.4581 -0.070107 0.87089 1.6081 1.7623 0.63404 1.2531 -0.9123 0.36544 1.27 0.41731 0.15312 0.17969 -0.74843 0.79589 0.49089 0.31499 2.3557 -1.9576 -0.14862 -0.6284 -0.43473 1.1272 1.275 1.0831 0.89527 -0.29902 1.9321 -0.81148 -0.73736 0.096848 -0.11955 -0.9127 1.5691 0.3714 -1.7009 -0.4049 0.22508 0.10044 0.14423 
disinfectant 0.71786 0.43769 -0.9282 0.35948 0.14756 0.75292 0.15316 -0.20999 -0.58154 -0.90411 1.0881 0.071115 0.40695 -0.11154 0.40309 -0.0081112 0.51282 -0.59727 -0.98903 0.91134 -1.2887 -0.58959 1.247 -1.1137 0.39423 -0.54683 0.23325 -0.61248 -0.66755 1.9861 0.26303 -0.19963 -0.74103 0.4867 -0.118 0.1448 -0.96019 -0.81171 -1.8638 0.78059 0.09348 1.489 0.20682 -0.89404 -0.16569 1.0606 -0.23919 -1.2552 0.46045 0.75744 -0.9298 2.3786 0.13966 1.1302 -1.3752 -0.74205 0.39088 0.91579 0.52299 -1.3057 0.12768 0.32518 2.4895 0.78687 0.7766 0.14972 0.15123 -1.3162 0.20051 1.3214 0.21813 -1.5225 -0.28424 -0.036604 0.15851 0.78369 0.66035 1.0092 -0.79349 1.0117 -1.1845 -0.21264 -0.04663 1.2852 1.0959 0.20322 -1.1835 0.98523 -0.85624 -0.087397 -0.40339 -0.073045 -0.48069 1.0584 0.97791 -1.7527 -0.31559 -0.14457 -0.46175 -0.3249 
potato -0.80936 -0.17418 0.84917 -0.97482 -1.2953 1.5251 -2.0997 -0.61428 -1.3796 0.26947 -0.53658 -0.62628 0.37034 0.59347 0.45624 0.40023 -0.90856 2.0917 -0.82024 0.82184 -0.8855 -0.55285 -0.07753 0.52059 0.68114 -0.09764 -0.84916 -1.0464 -0.98409 1.5178 -0.43226 -0.079728 0.56277 0.40254 0.68804 0.52864 1.948 0.059698 0.33498 1.0785 -1.2165 -1.4194 0.90697 0.071694 -0.17566 -0.19557 -0.73955 -0.99063 1.1837 1.5701 2.6555 2.0966 -1.087 0.20709 1.1434 0.11981 0.10157 0.99193 -0.03723 -0.27802 -1.2081 -0.47631 -1.0604 -0.44352 0.20482 0.023127 -0.3114 0.29033 3.1348 -1.5932 0.66332 -0.75265 -1.8826 -2.1745 0.85085 0.3533 0.41216 0.62427 1.2896 -0.26755 0.76229 -1.6184 -0.2296 3.0334 1.7714 1.0402 1.1332 0.082349 -1.0567 -1.5916 -2.5334 1.9698 -0.85123 0.14018 0.63932 -0.12043 0.62213 0.72819 0.47824 2.1792 
bark -1.1974 0.033561 -0.093004 -0.31666 -1.3222 -1.1273 -0.89709 0.25831 -1.0319 -0.55416 -0.17558 -0.066046 -0.83569 3.2337 -1.4309 0.40935 -1.4105 0.46605 2.3481 2.2047 -0.81598 1.2353 -1.2194 -2.3972 1.2987 0.67121 -1.11 -0.69637 0.8795 0.88814 -0.56884 0.68306 -0.97003 -0.59272 1.724 0.26839 -1.0969 0.058771 -1.2159 0.90089 -0.60797 -3.2489 0.13931 1.6574 1.0069 -1.7467 0.83497 -0.40756 2.0942 -1.4283 1.2914 1.3443 0.24022 0.20889 -0.83496 3.0828 0.93918 -0.51097 1.6723 0.83603 -0.0049019 -1.0218 -0.020304 -0.19389 0.71289 -0.55104 -0.67542 -0.9098 0.14843 -0.70291 -0.40956 -0.29731 -3.1489 -2.3788 -0.14079 -1.7726 -1.376 -1.2985 -0.88843 1.6732 -3.0861 -0.73988 -0.3815 0.63168 -1.1398 -0.89033 1.5966 0.74222 0.78964 -0.81811 1.4745 0.95148 -2.5356 0.54604 0.50586 -1.9053 -1.0476 0.6397 -1.185 -1.1536 
cork 0.19982 -0.35427 1.5928 -1.3097 1.0826 -2.4529 -1.1874 0.22725 1.47 0.64469 -2.1678 -0.13261 -1.2029 2.7181 -1.237 0.07683 1.8252 -1.4563 0.35561 2.3092 -2.4226 1.4895 1.4802 -0.33119 2.5814 -0.3269 -0.44796 2.6866 1.2826 0.69078 -0.18571 -0.84739 -1.0056 0.062335 1.025 -0.75344 -0.068033 0.019955 -0.92845 1.4432 -1.4279 0.38597 1.9467 -0.80937 -1.7526 0.51368 -0.23627 0.75568 0.25448 0.95699 1.4589 3.0119 0.2904 0.12358 0.91289 1.3913 1.5064 0.99365 0.045349 0.68119 -2.0109 0.57956 -0.60848 0.76575 0.28547 0.32684 -1.4242 0.72621 0.34318 0.080003 0.6924 -1.5644 -2.1075 -1.4165 -1.6618 0.10808 -1.0342 0.71775 3.0264 1.3374 -0.03664 -0.58219 -1.1287 -0.32465 0.71275 -0.73165 0.12745 -0.29724 0.68666 -0.32533 -2.7281 0.78198 -1.763 -0.35413 0.87027 -0.33414 -0.40912 0.13831 -0.0021958 0.029313 
hay -0.63703 -0.42571 -1.085 -0.9321 -2.974 0.74904 -2.0816 -2.0634 -1.0106 -1.9327 1.2424 -2.0711 -1.0392 0.52997 -1.174 0.54431 0.18607 0.068323 -0.48848 0.28424 -1.6094 2.2192 -0.3377 1.3372 1.4967 -0.90154 0.42723 -0.023575 -0.41272 1.6096 -0.36195 1.3729 -0.78756 0.96263 2.3846 0.89579 -1.7072 0.66603 -0.38964 2.7757 -1.3277 0.20108 0.9113 2.4289 0.69193 -2.0324 0.58503 -0.74379 1.9889 0.67911 1.2857 1.4114 -1.0446 -0.097678 0.12222 2.8392 2.6283 2.2638 1.3959 -1.4045 0.12842 0.15623 -1.6839 3.2583 1.5531 1.6767 -0.82613 1.0446 2.1442 -1.1828 -2.3045 -1.3287 -2.7142 -1.6807 0.18491 -0.61392 -0.65424 -0.094063 0.0068746 0.87967 -0.96046 -0.020266 0.91156 2.6769 -0.82662 -0.095877 -0.60262 1.6844 -3.0145 -1.36 3.1071 0.83473 -2.1742 2.2238 1.7231 -2.2899 -1.5882 -0.63498 -1.623 -1.0978 
blackberry -0.055207 0.015464 0.14902 1.1614 -1.3588 0.73686 -1.1335 -0.71773 -1.1338 -0.1 -0.5875 -0.78615 0.72771 0.41468 -2.5364 -0.76653 -1.0376 -0.086178 1.4897 0.90612 -0.96764 0.43855 0.81552 -0.6792 0.23593 1.799 -0.91336 2.1612 2.2666 -0.21291 -1.1316 -0.044398 -1.0716 1.1746 1.5209 -1.6252 1.3794 1.1967 1.7374 1.2588 0.84544 -0.29409 0.2867 0.36029 -0.36606 -0.00877 -1.1013 -1.1732 0.32475 1.1508 1.1444 -0.049677 -0.78188 -0.67431 0.21913 1.7471 -1.054 -0.26996 1.5023 -0.72561 -1.5076 -1.3656 -0.32907 0.89143 -0.074579 1.6506 0.013932 1.3992 -0.16736 -1.4433 1.4726 0.46712 -1.733 -1.5858 2.044 0.029389 -1.0736 0.4028 0.87009 -0.026784 -1.1358 0.33842 0.64625 2.0045 -1.2306 -0.48077 0.54989 1.0433 -0.00053809 -2.4016 1.0779 0.20109 -1.5841 -1.4257 -0.37562 -0.33581 0.14208 0.15918 -1.4675 0.23796 
tar -0.21164 0.23207 -1.2199 1.474 -0.21136 1.6538 0.87294 -0.85001 -1.5872 -0.16482 -1.8046 0.076105 0.15122 1.7939 0.48881 -0.35952 -0.030809 -0.70503 1.7959 4.7203 -3.1285 0.50437 1.4902 -1.9659 0.50257 2.0539 0.88254 -2.5612 0.10241 3.6929 -1.1758 -0.71489 -3.4222 1.2955 0.18854 -1.0894 -0.79034 3.6465 -1.1474 2.2863 -1.2239 0.30238 0.089434 1.5386 2.0445 2.6118 -1.1378 -0.72871 1.1485 1.3485 4.4408 0.91417 -2.3135 -0.24834 -2.1806 3.6053 1.4168 2.3316 -0.94326 3.4866 1.4924 -0.4238 -1.593 1.7154 2.3964 2.1806 2.586 2.2037 -1.3782 -1.0443 2.7161 -2.749 -3.5183 -2.8764 1.0527 -0.16971 -0.2466 0.36499 0.58566 -0.41919 -0.64585 1.4112 0.19773 2.5726 1.908 1.0616 1.3428 1.5668 -0.73502 0.8381 1.407 -1.0681 -0.70667 -0.91439 1.9086 -0.9197 1.8833 0.22758 1.4541 0.48453 
geranium 0.25175 -0.44962 -0.17744 -0.99688 0.4954 -0.8369 0.66471 1.2182 -1.2003 0.1334 1.7934 1.8199 -1.2675 0.18456 -1.9232 -0.0052106 -1.341 2.3976 0.55388 0.62737 0.55425 -1.1256 -0.15031 0.20445 -0.26854 1.2309 0.96615 0.29041 0.51136 -0.11857 -1.0738 -0.77715 0.48818 0.58952 -0.22989 1.0665 -0.72107 1.496 -0.55842 0.90635 0.18116 -0.28106 -0.28538 -1.278 -0.55109 0.30521 -0.035666 -0.98692 -1.2641 -1.2131 -0.32923 0.61221 0.10876 0.40548 -0.6385 0.57773 -1.5137 0.018072 0.56571 0.59757 0.46713 -1.6159 1.1052 -0.13758 0.6871 2.523 -0.70632 -0.036933 0.73245 -0.72098 1.2694 -0.46369 -1.1251 -1.8743 0.48657 0.87976 -0.82796 1.1029 0.87349 -1.0631 -1.209 0.054457 0.99479 4.1428 -0.33187 0.73164 0.55318 0.55452 -0.47826 0.38575 1.0511 0.7392 -0.92012 -0.49853 0.037136 -0.35656 0.7196 -0.65541 -1.1931 -0.89623 
rum 0.84074 -1.1693 0.59534 0.43635 1.6426 0.39177 0.88121 -1.0419 -0.75951 -0.70574 -1.1578 -1.1627 -0.51458 2.0134 -1.5435 0.12355 -1.0168 -0.76093 0.84518 2.0438 -1.3149 -1.4338 0.57052 -0.71604 1.8527 0.3095 -1.8225 0.67976 2.0104 0.74568 -0.11412 0.4654 -1.7739 1.0522 0.32833 -1.6987 1.9588 0.36094 0.93708 3.0999 -0.4731 -1.6741 1.3883 0.023086 0.40337 0.56084 -0.96401 0.15387 2.292 1.8892 1.6929 1.981 -2.0538 -3.1931 0.36846 3.6063 -2.0463 -0.32362 -0.32639 1.3055 0.12368 -1.4971 2.4617 -0.50525 0.28094 0.75091 -2.4749 1.3404 -0.73567 1.1287 2.391 -1.5634 -3.8681 -1.6763 3.0209 -1.0317 -1.504 0.86407 1.2289 -0.75892 -0.80454 -0.36997 -0.71168 3.3091 1.8157 -1.2918 2.385 2.2304 -1.4787 1.6092 -0.28745 0.41802 0.11202 -2.2518 -0.24862 -1.4819 -0.13748 -2.2645 0.57181 -0.84681 
cucumber 0.25396 0.30677 0.41171 -1.0381 -0.74116 0.36552 -0.25326 0.52262 -1.2212 -0.50966 1.5606 0.89336 0.22392 -0.050576 -0.93377 -0.51079 -0.19144 -0.30652 0.66559 0.14084 0.080508 -1.6686 0.63817 -0.37713 0.44731 0.16617 1.1283 0.53555 0.22485 0.683 -0.64724 -0.58954 0.88461 1.7152 0.085907 0.57468 1.2547 -0.48212 0.12089 1.2056 -1.2927 0.094334 0.44423 -0.39109 -0.88761 1.3903 -0.78997 -1.2906 -0.14722 0.35976 1.3738 1.105 0.24513 0.22522 1.4616 0.76923 -0.63164 0.82409 -0.14785 -0.92234 -0.59411 -0.54673 -0.70757 -0.48391 -0.39428 1.1039 -0.63202 0.12079 1.2888 -0.635 0.80045 -0.069955 -1.6766 -1.6828 1.4996 -0.57759 -0.77077 0.5116 0.67987 0.80056 -0.52137 -0.59113 0.44974 1.8293 -0.20686 1.4462 -0.19286 1.3789 -0.24317 -0.12255 -0.53318 -0.24976 -1.3351 0.059202 -0.32424 -2.1313 1.8445 0.39335 -0.85061 0.3095 
solvent 0.10762 -1.3158 -0.44921 -1.171 0.25452 0.98982 -1.6336 1.6177 -0.27835 -0.61586 -0.449 1.2059 -0.4164 0.39587 0.20588 0.30455 0.063732 0.065408 0.68361 2.292 -2.9389 -0.29238 3.1972 -0.8074 1.8176 0.76032 -0.37537 -1.1384 0.057655 0.95764 -0.73176 -1.4832 -0.41893 1.6318 -0.033107 -0.33098 -1.3343 2.0814 -2.1738 0.38134 0.33686 -0.038 0.85826 -1.4224 -0.80126 1.4836 -1.4723 0.0825 -0.29679 0.56035 -0.55556 1.8026 0.17585 -1.4097 -1.1117 -1.7016 0.5594 0.86109 1.4499 -0.96419 0.93725 -0.95986 2.0712 2.5048 1.1153 0.42243 0.59815 0.54296 -1.0208 0.28691 1.2069 -0.32156 -0.44266 -0.13247 -0.47536 -0.48955 -0.24958 2.3916 -1.6288 -0.49216 -0.046288 1.1605 1.0175 2.2902 2.4442 0.71026 -0.52264 0.9635 -1.1772 0.41038 -0.89814 0.26577 -0.49905 -0.59364 -0.081129 -1.4875 -1.3854 -0.65769 -0.49448 -0.0050946 
glue -0.55309 0.63297 0.0057406 -2.5816 -0.91192 -1.9858 0.87188 -0.26002 -0.36611 -0.38108 -0.2624 0.25186 -0.30001 1.5065 0.67497 -1.1366 0.22981 -0.17749 -1.4168 1.5873 -2.207 -1.3556 -1.3402 -1.3838 2.2499 1.0021 0.85208 -1.1502 0.53328 1.6299 -0.77591 -0.65422 -0.085996 2.5438 0.80036 -0.07959 -1.1258 -0.37345 -1.0852 1.8244 1.0838 -1.0603 1.2247 -0.4223 0.66662 -0.43368 -1.1557 -0.12577 0.86927 1.5515 -0.012336 0.10554 0.94816 -1.2489 -1.0952 0.95323 1.3275 1.1454 1.7125 0.17951 -0.36963 -0.42992 1.5901 0.66458 -0.087099 -1.0359 0.15328 1.3437 0.44561 1.2649 3.2518 -0.43588 -3.0382 0.32098 2.1387 -0.72553 0.80111 1.7404 0.20989 -1.9231 0.49943 0.93798 0.5458 0.24708 1.7309 1.2988 1.3872 -0.2712 -0.69761 -0.4993 0.27334 1.3564 -2.0617 0.2327 2.8214 -0.1886 0.62112 -0.80539 -0.69868 2.0098 
mustard -0.96709 0.16189 0.78836 -0.49697 -0.9482 1.3319 -0.51319 -0.44867 -1.2158 -0.23239 0.6065 -1.6738 0.28487 1.4313 0.33541 -0.45082 -0.27777 0.93433 0.13111 1.1788 -1.2 -0.9098 0.78951 0.20921 0.13922 0.85257 -0.39653 -0.97842 -0.16536 0.47931 -0.83434 0.60511 0.027059 1.5394 0.045374 0.48643 -0.26179 1.3098 -0.70124 0.67618 -0.48379 -0.84321 -0.8769 -0.66805 -0.13415 0.065078 -0.40631 0.27572 -0.2292 0.14789 1.848 0.040795 -0.40282 0.18762 -0.19176 0.51703 0.16419 1.2314 -0.47374 0.28937 0.25364 -0.96767 0.6648 0.17938 0.27193 0.97869 0.024766 0.1868 0.62177 -0.86192 0.47247 -0.80392 -1.9627 -2.1173 0.82082 0.48685 0.75068 0.031423 0.76404 -0.62916 -1.4061 -0.057482 0.026555 0.49211 1.7968 0.74249 0.86696 0.93809 -0.014311 -0.98873 -0.89939 1.1417 -0.094256 0.19393 0.29771 -1.158 -0.013575 -0.19753 0.91723 0.54941 
peanut -0.89818 -0.58576 0.8721 -1.0356 -1.5299 1.2333 -0.97651 -1.6088 -1.2932 -1.5366 -0.52908 -0.83432 0.37504 0.94946 0.48525 -0.52711 -0.84689 0.9267 -0.9025 -0.047068 -0.35375 -1.8316 -0.82139 -1.0695 0.2339 0.45135 -0.56297 -0.014172 -0.73473 1.4857 0.044639 0.65205 -0.56586 0.56328 -0.0035909 0.67577 -0.17938 -0.18667 0.64291 0.53022 -1.751 -1.4065 0.62229 -0.24804 1.1759 -0.89995 0.092783 0.8904 0.8668 0.11904 2.0735 1.7213 -0.30468 -0.80185 0.71023 0.69456 0.15619 0.59461 -0.21873 0.38745 -2.1489 -0.45281 -0.51557 -0.33515 -0.12821 0.84505 0.1855 -0.76127 0.97803 -1.304 -0.19188 -1.1123 -1.5006 -0.73185 0.69516 -0.53817 0.31798 0.42255 0.19638 0.32619 -0.58263 -0.61681 -0.94362 0.90086 1.5495 1.4104 0.35696 0.37931 -1.0591 -2.3546 -0.22887 1.6006 0.37916 -0.55937 0.84855 -1.9387 0.22962 -0.38331 0.40194 0.18026 
carrot -1.2353 0.86992 0.31999 0.64283 -2.0989 1.9437 -1.1417 -0.12612 -0.94363 0.34427 0.12022 -0.3684 -1.4314 0.45455 0.55408 -0.60684 -0.33505 1.6306 -0.54174 1.3544 -1.8794 -0.45052 -0.52546 0.22838 0.91045 0.26526 -0.24248 -0.66771 -0.49474 1.1655 -1.1684 0.71001 -0.49438 2.0268 0.11205 1.7826 -0.48066 1.0264 0.68605 0.44487 -0.84979 -0.79162 0.47833 0.19092 -0.56208 0.17914 0.026922 -0.83258 0.41507 -0.45578 1.1905 2.3399 -0.18964 0.22471 -0.23515 -0.80141 0.033114 -0.33583 0.18003 -0.10167 0.37161 -1.2749 -0.79429 -1.4371 1.5314 0.42938 0.13367 0.16431 1.2449 0.032889 0.15322 -0.15609 -2.0236 -1.3366 0.7996 1.1352 0.37141 -0.19251 1.1073 1.3136 -1.4256 -0.76367 0.49179 0.67897 0.38773 1.9325 -0.11339 1.2903 -0.25754 -0.78712 -1.0774 1.957 -1.3377 0.38876 1.632 -1.7887 0.35957 -0.37933 -0.6607 1.0454 
licorice 0.68706 -0.2439 -0.16937 -1.0437 -0.54798 1.4703 -1.3709 0.80221 -0.6231 0.087448 -0.65794 -0.98763 -0.046988 1.8347 -1.4294 -1.4582 -1.4741 0.21137 0.055858 1.3846 -1.2029 -0.47213 -0.30279 -0.1745 0.42694 0.76777 -0.37807 0.99841 0.69848 1.1924 -0.98345 0.28054 -1.0649 1.6156 0.30973 -0.24202 0.75232 1.0955 -0.35505 2.6314 -0.13747 -0.6478 -0.4178 -0.23268 0.58036 0.53597 -0.22176 -0.1959 0.36704 1.159 1.5644 0.21458 -1.948 0.12133 -0.11773 0.44032 0.15799 -0.22648 1.0975 0.0092327 -0.70583 -1.1937 0.14969 1.3162 0.46225 1.437 0.57899 0.56786 0.55723 -1.7329 2.0388 -0.86131 -1.8675 -2.0936 0.89418 0.29377 -1.2435 1.209 0.77371 -0.87736 -0.77668 0.45797 0.82354 2.263 0.051012 0.77688 0.11453 0.89887 -0.68946 -1.5627 0.61499 0.51038 -1.4628 0.16964 -0.21661 -1.341 0.25192 -0.14783 -0.81562 0.081053 
kerosene 0.87321 0.40374 0.055164 0.40527 0.51328 0.0043747 0.50063 0.078403 -0.83777 0.3925 0.73309 -0.39061 -0.76176 0.95066 0.075039 -0.11908 -0.11132 -0.079994 -0.16758 1.4546 -0.89453 0.086214 -0.025885 -0.073075 -0.44668 0.35171 0.89362 -0.91761 -1.2062 0.10684 -0.021812 0.22303 -1.1213 1.1841 0.17479 1.4214 -0.34285 0.94136 -1.2517 0.048973 0.15757 0.66415 1.5526 -0.14582 0.24473 -0.24188 -1.0184 0.1166 0.46389 0.69397 -0.32811 -0.3705 -1.578 -0.67892 -1.0851 0.25418 -0.36254 -0.061196 -0.010902 0.65511 0.68698 -0.13569 0.59445 0.22963 0.81629 1.1354 1.4339 0.41378 -0.8576 -0.049097 0.069497 -0.85031 -1.4593 -0.42603 -0.49095 -0.52426 0.70008 1.9722 -0.5872 -0.10385 -1.001 0.46468 0.15068 1.5325 0.12208 -0.92038 0.48365 1.1369 -0.89412 -0.77199 -0.21222 0.53045 -0.84767 0.39773 0.17129 -1.3262 -0.35421 -0.6237 0.29407 -0.12789 
ham -0.6882 -1.56 0.37432 -0.5305 -1.5154 -1.1559 0.80477 -2.7482 -1.2864 -1.5944 -0.15619 -1.0355 0.49643 1.4006 0.63096 -0.77837 1.0289 1.7454 -0.50016 0.31005 1.6599 2.5311 -1.0951 1.3887 0.40847 -0.35942 -1.614 -1.3965 -1.2289 2.5791 1.9811 -1.193 -2.5927 1.946 0.10036 -1.436 1.7287 0.68317 1.02 0.1223 -2.9034 0.083271 0.55541 -0.010803 0.76844 -1.3385 -3.3091 0.5251 2.2592 1.1047 0.62267 2.2347 -1.2217 -1.6235 0.46534 3.3934 0.32969 -0.16586 0.40643 0.7544 -0.094331 0.89936 0.46192 0.6807 -0.17199 -1.5797 -0.20317 2.0204 1.4886 -1.4136 -1.1992 -1.1919 0.1864 -2.95 1.288 0.5771 0.48325 -1.7262 1.4496 0.60951 2.1786 2.4363 -0.4612 3.5039 -0.035886 -0.39904 0.80512 -0.011189 0.28335 -0.18067 -0.079748 2.8719 -1.3076 -0.72322 -0.56503 2.3904 0.26127 1.3998 3.0311 1.1425 
rope 0.046922 -0.24578 1.4894 0.43878 -0.99934 -1.4954 0.96151 -1.2169 0.43923 1.4325 -2.1385 0.21121 -1.6483 1.152 -1.4016 -0.56232 -0.63361 0.33746 1.8726 1.2345 -1.7802 -0.081218 -0.71037 -0.22077 2.8873 -1.3141 -0.14758 -0.73691 1.28 1.1393 -1.5702 -0.047312 -1.6713 0.060472 -0.11358 0.90997 -2.2565 0.61544 -0.038698 0.66235 -1.0716 0.73292 -0.35428 2.4962 0.29659 -0.61495 0.32103 -0.21908 2.1941 -0.42862 -1.5175 0.92956 -0.1161 -0.40797 -2.6377 1.0816 1.8687 0.56839 0.026369 -0.27255 0.78807 0.56804 -0.38901 -0.26905 1.8867 -0.3328 0.96757 0.35655 0.92944 -0.87536 -1.5244 -0.67658 -2.5015 -0.44195 -0.31684 0.11664 -0.65654 -0.30342 0.48875 0.73707 -0.63799 -0.53515 0.017295 0.73072 0.28017 0.75413 1.7414 1.1069 -0.16244 0.29063 1.0154 0.83386 -0.87455 -0.9107 0.99887 0.82957 -0.53485 -1.5472 0.59102 -0.36441 
camphor -0.78412 0.24081 -0.96869 0.90532 -1.0837 0.46765 0.66045 0.086028 -1.517 0.30931 0.44211 0.26253 -0.22045 0.97749 -1.2428 -0.073982 -1.2055 0.75984 -0.41573 1.5061 -0.0087372 0.10732 -0.51903 0.020448 -0.061779 0.65613 -0.041154 -0.99533 -1.4836 0.35197 -0.86083 -0.078767 -1.1268 1.1187 -0.18783 -0.91396 -1.675 0.71175 -1.8835 1.3903 0.030886 0.37445 0.15824 -0.70404 -0.31765 -0.22247 -0.26774 -1.2376 0.44088 -1.1292 -0.17881 0.067927 -1.6257 -0.48252 -1.7959 0.65429 -0.27897 0.75416 -0.57693 -0.67584 -0.86966 -0.40192 0.57667 1.0659 0.59746 1.9186 -0.18197 0.16896 0.10365 0.94405 0.77898 0.45081 -1.5992 -0.28018 0.99952 -0.026927 -0.16482 1.2161 -0.20099 -1.3026 -0.73624 -0.14362 0.5407 2.2152 0.45698 0.14483 0.38034 1.8375 -1.0498 -0.0368 1.1026 0.90739 -1.6201 0.17489 0.46365 -0.71161 -1.2821 -0.31489 -1.1856 -0.28264 
raisin -0.024604 -1.1033 1.3437 -1.1334 -1.2776 1.2692 -1.2796 -1.0906 -1.0623 -1.2877 0.60619 -0.19108 0.27928 0.97871 -0.99313 0.064744 -1.2425 0.84414 1.2548 -0.4226 -0.071992 -0.15669 0.66218 0.25979 1.2642 0.33038 -1.8503 0.80922 1.291 1.2149 -2.2332 0.35649 -2.7707 0.69618 0.90942 -0.40615 1.2436 0.17839 0.93262 2.285 -0.60746 -0.021626 0.20192 -0.62498 0.76768 -0.27842 0.39207 -1.1785 1.3007 1.9377 1.5505 0.85789 -1.7792 -0.80144 0.28345 0.96054 -0.33472 0.3209 0.69911 0.299 -0.51305 -1.0605 0.72126 0.87087 0.42565 0.4069 0.070094 0.59599 0.09878 0.36647 1.1501 -0.27823 -1.0819 -1.7735 0.72314 -0.62815 -1.348 -0.064388 1.0094 0.87088 0.21111 0.895 -0.25892 2.5056 -1.6164 -0.97616 0.16116 0.20367 -0.2404 -0.52138 0.76602 0.58725 -0.4071 -0.40767 0.03199 0.016195 0.86791 0.23118 0.1042 -0.49507 
cardboard -0.049525 0.60996 0.1519 -0.37921 0.070711 1.1982 -0.11573 -1.3088 -0.68875 0.11902 -0.93262 -0.43703 -0.68247 0.54335 -0.70725 0.021934 -1.4095 0.098583 -0.73659 1.3915 -1.736 -0.1529 -0.05308 -1.6382 1.1359 0.19719 -0.31156 0.064344 1.0422 1.0776 -0.39862 0.09378 -1.4401 1.3454 1.1211 0.57291 -0.93037 -0.20191 0.44714 1.1775 -0.051701 -0.13486 1.2721 0.090628 -0.27452 -0.77987 0.60443 -0.47017 0.67245 0.8673 0.084083 0.7812 -0.038568 -0.60592 0.57948 0.84042 2.3956 0.69783 0.16411 -0.66009 -0.12719 0.043074 -0.76525 0.48516 0.26296 -1.2025 0.36997 0.069842 0.59805 0.57194 1.0028 -1.1615 -2.0111 0.58382 0.39142 -0.54562 0.99549 1.2509 -0.50577 0.36584 -1.5355 0.48812 -0.15916 -0.40721 0.59911 0.81418 0.72016 1.0592 -1.5487 -0.81622 -0.40886 -0.06509 -1.4025 0.25267 1.3339 -0.644 0.39657 -1.0108 -0.91449 1.2656 
syrup 1.0012 -0.46814 -0.53497 -1.3638 -0.98064 0.67672 0.15023 1.005 -1.6745 -1.7515 -0.63676 -0.052606 -0.11259 1.2229 0.029336 -1.0752 0.47597 1.8303 0.29496 0.45464 -0.88648 -1.4991 0.5655 -0.44077 1.0268 0.37222 -0.030199 0.32763 0.084821 1.5983 -1.631 0.027589 -0.075973 0.086699 0.070241 -1.085 0.71523 0.014419 -0.5836 1.4191 -0.020708 -0.75469 0.33366 -0.32256 -1.2725 -1.4221 -0.50252 -0.44055 -0.63416 2.0767 0.96827 3.11 -0.34152 -1.7433 0.30411 1.6676 0.35517 -0.25798 1.7084 1.397 0.17853 -1.0939 1.5544 0.081576 -0.49184 1.1842 -1.1086 -0.14869 0.76922 -0.8486 1.6513 -0.034895 -2.3859 -1.142 -0.33289 0.32109 0.2141 1.4141 0.57654 1.0897 -0.84201 -0.26585 -0.45229 1.9617 0.56327 0.53475 1.119 2.2248 -0.28674 -0.15105 0.099374 0.92637 0.36844 -0.67462 -0.58361 -1.7318 0.27349 0.46307 -0.14167 0.14758 
mothball 0.29393 0.25197 -0.62798 0.16831 0.23925 0.16803 0.22041 -1.2361 -0.53404 -0.33487 1.1428 0.80936 -0.60089 -0.64166 -0.95764 0.27671 -0.99553 -0.70274 -0.030213 1.7862 -0.7516 0.0070328 -0.54943 -0.070752 -0.17777 -0.11596 -0.14933 0.18981 -0.27709 1.832 -0.53247 0.23847 -0.074581 1.1401 0.71668 0.21466 -1.2945 -0.037741 -0.44976 0.47359 -1.1469 0.25561 0.79411 -0.10178 -0.23107 -0.17181 -0.78564 -0.58697 0.48334 -0.11953 -0.133 -0.18067 0.044933 -0.024397 -0.68169 0.51552 0.58029 0.55489 0.43458 0.22468 0.0066995 0.20542 -1.0799 1.2967 0.75369 -0.085597 -0.3232 0.24365 0.55116 0.14092 -0.43454 0.19911 -0.56552 -0.10868 0.75937 0.43754 0.72764 0.38832 0.27632 -0.28921 -0.43509 -1.3142 0.01412 0.61924 0.2851 -0.034039 0.62618 0.37842 -0.72499 -1.0665 0.22555 0.1053 -0.90151 0.11607 0.68371 -1.6479 -0.39187 -0.9232 0.36308 0.7344 
anise -0.64259 -0.70157 1.051 -0.13198 0.22246 1.0664 -0.97536 -0.47615 -1.7652 -1.67 0.064203 0.32538 -0.64337 0.91748 -1.0428 0.10775 -2.1871 0.82837 0.83065 1.4842 1.0113 0.60738 1.1404 -0.30309 1.2015 1.6503 -0.66927 1.2192 -1.2973 -0.34981 -1.2214 -0.56632 -0.80169 0.82037 -0.3844 0.31306 -0.15871 1.8065 0.34401 1.2092 -0.26996 -1.3819 0.56767 -1.5607 0.0081187 -1.5253 0.36948 -1.08 0.35562 0.19256 0.15811 1.8108 -0.80009 0.61369 -0.93412 0.079113 -0.53244 0.055737 1.8849 -1.1086 -0.99794 -1.707 0.58962 -0.26401 0.41879 1.1439 0.064276 0.99363 -0.26661 -0.012212 1.7343 0.25283 -1.1757 -2.1409 0.41266 1.0988 -1.9627 0.48463 0.28979 0.27914 -1.5101 -0.21884 0.92692 2.0998 0.19292 -0.12652 -1.6073 1.4763 -0.18025 -0.16542 -0.47009 1.2481 -0.037512 0.28156 0.63205 -1.0974 -0.32992 1.0369 -0.41469 -0.8753 
varnish 0.83574 0.31034 0.1779 -0.88828 -0.02272 1.1118 -0.49911 0.020538 -0.57304 0.16238 0.50974 0.045034 -0.16107 0.54811 -0.44681 -1.1193 -0.89658 0.089725 -0.74986 1.8749 -2.0001 -0.96114 0.11748 -1.9063 1.4922 0.63749 0.061008 -0.23205 -0.24651 1.9117 -0.29243 -0.89118 -0.13981 -0.089411 0.62192 0.61353 -0.057044 -0.82147 -0.65865 0.52843 0.40179 0.48426 -0.41255 -0.60366 -1.1396 -0.31787 -0.21363 -1.0307 -0.24759 1.5067 1.14 1.1794 -0.46801 -0.31308 0.10608 1.7893 0.21153 -0.026419 0.82042 -1.6213 1.7209 -0.43357 0.89343 0.19574 1.2661 0.40043 0.96766 -0.35499 -0.034226 -0.31367 0.78507 -0.69072 -1.6169 -1.7684 1.5232 0.49791 0.38054 1.2231 0.809 -2.0843 -0.29744 -0.39656 1.6564 0.074203 0.50179 1.3621 -0.072649 -0.23299 0.0070874 -0.79708 0.3842 -0.037429 0.14439 1.2943 1.429 -0.18944 0.29795 0.19451 0.27454 -0.050197 
walnut -1.2436 -0.36687 0.15116 -1.3436 -1.2232 1.6746 -1.3695 -0.7455 -1.3102 0.056727 -0.4044 -0.47245 0.27304 1.7271 -1.0533 -0.80812 -2.0562 0.34781 0.73657 -0.063846 -0.76066 -0.49234 -1.986 -0.161 0.9698 1.0653 0.52407 -0.74445 -0.29132 1.6037 -0.13255 0.15535 -1.0392 0.95465 0.6416 0.35399 -0.12554 0.18355 1.8193 1.2478 -1.2099 -0.45789 1.1578 1.0912 -0.49239 -0.0078101 0.23691 -0.14717 0.73461 1.3473 1.9739 2.0826 -1.6533 -0.71012 -0.37936 1.9138 0.89037 -0.71742 0.47657 -0.84458 -1.2744 -1.3914 -0.11508 -0.27483 -0.31161 1.6978 -0.051464 -1.0091 0.50525 -0.94612 0.45573 -0.77872 -1.8529 -1.2333 1.549 -0.40973 -0.54226 -0.37447 -0.097355 0.73777 -1.2714 -0.013557 0.93152 2.768 -0.052001 0.30022 0.44413 0.20508 -0.49147 -2.4595 -0.4343 0.18965 0.14219 0.33654 0.64452 -0.21252 0.53759 0.20283 0.10899 0.059979 
turpentine -0.16182 -0.50044 -0.15804 -0.94359 -0.60398 0.58552 -0.39963 -1.1994 0.17406 0.88554 0.98859 0.96013 0.42697 -0.26286 0.097252 0.53621 0.13385 -0.0063324 -0.47923 1.144 -0.76315 -0.5214 0.16968 -0.37427 0.059644 0.82796 0.085348 -0.008191 0.35847 0.68507 -0.72754 -0.068538 -1.4927 0.32215 0.37226 0.4047 -1.1737 0.29358 -0.41015 1.4263 0.45778 -0.41307 -0.029949 -1.2209 -0.49124 -1.0752 -0.4974 -0.24262 -0.31659 -0.066864 0.97246 0.60526 0.2026 -0.29919 -0.5056 0.63623 0.63573 0.010067 0.97034 -1.1429 0.86532 -1.3115 0.13691 0.46591 0.12019 0.64193 -0.36547 -0.58418 -0.22514 0.1602 0.77832 -0.71924 -1.5555 -0.5923 0.81277 -0.35952 0.43674 0.21563 -0.15425 -0.13494 -0.35204 -0.1101 0.85294 1.0476 0.26038 0.5627 0.3337 0.46931 -0.27549 -0.64316 -0.57932 0.045397 -1.3577 0.71792 -0.20116 -1.7823 -0.31501 -0.3093 -0.10134 0.32133 
birch -0.1857 -0.53216 -0.95995 0.46945 -1.6523 -0.39177 1.121 0.39111 -1.2063 -0.8135 1.4576 1.4491 -0.58904 1.156 -0.54281 0.31062 -1.0976 0.74118 1.2388 1.827 0.62405 0.63734 -0.72904 -0.65905 0.49811 1.4852 -0.63019 -1.3969 -0.014479 2.1403 -0.54713 -0.87752 -0.91256 0.38334 0.302 0.0064495 -2.0375 0.60944 0.88043 0.13242 0.59963 0.87575 1.7089 1.1136 -0.21662 -0.36778 0.60276 -0.35112 0.3514 0.44714 0.91885 -0.20772 -0.37207 -0.25907 -0.41099 2.0146 0.76369 -0.17085 0.55541 -0.90513 0.65241 -1.2089 0.65967 -0.7098 0.098674 1.0191 0.8382 0.19259 0.37188 0.58271 0.46744 -0.94673 -1.3757 -1.0051 0.034993 -0.78071 -0.076948 0.16712 -0.49985 1.378 -1.4149 -0.088888 0.46196 1.5718 -1.3701 0.12174 1.0418 1.5483 0.77612 -0.086452 0.38027 -0.017259 -1.3885 0.84319 1.1753 -0.82237 -0.24137 -0.6198 -0.58204 -0.0099344 
celery -0.58588 -1.3821 0.49182 -0.54241 -0.36897 -0.19935 -1.4499 0.38561 -0.37304 1.0835 0.35034 0.14815 -1.6976 0.96276 -0.00096006 -0.11898 -0.86428 0.32626 0.093853 1.3668 -1.218 -0.38835 0.38029 0.57581 0.093761 1.0495 -0.45619 -0.03349 1.234 0.311 -1.3411 -0.59449 0.58106 0.15341 0.25368 -0.093339 0.69697 -0.15495 1.4431 1.3164 -0.84386 -0.30053 0.05987 -0.59594 -0.23456 -0.64295 -0.51593 -0.6097 -0.18274 0.30285 1.1101 0.99041 -0.71632 0.0097349 0.66446 0.19356 0.67516 0.61545 0.55551 -0.017996 -0.93506 -1.3773 1.0419 -0.81211 -0.41082 0.56273 -0.41387 0.38263 0.99629 0.51116 0.75688 -0.52106 -2.2642 -1.4508 0.72819 1.0669 -0.41756 0.15404 0.089395 0.59658 -0.93899 0.10809 0.61333 1.637 1.5121 -0.10242 0.37449 1.1065 0.34212 -1.2596 -0.40955 0.52178 -0.57243 -0.98961 1.0152 -0.15365 -0.28248 0.47056 0.14158 1.0505 
creosote 0.96897 0.8662 -0.69359 -0.34114 0.28827 0.096458 0.28361 -0.62696 -0.48507 -0.12712 0.047949 -0.056261 -0.67206 1.1586 -0.80336 -0.010994 -0.98006 0.097016 0.9342 0.42971 -1.498 0.07911 -0.46763 -0.53417 0.54298 0.54911 0.29295 -0.5796 -0.14984 0.75472 -0.96334 -0.52642 -0.064019 0.67343 0.50221 0.38453 -0.94126 0.91091 -0.32108 0.38581 0.53412 -0.35748 1.1917 -0.40814 0.86091 0.32665 0.072766 -0.37088 0.48026 -0.14939 0.44945 0.85531 -0.44404 -0.51574 -0.35772 1.0228 0.96881 0.11414 -0.42927 -0.38751 0.39848 -0.53174 0.15817 0.55414 0.085199 0.63829 0.5825 0.38592 -0.049649 -0.56769 -0.2106 -0.28269 -1.5824 0.34631 -0.65307 -0.39466 0.049623 1.5576 -0.45362 0.45736 -0.46347 0.36727 -0.051836 1.275 -0.38052 0.081539 0.48664 0.59117 -0.13545 -0.078101 0.5599 0.35566 -0.6592 0.15784 0.14842 -0.75026 -0.48893 0.7186 -0.5416 -0.2819 
