96 100 
animal 7.4516 -0.16591 -4.6404 0.71652 2.579 -0.25034 4.6854 3.7705 0.22032 -2.0627 -0.40531 -1.1652 3.2271 -4.5998 -0.06296 2.0833 -4.5994 2.7212 2.3663 1.4915 5.3742 -8.225 2.345 2.2321 2.377 1.3463 -3.1919 0.18824 -1.9393 -0.16638 -1.5766 2.3681 3.1994 1.8323 -0.45796 -4.2304 2.368 -0.32853 -0.92437 -0.15061 1.0531 -0.41716 4.6786 -5.266 -0.1365 -1.2249 -1.1237 -1.7009 1.1692 -1.1324 2.5058 -1.3217 0.033439 5.5447 6.013 -0.21715 -2.8764 -5.6535 -0.64189 0.70662 3.9726 1.8912 2.9906 -10.614 -2.623 2.8522 -0.016514 -6.9187 1.3305 0.20407 2.9673 1.1629 1.935 5.3036 -0.42816 -0.9343 -1.5452 -3.4576 -3.592 1.9422 0.28477 1.5994 -0.7635 3.3791 2.7062 2.1746 0.53661 1.3736 -4.654 1.9322 -5.7032 0.29014 0.87827 -3.8026 1.8152 -1.3044 2.2987 0.5935 -1.1614 4.587 
apple 8.0829 0.79093 -2.2077 1.4167 0.54953 4.4112 6.9435 -0.013822 0.068311 1.8447 -1.0544 -2.5183 -1.3062 -5.0404 1.3927 3.3624 2.2595 -2.6154 1.5483 0.044724 -0.71901 0.30659 2.5577 2.3958 5.1434 -4.3676 -4.3722 -0.45013 5.6653 -3.6262 0.080237 -2.6338 3.6097 -0.052783 -6.5186 2.5201 -1.3953 -1.7344 0.04188 -0.85035 0.27364 5.5286 -4.1494 -4.3166 0.59508 -2.431 -2.3457 -3.5954 4.1217 -6.5216 -4.8877 -2.1815 1.7946 -0.76216 4.1525 -1.884 0.53233 -8.7417 -5.5535 -3.5905 2.3828 -4.2882 8.9479 -4.4021 -1.1499 -0.09767 1.6286 -1.2231 7.029 3.176 6.1193 0.92013 -2.9224 2.4241 -3.5173 -1.5406 -1.2729 1.7818 -4.5692 0.16904 -0.46254 -0.65846 -2.4981 -0.43258 4.8717 3.6918 0.95585 1.3848 0.66045 1.9842 0.13264 -1.4061 0.50833 2.0561 -0.89142 3.7347 0.63905 -0.9806 0.64482 -3.8477 
blood 2.0996 -4.1032 -0.98627 1.9457 2.5797 -0.83018 3.2379 8.0876 2.5727 2.3396 -1.1261 2.2554 2.0858 -5.415 1.5093 2.3685 -0.5193 1.9759 -1.334 1.9581 -3.1627 -7.4406 6.1388 2.187 -0.48834 -2.4681 -1.8295 -3.7406 -1.8945 1.5434 -1.2963 -0.78404 -1.3442 1.3195 2.2532 -2.3552 3.1772 -3.7258 -2.233 2.9721 -1.4863 -2.0904 1.6273 -4.5451 -1.8669 -2.893 -3.4908 6.7221 -2.0377 0.094838 -2.0079 -0.38693 0.12225 2.3089 2.4331 -2.9423 2.1908 1.5302 -2.281 3.393 -0.069938 3.3677 4.0927 -3.8681 -5.112 3.1085 1.0997 -4.0626 -2.0696 -2.5946 0.32318 2.3541 3.3938 3.1939 1.6782 -5.117 1.4277 -2.4702 1.4847 8.7433 -1.325 4.8283 -6.0976 2.6703 7.8972 -1.4924 -0.56642 0.11689 -7.3612 2.7455 0.6949 -1.5261 3.3145 -4.4794 1.6641 -0.57684 5.6225 4.6617 3.2009 2.097 
fish -1.6982 1.227 -4.5805 -0.2276 -2.156 0.78995 8.0208 9.9397 2.1645 2.025 -2.0516 -3.3468 1.8154 -3.3072 9.5315 -0.21186 -6.4675 -2.9765 -1.5884 3.9405 4.9908 -6.5353 1.3408 -0.04698 6.265 3.1755 -3.0824 -2.0619 4.7165 0.38829 2.3227 -0.37494 3.2946 3.4133 -6.0922 -4.8463 1.6709 -2.5072 -6.3911 -1.4288 -5.88 1.3902 1.0658 -2.7193 -3.2143 -7.1186 -3.5251 0.45966 0.92234 -2.1608 1.0228 -8.3786 -1.4671 1.6625 8.5477 -3.4395 -5.8932 -2.3681 -3.3113 4.6519 0.30576 1.8556 3.5265 -8.2893 -2.9698 2.4564 -6.5391 -4.4697 -1.9572 1.9776 3.6059 -0.21877 0.95951 0.91086 -0.13268 -2.9168 -1.7412 -5.4877 -7.8301 -2.8988 -2.4661 2.8963 0.10386 0.11908 3.2074 1.2335 -0.60392 3.7459 -8.1567 2.9457 -4.119 -2.3914 -2.6014 -8.0129 4.2758 -2.5373 3.3684 3.2143 -1.6634 2.1898 
wine -3.2618 2.7158 -0.60002 1.2808 -7.3398 4.8781 -3.304 9.1607 -1.6999 0.43159 7.2688 -0.97243 5.2738 -5.5755 6.033 1.2932 -0.51596 -7.1098 -1.4368 4.4271 3.9193 -5.5227 7.7548 -0.13863 4.7345 3.3037 -4.8939 6.8496 3.7727 4.0029 -0.66939 3.1064 5.2496 -2.5897 -9.7873 -2.9458 1.0542 -7.8473 0.73758 3.0274 -2.3494 3.6568 -2.9066 -7.1074 -1.5179 -1.5724 -0.74915 -0.19602 2.2031 2.5043 -0.63623 -4.3006 8.2574 -0.10785 5.2707 -0.97452 1.1114 -9.2496 -4.653 1.6849 0.29962 -2.9915 4.8766 -5.6162 2.6688 0.47134 -1.1306 1.3156 5.315 2.5882 -1.4176 0.51855 -4.9339 -0.71017 0.030532 -6.4029 2.2098 -0.44925 -7.6477 4.3021 -4.0707 -2.4695 -4.4068 0.1257 4.3795 -3.0369 0.56713 -0.73237 -4.7265 6.3737 0.47829 5.8497 3.1201 -5.0523 3.2024 -5.9228 -4.2828 6.5862 -3.9666 2.8836 
paint 1.3436 -2.4427 -0.80035 1.1439 -1.0561 -0.33758 0.31471 9.4747 -4.1124 2.0994 -1.3963 0.095786 1.4945 -0.43225 6.6669 2.8151 0.99441 7.4828 2.8212 2.3722 0.84666 -4.1548 4.711 -0.75394 -1.9092 -8.1059 -2.6668 -4.2501 2.5921 -1.9126 -1.6764 2.6481 1.3547 -0.056772 -0.098771 -0.77589 -1.5335 -0.81315 -1.3325 0.64754 3.7958 1.0239 -2.9529 -0.82127 -2.8879 -1.7259 -4.8036 -0.63851 -0.92222 2.0921 -2.0969 -0.056747 0.36461 2.7826 4.4699 1.0779 -1.382 -3.0768 -2.0394 1.8982 0.74404 4.8786 2.473 -3.5626 -0.56759 -2.7214 2.2727 -3.1476 2.28 4.6439 1.9501 1.2202 -1.0681 1.2815 2.0644 -1.9083 6.7931 1.4285 -3.0709 2.6588 -2.7964 3.1434 -0.73512 0.79105 4.7758 0.17332 2.1015 0.7413 -2.121 0.42118 -5.9652 0.92469 0.50165 -2.7397 -1.8799 -2.775 -5.9302 2.901 2.1102 -1.2593 
coffee 1.6779 -0.21508 0.72243 -1.688 -1.1352 4.3995 2.8048 7.4765 -0.96216 2.9654 1.0101 -1.7197 -0.71264 -3.6942 3.0747 4.9874 1.7879 -1.7759 -2.6239 2.0483 0.82283 -2.5175 5.8731 -0.3397 -1.9039 0.66398 -4.9679 3.1502 5.1227 1.0663 0.03226 0.55691 3.2657 -0.26656 -3.8053 -1.6278 4.6781 -0.31478 -1.2318 -1.0854 -2.5012 3.0396 -3.85 -5.0695 -3.1513 -3.317 -2.7923 2.6789 1.1633 -1.2439 -1.8072 -0.69022 2.6583 0.094347 0.98449 -1.9629 0.74781 -5.2637 -3.4718 0.43673 1.6632 -2.3747 2.9551 -2.3539 -1.1087 0.75995 -3.26 1.4344 1.8122 -0.30837 -1.0664 -0.99998 -0.56848 -0.11218 -0.61263 -2.6538 1.5742 -0.87065 -1.5401 0.95667 -0.36187 -2.0543 -3.8287 -0.19742 2.983 0.4914 -2.8436 3.194 -2.4 4.7814 0.2793 3.4823 4.5193 -3.7247 2.613 -4.2082 -0.82924 2.9752 -4.2782 -0.12647 
beer -5.8624 -0.098998 5.9898 -2.095 -2.8129 2.1793 2.1337 6.5027 -2.0108 1.8894 2.9042 -2.0792 2.5182 -5.4097 6.599 2.0463 -2.4191 -2.4097 -0.60594 4.9252 0.19107 -5.1573 6.7448 -3.0958 3.6127 0.27591 -5.1096 3.4874 3.286 0.62468 -2.0645 2.4684 9.3065 -1.0147 -6.0942 0.37091 7.737 -0.9073 -5.1122 8.5147 -1.9988 0.37123 -4.1373 -2.7441 0.38207 -6.1057 -4.5631 -0.65629 3.247 0.76914 -1.9543 -0.38158 3.8903 -3.7284 2.6143 0.31395 1.4085 -6.1217 -6.9763 1.457 3.9314 -2.0399 8.2494 -5.4993 3.7579 0.89658 -4.2089 -1.2585 7.5117 -8.3352 0.052313 10.609 -4.3694 -0.37341 8.7592 -7.1404 4.5463 0.074543 -2.1359 -1.0457 0.91492 -1.1519 -23.283 1.0402 5.3374 -2.3729 -0.34454 5.4206 -4.6314 5.0359 -0.95894 7.0167 3.1369 -3.9785 8.2941 1.2166 -1.8457 3.3207 -5.0122 2.8133 
smoke -2.5716 0.80846 1.9799 -0.45034 -2.2148 2.2551 -1.4529 8.3728 -2.8741 2.8285 -1.6225 -3.1131 1.6583 -1.9567 0.63704 -1.036 3.4614 0.098022 2.376 2.8176 1.0437 -4.0725 6.8164 -5.1954 1.4415 -1.89 -0.44355 -1.4698 5.5772 0.63378 -0.72448 -1.7838 2.8026 -2.2512 -1.3059 0.50937 7.227 1.3935 -7.7377 -3.2115 1.321 0.85235 0.0072541 -1.6808 -4.4263 -2.3434 -0.21878 3.1233 -2.3697 -0.72709 0.9571 -4.0632 0.090319 2.1051 3.0368 0.29567 1.3178 3.4392 -6.4909 -0.83367 1.9133 1.449 2.8822 -6.5698 -0.98517 -1.9142 -1.7182 0.59845 0.59606 1.1428 1.1652 2.5303 -4.854 5.7792 2.7329 -2.3091 1.1668 -0.2564 0.81277 1.4264 -2.7239 4.827 -3.606 5.9657 6.8282 0.33615 -0.61484 -0.56129 -4.6426 6.7831 0.24574 0.79182 2.2713 -0.6459 3.7951 0.87866 1.1992 -0.60215 1.5101 -2.3518 
cork 0.31878 -1.2973 0.81859 4.251 -6.2159 5.9012 1.9325 0.89671 4.5269 3.2334 -5.5647 -1.2095 2.801 1.6063 6.2154 2.1694 -2.1871 -6.3519 -0.81928 -3.906 -8.7768 -2.2801 1.9991 -3.9254 2.7883 -2.8715 -5.5037 1.8829 5.2582 3.0993 1.1939 7.0548 -2.7896 5.8304 0.89686 2.0691 -0.36552 -5.2005 -0.96137 0.069523 3.1809 -4.5616 -3.2427 0.70258 -1.2997 0.17277 4.742 2.7476 -4.4864 -2.3658 -2.9784 -1.3821 0.16769 1.5755 4.7444 -1.5319 -1.1758 -6.2296 -4.2134 8.1888 2.3508 -0.97551 -0.19005 -6.0949 4.2023 5.645 -4.7552 -3.581 5.1068 0.30893 -2.3301 -1.975 -1.8599 2.1111 -0.37223 -2.0118 -2.0863 1.2571 -3.7757 1.3283 -1.5422 -2.0375 -4.6749 2.6252 -4.0953 8.0226 -2.21 -2.6236 1.692 0.61417 -0.50347 -3.3945 2.2007 -5.933 -2.0357 -5.6691 -7.2841 -1.5223 1.9091 1.4449 
egg 0.89514 0.85441 -7.3493 -5.3909 4.7547 2.6905 12.642 10.624 1.6275 3.3119 -2.9911 -2.1209 -7.8729 -6.8846 8.2161 -0.12042 -2.4914 2.3013 -1.911 3.713 0.35444 -3.8054 -1.5063 1.0339 7.1622 4.3789 -5.2379 0.1452 5.7453 5.8818 2.9954 8.0026 7.9615 2.9952 2.0461 -4.8871 4.4556 -5.0152 -3.9304 9.6084 -3.5591 5.0211 -3.1829 -4.8181 3.0366 -6.2863 -3.5418 0.14423 7.627 -4.1471 -4.5685 -5.6768 -5.7485 -6.3465 2.4855 -6.4337 0.17814 5.0721 -6.6429 3.2192 -2.084 -4.9759 3.3295 -7.9024 -0.18331 3.4498 -3.0995 -2.8985 -3.7699 -4.6188 -1.9417 7.536 4.2026 4.3351 -0.8527 -2.263 -1.5699 -9.0844 -8.3875 -1.6621 3.5341 3.6971 -3.8282 -0.52606 11.484 3.3494 -2.8798 5.0036 -7.9624 7.6073 -4.1267 3.9308 -5.9933 -6.1068 3.9906 8.5683 -1.6944 6.7494 -0.10099 5.9532 
tea 2.2953 -4.7 3.4305 -3.106 0.34638 4.6287 0.29154 15.007 -2.394 2.4282 1.7698 -1.1257 -5.4877 -6.6271 4.6628 6.4424 -3.7522 -4.7973 -4.8282 0.052712 4.8646 -2.5036 4.8368 -1.5696 -4.3019 -0.7745 -12.16 6.3329 8.1856 5.1492 -0.38171 4.5522 5.4232 -2.315 -5.3561 0.56763 6.3424 2.7954 0.49019 -2.8802 -5.0463 1.2302 -6.9848 -8.1296 -6.4225 -12.289 1.6609 2.7122 3.4479 1.0092 -5.5469 -0.76441 4.3892 3.8592 -4.9471 -2.6958 -0.033479 -8.7257 -1.7228 3.8115 -0.50629 -2.6196 -2.5931 -4.3136 0.45639 0.68395 -0.4465 1.9739 3.1899 -2.3135 -1.2228 -2.0208 3.3524 0.33488 1.7051 -7.647 1.9261 -1.9464 1.8118 2.9813 -2.3503 1.4228 -5.6183 4.479 11.799 0.58748 -5.4986 1.697 -5.1734 4.9649 -1.5255 8.1153 8.4024 -6.1707 10.143 -3.4269 -5.0287 2.5845 -6.718 1.8767 
rose -2.3867 0.25071 2.1676 1.4634 -0.30765 4.8276 4.1345 4.9261 -1.9669 -0.54803 -1.6499 -3.0167 3.6663 -5.0216 6.3031 -3.5218 -0.30342 -2.1534 0.097672 -2.1529 0.50066 -1.8367 0.59898 -0.69055 -0.36638 -2.2874 -2.0285 -4.5433 4.6869 3.5519 3.1498 -0.52952 0.3033 2.1954 1.9393 1.6919 -3.4135 -8.167 0.20035 -0.71477 5.217 -0.0079742 -0.87673 1.5105 -0.85077 -0.83853 0.78586 0.27951 -1.6477 0.59059 0.22103 0.19966 1.4769 1.2106 1.4951 -0.7751 3.9658 -2.8949 -4.4121 3.5628 -1.7061 0.98421 -0.15438 -2.7606 7.4521 -1.2711 2.0584 -1.3653 2.932 2.976 -2.3028 -0.69831 -1.9884 1.4346 2.2374 -6.0819 1.7638 0.71969 -3.9788 1.3328 1.6185 0.71484 -5.024 2.0719 8.0375 0.37275 3.3164 -3.256 1.557 4.8981 -4.0512 2.1416 4.3942 -3.3556 0.75543 -0.65774 -0.80594 3.087 -3.5451 4.4643 
orange 1.5268 1.0356 -0.90098 -0.47072 -1.1956 3.2077 -0.78195 5.4315 -0.012299 3.4988 -1.4209 1.1567 3.933 -1.7117 4.5402 0.2495 2.1054 2.4958 0.92304 -4.2566 0.049941 -1.4524 4.9187 1.496 2.6017 -2.4861 -2.477 -1.3399 2.8709 1.8609 3.1654 0.28651 0.87428 1.344 -2.0483 1.8428 -1.8017 -1.3604 -1.0979 -1.3459 1.6951 -0.9366 -2.0041 -1.6804 -1.8916 -3.3583 -2.4375 -0.55964 -0.02102 -1.2407 -0.73666 -0.62945 -0.49682 1.2575 2.7766 -1.2805 -3.2153 -2.4264 -2.2697 -1.4028 3.5119 0.68411 2.3309 -4.1169 0.17269 -1.1133 0.97421 -4.239 4.1904 0.93611 1.0483 1.3734 1.0512 0.96279 2.359 0.69248 1.8791 0.00057697 -2.1955 1.3001 0.68715 -1.565 -2.8809 1.9532 4.7811 1.4449 -0.90629 -0.0015567 -2.6277 2.8106 -0.18719 1.9937 3.4 -2.7023 -0.29256 -0.025338 -1.2871 2.225 -0.87907 1.4709 
vegetable 2.2691 -0.43632 -2.6734 -0.088144 -0.8679 4.5077 1.8143 6.4876 0.055482 1.2536 -3.0286 -2.0704 -0.26328 -4.9987 3.6196 0.7588 -1.6499 -0.94306 -0.34419 2.201 0.61564 -4.3574 4.4548 -0.64535 2.6015 0.4431 -1.6011 0.89598 3.5442 -0.75378 -1.6992 1.7709 4.786 0.050497 -4.3743 -2.4398 1.8455 1.2296 0.69488 0.43743 -2.0674 1.5263 -2.0263 -4.4721 -1.708 -4.8954 -3.294 -0.079017 -2.628 -0.47127 0.74146 -1.8223 2.4528 1.6013 1.9347 -1.136 -1.3762 -5.1395 -0.53934 -0.26768 -0.9804 -1.1157 -0.38769 -5.3631 -0.92217 0.30462 0.5476 -0.26804 2.5173 0.65052 2.5638 0.5522 4.5559 0.42445 1.2788 0.71367 -0.25579 -2.2005 -3.5754 0.21534 -3.9223 0.78366 -2.129 1.2327 3.4049 2.0139 -3.1368 3.1221 -2.0969 2.212 -2.1873 2.3837 0.51525 -3.0726 0.32341 0.96636 -0.093477 2.5493 -1.1959 2.1206 
mouse 5.7055 2.4365 1.5975 1.9984 5.1663 -2.9337 2.8055 5.2111 -0.80365 4.0748 -0.36642 -1.8236 0.79674 -3.6537 2.6786 4.4713 -1.826 7.1229 1.5238 -2.4851 1.3213 -8.8928 0.90868 -1.279 5.9501 -1.1277 -0.050355 -2.1553 -0.53384 -1.2113 0.63996 4.6291 5.3122 2.3495 -3.8662 0.44021 2.4924 -5.0445 1.2092 -1.8701 -0.54261 -1.9452 0.63262 -5.7082 1.7673 -2.7607 -5.0933 5.1879 2.0417 -0.17755 -1.196 -3.9927 -2.6373 4.7439 8.484 -4.3653 -1.9572 -5.2195 -4.4449 3.3083 5.4867 -2.3377 5.3635 -3.3609 -2.0411 5.3951 0.98626 -5.1048 1.3867 -1.5781 0.22701 0.41279 0.039281 4.74 0.92368 -1.6324 1.2505 0.149 -6.826 2.7979 -2.0671 6.685 -4.7386 4.7021 2.6524 1.4703 4.833 0.29435 -6.7506 5.4004 -3.2406 0.52229 5.1546 -0.2848 -4.7366 1.115 5.0389 -0.98341 -1.4532 -3.4714 
tobacco 0.63925 2.0152 -0.25575 -1.1621 -2.457 1.9254 0.25303 2.1432 -1.2411 -2.1862 -1.4415 -1.4753 0.45752 -3.6218 1.6029 -0.45816 -1.2995 -2.3605 0.69864 3.2101 0.58609 -4.9567 2.5624 -1.5055 -0.073053 3.413 -3.1081 -4.1975 0.93808 -0.74947 -1.4671 -2.1298 0.80639 0.88367 -2.2582 -1.2316 2.5605 1.2794 -0.38497 2.3426 1.4208 0.91543 -2.2546 0.18507 -3.7608 -1.9723 -2.772 1.6812 -0.52985 -0.18469 -1.4894 -2.0249 2.4371 1.2017 -0.81068 0.73138 -1.6317 -6.7899 0.11022 -2.7756 3.7867 1.9251 2.3093 -2.1598 -3.5853 -1.1674 -3.9686 -1.5044 4.5803 -1.472 2.6814 -0.15333 -4.206 5.2276 -1.0594 -3.6541 -3.348 -1.6681 0.31715 1.0724 -5.4182 -4.0643 -3.4172 2.7561 5.2737 0.07449 -4.009 -0.45408 -2.3804 1.5245 1.6554 -1.0388 2.0935 -1.5818 2.3951 0.030647 -0.32924 -1.4934 -2.8095 -1.2026 
grass -2.0457 1.0129 -3.2776 -0.95109 -0.92816 6.4794 0.70335 6.6501 -1.0794 0.73596 -1.3282 -2.7029 2.6035 -1.6696 4.8053 2.5975 -2.317 1.0773 2.1136 -3.3772 1.3247 -5.3865 3.8558 0.62662 4.1006 -1.2048 -4.6725 0.42099 4.5618 -0.37058 -0.19402 1.2836 3.6095 1.3074 0.19777 1.6464 2.2607 -8.4488 -1.9276 -0.88104 -0.19866 3.121 -0.4933 -2.7969 -3.1343 -4.6405 -1.7498 -2.6247 -4.7242 3.3104 -3.8981 0.34178 -0.066617 4.8058 3.335 -2.1655 -4.3745 -2.9955 -3.4381 1.5745 -0.94648 2.1786 0.1201 -8.0957 -2.4263 1.5937 -2.6157 2.1977 4.1664 0.98733 0.12264 0.41746 0.067219 1.6891 3.9601 -3.2701 4.2115 -4.0695 -4.6475 2.3905 0.45381 5.5057 -0.81468 4.129 5.8988 5.6584 -0.65944 -0.29988 -1.0687 -0.90256 -6.7341 0.58246 1.4955 -5.756 -0.44276 3.5339 2.3795 1.3044 0.58069 3.1995 
chocolate 1.2362 0.98524 0.55257 1.2307 -1.6784 1.4744 2.1794 5.9085 0.42192 2.6574 0.13048 -1.4436 -0.99166 -5.2546 2.9909 1.2915 -0.71232 -0.060802 0.77822 1.4543 0.79233 -1.6671 3.8841 0.96683 0.21819 -0.76111 -2.1124 2.0387 4.1366 -0.52016 0.087361 2.264 3.5603 0.0065525 -4.0958 -1.5156 0.42695 -0.080836 -0.017337 1.5944 0.50962 2.097 -3.7194 -3.1074 -1.205 -0.67339 -1.8717 0.5917 1.2749 -0.32404 -0.90105 -1.9163 0.70796 -0.039028 1.831 -0.71197 0.80726 -4.3523 -2.8027 -0.382 0.85366 -1.0074 2.7895 -1.9359 1.047 -0.36971 0.15451 -1.2993 -0.33397 1.1668 -0.97576 2.2371 -0.74448 3.1011 0.28341 -1.8108 1.1561 -1.9713 -3.0544 2.3946 -2.1447 -0.82971 -4.0171 -0.15518 5.4493 2.5531 -1.4551 0.73491 -3.1894 3.4093 0.92201 2.2639 2.1158 -2.5602 1.2211 -1.3669 -1.9335 3.7218 -2.4559 2.1751 
cheese -0.010027 1.7234 0.29225 -0.1181 -1.2295 3.7959 1.3982 6.7007 0.024594 2.759 -1.5126 -4.2093 -0.52031 -3.7482 7.6003 2.8309 -3.0936 -2.8226 1.0294 1.1812 0.54981 -2.9153 5.095 0.30301 2.5602 -1.8678 -1.397 2.0956 4.0111 0.34775 -0.42608 2.9672 4.7977 -3.1126 -8.1525 -2.5341 2.3387 -1.5926 -0.18908 2.9689 -1.2297 3.6894 -3.2605 -2.2565 -0.23254 -2.0464 -2.509 -0.48325 1.1728 0.82741 0.9755 -4.0585 -0.3269 0.82443 3.1926 -0.92583 0.50462 -1.8106 -4.0613 2.5157 -0.45863 -4.5813 2.0563 -2.8402 1.5099 2.0277 -1.3243 -0.63355 0.36451 1.1 -1.4004 3.5266 -1.0759 1.2184 -1.0746 -2.1337 1.8555 -1.4953 -3.4097 -0.43931 -0.72809 -0.73117 -2.5904 -2.3287 6.7819 3.3725 -1.5153 -0.48688 -2.2999 5.2726 0.052424 4.322 -0.40349 -2.3156 0.11566 0.078212 -1.6182 4.2107 0.33205 3.044 
bread -0.23218 -0.2998 0.11844 2.9027 -0.11845 4.0216 3.4717 8.3624 3.0503 1.0873 -1.4482 -1.2671 -0.96517 -6.1792 8.9027 4.5198 -2.2472 1.3898 -0.12141 3.1356 -0.87872 -3.8199 7.5416 0.0034323 0.73139 -4.1284 1.5155 1.794 5.8983 -0.96359 -3.9108 0.13065 4.8852 -0.92745 -3.1653 -3.5099 3.723 1.2546 -0.28469 3.6444 -1.2225 3.615 -5.0525 -3.4306 -2.2838 -1.9676 -0.6269 -0.37231 0.10738 -2.0911 -2.0284 -2.2362 2.0758 2.8245 1.4335 -0.51256 1.1252 -1.6079 -3.8249 1.9073 -0.2158 -4.552 1.4747 -3.3642 -0.15779 3.7075 -1.5043 -0.52033 1.2231 1.1021 -0.76092 3.9311 0.059902 2.3985 0.56725 -2.1246 1.0387 -4.6175 -3.8579 -0.4355 -0.19137 -0.73841 -2.8382 -0.27418 7.0526 4.5699 -3.8422 1.152 -2.2381 1.9219 1.8878 3.2014 0.51992 -3.766 0.30189 0.17266 -1.6547 5.0279 -2.0014 1.8116 
potato -0.25855 -0.69396 -2.3234 -0.90119 -1.2198 3.0853 3.6786 7.1335 -0.87726 2.5182 -2.6009 -3.1374 0.40257 -3.2062 5.199 2.287 -2.3937 -1.3455 0.9266 0.59442 0.7711 -2.7669 3.362 0.24819 3.4446 -0.43859 -0.026326 -1.2063 3.7134 -0.98042 0.44105 0.47446 2.9953 -1.04 -5.0725 -2.6263 1.2517 -1.59 -0.8676 1.9043 -2.8964 2.586 -3.6502 -2.2809 -0.67971 -4.1257 -1.8457 0.22538 0.005761 -1.1795 0.31938 -1.8894 1.3077 0.92496 2.3716 -1.6916 -3.5465 -2.9681 -0.27526 0.46076 -1.6334 -3.1605 -0.92286 -2.1819 0.71838 1.5868 -2.2014 -0.23553 1.1949 1.1951 0.44295 0.56331 1.346 -0.54039 2.1106 -0.07324 -1.3878 -1.2989 -3.4916 -1.1725 -1.9187 -0.038163 -1.8357 -0.13473 6.3769 3.9709 -2.3345 1.5975 -2.697 2.684 -1.5858 4.0465 0.14059 -3.4488 2.6668 2.3792 -0.061062 3.4794 1.1072 1.5404 
rope -2.434 -1.4888 2.1961 3.3913 5.1799 -0.67204 5.4569 3.2801 -1.9719 1.3532 -3.5302 -0.28775 -1.5405 0.42098 4.7486 -0.57439 -3.0262 0.59222 0.40564 -4.5753 -1.1858 -6.2096 4.1931 2.5211 2.9019 -0.59298 -2.6081 -0.73024 3.8694 0.39101 -4.8593 0.63299 3.7198 -2.882 1.8366 2.2604 1.1975 2.3745 -1.5017 -2.667 2.2691 4.0071 -3.473 3.0339 -4.8511 -4.6156 -0.12586 -1.9363 -0.46444 6.2176 -0.76692 -0.10052 -2.4245 3.8108 6.3747 -3.5123 1.1124 -0.1594 -2.5391 -0.59729 -2.4556 4.305 2.7055 -7.1522 -4.5814 0.86133 -2.633 1.7433 0.090776 1.3123 -0.0012984 -2.5596 3.8825 -1.2143 -1.05 -0.43737 4.7485 -1.1608 -5.3544 3.1497 0.1288 2.8642 -1.2704 3.7887 6.2365 3.5699 4.5094 -1.9841 -5.0179 -1.7879 -1.2888 -2.3891 0.53044 -7.3844 -1.204 -3.0241 1.0458 0.32187 -0.1158 -5.4135 
rubber -2.3334 -2.1531 3.1609 -2.171 0.29041 1.9477 3.1356 3.6321 -3.1824 2.9356 -5.2516 -0.17077 2.4782 1.4752 4.7289 1.9951 -1.5852 3.3037 2.6999 1.0318 -2.4436 -5.657 1.2319 1.4505 1.6782 -2.4001 -8.1529 -4.9911 3.5112 -1.1678 -0.36335 -2.5884 5.3182 -3.0912 -0.77317 -1.6171 1.8223 2.3862 -1.1915 3.5371 1.7743 1.6062 -4.9327 0.79565 -0.6412 -6.2166 -7.0949 -2.305 -2.2389 2.8635 -2.0666 -3.208 0.43807 -1.8791 0.58936 1.2721 0.31144 -0.73245 -2.0427 -1.7071 0.38855 1.4937 2.3789 -2.7986 0.95947 1.163 -2.4239 -2.1072 4.6168 -5.3656 1.77 5.5911 0.24439 2.2026 7.9483 -0.73636 0.78829 -0.19462 -3.0073 0.17294 -0.51352 0.41652 -10.15 6.0145 7.3075 -0.21228 0.89164 6.2274 -1.7184 -1.6618 -2.181 -0.19657 2.736 -0.45963 2.1456 -1.1242 1.3654 0.75502 4.3719 -0.57395 
leather 0.22872 -2.3068 2.6052 -0.89997 0.38595 4.438 -0.63761 4.3694 -0.2754 4.06 -1.0795 1.6492 3.587 -2.5843 4.5448 2.3419 -1.1202 5.124 3.194 -0.97033 -2.5069 -8.2731 2.4286 0.32302 2.3739 -4.0111 -2.4086 -2.0748 5.3697 -2.7424 -1.862 1.3155 4.2256 -4.5988 -1.4394 0.56939 -0.65346 1.6285 0.1608 1.2902 3.6596 3.6361 -3.0854 0.20814 0.62085 -3.9095 -1.8025 -2.4403 0.65032 1.8674 -0.68792 -2.9398 1.6452 1.3073 2.2207 -1.9626 0.56839 -4.5708 -2.0901 -0.58648 -0.65298 2.6598 5.2682 -6.333 2.8778 0.68372 3.0021 -2.327 5.1538 -5.1859 1.4639 4.7466 1.8336 0.7248 5.5349 1.5289 2.9077 0.14382 -5.3726 1.2903 -1.6096 0.57386 -9.3451 1.598 7.7899 1.5154 1.7897 1.1193 -2.9376 3.1679 -4.2034 2.8675 1.9014 -1.0977 0.93183 -3.3721 -0.67835 3.1446 0.36547 0.054841 
berry -2.9384 4.1155 1.1653 1.9952 -1.1215 6.0427 3.3497 2.7205 -2.3897 0.73704 -0.54823 -4.7775 2.0644 -5.748 4.915 -1.2896 -2.5901 -5.5386 -1.9297 -1.1561 0.15949 -4.252 1.6562 0.23388 -0.60494 -0.50785 -2.572 -3.1933 1.9289 -0.413 2.6411 -0.033259 1.4488 2.0678 -1.8648 -1.0565 0.86086 -6.3719 -1.0415 -1.2569 1.5698 3.3452 -2.6812 -1.2488 -0.97075 -1.7112 0.77182 -1.5499 0.018009 -1.6023 -0.95174 0.069207 1.6905 -0.21431 4.2975 -0.151 2.0815 -3.2349 -3.4384 -1.2783 1.2839 -1.4267 1.5051 -1.652 3.59 -0.24617 0.85299 -2.2603 2.1108 0.36488 -2.3719 0.81747 -1.0532 2.4062 3.8396 -5.1671 0.58417 -1.9646 -4.2006 -0.60391 0.39946 2.4952 -5.2352 1.4405 7.9714 3.3917 0.68231 -0.16993 1.0489 5.6656 -1.5161 4.6571 1.9694 -2.784 1.0977 0.25368 -2.0046 2.6655 -2.2462 5.6747 
honey -1.9824 3.375 -1.9652 -1.0596 -0.36445 4.4079 4.014 5.5096 -0.87301 2.4807 -2.1047 -5.0644 -0.020735 -7.7312 4.1851 -0.75027 -0.95796 -4.1144 -1.0938 -0.77158 2.8218 -4.827 2.8903 -0.24046 -0.10518 -2.5868 -3.3083 1.7677 3.0822 1.4948 -2.0118 -2.776 6.1781 -0.44219 0.65726 -0.24232 1.302 -3.039 1.574 1.3567 0.17498 4.1728 -1.1142 -4.7678 -0.62465 -3.3816 0.72764 -1.0198 3.2474 -1.7801 -1.0346 1.6084 0.32533 -0.94239 3.0453 -0.67171 0.57845 -3.7515 -3.2152 4.841 -1.8811 -1.5291 1.4988 -4.9115 0.14148 -1.1418 0.20058 -2.6862 1.541 -0.21521 -1.6588 0.50893 -0.97333 5.0792 -0.51164 -6.5425 2.9651 -2.9008 -3.2617 -0.083737 -1.2293 2.6094 -2.7716 1.7162 5.902 0.85679 0.48025 2.6642 -3.1482 4.207 0.53728 2.8846 2.475 0.044802 2.4628 0.38827 0.056445 2.0043 -2.9305 3.466 
soap 1.7307 -4.8779 -1.2702 -1.3396 -1.9839 0.036477 4.3558 8.8469 6.2462 0.94765 -1.2437 0.99276 2.1476 -5.5055 1.6292 -2.0806 6.2791 -0.96446 -4.7411 -0.30286 3.5546 -0.24487 3.7539 -0.73801 2.2907 -4.0776 -3.7557 -2.4426 6.0108 -0.27449 -7.8827 -0.49068 5.1533 -1.7517 4.3589 -2.396 2.3712 -0.51852 -2.4871 1.7046 -1.8704 1.0621 -7.0705 -3.9645 -5.6418 -3.0608 -3.7725 5.7005 5.0906 2.2533 2.8666 1.6532 1.9931 1.245 -2.5598 -7.371 2.6101 0.19031 -7.658 0.38094 -3.9026 -1.9285 6.1485 -3.6768 5.3563 -0.69311 5.255 -4.9532 0.14148 -1.6392 -2.4803 0.62654 -2.0233 5.1129 -2.7592 -6.5529 0.69744 2.3925 -5.7646 0.34536 -3.3084 2.5085 0.36765 -0.85792 4.7579 -0.1905 -3.3554 0.15578 -0.44511 3.0475 4.2459 3.9888 2.5627 -0.47053 2.4156 -3.4249 -0.56626 1.8759 1.298 1.1475 
onion 2.1157 -1.5053 -0.17806 0.096191 -1.5411 3.6387 3.7603 6.8849 0.7994 0.057026 -4.3874 -0.47947 0.55826 -4.4695 6.5659 -0.12173 -1.2439 0.38471 2.2074 0.60812 0.55942 -3.6476 6.4528 -0.59548 5.1191 -1.963 -0.64562 0.070102 3.0267 -0.40102 -0.50539 -2.3969 4.5805 2.124 -5.0786 -2.9123 -1.6146 1.1163 -1.9226 4.667 -3.4919 1.1383 -3.5422 -1.0778 -1.4144 -5.2462 -1.2604 2.0156 -1.6718 -2.0086 -1.9282 -3.311 2.1185 1.7234 3.1738 -0.086866 -0.056628 -4.749 0.28905 -0.51323 -0.55926 -4.8002 -2.5775 -2.6888 -0.47602 1.8234 1.4544 -0.31228 4.6711 3.7925 3.2058 0.58339 4.4141 -0.45485 5.07 -0.022673 2.208 -2.0685 -3.7746 -3.578 -3.2844 -0.62195 -2.3609 0.14798 7.6074 4.1537 -1.2341 3.8644 -2.569 0.52171 -0.9638 2.7445 0.88556 2.2439 1.6157 3.2338 0.86426 2.399 1.1044 3.9849 
weed 1.7662 4.8941 -3.7472 -2.9947 -0.91824 5.7516 6.0716 6.3068 -4.4013 0.36461 -2.9083 -1.9736 3.5274 -4.4348 4.4513 -0.21053 -1.27 -3.0772 -1.8256 -0.75324 5.087 -7.4563 5.2308 0.24024 3.2901 0.95877 -3.1478 -3.1579 5.3981 -1.497 -3.0471 1.6923 6.6109 3.9387 -0.45749 2.3788 4.5083 -2.4072 -0.57235 0.62939 -2.7974 4.4992 1.029 -5.6748 -4.5444 -4.2678 -1.6588 -0.351 -2.0363 -1.9058 -2.141 -0.73768 3.6547 5.7064 5.7384 -0.51876 -2.4247 -0.63684 -5.6227 1.6731 1.1109 2.6736 2.2686 -7.7257 -4.6288 0.27276 -1.9253 -0.54737 3.384 1.6444 2.3946 1.0032 -3.0037 4.1792 6.2068 -4.2539 -1.4226 -3.1552 -1.4002 0.93004 -4.2176 3.7618 -3.148 5.9189 7.5903 5.7093 -2.1194 0.33904 -1.7428 2.7996 -3.7606 -2.834 2.4195 -1.1145 3.5092 2.7564 2.055 -1.8074 -0.54455 -0.85085 
oak -3.2708 6.5201 1.5379 -4.7722 -2.3648 12.918 -3.1033 10.751 1.1386 -1.476 6.0637 -5.3479 -1.0092 5.225 1.6364 0.93059 0.89446 -1.0786 -2.7092 -2.6961 -1.5418 -0.049208 4.1324 -5.8472 4.595 0.93846 -6.5458 -1.8403 10.265 9.3483 8.811 1.8366 -5.1095 2.135 -0.8508 -0.58576 0.38962 -13.335 1.7859 1.9783 6.2911 -3.4659 -0.71634 6.2314 1.4436 -2.2436 -4.8667 -4.9905 -1.1291 6.65 -4.4528 -3.8776 0.018155 1.8924 -0.4881 1.1368 -4.8561 -3.0973 -4.7147 2.9361 3.4162 4.3572 -0.28964 -1.9856 6.1474 -5.4249 4.1088 1.6892 -2.6651 1.6609 -4.4218 4.9564 -2.381 -1.0344 3.4741 -6.2157 9.7341 -2.9618 -3.881 -1.3721 5.6503 5.0153 -1.265 7.4434 7.7352 4.676 1.436 1.0604 0.17726 2.5825 -2.759 2.9622 3.3007 -1.9439 6.3623 5.4268 -0.89361 1.0135 -0.5319 3.6475 
cherry -1.8422 2.3844 -0.17572 0.93384 -2.0695 3.7535 1.9253 4.3835 -1.6873 1.1938 -0.48102 -3.0156 1.265 -3.933 5.5545 -0.34352 -1.736 -2.406 -0.37624 -1.0367 -0.22108 -2.3593 2.2655 -0.11335 0.043784 -0.46005 -3.8418 -1.6 2.9455 2.6391 2.8775 -0.0079988 4.2064 1.6598 -2.0435 -0.46775 -0.17565 -4.2441 -0.75007 -0.57324 0.6095 3.6466 -2.4219 -0.12357 0.1066 -2.2043 -0.72648 -1.2212 0.40736 -2.0247 -0.81758 0.3156 2.3503 0.83477 2.3981 -0.89482 -0.63008 -2.5601 -1.6923 3.7618 0.2762 0.28943 2.0087 -1.2517 2.3952 -1.2496 0.30021 0.23465 1.0791 4.5224 -1.0496 -0.78677 -0.035515 0.51965 1.9936 -1.5573 0.04765 0.97682 -4.3842 -0.43049 0.3324 1.1357 -4.0932 1.5313 4.4732 2.9956 0.57697 -1.0139 -1.3343 2.9997 -1.0859 2.832 1.6139 -1.2996 0.33906 0.72696 -2.0223 0.51493 -1.4205 1.9353 
mint 3.8784 -0.77842 0.60589 -1.3641 -0.52254 2.398 1.1366 8.0229 -1.152 1.8513 -1.1902 -0.40072 -2.2679 -3.4716 2.9693 -1.4987 0.39682 2.6729 -1.233 -0.83556 0.7283 -3.64 7.44 0.090998 2.1495 -4.0089 -4.772 2.7455 1.7003 0.052379 -2.9979 -1.9119 -1.7529 1.1191 -5.9231 -0.13033 -3.9178 2.2686 4.6597 1.7658 -1.275 -1.154 -5.6217 -3.8786 1.8996 -4.0542 -0.0072923 -0.48581 1.0428 2.1741 -6.8571 -3.6445 3.2977 -3.6712 4.4994 -3.2553 -3.8688 -5.3961 0.15189 -1.8152 2.0477 -0.33896 2.2097 -0.21911 -7.3798 -4.4413 6.3581 -1.4573 2.5911 3.386 4.6384 0.64873 0.24939 3.74 -0.51076 -1.825 0.96637 -2.6438 -3.0115 -1.1545 -5.8532 0.78277 -0.6088 -3.3678 4.8871 1.746 1.1547 2.9624 -2.8938 1.925 -4.1208 2.2242 4.5307 -2.2423 1.0406 -3.1475 -2.6718 2.6335 -1.2278 -0.66157 
banana 0.80373 0.13747 -0.78456 0.36565 -1.2273 2.5021 1.9409 5.9572 -2.6548 0.95168 -3.265 -1.0158 -0.50309 -3.4319 3.4229 -0.81611 -2.5262 -0.074464 -1.0168 0.83398 1.444 0.099828 1.5892 0.97654 1.6628 1.0339 -2.0652 -0.42309 1.9574 0.35243 3.0494 0.21739 3.2854 -1.1868 -2.822 -1.409 -1.1767 0.479 -0.046806 -0.45719 0.079435 2.7802 -5.2643 -4.2266 -2.7346 -4.7144 -2.4986 0.22849 0.85471 -0.45052 0.88007 -1.6958 0.68973 2.4427 0.18116 -0.74392 -1.5058 -3.678 -1.6905 -0.8685 -1.0754 -1.0282 -0.35223 -2.0124 -0.55716 -0.28247 -0.406 -3.0085 0.96435 1.5174 -1.8535 -1.1149 1.045 0.17296 1.4679 -0.7294 0.24729 -1.4019 -2.4077 -1.3503 -2.3754 -0.45331 -3.5893 0.35744 6.2948 1.2259 -3.7151 2.0398 -3.785 -0.30592 0.1332 1.3449 1.7961 -4.5233 3.628 -1.0392 1.918 0.84459 -0.40804 1.1474 
mushroom 2.1326 1.8294 -0.39459 -0.5839 -0.01867 3.9921 0.7727 5.122 -1.6674 3.4905 -1.1826 -1.485 -0.08826 -3.5392 2.5433 0.020321 0.099555 0.40704 0.11785 0.3115 2.7923 -2.3382 3.9576 -1.0363 1.5328 -1.186 0.06254 0.51656 3.047 1.018 -1.403 1.565 2.4038 0.79672 -3.5874 -0.52366 1.8937 -0.00066611 -0.56238 0.045595 -1.5207 -0.038586 -0.97469 -2.0506 -0.78554 -4.52 -0.57824 0.92447 0.034041 -0.24947 0.1162 -1.7689 0.042358 1.5565 4.5663 -1.1615 0.077047 -4.3318 -3.2147 0.77568 -1.8766 -1.229 0.22796 -4.5079 -0.033595 -1.24 -0.39542 -0.8675 0.45927 -0.93594 0.63639 0.61401 -1.8967 0.4336 3.1345 0.72356 1.5241 -0.58969 -2.4366 1.0324 -1.4377 1.8407 -1.1991 1.1368 5.7893 3.3903 0.10189 1.9022 -3.4084 1.635 -2.4404 2.2255 1.5518 -3.8242 1.5187 1.6937 -0.13497 1.349 -0.25216 0.60274 
pine -2.763 4.734 1.085 0.87435 -0.28601 6.4801 2.1384 9.6526 0.33243 -0.10103 -1.2693 -2.9084 2.8209 -0.88123 1.9585 2.0233 -3.541 0.028405 -3.424 -4.5604 -1.1161 -4.0611 4.6391 -0.47227 4.4837 2.1389 -3.6872 -3.8029 4.6319 3.1044 4.406 -0.55111 1.9937 1.1382 -2.9844 3.5061 2.1648 -8.6524 -1.6591 -2.2143 0.61586 0.77743 0.26317 1.0839 -2.3294 -5.2171 -2.1905 -1.9829 -0.28415 2.1986 0.49851 -3.86 -0.20436 3.1554 3.4481 1.7103 -3.8622 -5.6882 -3.3267 1.0682 2.9777 6.5019 3.8278 -4.9766 1.9304 -1.675 2.2195 -1.4852 2.0973 4.4112 -0.65117 0.7099 -3.2303 3.2442 3.4846 -3.2919 6.3342 -1.7436 -6.1542 -0.055297 1.5288 2.2407 -0.66749 2.5481 9.0837 3.1181 2.5843 0.07476 -2.8092 4.1732 -3.535 0.82497 3.7103 -5.478 4.3777 1.9697 -0.28857 3.8882 -0.59728 3.4772 
grape -0.37959 2.5648 -2.4161 0.12172 -3.7161 2.7423 0.79055 8.2815 -4.682 2.2173 1.7006 0.064312 4.6401 -4.7603 2.8733 0.99505 0.78389 -1.5094 1.2287 1.908 2.8478 -3.2812 4.858 -0.07796 4.8039 0.8454 -1.4518 0.99896 -0.17014 1.9577 -0.35286 0.19555 5.8129 1.4374 -6.6674 -1.9324 0.37535 -7.4047 0.49285 0.56619 0.95497 0.5244 -1.2333 -7.8535 -1.6328 -3.9812 -3.0848 -0.56587 -0.35101 -0.56375 -1.493 -1.6225 3.8153 1.8651 5.056 1.18 -2.7569 -5.3769 -1.6869 -0.15724 -2.6591 0.77951 1.6158 -3.4218 1.5746 0.50353 -0.068394 -0.34647 5.0491 2.8155 0.55589 0.80259 0.5891 1.8293 2.1418 -3.3641 2.5054 -1.3229 -5.0689 1.1252 -2.4522 0.23174 -3.742 1.2867 9.5598 2.7688 -0.019226 -2.2564 -2.5199 4.0088 -0.53801 4.459 0.33971 -4.2978 1.2093 -0.49991 -2.8289 5.5494 0.54179 3.1592 
lemon -2.0034 2.8373 1.1542 1.0707 -0.53017 4.6472 4.0543 8.0203 -2.4796 2.5696 -1.4017 -0.36432 1.6852 -4.3466 4.5553 -1.2593 -0.68908 -0.17752 0.69754 -2.4995 0.63735 -2.3101 5.2067 -0.51974 1.8561 -1.5324 -1.8184 -2.1377 3.2692 1.4346 0.95003 -2.5044 3.3408 -1.3809 -1.6461 0.95117 -0.77413 -3.7475 0.0075269 -1.5686 -2.5269 1.0795 -4.4994 -3.0989 -2.1997 -5.6934 -0.96571 -1.6061 2.0155 -2.4309 -0.16326 0.065797 1.2755 1.0153 3.6313 -2.5189 1.9805 -3.415 -4.2883 -0.052789 3.0969 -1.917 -0.0022914 -0.091213 2.6729 0.80904 1.7407 -0.99602 0.56349 3.0242 -0.61911 0.75719 0.1069 4.253 2.9214 -5.0211 3.6602 -0.45099 -2.4429 -1.1636 -0.90375 0.64792 -4.8821 0.96807 7.9223 0.77666 -1.1255 1.8113 -0.50172 3.8915 -0.56289 3.0049 2.847 3.0445 4.2429 2.623 -1.7062 3.0416 -1.2127 4.0703 
coconut 1.1118 1.3353 -1.6607 -0.14063 -1.3648 2.641 2.0067 7.6798 -2.2637 1.401 -2.8346 0.30278 0.80713 -2.8043 3.0394 -0.80259 -3.0071 -0.76132 -0.40483 0.5832 1.4467 -1.6983 3.6018 0.59846 3.1485 0.48139 -3.743 0.28763 4.4051 0.60398 0.82422 -0.97408 3.0786 -0.41715 -0.86908 -0.14614 -0.33181 -1.0287 -0.71775 -1.3367 -1.3433 2.7081 -5.9481 -3.8582 -1.4436 -6.6085 -4.3607 0.31987 0.4518 0.22016 -0.61889 -2.1856 0.99121 0.27042 0.12725 -0.42071 -0.66642 -4.7364 -2.7123 0.75719 -0.032563 0.10284 -0.53862 -3.34 0.40435 -0.63123 -1.2457 -0.56934 0.87814 1.5892 0.96787 2.5892 1.1451 1.0847 0.58857 -0.6753 2.0346 -2.2948 -2.659 0.95523 -2.8574 -1.3678 -1.4847 0.61359 5.5013 1.9901 -3.4724 2.7298 -2.5744 -0.14829 -1.8917 2.0182 1.6503 -3.0371 3.0617 0.12984 1.8835 1.729 -1.0895 2.1327 
gasoline -0.89775 -1.4481 -0.68038 0.38147 -2.2292 3.1145 0.30063 1.8437 -1.2656 -1.3739 -2.7038 0.2094 1.9958 1.0862 0.31862 0.80704 1.7822 -0.65473 -1.6518 4.6868 -1.7425 -6.3117 5.1635 -1.6829 2.5243 -0.50283 -2.7087 0.36408 0.028953 -1.5237 -2.3906 -2.1727 1.4202 -1.0101 -0.8555 1.3197 3.3166 -1.4344 -1.8328 3.9984 -2.0992 0.83455 -2.8545 -0.22869 -4.7384 -2.0088 -4.1713 2.9983 0.4293 0.77127 -0.1835 -1.2054 2.2738 -0.050419 0.97813 1.2457 -0.31139 -3.9175 0.12051 -4.6202 2.7726 1.6074 1.6502 -3.6293 -1.5885 -0.24379 -2.0569 3.0194 4.5657 3.3562 1.7743 1.6992 2.6009 -0.78983 0.2562 0.36284 -0.070792 -0.78279 -0.69368 2.0291 -2.6297 1.1083 -1.8155 -0.68491 -0.5115 -0.81547 -0.97288 0.26868 -2.3581 3.8963 0.7517 -1.9673 2.1471 -0.1984 -0.96722 -0.75352 2.7311 4.125 1.3278 0.4117 
bakery 0.92037 -0.21621 2.6338 0.8908 -0.81621 5.0625 2.7097 1.2172 2.0427 0.29953 -2.2938 -1.2409 -0.028702 -4.1806 6.2182 1.6328 -3.464 -1.114 -3.5925 3.7792 -0.52855 -0.58289 5.5551 -2.5297 -0.1066 -3.0781 -1.8205 3.7195 5.3851 1.8063 -0.76127 3.5442 2.9681 -0.7301 -5.7154 -2.3267 2.2534 -1.463 -0.62567 2.611 4.7788 -0.55155 -1.5959 -3.4347 -1.297 -1.7817 -0.55543 0.67321 0.60906 1.4635 1.628 -0.76916 1.7802 2.4552 1.3875 1.6451 -0.015962 -3.47 -2.1303 -0.25197 0.64152 -4.4635 0.52632 -0.77557 1.4567 -0.30158 -1.6686 -0.72573 0.032598 4.6378 -2.2517 3.4202 -0.22875 0.96302 0.43766 -0.26066 3.0641 -0.35699 -3.7053 -0.83823 -0.78627 -0.317 -2.7089 -0.85349 4.3524 1.5403 -1.8868 2.7791 -0.59783 2.356 -0.77231 2.9151 1.84 -4.0685 2.3809 -0.87327 -2.9692 2.2281 -6.3512 1.6909 
glue 0.80827 -2.642 -1.4156 0.47568 4.9346 0.69342 1.3492 7.2386 1.0815 5.6752 -1.2614 -1.8748 -0.88314 -2.593 4.0913 2.889 1.9135 0.44041 0.34012 0.60788 -0.18595 -3.0126 3.6328 2.1582 2.8046 -4.4601 -1.9062 -4.6239 3.819 0.47352 -2.7364 -0.62345 3.8085 -2.2242 1.3496 -1.5385 -2.0288 1.7611 2.1819 0.66318 -0.58234 0.58821 -7.0229 -2.2614 -1.4002 0.0371 -3.9941 2.2735 -0.93291 0.62815 -0.58517 -1.9325 -1.6659 2.197 0.69575 -4.5956 1.4563 -0.40521 -5.3345 -0.52157 0.10687 1.8799 5.9416 -6.4134 -2.0341 -1.4387 -1.0683 -2.2965 0.06305 -1.171 -0.16219 0.36325 1.7633 1.4499 1.1924 -3.7797 2.4551 0.28632 -2.8586 0.89888 -0.98798 2.8674 -0.72027 4.6212 2.8397 3.1046 3.3518 3.6352 -4.1555 2.0185 -0.19495 3.8815 -1.0376 -1.0956 -2.9925 -2.8787 -0.62259 1.1782 2.1159 -6.3391 
garlic 0.39372 -0.33018 0.01862 -0.075424 -1.2049 5.5929 2.3715 7.1146 0.23372 1.794 -3.1494 -0.037669 1.4994 -3.9788 2.6091 -0.89958 -2.1272 -1.2372 2.2162 0.054694 2.5854 -2.4541 4.8926 -1.4863 2.4791 0.095734 -0.59807 -0.32642 1.1925 2.1128 0.38396 -0.4823 2.2363 -1.1126 -4.0814 -1.3997 -0.88576 -0.34937 -1.0382 1.3267 -2.5327 0.093485 -4.7057 -2.0659 -1.9492 -4.9097 -2.4892 0.97615 -0.4307 -0.87661 1.3256 -2.2357 -0.80739 1.6837 4.5189 -1.4548 0.37896 -2.3444 0.46957 2.5919 2.2973 -3.0171 -1.926 -1.7427 3.5606 0.89556 0.31065 -0.76971 2.2499 2.3953 1.7679 1.2982 1.559 2.3607 1.6693 -1.7683 1.4174 -0.34897 -3.0347 1.1887 -2.1382 0.56232 -1.7922 0.43693 6.5771 2.8278 -1.421 1.0617 -3.5517 3.1388 -1.7185 2.8355 1.2367 -2.8707 1.0974 2.6738 0.76682 3.0886 -0.089276 2.2899 
blackberry 0.57995 1.8633 0.95985 0.57072 -2.0514 2.8263 2.0036 -0.38676 -0.92824 0.41988 -0.43242 -1.1548 0.89358 -2.6589 0.7052 2.1094 1.3787 -0.66126 0.21347 -0.82943 -0.61135 -0.62233 1.1682 1.1945 0.9309 -2.218 -0.7911 -1.173 3.5003 0.29585 1.7315 -1.3256 0.84255 0.82987 -4.2716 2.632 -1.9104 -2.2482 0.14309 -0.22004 0.24486 1.3921 -1.9277 -0.8881 -0.44755 -1.3107 0.17522 -1.3541 1.873 -3.8055 -2.4016 -1.1376 1.66 -0.045695 4.074 1.0015 0.82556 -4.1669 -3.1475 -0.36863 1.2992 -0.45781 4.3485 -1.4451 -1.1637 -0.72018 1.0012 -1.0122 1.8744 1.2397 0.63307 0.24575 -0.8541 1.782 0.1446 -0.54829 0.11491 0.10788 -5.0711 -0.75857 -0.5848 0.45691 -2.7927 0.58993 4.086 1.9057 1.7868 0.39362 -0.15021 0.3892 -0.094864 -0.01353 2.0315 0.22759 -0.69155 0.61845 -0.50607 0.50952 0.16157 -2.272 
hay -5.2861 -0.18937 -0.39446 -1.0285 -1.8809 5.6705 6.79 4.7872 1.4002 -0.70469 -0.74484 -5.7277 2.8279 -0.76311 8.554 -1.368 -5.1674 -3.6134 -3.2493 -0.27239 0.31389 -4.5996 2.9537 -2.3626 -0.36103 0.93664 -5.6212 -1.4289 5.608 -1.9829 -2.2043 1.1485 5.1984 3.5926 2.5242 -1.2418 7.4001 -7.5213 -3.863 -5.1785 3.0018 5.0016 -0.87764 -0.75727 -2.1736 0.52666 3.7178 0.12268 -2.3974 2.3653 3.15 0.15567 3.2323 4.6918 2.5341 1.4035 0.064165 -1.0692 0.13125 3.3797 -1.2306 2.9626 -1.6691 -4.4003 -4.2396 -0.14736 -1.4611 -1.8029 6.5554 0.89182 -6.9013 -2.8489 -0.0086847 0.28609 3.3574 -6.2373 1.3689 3.2322 -0.90597 1.8501 1.5718 7.2503 -4.9879 6.8127 6.6825 2.8686 -0.29885 1.4768 1.1488 4.4677 -3.7472 2.602 0.75237 -5.736 4.3402 -0.85138 0.89229 1.8912 0.28463 10.871 
carrot -0.34289 2.4384 -0.98116 -0.077969 1.2524 2.3313 5.1822 5.7447 -1.626 -0.27262 -3.0064 -1.9923 -0.34773 -3.5913 6.2795 0.72061 0.29335 1.6378 1.6908 -0.54555 -0.37816 -3.3482 3.8686 0.42037 2.2006 -0.72325 -1.6347 -2.0785 4.8699 0.41911 1.2043 -0.50349 3.6332 -0.027735 -3.3005 -0.0037835 -0.13267 -0.33295 -0.27373 0.12346 -2.413 3.3949 -3.4618 -1.3521 -1.4089 -2.1425 -1.1824 -0.59647 -1.3561 -0.40404 -0.14378 -0.96681 -1.3523 1.2919 5.6329 -1.332 0.96548 -2.223 -3.4427 1.8342 0.98721 -0.47308 -0.028668 -2.6847 -0.1305 1.3833 0.058473 -1.2124 1.7123 2.1611 -2.0095 0.90792 1.9026 0.006814 2.1292 -0.59826 -0.9332 -0.97509 -2.5555 0.70713 -0.11627 1.2477 -2.9157 1.9371 4.8426 3.8364 -0.0040206 -0.90123 -2.4525 3.5488 -2.0942 2.0643 0.87744 -2.8228 0.75777 1.4711 -0.84759 1.7711 -0.18812 1.349 
strawberry -0.25451 1.4462 -1.0418 0.44851 -1.6881 3.5251 1.6095 4.4043 -1.374 1.3107 -0.64502 -2.3625 0.71608 -3.2434 3.4507 0.46731 -1.2753 -2.0191 -0.61359 0.06936 0.82844 -1.4903 2.7689 0.36394 1.5128 -0.81401 -1.9069 -0.061215 3.0758 1.6939 1.5053 0.038759 4.135 0.93571 -3.2937 -0.27193 0.43073 -2.926 -0.25756 0.68199 0.082243 1.6041 -2.4843 -2.0145 -1.0142 -1.0457 -0.72141 -0.11135 0.78883 -0.46881 -0.58676 -0.93853 0.2616 0.30733 2.823 -0.4814 -1.0164 -2.5218 -1.9175 0.27118 0.63623 -0.44449 1.278 -1.9684 0.32198 -0.79122 -0.067286 -0.87261 1.9824 1.68 -0.21514 0.49198 0.089346 1.8485 0.7047 -1.8708 0.1331 -0.43865 -2.6861 0.73007 -1.6524 0.39104 -3.319 2.1234 5.4077 2.2713 -0.50909 0.91388 -1.4696 3.5627 -0.62869 1.9195 1.7391 -2.662 0.60237 0.52964 -1.9664 3.4922 -0.67152 2.1383 
urine 1.4688 -1.5729 -3.3345 0.42531 0.13589 -1.8983 1.2177 9.4464 -1.4834 1.3959 -0.97112 0.54621 1.8315 -5.4015 0.32671 -2.6479 -0.78106 0.21811 -0.59131 2.3449 -1.1452 -9.8788 5.6171 -0.58207 -2.4774 -0.86128 -3.9276 0.90197 -2.1 -1.5814 -0.23602 3.2601 3.7051 0.43419 2.8096 -1.1724 1.3392 -3.957 -3.4826 0.63435 -2.1306 -0.42372 2.1114 -4.4448 -3.0223 -4.1378 -4.8971 3.7237 -2.3342 3.6642 -1.3267 -5.7046 3.4834 3.3709 3.7723 -4.7718 0.72762 -0.37833 -1.1459 1.4797 0.39469 1.7056 0.9134 -6.6239 -3.1395 1.7237 -1.6076 -4.0053 -1.0124 -2.7539 1.4085 -1.4441 1.1489 6.3053 1.0906 -2.2166 0.69509 -2.2311 0.13259 3.8871 -4.1084 2.7516 -2.6662 2.6987 4.1644 1.5516 0.56377 0.95885 -4.5393 6.0842 -2.3122 0.22137 4.4697 -1.3969 -0.50884 -0.71296 4.6979 2.5538 2.2128 0.85188 
bark -1.9349 4.5525 3.5658 -1.7588 0.31715 1.898 2.8417 4.5477 -4.5949 0.95146 -1.6068 -3.2547 0.38717 -0.028525 3.393 2.0339 -3.2995 1.9197 -0.74959 -0.76976 2.7186 -3.8288 6.7799 -0.27545 3.7746 -2.9014 -3.6624 0.28022 3.8746 2.5122 2.4826 -0.87924 2.6325 1.5026 0.36722 0.65941 2.3363 -5.6537 -5.6006 -2.0747 1.8044 3.775 0.62702 -0.71778 -3.1326 0.5235 -1.1758 -2.6566 -0.28337 2.8682 -1.007 -0.57793 -1.885 5.7871 4.7789 -1.3428 0.31842 -2.059 -5.2864 5.6054 3.1278 1.5279 0.1057 -3.9083 -1.4699 0.70674 -0.29114 0.080097 1.7984 4.5641 -4.9446 -1.0974 -3.2339 4.0081 4.9289 -2.4491 2.174 -1.2671 -4.5515 -1.252 1.354 4.4558 1.3821 6.7037 6.0352 3.9218 2.5979 2.0568 -5.1803 2.4661 -3.3694 1.0038 3.7871 -4.2868 -0.22782 0.14139 -0.3342 -1.5947 -0.66612 1.0625 
ham -8.2148 3.9785 3.3541 3.1385 2.9967 6.7829 3.0198 4.2311 2.8529 -2.032 -4.5603 -6.7627 -2.1644 -0.077528 14.379 -1.7659 -2.7656 -0.67478 0.2656 2.5092 -3.0821 -2.2202 3.4401 -0.6334 -0.51123 -0.4046 -0.94007 2.1934 9.0726 1.8204 -3.6124 -1.6627 3.2528 -0.41219 -4.1446 -5.3389 3.2698 -3.6316 -3.2289 1.5353 0.93572 3.4735 -3.9843 4.7749 -2.0287 2.4115 2.112 0.36059 0.042258 -1.8082 5.4564 -2.3306 -2.2406 7.6275 1.9123 -0.48637 3.6381 -1.1065 -0.56178 5.6126 4.5355 -4.604 -2.7274 2.856 -1.882 3.4136 -1.5417 -5.1971 -0.58055 1.8789 -8.1163 2.4381 -1.6846 0.79328 5.7241 -4.7883 1.6598 1.6898 -3.8891 -1.4708 3.1752 -0.53872 -4.2803 4.2115 7.8999 2.6373 -0.0024861 -2.1484 -2.0367 6.3883 0.64918 5.5988 -1.1178 -4.3456 1.8143 2.5692 -1.3682 -2.3615 -0.61339 7.4125 
cedar -2.336 1.7584 0.9037 -1.5972 -0.34386 5.0672 -1.1053 7.496 -0.71878 -1.9681 1.4812 -0.65188 -0.39 3.4179 -1.2646 -0.35411 -1.4923 0.20237 -2.3052 -4.6605 -2.0977 -1.3295 3.9248 -2.9226 0.88769 3.1766 -3.6413 -1.3544 4.748 4.8713 1.4882 1.3942 -1.2906 -0.1176 -2.616 0.36387 -0.92149 -6.7982 -0.57886 -0.14574 6.9078 -3.2744 0.47438 1.2419 -1.4186 -3.598 -1.7319 -3.0501 1.4409 3.0877 -0.50829 -2.9482 0.062488 3.3542 1.662 2.1733 -3.8424 -4.537 0.51228 -1.0225 4.0294 2.4506 3.6581 -2.6781 -1.3004 -1.3785 1.4816 -0.43248 -0.082507 3.9229 -0.27765 1.6961 2.0051 0.31719 1.0143 -1.2422 4.8916 0.73455 -1.0977 0.038013 2.297 0.74573 0.69327 0.016896 2.7833 0.25536 -0.046788 2.1035 3.2487 -0.2748 -0.7303 1.907 -0.42661 -1.8916 1.0368 3.8156 2.5004 2.0903 -1.0622 2.1423 
tar -6.3828 -3.2285 -1.2601 -6.5941 -5.4819 5.3363 -0.85081 4.958 0.039487 3.3931 -4.9045 0.3797 2.2407 0.70611 3.1199 -8.8117 -8.1628 5.2017 0.17099 1.9508 1.6881 -4.1065 -0.45395 -2.2838 1.8093 -4.057 -11.624 -5.5905 5.9418 -0.71527 -8.0061 -4.3562 1.4069 -2.6782 -1.3478 2.3166 -2.3861 -6.174 2.4644 -0.24022 4.6988 2.3608 -6.9233 4.9223 -9.4 -5.2149 -6.6345 -0.3992 0.067435 3.1849 -3.6366 -4.6261 -0.38035 5.5303 1.1255 -0.85463 -2.3998 0.80578 -3.004 -4.1115 -0.6511 7.9575 2.67 -5.655 -6.0491 -2.3058 2.5465 -1.3664 -1.9766 7.6697 1.2185 0.91081 -0.17633 4.2968 5.653 -5.7702 6.522 1.1215 -3.7758 1.0294 -0.41897 1.9997 -1.4178 -2.7366 7.7287 3.7682 4.7419 -3.8902 -8.3442 -1.4755 4.2991 -1.6444 -0.45648 0.54368 3.5412 1.0666 5.9492 2.4297 -0.419 1.1057 
peanut 1.3941 0.8048 -0.69844 -1.5589 -0.58078 1.8684 2.6635 6.1695 -0.23596 1.1961 -2.6434 -1.066 -0.8945 -3.6306 2.9447 -0.15434 -1.2485 1.1787 -0.65344 2.2117 1.1509 -3.4664 2.5543 0.15269 1.9374 -0.49922 -1.807 -0.66575 2.4417 -2.2474 -0.083092 -0.89499 3.7596 1.5431 -2.23 -2.055 2.1725 -0.5828 0.64332 0.93037 0.084618 2.9632 -2.6075 -3.5438 -1.3282 -2.507 -1.4669 -1.202 0.72535 -1.4074 -1.2375 -1.8181 0.22037 1.6881 0.65536 -1.8383 -2.0345 -2.9098 -2.6082 1.5901 1.9268 -3.0285 1.8385 -1.2214 -0.76103 1.3426 -1.4773 -1.4323 0.3777 -0.013699 -1.8019 2.3686 -0.0084237 2.1921 0.3682 -2.3155 -0.038164 -1.787 -1.1879 0.88719 -1.155 0.81529 -3.6111 1.4183 4.4257 1.7425 -1.8793 2.3454 -1.882 4.4044 0.97056 1.2998 -0.093552 -1.6486 2.9814 2.4474 0.65255 1.7033 0.30377 3.5879 
peach -1.3479 2.5754 -0.48058 1.5051 0.074537 3.4658 2.0672 6.7544 -2.0509 1.3901 -1.3329 1.1316 0.64526 -2.8016 5.9348 -1.1337 0.7764 1.325 0.28336 -1.1789 1.6708 -1.9065 3.2421 1.5089 2.7856 -2.1245 -1.708 1.8399 2.7384 1.2721 1.9942 0.87692 3.3268 0.035274 -2.6513 0.96479 -0.18866 -1.692 0.77713 -2.2161 -1.3666 -0.61856 -1.3357 -2.8958 -1.9564 -2.0774 2.0663 -3.6507 1.2751 -1.9525 -1.7571 -1.5575 -0.57774 3.8208 0.56674 0.51514 -2.3057 -5.0235 -2.0944 -0.67875 1.1709 0.10444 0.63458 -2.8254 1.5998 2.4575 1.4896 -1.3219 2.4427 2.5109 -0.43136 2.6709 1.3074 1.7461 1.5508 -3.6118 1.1417 -1.9541 -3.3687 0.91941 -0.25638 -0.17412 -3.7504 1.8247 5.5221 3.6595 -0.88535 1.7472 -3.0795 2.2143 0.074857 1.4845 1.8806 -2.929 1.3323 -0.77349 0.55737 3.2364 -2.5009 3.7308 
almond -3.101 3.1523 0.22806 -0.36961 -1.7162 5.0358 2.2386 4.786 -1.3137 0.31907 -0.039254 -3.5677 1.5223 -3.2063 3.6981 -0.14515 -0.68489 0.51322 0.2046 0.92859 -1.2859 -1.5423 4.2358 -1.5469 0.43867 -0.44801 -3.1506 0.63106 4.2998 -0.15355 1.0694 -2.4425 2.3469 3.4056 -2.0874 -0.15838 0.058746 -3.7224 0.030074 -1.2034 -0.91871 2.3172 -3.4508 -2.6968 0.36608 -2.1483 -1.2671 -1.1614 0.53706 -1.4882 -1.3811 -2.6532 0.75438 0.99004 2.6917 -0.30127 0.61465 -3.1198 -2.8367 -0.65494 -1.1344 -2.0495 -1.1666 -2.3131 2.0116 1.6737 -0.60373 -1.6758 1.8494 0.61243 -1.7265 2.3258 -0.80538 1.7384 1.9687 -3.1991 0.41217 -2.6765 -3.7164 0.65038 -1.4294 -0.30492 -4.1975 1.7657 5.8864 3.0496 -0.80661 1.3369 0.42797 3.2545 -1.9381 2.4488 1.0535 -2.9343 0.055395 1.2416 -0.75691 3.863 -0.12105 3.8696 
citrus 0.70024 1.6277 -2.628 -0.85628 -1.8501 5.3753 -1.7707 5.0638 -1.8356 1.5852 -0.59787 -0.43293 2.6125 -1.2915 -0.35074 -1.9573 0.62458 -3.1717 -2.2247 0.081675 0.8697 -2.6966 4.312 1.2156 4.5857 2.3805 -2.0974 -0.72159 1.136 2.282 3.3608 -1.6402 1.8753 1.2498 -4.8967 0.22768 -1.4232 -2.103 1.9575 0.2755 -0.91142 0.56721 -1.4198 -4.1414 -1.5296 -5.1014 -0.72388 -1.1991 0.98348 -1.3193 0.13649 -0.70941 1.0044 0.045898 0.29519 0.49691 -2.4085 -6.0109 0.36877 -1.6261 3.6737 -0.266 0.40033 -1.5224 1.5482 -0.52666 0.24711 -1.3476 2.98 2.6291 0.93084 0.45685 1.6726 1.9936 -0.26519 -1.7186 1.449 -1.6306 -1.1297 -0.10957 -2.8 -2.1533 -2.4422 1.6579 7.0179 1.1144 -2.8973 0.94934 -0.48436 2.8889 0.59781 2.1333 0.50679 -3.5427 0.44378 1.6266 -1.2555 1.4454 -0.19688 2.9229 
mustard -1.0016 0.52015 0.31058 -0.72823 -0.99923 3.4813 1.7573 5.1623 1.3946 2.2447 -3.136 -2.455 0.16842 -5.1471 4.3734 -0.64854 -0.7782 0.9953 1.1998 0.055138 2.0549 -4.8217 4.6082 -0.14989 1.1026 -3.011 -1.3031 -0.11582 1.1624 -1.8098 -2.5148 -0.70864 2.8412 -0.27773 -2.6276 -0.25629 -1.5387 -1.164 0.62409 3.5956 -1.1605 2.0919 -2.7312 0.12973 -1.4019 -3.8554 0.043485 -1.3791 -0.79394 -0.30118 -1.8099 -0.80304 0.52829 1.0606 3.1421 0.80113 -1.1647 -3.3442 -1.6962 0.42323 0.79413 -2.6064 -2.0651 -4.6463 0.32865 1.663 1.3162 -0.62346 1.953 1.3732 -0.1773 2.1234 2.0025 1.2542 0.80808 -2.1397 1.7855 -0.1706 -3.5135 1.5451 -0.64507 0.84811 -3.2835 1.1409 4.5934 1.7621 1.0021 -1.0403 -3.8064 3.5841 -1.8009 1.7481 0.6343 -1.8919 0.59117 1.7095 0.87239 0.78924 0.20629 3.4717 
cardboard 1.6833 -0.42937 0.44516 1.0229 2.0014 1.329 3.3865 3.6495 -1.9062 2.1073 -2.0535 -0.89123 -0.95411 -1.8097 6.1197 2.4458 1.438 3.5352 -0.31718 -1.15 -2.5636 -1.5262 2.7729 1.2775 0.47598 -2.5028 -4.2421 -1.9427 4.0129 -1.5558 0.018442 0.98327 1.4881 -0.035606 0.038824 -1.0826 1.1643 1.3719 -1.3423 -0.39962 1.2339 2.0407 -2.5627 1.0086 -3.0298 -0.066332 -2.689 0.021373 -1.0995 0.62169 -0.41864 -3.6341 1.2998 1.0312 3.859 -0.62896 -0.20604 -3.4764 -3.3351 0.056064 0.18855 0.69952 5.3668 -4.058 -1.6275 -1.645 -1.518 -1.2518 1.0189 -0.43301 -0.81608 1.1208 -0.75056 0.14425 -0.50735 1.3398 1.452 1.3931 0.58838 1.9023 -0.17378 1.3647 -0.10021 1.2486 1.975 1.3141 0.29224 0.89529 -2.1956 1.6764 -1.9204 1.3281 1.389 -1.1187 0.099952 -1.9581 -1.143 0.90502 0.62425 -3.5092 
vanilla -0.47947 1.621 1.5631 -0.88213 -2.611 2.5938 0.75615 4.7465 -1.3511 0.55816 0.2354 -1.0521 1.0093 -2.1288 1.4431 -0.80239 0.88996 -0.25426 -0.47359 -2.5429 -0.17616 -0.086848 4.0149 0.5349 1.0227 -0.35875 -1.478 1.1457 1.9216 0.91157 -0.084278 -1.6686 1.7616 -1.0173 -3.7404 0.77867 -0.90281 -1.2557 0.090714 -0.18587 -1.0063 2.2751 -4.736 -2.4243 -0.0058716 -2.316 -3.2764 -0.74853 1.8057 -2.0222 -1.3813 -0.71076 0.09722 1.0807 2.2329 0.32329 0.48133 -2.5436 -4.1011 -0.71973 0.47756 0.30226 0.15814 -0.60518 3.2688 -2.3591 -0.039251 -2.207 0.034202 1.0332 -1.4237 1.6782 -1.1828 1.1923 0.65724 0.14151 1.8156 -0.61589 -2.6618 -0.12503 0.50616 0.037132 -2.3962 -0.92697 3.9574 0.69013 -0.33311 0.69757 -1.4256 2.6829 -0.29024 1.5326 1.5861 -0.4956 2.5981 -1.2297 1.1592 3.9506 -1.7844 1.0011 
perfume 1.678 -0.61867 -0.0098845 0.28517 -4.1051 1.1373 -0.51717 5.0873 -2.6572 2.3666 0.1579 1.0201 0.67392 -5.5336 1.8855 -0.52574 1.9379 -0.187 0.40252 1.0426 0.63663 -2.9543 5.1255 -1.4793 -0.048906 -1.5212 -1.6551 1.1084 1.2555 -0.58206 -3.67 1.2572 2.4685 -2.5444 -1.1225 0.16043 -1.6935 -2.3411 1.0545 1.5532 0.7736 2.3216 -1.325 -3.8255 -1.7684 0.20115 -3.0865 0.15796 2.6571 1.3004 -0.15649 -0.12619 3.9501 -0.21548 2.1815 -0.98985 2.7258 -2.6629 -6.5208 0.041302 -1.3845 -0.79986 2.0874 -5.5411 2.5026 -1.5967 2.8084 -3.0964 1.7641 0.071738 -0.83439 1.1363 -0.16227 2.0435 0.25759 -2.4286 0.26119 0.56268 -5.7558 3.8928 -4.2496 1.4186 -2.1418 -0.28795 4.0927 -0.88476 1.0534 2.0722 -1.8888 4.0535 -0.85133 -0.37209 2.6631 -1.238 0.96887 -1.3832 -1.4332 2.581 -0.69601 1.7731 
pineapple 1.3918 1.397 -0.54796 1.4291 -1.4011 2.105 1.5805 5.7211 -1.9481 3.2038 -2.5837 -1.1958 0.99837 -3.6227 2.9345 0.28705 -1.3806 0.052271 0.43712 0.66918 0.57283 -0.53978 2.841 0.66803 3.0695 -0.48796 -2.1216 0.64359 2.785 0.54143 2.0281 -1.3888 3.4458 -0.12652 -3.6603 1.4517 0.96551 -1.122 0.38435 -0.90697 -1.3118 2.3755 -3.7076 -2.956 -1.1135 -4.1135 -1.9996 -0.0050486 1.0317 -0.3838 -0.24883 -2.1667 0.27551 0.4749 2.663 -0.7952 -0.18397 -4.9136 -2.9358 0.30453 0.90211 -0.71349 2.1926 -3.1954 0.39201 -0.90117 -0.77722 -1.6922 2.1098 2.1646 0.44259 0.75426 0.40138 0.59045 0.45929 -1.3226 1.3844 -0.067651 -3.5112 0.074617 -1.1042 -0.47606 -2.6587 0.5277 5.0112 1.9043 -1.3254 1.6397 -2.2606 1.9259 -0.63435 1.2929 1.6264 -2.1526 2.09 0.52121 0.061267 1.8688 -0.064992 0.69599 
rum -5.7741 0.2175 4.304 0.94882 -5.9923 5.0896 2.8364 7.4764 -3.5965 4.3237 2.103 2.443 4.4746 -2.0028 7.655 -0.69451 -3.2516 -5.4208 -4.8379 -1.929 4.1405 -3.44 8.1068 0.16806 3.3574 1.2632 -1.9043 7.1712 0.96742 4.5344 -2.1459 -1.6027 5.8638 -2.6342 -5.4153 3.3235 0.36869 -0.851 2.0285 4.1834 -4.7687 -0.95442 -7.3002 -2.2094 -5.2014 -4.837 1.9748 2.9256 2.9656 0.33058 -4.6655 -5.7947 2.025 3.6973 -1.2403 -3.3054 1.5485 -4.3888 -6.4095 2.9927 2.3713 2.2143 0.084749 -2.1041 -2.5825 -0.17475 -0.979 -1.1061 0.95995 1.6308 -1.1818 3.905 -3.7056 1.4658 -1.9933 -9.9972 3.5501 -0.69696 -1.1873 1.2118 0.45556 -2.1703 -5.1188 -4.0936 6.5538 -2.1167 -0.55214 -4.4153 -8.3041 4.8054 -0.44384 3.5346 5.6229 -6.4725 12.506 -5.7004 1.1555 4.5847 0.61346 3.2874 
cucumber -1.632 1.8485 1.0406 -0.38798 -0.93957 2.6482 2.3819 4.7308 -2.3601 0.26381 -2.5209 -1.6043 0.5757 -1.7217 3.3373 -0.61394 -0.43895 1.6219 1.3092 1.0917 -1.7953 -1.5354 2.8727 -0.71492 3.9139 -0.70445 -1.6637 -0.60746 3.9062 -1.3726 0.8999 -1.69 4.5204 1.4403 -2.2487 -0.33294 0.74808 0.51113 -1.7208 1.1182 -2.0548 -0.63599 -1.097 -1.5482 1.363 -5.7633 -3.6949 -0.43097 -0.81864 -1.2497 -1.7726 -1.6034 1.2824 -1.6554 3.7666 -1.4162 -0.30749 -3.2261 -2.8049 0.27537 -1.128 -1.731 0.45138 -2.5729 3.6416 1.6271 -0.4412 -2.5449 3.1991 -3.6233 1.6824 4.2631 0.76161 1.0455 6.0554 -0.83568 0.30643 -1.1499 -3.6324 -1.6982 -1.7684 -0.39363 -9.3286 2.3373 5.8545 0.68533 -0.44529 3.5332 -1.8497 1.1036 -1.2025 1.7393 -0.22628 -0.93715 2.3568 2.0477 -1.5559 2.7061 -0.047065 1.9503 
cinnamon -0.84081 2.0599 1.568 0.055421 -0.99896 3.0765 1.6834 4.4742 -0.041715 1.4165 -1.3136 -1.2357 0.14708 -1.4207 1.2736 -1.314 -2.4555 -0.73449 -0.46384 -1.9556 -0.0097156 0.35669 4.5693 -1.8429 0.92179 -0.50901 -2.6709 0.45186 2.9709 1.8032 0.14231 -2.3042 2.104 0.56756 -2.8053 0.68989 -1.0093 -2.1727 0.23827 -0.54706 -0.17189 0.077928 -3.6559 -0.88273 -0.091383 -3.455 -0.98049 -0.25865 0.54794 -1.399 -1.106 -1.7663 -0.0062575 0.52654 3.3152 -1.6505 1.7858 -3.4623 -3.3612 -0.12049 1.6645 -2.0202 0.23059 -0.92896 2.6672 0.09831 -0.45027 -1.1518 -1.1148 1.1606 -1.5988 1.056 -0.65484 1.1912 2.794 -3.0981 1.3174 -0.89469 -1.9609 1.2986 -1.1344 -0.52435 -2.9935 1.5636 4.8039 1.2645 -0.82781 2.2237 0.18249 1.4398 -1.2496 3.205 3.1159 1.2839 3.121 0.70938 -2.4101 2.0243 -2.7657 2.8793 
popcorn 0.58976 -0.5255 1.3153 -0.37005 0.79812 0.76405 1.7742 5.4204 0.89474 3.1766 -0.52438 -0.35712 -0.15763 -3.3092 3.1297 1.4996 0.5183 -0.42458 -0.12348 1.8228 0.75677 1.9669 2.0364 0.65983 1.227 -0.78005 -1.2537 0.76959 2.9305 0.83542 -1.736 0.12301 2.5169 0.95328 -2.2325 -1.1096 2.9422 -0.66798 -1.1023 -0.29122 -0.39273 3.1727 -2.7221 -1.0222 -4.1706 -0.44858 -1.9101 0.75096 1.7733 -0.72037 0.96792 -0.76147 0.55642 1.2487 1.5542 -1.1186 0.029474 -2.8099 -5.9156 0.24641 0.61419 -1.8368 4.0087 -1.9153 0.44659 -1.2358 -1.2048 -0.47265 -0.38071 -0.046459 -0.85189 2.7952 -1.6437 0.88553 1.0062 -2.404 -0.8715 0.44084 -1.2103 1.3076 1.0822 -0.048263 -1.8633 -0.8809 1.8184 2.3912 -0.68758 2.1194 -3.0322 3.5043 1.1111 3.3285 0.10384 -1.3322 4.4154 0.19395 1.6824 2.4813 -1.4844 0.078963 
pear 0.36115 3.5584 0.33579 1.987 -1.2658 2.3193 3.0572 8.2994 -3.2296 1.4897 -1.8035 -1.6553 0.38972 -4.1184 5.0073 2.2912 -0.50277 0.60592 1.9339 -1.2502 2.3787 -0.75171 4.3806 -0.79398 5.226 -0.24946 -2.9746 -0.97704 5.6919 2.6565 2.8821 -2.4441 6.8342 0.59501 -5.7486 -0.48061 -0.48416 -4.5432 -0.78485 -1.9831 -0.68717 1.6491 -3.2982 -2.9315 0.10092 -1.919 -0.89319 -1.052 -1.1211 -2.5856 -1.7097 -1.1798 0.13672 1.2751 3.2568 -1.3795 -1.9085 -5.8351 -2.6438 0.83329 -1.1576 0.058491 1.2702 -3.5537 0.90418 0.67075 1.0064 -2.6402 4.3018 2.7704 -1.1669 -0.31696 1.0744 1.8758 3.9988 -3.1501 0.29237 -2.3929 -8.6383 0.12742 -3.8296 2.5471 -3.4144 3.9493 10.892 3.8982 1.7966 0.67198 -0.6563 4.1595 -2.3044 2.7416 1.9661 -5.9251 0.56882 1.5641 -4.6078 5.2603 2.1431 2.3853 
walnut -0.66208 3.3607 0.57044 -1.1449 0.86105 5.5893 1.1878 7.5062 0.25325 1.0918 -0.09465 -1.4092 0.76173 0.8121 3.5513 0.48816 -0.48795 0.70349 -1.1774 -0.65515 -1.5873 -1.6343 3.82 -2.1413 0.60295 -0.97375 -2.7153 0.61655 4.5211 1.3273 1.5753 0.65994 2.6935 -0.022852 -2.3311 -2.1662 2.7317 -3.379 0.82638 -1.0857 1.406 1.5406 -1.7138 -0.0066959 -1.4733 -3.2293 -3.4766 -1.2689 -0.23741 1.6598 -1.0939 -2.411 -0.90485 2.8876 0.64586 -1.6673 -1.7835 -3.2126 -3.35 -0.63818 0.81705 0.79402 3.3447 -2.6393 1.921 -0.73119 1.0058 1.8867 -0.12671 2.324 -0.75593 2.8935 -0.3061 1.2444 0.82476 -2.2397 2.7402 -2.0145 -2.3033 -1.7315 0.28448 1.509 -2.5716 1.8862 6.0409 4.1223 -1.5902 1.9872 0.56841 2.0184 -1.3008 3.1453 1.5244 -2.1798 1.8393 3.4949 -1.2829 2.81 1.1559 2.166 
violet 1.9176 -2.6256 -0.31207 2.7979 -0.25882 0.85303 1.2879 2.402 -0.92391 0.88915 -1.0387 1.0451 2.3265 -3.4199 1.5347 -0.73757 3.7502 3.1196 0.9802 -2.4947 1.7162 -1.2921 2.4185 1.455 1.4828 -1.92 1.0703 -1.9287 0.30215 2.6508 1.4851 1.4535 2.1621 0.19024 0.42843 -1.504 0.28131 -1.3302 0.64347 0.18137 3.5142 -3.9685 1.2061 -3.0276 -2.3991 -1.8036 -1.9993 1.0392 0.7604 -3.3011 0.6191 -0.058991 -0.15677 3.9774 0.24019 -0.090399 0.4651 -0.98758 -2.0346 -1.2174 2.3132 2.6867 0.87483 -2.9807 2.2776 0.51872 3.7456 -0.8971 3.22 2.9657 1.711 0.34908 1.7874 4.0761 0.72277 -1.817 -0.088732 -1.7042 -4.715 3.1033 -0.20173 1.654 -1.8743 0.47559 5.3117 -0.36954 0.96365 -0.92547 -3.9728 3.7554 -1.0487 -0.049616 0.14062 -0.5499 1.5571 -1.5036 1.1687 2.8126 0.013922 0.97486 
raspberry -0.19172 2.9232 0.78902 -0.66151 -1.1627 0.80742 2.4005 3.3396 -1.4237 1.7597 0.25692 -1.592 1.9413 -3.2481 2.3354 0.71202 1.037 -1.2112 -0.23221 -3.3413 0.36331 0.032935 1.3375 0.95708 1.5964 -0.38014 -0.15172 0.27357 2.6381 0.38454 1.3797 0.47712 3.3105 0.67764 -4.7293 -1.0325 -1.257 -2.5269 -0.50466 -0.73461 -0.34744 1.1757 -5.4511 -2.0998 0.38408 -1.2308 -1.8884 -1.0063 2.2612 -2.7567 -2.443 -1.5647 1.3333 0.53517 3.6791 -1.1647 -1.0223 -4.0747 -3.5269 -0.52272 1.7937 -0.94901 0.72085 -1.5465 1.7324 0.017826 0.082832 0.041178 -0.70739 0.84324 -0.92612 0.31394 -0.044926 0.63959 1.9707 -1.9525 1.82 -0.17176 -1.6576 1.4839 -1.5556 0.68017 -3.1891 0.31124 5.0473 1.2665 0.14547 0.54421 -2.0601 2.2011 -0.61079 1.2146 -0.75705 0.16674 0.20827 -0.037558 -0.94627 1.199 0.30743 0.10791 
vinegar -1.9072 0.60637 0.72498 -0.097783 -2.6252 2.803 1.2304 6.4207 -0.35688 1.7933 -0.67471 -0.4941 1.003 -2.9103 1.985 -1.5871 -0.91429 -0.18627 -0.62915 -0.74753 0.90301 -2.9595 4.5001 -1.3277 0.28842 -1.2705 -2.7738 -0.014238 1.587 0.98015 -1.1712 -1.0017 1.56 -1.4629 -2.8866 -0.72862 0.087234 -1.8066 -0.87811 0.85688 -2.6676 0.5663 -3.5267 -3.1719 -2.0826 -5.161 -3.2968 0.33725 0.39365 -0.84365 -0.38426 -2.4389 1.313 1.6491 1.8553 -1.7403 0.49218 -1.1329 -2.1007 1.6672 0.37103 -1.2312 -1.7287 -2.2281 1.4852 -0.089213 -0.50287 -1.0624 -0.16243 1.4348 0.51091 1.1134 0.071557 2.2254 -0.29627 -3.0457 2.9741 0.062607 -1.8227 0.81591 -2.3277 0.6071 -2.6348 0.15499 4.519 0.44061 -2.2765 0.9802 -1.8882 4.2325 -0.26544 1.8964 0.71985 -0.85595 1.8988 0.15459 -0.14204 3.1381 -0.5783 0.59253 
disinfectant 1.8396 -3.1759 -1.4863 0.46243 0.28007 2.5334 2.051 4.5393 0.3295 0.24878 -3.1537 -0.16876 1.4739 -1.6166 -0.52813 -2.239 3.3159 2.6625 -0.78094 1.6378 0.45641 -7.8551 5.6205 -0.66035 1.3772 -3.3299 -2.1238 -0.83333 1.5097 -1.9087 -2.5569 4.17 2.5202 0.37969 0.30394 1.3035 0.92602 0.84542 -0.58444 -0.26075 -1.1273 -1.1401 1.1964 -2.3922 -3.2161 -3.7145 -3.7643 1.0311 -0.44441 0.8883 1.176 -1.9938 3.9669 1.1183 0.83996 -1.4096 1.8293 -1.1273 -0.93642 -0.56558 2.2924 -0.2635 0.31237 -6.1548 -3.4465 0.79399 -1.2606 -3.7415 1.3021 -0.65951 2.8817 1.7635 -0.48502 3.7546 0.67016 -0.25192 -1.0195 -0.42544 -0.46919 2.8384 -4.2426 0.60146 -0.98224 4.0477 2.0562 -0.4953 -2.2391 3.4322 -1.8395 2.0812 1.0653 -0.61466 2.1091 -0.12309 -2.5333 -1.6707 0.7001 0.67789 1.3303 0.19327 
kerosene -1.4882 -3.0608 0.049927 -0.34801 -2.0778 1.5831 1.2235 2.4308 -1.3815 -2.6287 -2.0185 0.41955 1.2438 -1.4729 2.6308 -1.9666 0.67451 -0.37214 -0.071881 2.9252 -0.79138 -4.6232 3.5618 -3.5061 0.28448 -0.3046 -1.2849 -1.3886 1.6257 -3.5439 -1.9717 0.56695 0.10271 -0.4325 2.0318 -1.7551 -0.59672 0.34242 -3.2705 1.7259 -0.22394 -0.16532 -2.6456 -1.7597 -2.9446 -4.3724 -3.3881 3.1646 0.30422 0.60542 -0.58057 -2.3284 1.3183 0.51968 -0.14074 2.344 0.32839 -5.6994 -0.3228 -0.3336 -0.54004 1.494 -1.1567 -3.7401 0.16771 0.40928 -1.0658 1.0899 2.2358 0.81722 -1.2102 2.1209 1.4506 -0.44235 0.71381 -0.79116 0.42544 -2.1514 -2.3147 1.0012 -1.5053 0.73516 -3.0041 1.9063 0.11805 -1.1403 -1.063 0.82601 -4.1811 1.7635 -0.53186 -1.1015 1.3232 0.97483 0.29496 -1.8599 1.6756 2.1109 -0.81105 3.2006 
cologne 2.2152 -3.9306 1.8049 1.2575 -2.6516 0.50526 0.59596 3.1089 -0.62332 3.0114 0.88197 -2.0244 -1.2101 -2.4993 0.041459 1.5929 3.5683 -0.38929 1.5202 2.3634 -1.187 -2.9669 4.7403 -1.6929 -1.1896 2.1479 -3.7471 1.0179 0.69168 -0.30851 -0.88363 2.6174 2.148 0.31244 -1.5052 -1.9589 -2.013 -3.1774 -0.55245 2.1613 1.8635 -2.5162 -0.90401 -0.12468 -1.6513 1.1448 -1.5042 -0.98181 1.8427 1.132 -0.24619 0.015423 2.2203 1.6247 4.8042 -0.025926 1.2818 -1.7722 0.27714 -1.7664 4.4432 -0.21179 1.575 -2.997 0.66109 1.7251 2.0782 -4.0739 2.1413 1.7256 -0.87895 -0.31099 0.25099 1.6839 0.43247 3.0686 2.4868 0.31543 -1.1802 2.2641 -0.14652 1.5183 -1.3212 0.94224 3.9565 0.96773 1.5289 -2.7824 -1.5376 2.5971 -0.70108 0.8901 1.6666 -3.8918 -2.3661 -1.4432 -1.1902 1.6588 -0.86412 2.5632 
syrup -1.2864 1.7538 -0.45459 -2.4477 -1.9664 4.0901 2.4915 8.9833 -1.8858 1.2435 -1.2468 1.5313 0.27107 -3.2195 2.2708 -1.1932 -0.63563 -1.9498 -1.4176 -0.38529 -0.83296 -1.9349 7.1272 0.46721 -0.10098 -2.0477 -1.9895 1.0527 3.0184 2.8026 -2.2581 -0.1676 4.1401 -1.1519 -3.8013 0.68287 0.98907 -0.19123 1.822 2.8453 -4.0626 0.36781 -4.6133 -4.3735 -0.903 -3.3397 -1.883 1.8153 1.9848 -1.3956 -4.2709 -1.8728 0.31011 2.9986 1.4318 0.39317 0.44481 -3.6702 -2.3542 -0.9478 0.50246 -2.9314 -1.5871 -1.6727 -0.2978 -0.10507 -2.0757 0.44947 0.87635 0.17062 1.0167 4.2296 2.0095 4.3389 -0.3449 -3.0716 0.072042 -0.14034 -1.606 1.5583 -2.0626 -0.96283 -4.5795 0.14471 5.6021 3.2371 -1.673 -0.39907 -2.7228 5.5273 2.6264 0.2013 1.2849 -1.7056 3.3231 2.8259 0.8933 6.1692 0.79086 0.2391 
solvent 0.56387 -0.96746 -1.7904 2.1756 -1.508 1.5946 3.3311 4.4776 2.0057 -0.71038 -4.2467 2.4493 1.7385 -4.7331 -0.67541 -0.23615 2.7364 -0.15591 -1.7774 1.769 -1.6347 -6.0167 6.4881 0.48919 3.093 -3.4398 -3.1621 -4.2143 2.357 -1.9601 -4.6608 2.0876 1.0501 0.16369 -0.16961 0.11311 0.82908 0.78704 3.5619 1.5485 -2.6872 -1.5633 -2.8315 -3.0122 0.75715 -4.9404 -2.9419 1.8802 -0.3122 0.1162 -2.9809 -2.8596 1.5889 0.48318 2.4186 0.54804 -0.021369 -5.7446 -0.43938 -3.6593 0.63274 0.38714 -1.9113 -4.9167 -1.8238 0.44407 -4.6858 -2.4102 4.3571 1.6908 1.9171 0.27583 1.0257 2.7208 0.54938 -0.65518 4.2531 -6.3567 0.039862 1.5394 -6.9247 0.17834 -2.5933 2.8131 0.17815 0.61643 1.0171 -0.77374 -2.9673 2.6676 -2.3662 -1.4234 1.4856 1.3644 -5.7694 -3.6073 2.1141 1.8697 -0.61046 -0.90814 
birch -1.3855 1.4932 1.2009 0.73886 0.28915 5.691 1.0457 3.5258 1.4175 0.22717 -0.44172 -1.7246 -1.1317 -0.6312 3.7254 1.6301 -1.5638 0.94402 -2.6765 -2.3341 -0.025177 -1.5708 2.2775 -0.77015 0.97604 1.28 -3.1602 -3.0937 5.6561 2.9106 2.2236 1.2318 -0.015503 0.51485 -0.74827 -0.77008 2.4827 -4.4394 -1.1863 -1.0269 3.4604 -2.7161 -0.35338 0.69745 -0.68214 -2.2222 -0.35384 -2.0155 0.50224 0.89489 -2.32 -1.119 1.5841 2.1326 3.3798 0.74692 0.34741 -3.997 -1.3223 -0.4075 1.5716 3.4748 -0.23289 -2.8377 -0.78106 0.68552 1.8102 -1.5054 2.7954 1.4438 -1.8196 -0.17398 -0.63459 4.5014 2.0356 -4.3634 2.8317 -0.29266 -2.2181 -0.4784 1.8378 3.5449 -2.547 0.26549 6.3324 2.1921 2.1396 1.6569 0.93941 1.2717 -2.9506 1.5412 1.4262 -1.8924 4.2269 -0.38417 -2.0824 2.1651 0.28074 2.5218 
lavender -2.7058 0.85979 1.4914 -0.045749 -1.4012 4.6555 1.1504 3.4954 -0.85127 0.22295 -0.87094 1.4837 1.1461 -3.6497 2.0734 -0.74638 0.0064878 1.3233 0.99761 -1.3071 -1.7383 -3.3232 3.2472 -0.83349 1.1307 -1.3041 -2.1557 -1.4679 3.7957 0.72162 0.95253 1.1123 2.8929 1.0768 0.33414 0.57407 0.057491 -1.4845 -0.1199 0.46994 0.99993 -1.6405 -0.42035 -0.72863 0.49555 -5.2251 -1.1365 -1.7078 -0.93328 0.2076 -1.901 -0.39184 2.6833 0.26212 2.733 -0.44753 0.42264 -3.464 -3.0043 -0.76112 0.44621 1.5592 -1.4675 -3.6998 3.7334 0.041974 3.2447 -2.4782 4.195 -1.974 1.4538 3.7441 0.083832 2.9933 5.6329 -0.63838 2.8187 -0.6746 -3.5521 -0.54531 -0.46698 0.68344 -9.8571 1.2701 7.6867 -1.2173 0.23907 2.8932 -1.3698 0.82546 -2.0687 2.0393 3.4142 -1.2534 1.8797 -0.54177 1.0523 2.1691 -2.8445 2.8161 
manure 0.050429 -0.61357 -3.4859 -0.6644 -0.84588 2.8641 3.4944 4.4678 -2.011 -0.28618 -2.6535 -2.1219 1.4055 -3.0716 3.9535 -1.3265 -0.50053 0.931 -1.5773 1.9478 1.179 -8.8604 3.7285 0.49292 2.6249 -0.28026 -3.7606 0.52406 2.5751 -2.4738 -3.4374 4.5389 2.5427 0.74679 0.93459 -2.4593 1.0716 -2.5273 -1.6693 2.0825 -1.0906 2.2956 0.47846 -2.8569 -3.2714 -4.408 -1.4591 -0.25556 -1.7594 2.0138 -0.47521 -2.6292 2.8768 2.3504 4.2263 1.3122 -2.5134 -3.5029 1.2828 0.26959 -1.0884 1.4942 -4.0945 -7.4391 -3.7656 2.1102 -3.1635 -1.9851 1.5575 -1.5415 -0.71919 -0.74154 1.9366 1.5828 2.3521 -1.4343 2.6431 -2.9885 -0.08169 0.79825 -3.806 4.7468 -1.4494 2.2284 2.3677 4.8011 -2.0292 1.1675 -2.3319 1.522 -3.258 1.0651 1.5619 -0.20004 -0.13816 0.10662 3.1863 0.20688 -0.2643 2.3326 
incense 0.93065 -1.4401 -0.7647 3.2522 -2.4186 2.1923 0.74076 3.5851 -2.5096 -0.62161 -4.1082 1.6961 0.068444 -4.9453 0.88588 1.2957 1.1634 0.86772 1.8596 2.7763 2.5494 -4.5756 5.3014 -0.56333 2.7416 -2.4807 -2.6746 0.56457 2.3166 -2.5871 -2.5938 -1.8644 1.1548 2.2117 0.11533 1.1269 -0.37119 -0.6699 -1.1798 2.4916 0.16602 -0.064625 0.25698 -0.98372 -1.703 -2.6156 -1.0662 0.064922 -0.7333 -1.052 -2.2676 -1.9036 2.1938 2.6668 2.3805 -0.65283 2.5332 -5.0174 -1.2661 0.47448 1.3317 2.0387 -1.1292 -4.9307 -2.4821 0.19106 0.18387 -1.2732 5.2253 3.1387 0.89289 -0.011152 0.49331 1.5376 0.40855 1.1096 0.1501 -1.6063 -1.2329 3.3007 -3.3761 -1.751 0.23603 0.66043 4.4613 0.51641 -0.12114 1.1355 -3.1563 0.90815 -1.1046 0.37227 1.6839 0.34652 -2.3966 1.1626 2.4844 -1.0855 0.5753 -0.5676 
caramel -0.94193 1.3917 0.91692 0.39522 -0.61462 3.0259 1.0842 5.7984 -1.0175 2.4163 -1.9542 0.013979 2.483 -3.797 3.6724 0.40947 -1.4266 1.2254 1.0406 -2.6622 -1.3392 -1.4899 5.7434 0.81108 0.67947 -3.0103 -1.4785 0.88518 3.7747 1.0861 0.41158 0.036768 3.5362 -0.24941 -3.7964 -0.53741 -0.48949 -1.5349 0.76463 -0.12779 0.11591 2.4199 -4.452 -2.4657 -0.95613 -2.3119 -2.6491 0.21153 -0.075498 -0.01139 -1.6929 -2.1207 0.13225 1.2026 3.0343 -1.2601 0.66527 -3.5482 -4.4317 -1.2739 2.1024 -0.44352 -0.099145 -1.0649 3.4709 0.32501 -0.24964 -0.35875 -1.0077 2.2039 -0.62733 3.2606 0.92855 2.9288 -0.24171 -1.5008 2.0752 -0.93281 -2.8933 0.82336 -0.32396 -0.10463 -3.2692 -0.8148 5.3831 2.3282 0.53127 -1.1964 -2.0529 4.917 -0.82418 3.0187 1.6623 -1.8749 1.4342 -0.86697 0.50263 4.7197 -0.9553 1.3777 
ammonia -0.39449 -3.3352 -1.7533 -0.47572 -3.0641 1.2628 -0.10876 3.6319 -0.21512 -1.5688 -3.1951 -1.577 1.3481 -1.0092 -1.6143 -3.8399 0.33775 -1.2784 -1.4786 2.5944 -0.96423 -2.697 3.0497 -1.8019 1.6401 -0.020191 -3.37 -0.8648 -1.4905 -1.2225 -0.9386 0.20611 -0.02212 0.37317 -1.2987 -2.4912 1.3526 -2.1021 -0.32883 1.3821 -0.73116 -3.1367 -1.1605 -1.1419 -2.1789 -4.3496 -3.6131 1.1661 0.63759 -0.95035 -0.27637 -3.308 1.2171 0.040981 1.858 0.48273 0.26682 -1.3858 -0.72505 -4.621 1.3008 0.73029 -1.8335 -3.9125 -0.023774 1.0709 -1.7528 -2.5224 1.25 -1.5087 0.47416 -0.99173 1.0717 2.0371 2.8018 -0.63703 1.282 -2.2676 1.0759 1.3394 -2.4859 2.2512 -1.9704 2.4195 2.3788 1.055 0.90375 0.55566 -0.87639 4.0329 0.51496 -1.4932 1.5151 1.6602 0.36086 -0.54123 1.9796 2.4974 2.5891 1.608 
detergent -0.39642 -2.5225 -0.7987 1.0974 -0.56445 1.7803 3.1137 4.7114 2.6605 -0.54985 -5.0599 1.3387 1.1059 -4.4119 0.52544 -0.94242 2.3635 2.319 -1.1544 2.3966 0.043977 -9.0339 5.6676 0.69628 1.144 -3.1599 -2.3673 -2.0372 2.6579 -3.832 -3.9263 1.5161 1.8105 1.518 0.40554 1.6102 -0.58459 0.77019 0.54802 0.083941 -2.7927 -0.45839 -0.94842 -2.1587 -1.6908 -3.1209 -3.4716 1.2955 0.86868 -0.99273 -2.6674 -2.2764 3.1059 1.949 1.6697 -0.20059 1.0355 -4.5405 -1.9634 -1.8161 1.6463 0.68419 -0.32409 -4.2391 -1.8115 2.2909 -2.6412 -4.6097 3.7162 1.7815 1.5866 0.92713 0.67616 3.9497 1.3749 -1.501 -0.3942 -4.7645 -1.3803 2.2562 -5.5447 0.42007 -1.9315 2.9588 1.2736 0.50404 -2.8571 0.56046 -2.3173 1.7241 -0.88879 -0.27928 2.8091 0.48395 -2.8887 -3.0902 1.6781 2.2365 -2.4568 -0.11713 
grapefruit -0.27077 2.0624 -1.2518 -1.014 -0.78316 3.7225 -0.10444 6.3951 -2.0789 3.2244 0.12492 -0.72883 0.89064 -3.8052 1.4525 -0.62871 0.17282 0.23971 0.25397 0.22397 0.53323 -1.9334 3.7029 -0.041589 1.6923 0.54272 -1.4422 -0.10155 0.31171 0.79094 -0.13453 -1.5596 3.6723 1.045 -3.2308 0.74759 -0.058997 -2.5184 0.31349 -0.73534 -1.3826 1.5886 -3.042 -3.678 -0.040344 -1.8154 -1.7561 -0.077417 -1.086 -0.66548 -1.224 0.19123 0.79435 0.74796 2.1505 -1.665 -2.0916 -4.062 -2.6246 -0.10717 0.55312 -0.73008 1.7909 -1.5932 1.1572 -0.16266 0.055276 0.35849 1.6377 1.0725 0.27058 0.86824 2.1164 2.4765 0.14559 -1.795 0.77743 -1.4467 -2.9569 0.48162 -2.6344 -0.42943 -2.4397 1.4368 4.2247 1.1883 -1.365 -0.042563 -1.242 2.617 -0.61396 1.4896 1.4089 -2.7076 0.22861 1.7209 -0.69175 3.0346 -0.33397 1.3454 
clove 0.0017922 4.3371 1.1742 0.58403 -0.40001 5.474 4.6622 6.4555 -0.078695 2.8441 -3.6753 -2.3583 1.4971 -3.1927 2.0139 -0.14681 0.070848 2.1506 1.6905 -0.82716 1.2543 -3.4581 4.423 -2.0959 2.4438 -2.1135 -2.1025 -0.63948 4.9075 2.0579 -1.7395 -3.1126 2.8549 -0.64447 -2.5511 0.60264 0.79761 -1.2776 -0.056673 -0.032157 -3.3668 -0.27945 -5.6513 -1.9943 -1.0065 -2.0599 -0.95387 -0.63001 0.016586 -0.99825 -2.3207 -1.899 0.26456 3.0533 3.0328 -1.1854 2.2537 -2.343 -4.5948 3.1131 -0.24482 0.67741 0.45306 -7.3085 1.721 -1.0254 0.20552 -0.36339 1.3893 0.40191 -1.0527 2.0977 0.53849 3.2415 -0.64946 -3.7178 3.3601 -1.2879 -3.7905 1.3855 -2.6988 1.2412 -3.5225 5.2179 7.028 4.5942 -1.2544 1.0303 -1.499 2.5486 0.021259 3.551 2.7215 -2.6031 -0.73602 0.37763 -1.8061 4.2398 -1.9636 1.6445 
celery 0.33536 0.45805 0.56353 1.4557 -0.36349 4.8287 1.7827 5.284 -0.70484 1.5231 -1.4099 -1.7831 -0.4569 -3.0525 2.5931 0.37526 -0.45517 0.12002 0.29953 -0.10247 0.43545 -1.9327 4.8302 0.52448 1.7123 -0.299 -1.314 0.43423 5.2569 1.3572 1.3132 0.61147 3.5063 0.22844 -3.0285 -0.71776 0.35015 -1.3965 -0.78052 0.64844 -1.1949 0.58251 -3.3338 -0.94069 -1.2759 -1.7909 -2.7999 -0.72098 0.32167 -2.1524 0.030488 -1.2184 0.67681 0.96985 5.8989 -2.249 -0.36738 -3.3239 -3.5442 0.28483 0.8876 -2.0142 0.024405 -2.8713 3.0527 1.1054 0.39687 0.41569 2.0995 0.81546 1.3211 0.83668 1.8662 1.8415 1.5902 -1.0223 1.7266 -0.2891 -3.0499 1.182 -2.2941 0.70191 -3.4459 0.48789 5.2574 4.3285 -0.52458 0.9014 -1.6939 1.7839 -1.7616 0.58654 1.183 -2.9663 1.5012 1.3929 -1.087 1.8788 -1.363 0.9428 
raisin -3.1622 0.21569 0.27411 -0.24838 -1.4099 3.5324 1.0549 3.6631 -0.1921 0.73398 -1.4801 0.73258 -0.46506 -1.4014 2.3546 -2.2928 -1.2834 1.906 -0.51802 -1.2072 -0.079663 0.099722 4.3245 -1.1008 0.94956 -0.86681 0.28895 0.57647 5.1977 0.065511 0.024723 -2.1921 0.61657 2.9502 -3.6527 -1.1991 1.1139 -3.1951 0.64391 -0.23829 0.24333 0.99364 -3.3005 -1.4768 -1.2157 -1.7705 0.071564 0.30097 -1.4323 1.2715 -2.8827 0.83132 -0.89288 0.27814 3.5098 0.38685 -0.75063 -3.186 -1.6552 0.12228 0.57685 -1.1957 -1.0195 -1.3892 0.20103 1.2098 0.27547 -1.4447 3.165 0.97313 -2.9033 0.87254 -0.056324 2.1666 4.1461 -3.8067 -1.3145 -1.1222 -0.21947 0.86579 -1.7197 0.45719 -2.8333 -0.36189 5.2686 1.7089 -1.821 1.0329 -2.02 0.95234 0.63177 0.77373 -0.19512 -1.8021 1.6554 0.87918 0.28905 2.5372 -2.6936 3.5795 
eucalyptus 0.83669 2.0995 -2.178 -0.71431 -1.9411 3.1224 0.37684 4.3452 -0.95604 1.299 -0.66814 0.074072 0.57191 -0.73986 -0.44191 -0.033316 0.12199 0.64122 -0.20396 -0.25901 0.95468 -0.82874 2.3211 -0.36755 3.2647 0.2558 -2.0962 -0.35984 1.1695 0.6926 0.088359 -1.0709 1.868 -0.6942 -0.80192 0.77075 0.23105 -2.6611 1.1526 -2.0641 -0.62401 -0.070084 -1.167 -1.2074 -0.90394 -3.289 -1.6679 -2.9549 0.96489 -0.21151 -0.32177 -0.66971 2.3543 0.91754 0.61892 -0.4694 -0.20859 -2.4611 -1.0329 -1.1894 0.8016 1.017 -0.87409 -4.3843 0.24002 -0.50761 2.0166 -0.24955 2.7622 -0.45401 -0.42526 0.27594 -0.68362 2.1479 0.87295 -1.6115 1.3942 -1.5838 -1.9372 0.66386 -0.87756 1.8401 -1.1299 2.2402 4.3374 1.5828 -0.072354 0.75633 -0.80824 1.46 -3.1448 0.27922 1.2695 -1.6138 1.3964 0.50792 -0.60517 2.2715 0.91833 1.0801 
peppermint -0.43763 2.0749 0.69253 -1.2493 -1.575 2.8539 1.9673 4.5311 -0.91963 2.3128 -2.1331 1.0399 0.24847 -3.9727 0.65748 0.12761 -1.6481 0.21895 0.78257 -0.92215 -0.24255 -2.3828 4.7115 -0.33411 0.84772 -1.2603 -1.5652 0.80305 2.0356 1.1112 1.1594 -0.0092674 1.2424 0.65489 -1.264 0.76241 -0.14082 -1.0949 0.77394 0.095135 -0.57249 1.2528 -2.0295 -2.2282 -0.71648 -1.8616 -1.9285 -0.049976 1.149 0.091927 -1.5456 -1.8039 0.63066 1.155 1.9224 -2.247 0.32012 -3.1178 -3.4103 0.24821 2.1293 -0.19294 0.15724 -1.391 -0.28139 -1.0942 1.1581 -1.2144 1.6581 1.1723 0.072566 1.9159 -0.4953 3.5661 1.1751 -0.92418 1.3923 -1.4695 -0.97745 0.084021 -1.8454 0.19721 -2.6322 1.3535 3.4804 1.2907 -0.87946 0.91377 -1.6602 3.1844 -0.95788 2.632 2.677 -0.47158 0.40572 0.21402 0.049539 2.3446 -1.8046 0.51027 
mothball 0.38807 0.076262 -0.69138 1.0425 0.34073 1.5972 3.4037 0.91423 -0.22313 -0.13279 -2.2107 0.38072 -0.85984 -1.0347 2.0944 0.011189 0.58006 1.6714 -2.5114 0.98118 0.94009 -2.0972 1.3291 -0.22178 3.0444 -1.4126 -2.6076 -0.52641 3.1193 -1.2548 -1.1611 -0.88134 -0.84248 -0.10427 -1.1941 2.0181 1.595 -3.3479 -1.5666 1.8079 0.55637 -0.94763 -1.3657 0.9083 -0.704 -0.91987 0.72821 1.6407 -0.26456 1.8527 2.1982 -1.2378 -0.19356 1.495 1.8894 -0.1281 -0.83412 -2.0842 -1.4825 -0.48481 -0.040389 0.84013 1.4164 -2.4724 -1.2492 0.52217 -1.0837 -0.34402 3.0896 0.90803 -0.57417 0.55945 -0.29616 1.4349 -0.97868 -0.8777 1.2706 -0.93191 -3.257 1.6677 -0.80159 3.1724 -0.26735 2.0061 1.0148 2.4322 0.5611 0.17037 -2.9706 1.8115 0.32418 -1.0221 1.8031 -0.81187 0.21217 -0.43775 0.67081 -0.90285 1.2817 0.32662 
varnish -1.8881 -0.15822 0.18769 -1.0362 -2.3593 0.76439 0.79779 4.5267 0.048268 1.8126 -1.8575 -1.2054 -0.033317 -1.8589 3.7233 0.30998 -0.18043 3.5639 2.0024 0.68203 -0.12229 -4.325 3.1642 -0.52121 -0.76248 -2.3029 -4.2838 -0.47011 2.166 -1.1246 -1.9637 -0.42158 1.2508 -0.47842 -1.1145 0.19792 -2.5356 -0.79432 -0.4182 0.74427 -0.88767 1.2084 -3.1954 -0.14688 0.75772 -1.5951 -2.6938 -1.0743 -0.97791 3.2691 -2.3585 -1.0773 2.1285 0.061878 1.2575 -1.2775 0.23557 -1.6396 -2.4347 -0.65883 -2.849 1.6031 0.03928 -2.2814 -0.54232 -0.98678 0.72542 -3.6619 1.751 1.0783 1.1416 -0.88661 -0.61968 2.5132 0.99386 -3.9581 2.7439 -0.2788 -3.1582 2.3929 -1.4226 0.77585 -0.93299 -1.1429 3.9859 0.80512 -0.65782 0.16348 0.0064963 0.028972 -3.1554 -0.33104 -1.0251 1.6457 -3.4918 -3.4034 -1.6538 2.4359 0.12528 -1.2436 
licorice -1.2708 2.9174 -0.45534 -0.76408 -1.5267 4.1778 1.2092 4.5428 -1.2953 2.1673 -2.0156 -1.1605 0.79029 -3.6846 1.7553 0.021589 -1.3629 -0.94356 0.13953 0.39805 -1.3236 -2.7456 5.7272 0.01843 0.68196 -0.81531 -1.503 -1.5196 2.3165 1.0439 1.3818 -1.6546 0.90477 0.62363 -3.8203 -0.07277 -1.0347 -1.6023 0.30307 0.42361 -0.68216 0.55807 -3.2359 -2.2354 -2.008 -1.7637 -1.9726 -0.30979 -0.084404 -0.78846 -1.327 -0.72597 2.7255 0.567 1.8829 -0.91604 0.12438 -3.1715 -1.0345 -0.46663 1.6751 0.94298 -0.12346 -1.3779 -0.43067 -0.42244 -1.2685 -0.57585 0.15625 1.6563 -0.25358 0.41061 0.63045 1.9024 0.3982 -1.7025 0.2025 -1.676 -2.0034 0.96544 -1.9236 -0.35565 -2.1172 0.13404 5.2391 1.9165 -0.68254 1.2854 -1.5292 2.9135 0.77408 -0.26381 1.9143 -0.5141 1.5046 -0.14053 1.3727 2.9363 0.075783 0.27395 
geranium 0.63642 -1.4747 -1.7532 0.90723 -3.0754 4.6886 0.83261 3.5983 -2.5359 -0.10273 -0.73393 -2.5565 -0.5308 -2.0719 -0.014424 -0.80425 0.20101 0.22722 -0.090519 0.35663 1.2341 -2.2796 2.5238 0.82683 2.916 1.0434 -0.73125 -2.5171 1.8522 2.1838 0.47097 1.5152 0.64243 0.36206 -2.1585 -0.045078 -0.72856 -4.8975 2.4258 2.1399 1.3738 -1.2158 -2.6066 -1.2005 -1.4629 -3.4021 -1.4375 -2.0184 -0.67704 0.40722 -0.38969 -0.26971 1.3725 -0.12105 2.2819 -0.020334 0.44065 -4.5639 1.1622 -1.5164 1.9626 0.9863 -1.4971 -2.7348 1.6785 -0.11768 -0.56903 0.794 1.591 0.98349 -0.81997 -1.2795 1.4785 1.5096 1.6209 -1.8265 1.7506 -0.30069 -3.079 2.8181 -2.6529 1.4089 -0.056845 0.36288 5.9581 0.36945 1.9456 1.398 -2.6295 2.8846 -2.2252 0.17304 2.1173 0.4199 1.6835 -0.46011 1.1414 2.8251 0.55247 0.41843 
anise 0.20922 -3.9231 0.29173 1.1056 -2.3692 0.3425 0.052221 5.5774 1.1397 -0.40584 -6.0807 2.3211 -2.6458 -5.4422 -0.13558 -2.3231 -1.3378 0.85045 -0.35022 1.4875 2.9783 -3.8512 4.1355 -1.5682 -3.1338 -2.9202 -3.6038 4.1566 0.29588 -1.704 -3.3913 1.06 3.8425 1.104 -2.8195 0.25376 -2.2574 3.3998 -0.62288 -0.26932 -1.3029 0.025789 -3.4617 -1.6786 -1.018 -2.4518 1.8599 -0.17574 -0.98077 -1.1653 -2.3083 2.0012 -1.3937 4.3458 1.1 -0.050638 1.8774 -5.0312 -0.87576 2.9571 2.5612 2.1204 -3.6643 -3.829 -4.3783 0.96787 2.6719 -0.15416 1.9518 -0.13898 1.1312 -0.58263 -0.76494 1.1289 3.1999 -2.6265 3.4285 -2.4099 -5.2226 1.7734 -2.9785 -0.566 -0.92965 0.16711 6.1501 -5.0863e-06 -1.3521 -2.2556 -6.4618 -1.5691 -0.82266 2.3575 0.64048 -2.9205 -2.5827 -4.8519 -0.68943 0.26498 -4.7628 2.228 
camphor -1.6161 -1.071 0.58951 0.079626 -1.199 3.1253 1.5156 5.7622 -0.94744 0.85376 -1.3712 -1.0232 0.86648 -3.1556 1.7851 -1.4726 -0.27387 1.3265 -0.61919 0.6617 1.2778 -2.9675 4.4801 -1.9779 -0.20742 -0.88271 -1.937 -0.67765 3.0017 2.3485 -1.0989 -0.010012 3.301 0.04977 -0.48504 0.38054 0.891 -3.0579 -0.91605 -1.3203 -0.26618 -1.965 -0.8821 0.95393 -1.0489 -1.1581 -1.8916 -2.0738 -0.51374 0.36516 0.082128 -1.3513 2.7711 2.5665 3.7292 -0.062745 2.3749 -3.5974 -0.73062 0.040427 0.3753 2.3273 -0.68134 -4.6401 1.2137 0.23399 -0.81614 -3.0622 2.0413 1.1809 -0.33086 0.69397 -0.25428 2.573 1.5828 -0.72068 2.1958 -0.94342 -2.8526 4.1616 -0.90805 2.1736 -2.6584 2.4894 3.6459 1.3702 0.26243 0.18744 -2.5317 1.6164 -1.9973 0.74417 2.5605 -1.5358 2.8934 -0.79565 0.11057 0.38342 -1.5975 2.1865 
creosote -0.41343 1.5067 -0.66733 0.90026 -1.6161 0.74998 1.507 3.7153 -0.50111 1.7508 -0.89071 -0.44835 1.6831 -0.84045 2.0156 -0.2384 -1.1658 0.057886 -0.92561 1.4309 -0.32463 -2.3442 2.9969 0.49661 1.1386 -1.2197 -1.8998 -0.3215 1.0271 -0.55006 -0.78303 0.42619 0.46126 -0.66467 -1.2479 -0.19442 1.5101 -2.7225 -0.57432 -0.04374 -0.61434 -0.40861 -0.72894 1.481 -2.0106 -2.8688 -2.7461 0.033253 -0.19806 0.37962 -1.0747 -1.3027 1.4809 0.84669 1.1615 -0.076529 -1.6759 -1.6033 -1.2662 -0.80804 0.59865 2.0718 0.6482 -3.3204 -1.3504 -0.28077 -1.0095 -1.0855 0.90949 0.13885 -0.71066 1.7564 -1.0237 2.2088 2.7075 -2.1041 3.3864 -1.9433 -1.0673 0.80913 -1.0889 1.7991 0.23393 -0.24143 2.0673 1.8499 1.5349 1.2836 -0.70778 0.75915 -0.82968 -0.022301 1.4662 0.22674 0.16832 -0.17216 0.52387 0.1752 0.20526 0.64619 
turpentine -0.038105 -0.039209 -0.36823 1.6466 0.071957 1.3977 1.7743 5.3186 0.088601 -0.69284 -0.90934 0.13368 2.0023 -2.2673 2.4091 -0.52802 0.66797 0.78214 -1.2883 3.0839 0.69978 -4.2423 3.51 -0.39881 0.27348 -1.9875 -2.1041 -1.1936 1.5593 -0.99416 -2.1238 -0.17496 2.1542 0.309 -1.0205 0.89171 1.0581 -2.8143 -0.9406 0.17867 -0.26369 -0.044311 -2.349 -0.88329 -1.0093 -0.78664 -0.48912 -0.01055 0.39187 0.11231 -1.0474 -1.1096 2.0854 2.7673 1.5781 -0.82979 0.38821 -3.0035 -0.83971 -1.5733 0.60903 1.1931 0.66342 -3.8355 0.01039 0.49811 0.36604 -1.3855 3.4033 1.5818 0.32311 0.83424 -0.52431 1.9421 1.4702 -2.6712 1.7106 -0.76552 -2.8748 2.9081 -1.7587 1.9039 -1.3413 0.82091 2.8972 1.6264 0.71862 -0.7166 -1.2731 2.2823 -1.2994 0.11153 1.8671 -2.5056 0.86618 -2.1263 0.2263 2.5269 -0.25344 1.4555 
