96 100 
animal 4.4644 -2.8941 0.94216 -6.5626 5.2339 -7.8387 -0.13004 0.087755 0.91106 -1.3013 -4.1547 -1.1292 1.0465 0.60744 1.0868 1.4167 -6.5535 -1.6643 -4.5997 0.79326 1.0737 -2.0764 0.48604 2.8129 0.18945 3.8428 1.4093 -2.8217 -2.8297 -1.5444 1.3467 3.4007 -3.4141 -4.22 0.95545 1.984 3.1337 5.9398 0.36468 -2.8848 3.6652 5.1731 -0.36777 -1.3472 2.2622 -0.70145 -2.8195 2.7835 0.048437 -7.6763 4.8117 -3.5306 -3.2353 1.2352 1.149 2.8451 0.94172 -0.37572 -9.0651 -3.0231 -2.1365 -3.955 3.8447 -3.9445 -0.16861 -0.543 -4.0361 -0.75388 0.21692 0.28717 -2.6764 -1.1547 -0.98632 -1.9442 -0.27066 5.0554 -6.1886 1.1299 1.9744 3.0009 1.0437 1.0816 -3.3176 0.99681 3.895 -3.7668 -3.1742 -0.44472 1.353 4.6722 -2.178 2.3047 3.434 3.6008 -3.9642 -0.26825 0.10943 0.42561 -1.0649 0.61799 
apple -0.28419 -3.9797 0.65239 -6.354 4.1485 -2.6646 3.8102 1.0785 -1.5485 -1.5055 6.0758 -4.1871 -3.9908 -3.9006 -2.4178 -1.2821 1.9749 -2.4257 -1.1874 -5.6867 3.7819 5.1095 1.7581 0.89336 -4.8633 2.2881 1.3427 -6.9553 1.5001 1.2666 4.8378 0.40176 0.43145 -0.7239 -4.1155 -0.5562 -0.046309 5.4367 2.6111 -0.87427 1.2809 3.3443 2.0822 -0.30902 5.5033 -1.5677 -5.4569 -2.7191 0.63833 0.97683 -5.0083 -5.164 -2.7033 -3.1515 -2.0702 -1.103 5.4339 1.067 -2.8156 0.00057335 1.6799 -6.1494 6.3128 -2.3534 -1.7824 -1.8083 -5.4374 3.1334 1.7061 5.0679 -4.5142 -1.6838 5.6395 3.3239 -4.4452 6.1408 -1.3786 1.6237 2.4565 4.0641 1.334 -4.6569 2.5232 -4.1143 4.1646 -1.2382 0.0033244 -0.45389 0.44043 -0.62691 -1.2634 1.3744 0.08931 3.2529 1.532 -1.3277 3.1619 2.706 1.437 -4.0174 
blood 3.8649 -0.74103 -1.2364 -3.4893 3.123 6.1939 2.6165 1.8766 -1.2886 -2.3473 -3.6757 -0.6499 -0.57823 2.6704 0.63746 3.8471 -6.2383 -0.23849 -3.0126 4.517 1.0646 -1.7159 0.18112 1.0433 1.7064 0.25806 1.0019 -3.5609 -3.005 1.29 5.6356 0.72361 -6.3115 -4.0239 1.1268 1.0953 4.7 0.39991 0.47731 -0.71269 1.2631 0.14873 -1.2938 1.7362 1.4072 -5.8509 -4.1369 3.3226 -5.5321 -6.0402 1.2247 -2.6442 -5.7126 -2.4849 -3.1375 5.5634 4.3509 -1.9437 -7.0786 0.59072 -2.7077 3.0525 1.7266 -3.2249 0.2033 -2.1269 -1.8708 -2.806 -0.84081 -0.81787 1.5337 1.36 -3.421 -5.6032 3.7249 6.0009 0.29372 -2.3748 1.0825 4.2303 1.3746 -5.2035 -5.4777 2.5494 1.4315 -0.11643 -6.4062 0.90877 -3.4947 5.349 3.2016 -1.2548 5.4663 -2.5519 0.68674 -0.59797 4.3562 -2.8824 3.369 -2.9805 
fish -1.7036 -4.7698 -0.92495 -11.268 4.7315 -3.4341 3.3651 0.093614 -0.50141 2.8786 -0.15247 -2.7478 1.3561 5.3668 6.2205 0.56284 -6.8568 -4.9226 -3.188 -2.7024 0.49835 -5.6529 4.8991 -2.216 -3.4235 1.451 0.88752 -8.0133 0.91 3.7216 1.8871 3.5834 0.28125 -2.9413 -1.2137 -1.9916 5.129 1.8303 -3.0612 0.21694 2.7821 5.2433 -3.3922 -2.1911 -2.4584 -4.5898 -6.4115 7.6409 -1.8774 -9.0931 2.7611 -0.7304 -1.0755 -4.9955 4.8131 2.5919 5.0291 1.5645 -8.1419 -3.5309 -5.866 -4.2693 -0.49981 -1.3343 -3.4999 -1.8431 -2.5548 -3.9271 -0.20679 0.43452 -4.4278 -1.1677 6.1097 -2.4676 1.6467 3.6637 -8.4499 -2.4883 -2.3081 3.4109 -0.19167 -4.0176 0.26573 4.0674 -3.7185 -3.1245 0.14139 1.3007 -5.1082 8.6171 -6.8759 6.9471 4.2937 0.7379 -3.1872 0.024056 1.7846 1.5772 1.7441 2.1395 
wine 0.29777 -9.215 -1.8158 -4.2459 -1.3224 -3.6693 -2.5401 8.7878 0.39698 -1.3216 7.0062 -4.2463 0.21779 0.11493 4.7522 -1.8548 -1.755 -1.5122 -9.1123 3.356 3.8884 -0.70424 5.7145 -6.9124 5.879 1.8534 -0.028787 -3.8357 -1.8353 7.079 2.1748 8.0539 4.2686 -7.3396 -7.9336 -3.7179 4.5734 6.7931 4.8335 -3.1236 0.51306 1.5896 -3.7752 -0.89417 -0.28359 1.0264 -4.771 1.0029 2.2622 -6.8621 -0.50408 -1.8134 -4.5816 -1.1858 -4.0156 2.6069 5.0361 0.070488 -4.2793 4.0978 -1.6711 -0.87359 -1.6286 -6.8075 -0.5963 -6.2088 -0.4914 6.0758 0.22179 2.1927 -4.5409 -1.0907 7.6454 5.7583 0.67677 -0.013489 2.1714 0.64703 -5.6581 -0.16068 3.795 -3.0852 1.3336 1.9255 2.1387 -5.557 -1.5551 -1.1502 -9.0748 3.2416 -6.9862 5.8287 6.9752 -3.2909 3.2535 -2.7286 3.381 -2.9618 4.315 -0.18422 
paint 5.3889 -1.4581 -2.4806 -0.77686 5.392 -2.9946 1.9499 3.2479 -6.5293 -0.040408 -3.2252 -2.7608 -1.6208 4.5425 -2.3442 2.1395 0.89207 4.8688 -1.3042 -3.0857 -0.39059 1.5078 0.69566 -2.3054 0.97335 -1.1176 -0.96378 -5.4969 -2.4494 0.565 0.43752 2.8044 0.63896 -2.78 -0.53208 4.5252 1.1139 2.9359 1.1279 -2.5656 -0.82312 -0.45434 -1.3792 -0.75687 0.3524 -1.4651 -5.5958 -3.8323 -3.6215 -6.2221 0.15529 0.27001 -5.1191 -2.1727 1.3324 5.3907 2.3771 -4.5202 -1.843 -0.35527 -2.0026 -0.31343 2.3088 -1.7041 4.6569 -4.3163 0.75186 2.0953 1.1369 2.2739 0.064058 0.55862 -1.1377 0.73965 5.7957 5.844 -0.2725 -1.595 -0.25709 2.3383 2.3361 -4.3248 3.7939 6.4889 0.77253 -0.80376 -0.53904 -3.4199 2.9588 2.2124 -5.2848 3.6321 0.78501 1.0331 0.28809 -2.4039 -0.71114 -2.4422 4.1444 -2.4598 
coffee -0.27266 -0.66595 2.5035 -2.9103 1.2167 0.41243 -1.2259 0.81905 -1.1306 -2.1572 4.3331 -4.8042 -3.2098 -1.32 3.1953 2.9383 0.57398 2.2732 -4.8791 0.35192 4.0215 -2.2841 -0.22773 -2.8172 2.0715 -1.9814 -1.3619 -4.6821 2.1325 5.2673 3.3818 2.8771 -0.24281 -1.2683 -3.755 -1.469 -0.74283 4.5598 0.99707 -0.24671 0.82632 3.0894 0.25457 -1.1979 0.03863 -0.79293 -2.7857 0.93776 -1.4365 -5.9438 -0.64268 1.5843 0.53843 -2.0728 -1.3053 1.6799 4.8796 0.74632 -5.4598 3.0207 -0.61092 0.10941 0.48068 -3.1756 -0.47078 -5.4977 -3.2656 6.3893 0.39477 -0.16543 -3.1001 0.030485 5.5302 0.96681 1.6562 3.7465 -0.21534 -2.1724 -0.77892 1.8951 2.5027 -3.5575 -0.70859 -1.2815 -0.63524 -1.6592 -2.4831 0.3713 -6.0316 0.95782 -1.793 3.379 4.0788 -2.4696 -0.43716 -2.0344 2.4451 -1.6297 3.3335 -0.72857 
beer -1.8592 -4.6646 -0.33142 -3.9262 -2.1361 -3.2428 -0.65078 3.8312 0.29355 -1.3557 4.0495 -8.7202 -2.5878 -2.9945 3.3601 -0.68562 -1.0937 -1.102 -5.9996 1.0439 6.1689 1.1801 4.183 -7.0926 4.301 2.5556 0.098125 -6.1469 5.2505 6.5818 1.0616 7.4069 3.8564 -7.4381 -5.6598 -2.5745 3.8209 11.711 -0.47747 -0.28235 1.4978 -1.5759 -0.42306 0.93583 -1.7352 -3.4872 -8.0411 -1.2616 1.4402 -9.4079 -1.331 4.0015 -3.6556 -2.1287 -5.1908 3.6259 -1.6296 2.4159 -8.2307 -0.12313 2.0177 -0.23729 1.2644 -4.6312 6.3431 -5.998 -2.5078 1.7006 7.3649 -6.7512 -1.2985 5.0921 4.8328 0.55393 5.1134 0.4971 0.26081 -0.14808 -4.0638 0.87194 12.252 -4.0408 -3.0446 6.0796 7.4631 -5.6561 0.019642 5.3967 -7.131 5.897 -3.0979 4.4756 9.5293 -3.3891 1.2936 1.0945 3.471 -2.7256 3.4959 -2.6416 
smoke -0.81511 -1.7056 1.53 -2.4104 -0.089712 0.55072 1.1012 0.24961 -3.7429 1.258 -0.10885 -2.6658 -1.8908 4.2108 -4.1081 0.88751 2.5421 -0.56404 2.0123 -1.2552 1.3578 0.13997 1.9124 1.4439 -1.5074 1.3408 -2.2816 -2.5134 2.9221 0.060337 1.894 5.1214 5.1749 -1.0199 1.8072 1.1275 -2.2866 4.2446 5.0283 1.8835 0.34216 2.2943 -0.75169 0.64524 -0.30554 -0.49683 -2.8873 4.3522 -3.75 -2.8521 2.4707 -1.2108 -2.2874 -4.7949 -2.695 2.5107 5.053 -0.56131 -9.3358 -2.5416 -3.7524 -1.5119 1.0171 -5.5832 -2.4831 -5.0026 -1.3272 2.0276 0.61483 2.7692 0.5732 -0.6752 -1.4506 -1.8906 9.7615 1.2628 -1.8573 -1.5751 -3.9727 -0.7317 4.3024 -5.9849 2.3855 2.3709 1.0731 2.6977 -7.7816 -0.44276 -4.3673 4.6557 0.17514 1.1899 4.554 -2.1844 0.55661 3.3016 0.29512 -3.8739 3.1336 -4.6661 
cork -3.7574 -2.1484 -0.20355 1.0426 -0.32223 -0.73054 0.20065 -0.14777 0.84344 -3.9243 0.17308 -0.6431 2.898 0.37772 2.7427 0.24331 -1.2841 -7.1191 5.6482 -5.2828 -4.8136 3.7111 -1.3152 -6.1263 1.2738 -1.5573 2.613 -0.40178 -2.0051 0.35065 1.4765 7.9234 -1.722 3.0644 -6.3448 -0.96926 -3.6124 4.5724 -0.69033 -2.9347 1.1769 0.8981 -2.2877 -2.2324 2.3838 0.21549 0.38379 3.5545 -5.0443 -6.191 1.5681 -1.9337 -4.2067 -1.8198 -3.127 1.4999 2.593 2.2795 -6.1403 2.4907 0.74672 -0.042105 -8.4757 -2.9793 6.1745 5.2353 -1.7899 1.786 -0.95194 -0.43897 -4.6558 0.17497 7.5492 1.4782 -6.3659 0.63555 0.37215 2.345 3.2884 5.1953 6.9458 -10.74 -1.8893 2.7312 -2.22 0.45936 -1.9337 -3.3469 5.2169 3.5182 -4.5149 4.6901 -3.6744 -3.2402 0.97331 -1.151 -5.0867 -5.8038 4.9789 0.46172 
egg -3.1424 -0.27147 0.32288 -13.253 5.1494 5.337 2.8054 1.0572 -0.020802 -0.52715 3.7491 -1.0949 -0.22514 1.9463 14.845 0.11771 -6.3232 0.70627 -4.505 -2.8175 4.2703 -1.4325 -6.7179 -0.096365 -4.3849 6.0013 -5.5411 -10.49 3.3433 5.9832 4.1044 4.8192 -1.5252 -8.0461 5.9862 2.2734 5.9629 -0.83411 -0.45347 -0.62368 2.0821 5.6203 2.0911 2.0874 2.4989 -3.5662 -6.6061 2.6494 -5.1371 -3.19 2.7601 -0.15156 -3.1147 -11.867 3.6825 -0.78133 -0.84512 0.061281 -8.8183 1.1593 -0.57388 -4.2001 -0.69205 -4.5676 -0.59893 0.97136 -8.4923 -6.0208 -1.5185 -0.42555 -2.0254 7.7435 7.2832 -0.37365 1.2637 -0.11528 -2.7458 -3.124 -3.0393 10.421 -10.823 -2.1679 0.56985 -1.077 7.5434 -4.647 -7.0687 0.27571 -9.1202 10.824 -8.1014 0.53141 8.9997 0.86884 -3.7256 -1.8363 -4.2902 6.8251 7.0891 0.80922 
tea -2.5858 -1.27 4.2618 -3.8031 0.83371 -1.2605 -4.0349 1.6455 -5.9454 -4.1685 4.7876 -5.0867 -7.3391 -3.04 7.8748 4.5018 -1.2971 -0.58947 -6.1692 2.8016 11.345 -8.5882 -7.5482 -2.5693 6.4035 -6.1289 -5.1779 -8.5358 5.4344 9.277 8.3318 2.9841 -0.028014 -3.8048 -6.4608 4.8711 -2.1727 1.7428 1.891 -1.3899 0.16126 2.2146 -4.7351 0.33748 4.9121 -2.0181 -0.41616 3.563 1.0429 -8.8908 1.2712 5.4276 0.30087 -5.1052 -4.5821 5.115 3.2642 3.5701 -8.6142 3.2578 -3.2567 3.1151 -0.39731 -6.1561 1.9835 -9.4639 1.6404 10.918 -1.9792 -5.2128 -1.0435 -4.7991 9.3196 5.8898 6.5966 4.5722 -2.0486 -1.8815 2.4264 2.1934 0.46792 -3.5784 -0.22322 2.4604 2.073 -2.2897 -5.4185 2.7629 -2.7805 3.3857 -4.8691 -0.29258 10.563 -4.5819 -0.47504 -2.581 3.934 -1.5778 8.8299 -1.7571 
rose -0.43692 1.4169 -2.7562 1.5704 0.23395 3.5517 2.3549 2.6416 -4.1458 -0.28864 2.8907 -1.0883 3.9291 -0.54915 5.1181 -4.0304 1.9743 -3.0004 -1.8298 3.7175 -1.5314 4.5398 -0.67238 -4.5531 -2.8171 4.1383 -0.90208 -5.5371 -0.076334 1.4071 2.3991 5.8902 -0.19721 -0.14754 -1.5244 1.9915 2.4183 1.6211 3.9889 -3.7222 -0.8042 0.76314 2.0139 -0.73181 3.5564 -0.083016 0.49698 -0.409 -3.0405 -2.8168 -0.84569 1.3481 -4.0834 -3.145 -2.8996 2.4205 4.8791 1.0788 -2.0323 -2.035 -3.8252 1.1119 -0.60018 -3.3123 1.8972 -5.0572 0.40315 2.1647 0.7144 -2.0254 -3.5555 -2.8115 0.0077891 0.17056 3.6082 -2.8532 3.5147 1.4904 1.6626 2.7734 3.7781 -5.1858 -0.1594 8.0907 3.848 1.5062 -2.7605 -0.95546 2.7172 3.8414 -5.4402 5.0917 3.0938 2.5685 1.6241 -4.7042 -0.39894 -1.5305 1.9659 1.7582 
orange 1.3335 0.73194 -2.591 -4.2133 2.3307 -0.78362 0.26756 -0.28602 -2.0964 -1.8513 0.39279 -4.1026 -0.36239 3.9857 1.9265 0.40044 0.93711 0.5528 -1.2839 0.18509 -0.73586 1.0451 -1.147 0.87723 3.0001 0.24254 1.6194 -5.6438 -1.1241 1.3823 3.203 3.2484 1.792 1.9556 -4.3308 2.1688 1.8341 4.295 3.4314 -0.072265 0.58602 -0.45677 1.5645 2.1437 2.3485 -0.48778 -3.4426 2.2842 -0.23741 -2.7222 -3.1646 -0.40131 -3.0188 -1.6475 -0.20041 1.2557 3.0176 1.1089 -5.15 -1.2207 -3.2562 -1.1044 0.26129 -0.83257 2.2396 -2.1341 0.33276 2.1026 -0.55996 5.3593 -3.2635 0.70241 0.25655 0.63773 0.98412 3.3462 1.4671 0.21627 0.21463 1.0974 -0.024549 -3.9358 -0.80824 2.1983 1.9463 -1.0678 -2.5942 0.074423 0.74924 1.2712 -1.9795 2.536 1.0485 1.7898 0.61367 -1.3317 -2.4249 -1.9249 2.2819 -1.4588 
vegetable 2.2239 -0.51247 0.98659 -4.8219 2.971 -2.0496 -0.61262 3.4456 -0.072933 -0.26908 -0.045941 -1.8519 -1.5105 0.023275 2.1494 1.5873 -2.5873 0.36654 -3.2825 1.1412 4.2934 -2.0793 1.5761 0.013092 1.0332 -0.4704 2.8072 -4.0097 0.82682 1.0344 3.9291 2.4732 1.5376 -0.16238 -4.2656 0.22899 -0.59139 3.6607 1.6833 -0.88531 3.649 1.6683 0.91709 0.16997 1.4603 -3.831 -3.2873 0.28615 -2.4213 -4.8694 1.4542 -1.9636 -1.7617 -2.4746 1.147 0.42818 2.7599 0.71605 -4.746 0.28216 -2.8515 -0.97872 0.19431 -4.1407 -0.98833 -0.6805 -0.35783 3.6838 2.3238 -0.77879 -0.44437 0.27631 6.2609 1.2977 2.4629 4.0777 -5.0204 -1.803 0.50949 1.3389 -2.9385 -1.5134 2.1559 -0.037205 1.1899 -2.4855 -3.7759 0.57341 -1.9298 3.5206 -5.7871 1.2158 1.7073 -0.19381 0.12309 -1.8864 0.37028 1.6743 1.8656 0.48656 
mouse 1.2967 -3.4021 -0.35271 -8.1332 6.3392 -1.3498 3.4712 2.2228 -4.6107 -5.4985 -2.9957 -8.1496 -2.4299 0.41455 -1.3265 0.13838 -7.2372 0.71138 -5.2318 -0.65785 -3.2722 1.512 -0.83774 0.47241 -4.6686 5.8154 3.5222 -6.4687 -6.0718 3.0749 2.3147 1.4233 -2.4411 -2.6618 -0.48179 -1.2212 0.89683 7.2034 1.1807 -5.1516 1.4492 -1.6363 0.67498 -3.9633 2.3254 -3.0365 -5.5934 3.1475 -4.7742 -2.3264 1.3137 -2.9684 -6.2172 -0.27009 -0.65261 1.8438 2.5898 -2.2402 -9.1415 0.26614 2.3705 -3.013 1.0723 -0.45589 1.464 0.40148 -5.5618 -0.024351 -0.24389 3.7551 0.30316 -3.3412 -0.56179 -0.12116 0.23572 2.4692 -1.8806 0.30344 0.25631 0.9255 -1.3374 -1.7472 -1.0692 0.85003 0.50815 1.564 -5.5676 4.4906 2.3994 5.9082 -0.34685 1.0263 8.2636 4.2596 -6.4847 1.3149 2.2066 -7.1632 -1.7439 -4.0736 
tobacco 3.6854 -0.71005 0.79949 -1.6824 -1.4327 -3.2668 2.2196 2.4134 -2.2073 2.5526 0.31338 -0.36565 0.44565 -1.8608 -2.5844 1.5889 -0.79727 -0.21236 0.35777 -1.0011 3.8857 -2.5995 -1.1523 -0.2532 2.5596 2.6838 0.94576 -1.8317 4.2496 2.9218 -0.16221 3.976 -0.6501 0.11599 -3.9886 1.4584 -1.6685 3.0227 0.94006 5.7359 2.3844 1.2155 -2.9762 1.087 2.3402 -1.8751 -0.11612 1.6182 0.46855 -1.1462 -0.9145 -2.9639 0.83421 -2.6722 -1.9049 0.024459 4.222 0.91004 -4.0849 0.27479 0.44196 0.33407 0.44533 -5.1183 -2.0952 -2.7169 0.1387 0.71812 1.9002 1.0776 -0.44425 -0.48199 2.1199 0.64741 -1.5419 7.1773 -0.97216 1.0304 -0.036595 0.58981 6.3224 -2.6307 -0.83308 1.1531 1.8023 -1.2986 -3.7089 0.36419 -3.7057 3.657 -2.3903 5.2143 2.0283 0.14877 -1.2192 2.4918 3.0082 0.64799 -4.2844 -1.7827 
grass 1.2925 -1.4785 -2.3716 -3.1286 1.2638 -2.484 2.7527 1.8361 -2.5037 -1.5132 -2.9817 -0.91659 -2.22 8.0887 1.3994 4.0893 -1.9901 -3.9292 -1.9141 0.2789 2.9429 0.35432 1.3161 -1.0657 0.41233 4.1034 -1.449 -3.6145 1.4371 -2.8601 4.7859 4.0718 1.5424 0.29135 -0.67274 -0.5391 2.8312 5.7111 -1.6625 -4.8733 1.3042 3.1901 4.4918 -0.80685 3.7109 -0.87974 -3.0695 1.2742 -4.0893 -7.6234 2.0074 0.50935 -4.9583 -1.7638 -0.29712 2.8033 -0.63982 -0.22023 -5.7142 -3.4528 -4.1411 0.24956 -0.81963 -3.5433 1.7131 -0.68008 0.88366 2.0844 -0.019862 0.057749 -1.5066 -1.7175 1.5324 2.8362 2.7048 2.1513 -0.42401 0.93492 0.71711 8.037 -1.7245 -7.4232 4.2513 4.2889 -0.13232 -0.9431 -4.5878 6.2025 -1.3345 2.3218 -9.009 6.3493 1.9329 1.0535 -0.87194 0.39682 1.3004 0.28684 3.6619 -3.5872 
chocolate -0.028962 0.64261 1.1641 -3.3824 1.7026 -1.393 0.25238 3.4885 -1.9865 -0.93373 3.4224 -3.5852 -0.65784 -0.25053 1.9124 -1.1837 -2.7308 1.4726 -2.9491 0.32466 1.5602 -0.99333 0.76048 -1.1376 0.13819 -1.2354 -1.0304 -3.6897 -0.3824 4.6375 2.16 2.6917 0.70996 -3.5579 -2.0852 -0.75582 0.8576 3.5119 2.7187 -0.1107 2.258 1.696 -0.43552 1.4737 2.3798 0.15853 -2.7833 -1.8574 -1.3345 -3.2808 -2.1379 -0.95909 -2.2514 -3.3421 -0.15522 2.0447 4.0176 -0.36377 -5.2555 1.2321 -1.0612 -0.65355 0.11691 -3.0895 1.3224 -3.69 -0.82329 3.9951 0.0035228 0.9468 0.3227 1.5264 4.2918 0.72425 -0.064294 1.6529 0.32132 -1.7384 0.67611 2.4082 0.96123 -2.9431 0.65945 1.5488 3.1294 -2.4119 -2.354 -0.67383 -3.3238 2.8543 -1.6825 0.77497 3.2988 -0.45708 0.11936 -1.3914 0.60975 -0.44975 1.6033 0.44654 
cheese -1.5317 -2.4366 -0.42062 -3.8142 1.4691 -0.85385 -0.20944 4.641 -0.70895 -1.8217 2.4023 -5.9041 -1.3126 0.51449 6.0614 -1.5822 -0.3938 -0.57345 -3.3899 -0.91535 3.7119 -0.68301 1.8639 -2.6356 -1.6766 -1.5279 -0.83299 -1.9428 0.63912 3.0495 1.661 1.6961 2.2715 -4.6397 -2.3702 -4.4633 0.12322 4.6245 0.58376 -0.38807 3.112 2.4997 0.28434 1.7777 0.5295 -2.1749 -4.8427 -2.5907 -2.2744 -2.8892 -1.0564 -1.6682 -3.8926 -4.2514 0.26141 1.1353 2.6686 1.6068 -5.0389 -1.2012 -2.7731 -0.10487 -1.1982 -1.9118 1.2597 -2.9463 -1.1946 2.2279 -2.0694 0.42519 -0.66581 2.7718 6.0175 1.6189 1.0604 0.87014 -0.62882 -1.5813 -3.6325 1.7026 -0.48432 -4.7521 4.1818 -0.44533 4.9123 -2.8876 -3.3838 -1.5854 -2.7955 6.0052 -3.1133 3.9205 5.4526 0.053627 -0.78871 -3.1563 0.35093 -0.26553 3.3685 1.049 
bread -0.78969 -0.95948 1.2868 -1.8232 2.0036 -0.46444 3.2709 5.935 1.8478 -0.37697 2.3327 -4.8277 -2.1206 -0.079814 6.891 1.1385 -2.0409 0.74371 -3.3042 -1.0861 5.0842 -0.76944 -0.76703 -2.7204 0.2873 -2.9852 0.10833 -3.7375 -0.15014 3.7545 2.7151 1.847 -1.2313 -1.9235 -0.71843 -3.5624 1.0041 4.0003 1.1776 1.1068 3.6536 2.4278 1.1848 1.0006 2.0685 -1.2477 -5.5804 -1.9539 -1.2256 -5.8076 -2.3247 -1.2658 -2.0523 -4.6123 -1.5932 2.8489 1.7894 -0.52809 -7.9309 -1.3523 -2.8904 -2.0364 -0.59742 -3.3934 2.1067 -2.0349 -3.3073 3.8017 0.63265 -0.82753 2.4397 3.2244 4.8942 -0.064889 2.8535 3.6498 -4.2371 -6.0672 -1.3378 3.8829 0.59299 -7.2374 5.9784 0.032243 4.7192 -1.8843 -2.8452 0.81049 -1.9755 4.0035 -1.8361 1.5572 3.4536 -3.8722 0.65647 -3.4174 0.018528 0.7174 2.8072 0.67421 
potato 0.42946 -0.53154 -1.464 -4.9207 1.8376 -1.0473 1.5669 4.408 -1.0635 0.31992 1.2622 -2.5265 -0.526 2.1812 3.5341 1.1418 -2.3763 -0.16533 -3.1663 -0.39433 3.0025 -1.3336 0.86992 -2.3766 -0.93139 -1.9625 0.84776 -3.6282 1.8025 2.7318 3.3215 0.20421 0.97966 -0.47465 -3.3526 -1.9883 -1.6824 2.4308 -0.056287 -0.6186 2.4071 2.9282 0.2582 1.1733 1.8399 -3.7 -4.7775 1.1068 -0.76693 -3.4949 -1.4343 1.1929 -1.5153 -2.417 0.34153 -0.20204 1.1183 1.5966 -2.1406 -1.5259 -3.7279 -2.1316 -1.5756 -1.0542 -1.3505 -1.1814 -1.5981 1.8673 0.15247 -0.55512 -0.65581 1.9345 5.3024 1.0232 2.2216 2.3686 -4.0151 -1.2378 -0.37255 1.7573 -2.9368 -4.7487 1.9449 1.1899 3.6095 -1.6293 -3.3272 0.19772 -2.7482 4.7262 -5.0228 3.6754 4.2735 1.0312 1.4091 -1.3222 0.16359 3.1129 3.2553 1.2289 
rope 0.697 2.0998 2.4003 -7.4104 4.1944 -1.2063 4.911 0.97125 -1.744 -3.7002 -2.6967 -0.46624 -4.1194 6.3632 0.64849 3.4184 -1.4886 -2.8617 0.74432 1.0868 0.67644 -2.4996 0.070168 -1.0792 0.25726 1.3133 2.3036 -5.6779 -0.93953 6.1613 -2.5104 5.4339 -0.025699 -4.1886 -1.486 1.3527 -0.59239 1.0892 -3.4912 -3.3747 2.2107 -2.5572 1.8706 -3.8213 -2.504 1.1384 -2.0433 -1.3139 -3.6041 -2.7465 3.0558 -0.15998 -3.1292 -3.8759 1.0286 6.1825 0.63479 0.55202 -2.4344 -4.3813 -6.8909 -0.020235 2.1999 -2.426 -1.086 0.7202 -1.1775 -0.22579 -6.4645 -2.6688 -0.2419 -1.6465 0.66459 -3.5197 4.9156 2.3683 0.39362 1.4471 4.0405 5.143 1.94 -4.3712 6.921 2.5895 0.08307 3.3878 -0.31604 2.963 1.8099 -0.090887 -1.6978 1.8437 -1.8358 0.37002 -0.30102 -4.585 5.4254 -0.61031 2.3658 -8.7237 
rubber 3.0103 -0.70852 -1.794 0.30583 0.44305 -0.14565 3.3807 0.66396 -2.1451 -0.21726 -5.3359 -4.0925 -0.62967 3.1569 1.5794 2.6608 0.76899 1.5481 1.2953 -0.75125 1.9066 -0.093084 -1.2645 -0.25245 0.459 -0.43344 -1.461 -4.6801 3.6528 2.3427 1.3751 3.3657 0.62168 -2.0147 -0.95621 1.1556 -1.1383 7.3039 -3.9763 4.0871 3.2843 -2.5248 0.21814 0.82906 0.96124 -3.1973 -6.6057 1.3237 -4.5359 -2.7029 1.1472 1.1804 -2.6685 0.74901 -1.7174 6.8563 2.7597 1.4887 -3.3303 -2.5595 -1.8285 -3.4081 2.8253 -3.5143 3.1099 -1.3771 -0.98115 -0.99498 2.3719 -1.3852 0.60746 4.7137 2.3326 0.20488 1.9929 3.7546 -1.5459 -0.42574 3.1215 -0.18524 3.2281 -3.2206 1.3755 6.7779 4.657 0.44891 2.1133 2.3783 -0.65158 2.3699 -6.2918 2.1317 1.2279 1.7388 -0.6855 -1.4593 6.3524 2.1738 3.208 -4.8155 
leather 3.6363 -3.1537 -0.1539 -0.19947 3.3794 -1.7765 2.401 2.6473 -3.9515 -2.8813 -1.6132 -5.0389 0.33883 3.0982 1.0874 -1.0581 -0.81734 3.8208 -2.3931 0.35514 0.094293 0.077284 -1.7281 -1.7277 1.7827 0.68155 2.8235 -6.4797 0.3523 2.24 1.0118 2.5422 1.6832 -4.1084 -3.0618 0.35185 -0.39757 7.4451 -1.1461 -1.2983 5.8389 -1.33 1.2785 2.2707 3.0246 -0.51908 -6.026 -1.0865 -2.166 -4.8453 -0.63886 -1.8165 -7.2266 -0.99346 -1.2877 5.1918 -0.25299 -1.4375 -4.1842 -1.2725 -4.1136 -2.6298 2.4979 -4.2996 3.5835 -1.9728 -0.95985 0.99643 -0.64276 -2.4818 -3.8926 0.88326 3.3112 0.4972 7.4251 3.1871 0.68242 -1.267 2.6959 -0.15064 3.522 -3.3049 1.7177 4.3359 6.2282 -0.60806 3.2749 2.647 1.5991 1.3814 -5.103 0.38172 0.47781 1.4326 1.7945 -2.9637 3.3257 -2.4945 2.5528 -1.9306 
berry -0.15491 -0.85738 -0.72777 0.0035338 -2.0751 3.3233 0.2084 4.8636 -2.818 -0.39191 4.0319 -2.9494 3.1536 -1.4573 3.7846 -1.275 1.0931 -2.888 -1.7089 1.4336 2.1842 -0.5982 1.7844 -2.0496 -3.5259 3.7251 -0.10379 -6.5028 1.3301 0.99697 2.9211 5.1499 0.35191 -2.8839 -2.1698 -1.0141 -0.77592 3.6258 1.1614 -2.8585 2.6853 1.9774 3.5221 0.60238 3.2985 0.055316 -2.5201 -0.50568 -0.72621 -2.7788 -3.5362 1.3406 -0.7516 -3.567 -3.4637 1.6711 4.4001 2.2259 -3.9559 -0.49754 -3.8119 -1.7294 0.011292 -3.9071 0.42624 -4.2299 -0.33524 1.7456 1.6529 0.72507 -0.71868 0.32505 1.7769 0.41121 1.6718 -3.045 1.7636 1.8479 0.28333 4.4845 2.7119 -3.864 -1.4801 4.2255 3.0265 -3.699 -5.0702 2.3111 0.9916 5.2921 -4.9265 5.3481 4.3814 2.2805 0.80313 -2.1978 -1.9648 0.18325 1.0627 0.87989 
honey -2.5933 -2.545 0.21496 -4.599 2.1338 4.3533 1.2316 3.66 -1.017 -0.020005 0.93339 -2.8275 0.30328 -2.4273 3.7889 -0.37387 1.5843 -2.2462 -4.8865 0.29485 3.2565 0.66551 1.1219 1.0889 -0.50762 1.1243 -1.8318 -5.1776 -0.00030961 -0.58644 1.5596 5.7655 -1.339 -5.5702 -1.0516 2.2965 1.1315 3.3965 3.9188 -1.2056 4.0246 1.6764 2.2475 -0.65509 5.5535 -3.4503 -0.72403 -0.28158 1.513 -5.5532 0.74289 2.1706 -1.6943 -3.5913 -1.3098 0.54415 2.8534 1.1441 -5.8211 1.0148 -4.9866 -1.6666 0.78546 -5.5962 -1.3944 -5.1174 -0.47641 4.3315 -0.20847 -1.0315 -1.1422 1.2727 2.8594 2.5239 0.81581 -0.82943 0.75252 -2.0783 -1.3157 4.4578 2.9299 -3.3942 1.1128 0.80018 3.3056 -2.6389 -1.0106 3.8512 -2.0987 4.5535 -4.0995 1.5681 6.0943 2.3473 -0.15591 -1.4 2.1111 -0.15038 1.5025 -1.081 
soap -2.9116 2.9349 2.3089 -4.7515 -2.2247 5.5508 5.7941 0.20863 -5.5297 4.5804 5.0293 -3.6466 -2.3312 -1.2139 1.0285 -0.45998 -1.8331 3.3058 -6.2495 2.1473 0.037566 -0.33349 -0.035092 -0.097079 3.1639 -2.8901 -0.3545 -1.3925 -0.52558 -0.0049543 3.043 5.0613 -0.19624 -2.5125 -0.77377 -1.6759 -1.5314 7.1435 2.1439 0.8995 -2.472 4.3161 -3.1558 1.8527 -0.52015 -3.0675 -1.8687 1.5525 -1.5516 -2.867 2.9032 -2.4875 -5.7067 -8.536 -0.20979 2.9247 1.0499 0.57801 -4.7193 5.3528 -2.5162 -1.1322 1.0852 -5.179 -3.9135 -5.361 0.4762 0.054578 5.4967 0.034788 -2.3854 0.53565 1.2996 0.119 2.9429 2.298 -0.53767 -5.1631 -0.83741 1.5705 4.5587 -5.3969 -0.64762 -1.9334 4.7482 0.98374 3.4288 -0.61884 2.1571 -0.69886 -1.2266 -5.3279 7.7022 1.1486 2.6692 -11.376 4.0453 -2.2797 7.9147 0.16043 
onion 0.94448 -1.3586 -2.6633 -5.4009 4.5976 1.199 1.9371 4.505 0.61365 1.5313 1.1852 -3.0028 -1.0137 0.44712 3.3061 0.27612 -2.7227 -1.6316 -2.9308 1.0625 4.3212 1.2682 0.79624 -0.95016 1.6055 0.46419 2.846 -4.4166 0.38872 3.3281 5.3757 2.1379 2.4842 1.9539 -4.3837 1.5474 -0.86111 4.5993 1.4242 1.6396 2.694 -0.58531 -1.2456 2.796 0.79707 -3.3497 -4.8627 0.5793 -0.13978 -4.3376 0.068786 -2.9229 -2.0927 0.18003 -0.19116 2.7151 2.1498 2.6817 -1.7315 -4.7903 -5.1118 -1.6913 -1.1834 0.13167 -0.1083 -2.4399 -0.6062 3.6591 3.2922 0.3223 0.0091512 2.5052 4.991 3.8134 2.6084 9.3505 -2.9214 -3.0749 2.1456 -1.0396 -4.7151 -4.9158 2.2942 1.0645 2.7714 -1.8252 -3.5467 -1.4584 -0.032324 3.7008 -4.7351 -1.4062 7.5114 3.0968 3.4517 -1.8565 0.83046 2.1065 1.0622 2.4687 
weed 0.070867 -0.78224 -1.3386 -5.5214 2.6313 -2.3108 3.5635 1.4778 -4.5621 0.68649 -2.5965 1.3234 0.1522 1.9929 0.49491 2.3989 2.4229 -5.5482 -4.1645 -3.4604 0.029942 -2.1664 4.0879 1.4661 -0.78357 3.729 -0.36906 -4.3478 2.7653 0.352 3.0785 6.9579 -1.9108 -1.8448 -3.1271 0.03713 0.2508 4.8936 1.1176 0.37473 2.4958 5.8042 1.3876 -1.6188 5.0004 -2.8458 -6.207 3.546 -3.1321 -6.592 1.7751 -1.9341 -0.0068113 -5.1617 -1.1634 1.073 -0.33135 0.9843 -11.053 -1.2913 -0.96843 -1.2571 4.3865 -6.4016 -3.5867 -2.1193 -0.62974 1.991 3.4685 0.31658 1.9644 -2.4188 1.4625 1.7567 3.9585 5.6567 -5.0249 2.1182 -2.931 6.6058 2.4161 -6.1168 2.3596 2.2797 2.3708 0.044509 -9.6832 6.1911 -2.4571 3.6906 -6.8416 4.1251 1.7696 2.8215 0.14396 2.861 2.4942 -0.77129 1.8873 -4.3096 
oak 0.90416 -0.86626 -1.414 2.3572 0.80424 4.1522 1.1949 -1.9811 -3.8529 -6.3379 7.2072 -4.1593 0.45228 8.2851 2.7218 5.3703 2.2289 -3.9338 -0.78827 -3.9393 -2.5334 2.4756 -1.2717 -8.1022 0.37352 4.8775 -3.782 -2.1966 6.8957 -3.2277 9.0784 5.5085 5.306 -4.0475 3.497 0.88376 7.7047 6.6934 3.0305 0.3682 -7.0288 -0.026961 -0.10255 3.5574 5.1683 7.727 3.6545 2.4177 -3.3338 -3.6597 -2.9638 2.5308 1.007 -3.6603 2.6768 0.77882 5.4384 -1.2772 -1.7124 -1.7516 -3.7083 4.7304 -2.1247 -1.1695 5.8883 -6.2928 8.684 -2.0848 -4.2242 0.036773 -7.4842 1.2631 -1.8773 6.0263 0.048247 -5.3852 1.0284 1.261 2.5338 -1.4953 -3.2377 -2.5457 5.9574 8.7367 3.5668 0.76221 -9.5601 4.7546 -2.8226 2.9913 -12.032 9.167 7.9189 0.30042 2.0914 1.8076 -5.2164 -4.3784 5.8503 -1.7134 
cherry -0.48792 -1.0886 -1.1857 -1.7369 0.99201 0.18249 0.59271 4.1073 -1.3368 -2.0701 3.0782 -2.7386 1.4847 0.54993 3.1724 -1.5459 2.5568 -2.3994 -2.0478 -0.40312 -0.32558 0.16497 1.2123 -1.4344 -2.9553 2.2039 -1.6483 -5.4118 0.041515 3.0007 2.999 4.503 0.84897 -1.7264 -1.1013 0.65063 -0.37139 2.3585 0.68704 -1.4656 1.1793 0.33421 1.1912 -0.34393 2.9947 -1.4745 -2.1091 -0.99423 -0.68975 -3.7889 -1.5042 0.080016 -1.127 -2.8679 -1.3872 0.087593 1.9153 2.2384 -1.7469 -0.84311 -2.969 0.74064 -0.0011529 -1.8716 0.4278 -1.2571 1.1925 2.8841 0.9884 0.85966 -0.57142 -0.87409 2.7682 3.1076 1.7738 -1.2241 -0.23103 -1.2178 0.44667 1.3621 1.3025 -4.2004 -0.27879 3.4657 0.2183 -0.53058 -3.8583 -0.5578 -1.2916 2.4507 -4.2913 5.2349 2.7928 2.9759 1.5325 -1.9356 -2.0903 0.59055 1.2282 -1.1387 
mint 6.1148 -2.5365 -1.4586 -2.3968 7.0933 0.80159 1.9213 1.8585 -3.596 2.249 -0.28174 -6.73 0.34543 -0.53951 -3.4019 -1.4946 -1.9144 1.3918 -4.2366 -6.137 6.2521 -0.47496 0.20416 -0.80822 1.3729 -0.52514 4.6565 -2.7644 -1.4692 5.8884 1.9365 2.1814 3.762 -2.0342 -4.8676 4.3951 3.5872 4.2864 3.5086 -2.1384 0.95047 -5.0755 -3.3144 1.3157 4.5274 -2.2591 -4.194 0.8713 0.85179 -6.3121 -3.8559 0.31655 0.32037 -2.9837 0.30794 2.4105 1.922 0.64324 -2.2953 1.6685 -3.6397 -3.3488 4.2757 1.93 0.87071 -6.1721 1.3696 1.3349 -0.88665 -0.50146 -0.27169 1.1424 5.5438 3.7711 -1.8132 8.3713 2.2793 -1.6002 2.2983 1.8634 -3.268 -1.2573 1.7715 -0.83219 1.2844 -1.2246 -3.671 -0.36561 -1.2345 0.72575 -5.2265 -1.7904 1.138 -3.1778 -0.75306 0.74026 0.93945 0.39137 2.7211 -2.1242 
banana -0.15666 1.9748 1.0602 -5.2067 -0.34131 -0.7319 -0.72314 4.1903 -4.521 1.1052 0.29255 -2.9299 -2.3562 1.8563 2.5872 -0.76126 -2.7332 -0.38139 -0.64134 1.2616 2.1747 -1.9514 -0.79445 0.32932 3.1775 -0.89045 -1.2226 -5.4268 0.73971 3.4237 3.108 0.89707 -0.1557 -0.6903 -1.1142 0.9194 -0.62212 1.5971 0.35952 0.50394 1.1984 1.2353 -1.4009 -0.17341 1.4316 -2.7422 -1.4678 0.26383 0.06405 -3.582 -1.352 1.2513 0.54135 -3.0623 0.99405 1.2043 4.1416 2.4228 -2.3782 -2.2533 -3.7557 -0.8658 0.36969 -1.6067 -2.6005 -2.666 0.38897 1.9519 1.0709 0.40218 -0.43267 0.76032 5.7517 0.21093 -0.29082 2.812 -3.6104 0.11989 0.2043 -0.024736 -0.44866 -3.0651 -0.63657 2.3284 3.9883 -0.69893 -2.3323 1.2972 -3.4992 0.94759 -4.1013 1.8698 1.7091 1.6989 0.41753 -2.0098 1.3357 0.91217 2.2438 0.34274 
mushroom -0.36995 -0.2037 0.041746 -3.9122 3.0682 -0.35333 -0.097245 1.5629 -2.0387 0.13202 0.73993 -2.4216 -2.1677 1.0588 1.0568 -0.72386 -0.6837 0.18359 -1.6017 0.23947 1.5257 0.6366 2.259 1.9743 -0.41782 -1.346 1.8191 -4.069 -0.31395 3.5842 3.0833 2.5943 0.6106 -2.356 -2.8174 -0.70296 -1.3115 3.7324 1.8777 -1.917 -0.56699 0.55891 -0.16628 0.645 2.0287 -0.5252 -1.9534 1.3696 -1.5702 -4.3667 0.63039 0.1417 -2.6903 -1.4133 1.3978 -0.81766 1.001 0.075981 -4.6921 -1.1715 -2.353 -1.8657 0.035818 -4.068 0.4411 -3.5 -1.3347 0.96373 0.59915 -0.67191 -0.75691 0.64961 2.3341 1.597 3.7169 2.9525 -2.4426 1.1964 -0.26354 3.3438 -2.1304 -2.1121 2.3557 1.5445 2.7331 0.039011 -2.5176 2.2924 -1.8758 3.9135 -3.5364 2.1906 3.0469 -0.45548 -0.4555 0.83294 -0.65782 -0.72441 2.6434 -0.20751 
pine -0.19745 -0.27761 0.6866 -2.565 4.2027 -2.001 2.6462 4.5988 -4.2705 -1.6807 1.352 -5.3606 1.9353 8.1606 2.7372 3.2874 -0.36359 -5.4636 -2.0754 -0.17238 -1.7187 -0.32927 1.1599 -1.786 -0.51613 3.9627 1.6281 -8.1748 1.6056 0.41797 4.0903 3.483 4.5423 -3.395 -1.2578 1.1817 4.9099 5.7864 2.2073 -2.2413 -2.9713 3.049 2.1998 -0.69955 3.0472 2.2928 -0.65614 2.2368 -2.0642 -4.0566 -0.59293 -0.7848 -0.53338 -0.3648 -0.85575 5.0248 6.2215 2.8678 -4.2576 -2.4372 -4.9785 -0.75369 0.24516 -1.5272 3.389 -6.895 4.9155 -2.2699 -1.6492 0.22775 -4.5239 -0.52494 0.70982 2.8451 2.8969 0.042087 -0.21185 1.2154 1.48 3.8043 1.4201 -5.8509 2.3735 2.8697 0.53704 -0.26974 -7.9983 3.9109 -1.4837 4.9214 -6.8856 8.9628 2.9712 5.1805 2.2677 1.1709 -0.79082 -2.1823 3.3447 -0.94311 
grape 1.7449 -3.2365 -1.6779 -3.9217 0.030197 -2.4267 0.4775 5.6586 -1.5961 0.31015 -0.34094 0.23797 -0.41644 1.5582 2.9033 0.36168 -3.3347 -1.3478 -5.3652 0.5979 0.056476 -0.98553 5.0408 -2.0884 3.4127 2.1646 -2.3817 -6.1652 -3.0001 2.9625 3.9495 2.7721 3.5828 -3.0064 -5.9379 -0.64641 2.5914 5.0009 3.3609 -3.6563 1.253 2.6132 -0.62416 -0.10669 1.8501 -4.1848 -4.2926 -1.5675 -1.5333 -3.7504 -0.76614 -0.2606 -2.9231 -1.0774 -1.4923 3.4996 3.0098 -1.098 -3.3264 -0.59173 -4.937 -0.62198 -2.0041 -5.7148 1.0986 -6.5291 -1.4833 3.3559 2.4949 4.9021 -0.69054 -1.1637 2.4338 4.0196 1.1341 2.1365 -0.63076 0.7846 -2.6541 1.5133 -2.5559 -4.0692 -0.11243 1.7419 4.7857 -3.2279 -3.7106 0.92622 -3.2539 3.8047 -6.4989 5.0671 7.2425 0.50727 3.936 -1.3357 -0.73818 1.2219 1.9187 -1.3254 
lemon -0.36147 0.32656 0.06348 -3.4764 2.8894 3.2447 1.2466 4.8009 -3.4328 1.4918 3.0761 -5.2992 1.3012 2.3143 4.0063 -0.91128 0.70643 -1.8622 -1.4283 1.773 3.3668 -1.3265 1.1108 -1.8845 2.8533 0.29124 0.66657 -6.795 1.2415 1.9414 4.6279 3.1108 2.5271 -2.2952 -1.2789 1.3731 2.6575 3.9619 2.3188 -1.4232 0.50017 0.39005 2.4624 1.0394 3.2688 -3.1109 -3.7443 -1.1721 -0.434 -2.2234 -2.2945 2.0815 -1.419 -2.0339 0.16779 2.5843 2.232 3.807 -3.7417 -0.73562 -4.4994 -2.8545 -0.69148 -1.2306 -1.9729 -6.5333 -1.7002 2.6991 2.2074 1.0725 -0.84271 -2.2352 -0.014349 4.8151 0.89316 2.0046 3.2439 -1.3867 0.20832 -2.7774 2.7661 -5.9294 -0.98016 2.1714 4.4829 -0.13921 -2.8261 -0.46948 0.50325 4.6225 -2.2863 -1.4537 8.8019 3.694 3.2086 -2.6959 -0.60703 -0.95853 2.964 -0.51272 
coconut 0.35233 1.7027 -0.56278 -5.312 2.1771 -0.70926 -0.53977 2.9464 -2.5595 1.9134 1.1927 -3.5541 -0.87206 3.4031 1.9598 0.47278 -2.5909 -1.6079 -2.4838 0.92443 4.3801 -1.6172 0.4242 0.25824 3.2873 -1.476 -0.92539 -5.7443 2.3025 2.2266 3.4196 1.5641 1.2704 -1.0372 -0.75333 1.4325 1.7547 3.2928 -0.10009 0.85445 0.70628 2.3169 -0.9477 0.66769 1.9055 -2.9228 -1.6239 0.73908 -2.142 -3.1979 -0.68696 1.2629 -0.52856 -1.3366 0.92564 1.4437 3.2204 2.709 -4.0722 -0.313 -2.8047 -0.54772 -0.66702 -3.9793 0.14341 -4.4732 -0.74454 2.8968 1.4917 0.67054 -2.1039 0.38158 5.7567 2.0554 -0.29834 3.7563 -2.284 -2.1503 0.014303 0.96488 -1.4516 -2.8626 1.8066 3.583 2.3945 -0.33334 -3.2991 2.2454 -2.7818 1.8927 -4.5906 1.4881 0.45534 1.9899 -0.30453 -2.0499 2.6198 1.4521 2.5021 -1.4344 
gasoline 1.8776 -2.3864 0.69287 -2.0726 0.88305 0.10563 -1.8106 3.2874 -2.0576 1.5231 -1.0026 -1.29 0.0074219 2.824 -2.1931 3.4557 -1.1092 0.96659 -3.6453 0.93824 2.4377 1.943 2.9314 -3.4298 2.4529 3.021 3.8098 -1.6884 3.433 -0.5231 1.0741 1.2765 1.6429 -0.14955 -3.1354 -0.72137 -0.49556 2.5243 0.222 3.6875 2.6966 -1.1476 1.6562 0.32716 -4.1908 -1.6384 -2.5589 0.49387 -0.63001 -2.6941 1.5734 -5.7801 1.3757 0.38413 -3.2859 2.7745 2.5204 0.28307 -1.3221 1.0618 -0.41723 2.2919 -1.2056 -3.3776 -0.25696 -0.67254 -2.7821 0.76088 2.4951 2.8767 -1.4099 1.0064 1.611 -2.284 1.4964 4.6362 0.12432 -2.0158 1.318 1.2341 2.3928 -1.5727 1.8179 -1.9201 -2.2194 0.21276 -3.6904 -0.82808 -3.0906 1.0809 -1.5661 0.83567 0.29066 0.16122 1.7812 1.749 3.9638 2.4307 3.9487 -2.5612 
bakery -0.5788 2.8084 3.8151 -1.5591 1.1536 -1.4906 -1.3976 3.824 0.024183 -1.9912 3.2744 -4.3717 -2.8981 -2.4224 5.1673 -1.5448 0.057946 -2.2406 -3.114 -1.6685 2.9974 1.3879 0.53115 -4.7927 0.67857 -3.099 1.4152 -2.7044 -1.1833 2.5114 1.6379 4.7534 2.5898 -1.5202 -1.4323 -1.3993 0.36896 3.4138 0.49845 0.39658 4.046 1.2604 -1.1716 -1.9464 0.47689 1.343 -0.38253 -3.5281 -0.13673 -7.8172 -2.5329 -0.79699 -0.85619 -2.7563 -1.7837 1.163 4.8603 1.4119 -5.0136 -0.0086272 0.84031 -0.098482 -1.691 -0.56627 3.2657 -2.721 0.38471 2.5676 3.4369 -0.94183 -0.93661 2.9267 3.8412 -2.7447 1.7513 0.96651 -1.5086 -0.50712 -0.57438 1.1326 0.21201 -0.01224 3.6478 1.7278 3.947 -2.2058 -2.4171 -0.85665 -0.60048 1.8998 -4.1507 4.2279 4.8139 -2.1794 1.5227 -1.5793 0.86611 -0.67045 3.8052 2.4942 
glue 1.3064 0.54485 1.8052 -5.9423 3.9075 0.47932 4.1011 2.025 -2.9462 -1.1294 -0.60152 -4.3448 -1.7322 -0.59985 -1.4019 4.8253 -0.63367 4.1987 0.13574 1.2349 0.61728 0.36904 1.8044 -1.3947 -2.8529 -0.71998 -0.88155 -4.6488 -0.63993 1.57 0.13029 1.4686 -2.0141 -0.49506 -0.55621 2.4505 -1.089 5.2252 -1.1265 -1.0524 0.1426 -2.0139 -0.95338 -0.34712 2.2265 -0.8163 -5.0663 3.5135 -5.2332 -0.092623 0.24046 -0.61005 -6.1248 -4.4006 1.0087 2.2882 0.022859 -2.3491 -5.5852 2.3593 -3.5168 -1.8139 5.1521 -3.1284 0.10976 0.47312 -1.0256 1.5014 -2.0631 1.3374 -1.1962 4.2898 0.40662 -1.5237 3.0371 2.4816 -2.2226 -1.9148 0.47021 -1.3144 -0.36286 -7.1571 2.7531 -1.1543 1.5577 3.3947 2.1332 1.4032 -2.5281 1.0318 -3.657 1.1327 2.1016 0.063214 -1.2997 -7.403 2.3586 -2.9731 3.5511 -5.0715 
garlic 0.99421 -0.82731 0.010937 -5.3955 3.1213 1.9153 -1.1057 3.7114 -0.90783 1.6123 1.4501 -4.1063 1.3557 1.5879 2.5532 0.35243 -1.623 -1.0382 -1.0136 2.9459 3.9374 0.96939 2.0853 -1.0769 2.0856 -0.83513 1.5645 -3.6449 -0.025925 2.9787 4.965 1.4526 1.2374 -0.07935 -2.7917 -0.32336 -0.72699 2.1541 1.4939 -0.79539 3.3173 1.4299 -2.0938 1.6289 1.2857 -1.7991 -4.2225 -0.12604 -1.1673 -3.7837 1.4044 -0.87786 -2.1033 -1.952 1.7223 0.97477 2.4389 5.1459 -4.0487 -1.89 -3.1669 -1.699 -1.7588 -1.5591 0.18562 -3.6106 -1.3233 2.641 0.62886 -0.30201 -0.19623 0.034922 1.4033 1.9408 0.86111 3.4107 -1.5109 -2.072 -0.29559 0.56417 -2.2375 -4.6806 1.6709 2.6341 3.2004 0.99515 -4.0369 0.20217 0.26189 4.7134 -4.2489 1.7628 5.0761 2.2434 0.11269 -0.072138 -1.1714 1.1982 2.3297 0.87756 
blackberry -0.57126 -3.0971 -0.0014627 -2.0728 2.2869 -0.51004 2.5842 2.3563 -1.3953 -1.2293 1.9979 -1.4453 0.3564 -0.36538 -2.0389 -0.2347 2.2651 -0.84424 0.34753 -2.6747 0.05365 2.4481 1.4745 0.86297 -2.2859 1.3473 1.4492 -5.0397 0.20414 2.1714 1.9718 2.2386 0.34338 0.21641 -1.5187 -0.48505 -0.28699 2.2453 1.6054 -0.53052 -0.8898 -1.3134 1.0339 0.26844 2.9578 -0.065216 -2.6219 -1.1906 0.95628 -1.6616 -4.4042 -1.5943 -1.6888 -1.1034 -0.91117 1.2458 4.5437 1.0414 -2.4167 0.21125 -0.32022 -2.9449 1.5411 -1.0352 0.9308 -1.0659 -1.831 1.2996 0.18503 1.5258 -0.76133 -0.56823 3.407 1.1938 -1.0574 0.51657 1.5051 1.3501 0.14765 1.7756 1.3917 -2.4751 0.6534 -1.1255 1.9586 0.17211 -0.88532 0.84036 -0.074308 -1.3118 -1.5897 2.3379 1.9799 1.9426 1.9979 0.53471 0.60317 -0.11819 -0.1276 -1.0891 
hay -2.4826 1.4063 -0.56121 0.79136 -5.321 0.83236 1.0866 2.2189 -0.24144 -4.532 0.6628 -2.851 -2.6364 3.1577 4.2206 2.8381 3.8452 -3.325 -0.5862 -1.1963 -0.26772 -3.6024 2.3185 -5.1277 -2.7906 6.2251 -0.53176 -4.5583 4.4082 -1.6672 -0.27327 8.298 -0.62057 -2.0908 -2.2523 -0.90873 1.1442 3.868 0.23238 -3.6817 5.4896 5.734 0.79542 -0.14423 2.1714 -0.92984 -1.2732 0.96091 -3.0645 -9.4918 4.0497 4.0908 -0.80633 0.058681 -6.4676 6.6663 0.68212 -0.064586 -1.6297 -3.6834 -6.8221 0.25479 -2.2614 -4.6483 -3.6643 0.77457 3.9374 3.526 3.6077 -6.2208 -0.15262 -0.26853 -0.078214 -0.51465 5.1132 -1.4868 -3.0755 1.5169 0.67883 6.8408 4.5231 -4.4079 -2.3254 8.3554 1.6423 -3.5596 -6.0245 3.6506 -0.84812 8.0186 -4.257 5.9488 1.0768 2.5482 1.3884 -1.8676 2.9404 -1.9402 7.4834 4.0819 
carrot -0.91035 0.76926 -0.62007 -4.5743 2.9823 0.39163 2.056 3.9468 -2.2486 -1.2834 0.21731 -3.6169 1.1506 1.9749 3.5875 0.84805 0.54794 0.2 -1.9913 -1.1677 0.2462 -0.22777 1.7723 -0.42995 -0.97188 1.6688 0.53479 -4.7349 1.1956 4.5152 3.0638 2.4734 -0.6634 -0.59203 -1.8138 -0.018836 -0.079604 2.6393 -0.00060651 -0.33978 1.913 -0.06777 2.8258 0.6867 0.057175 -1.0722 -4.502 0.091356 -2.6204 -3.2428 -0.10956 0.97165 -3.1435 -1.3738 0.95572 2.0124 2.4359 1.4667 -3.7605 -2.0334 -3.0011 -1.8173 1.4436 -0.27298 -1.4098 0.46377 -2.355 3.7431 -0.2196 -0.52879 -0.60643 -0.48269 2.6566 1.0717 2.3129 0.89127 -2.0289 0.07143 -0.31839 3.4464 0.63532 -5.2359 2.6616 2.0091 3.2754 -0.60793 -5.0057 -0.50428 -0.81334 4.5121 -4.0903 1.0815 2.2455 1.172 -0.65262 -2.6225 -1.157 1.5123 1.0099 -0.66549 
strawberry -0.059268 -0.53526 0.12127 -2.6538 0.31891 -0.84952 0.57331 3.6028 -1.3159 -1.3999 1.5937 -1.9395 -0.1262 0.83815 2.0286 0.24861 0.32667 -0.55643 -2.3795 -0.30222 0.90397 0.27435 1.5859 -1.0582 -0.86846 0.95987 0.46149 -3.8313 0.21097 2.9866 2.7794 2.919 1.5875 -1.704 -2.9188 1.0994 1.0025 2.5773 1.485 -1.0763 1.7032 1.3975 0.63746 1.0007 1.8463 -1.1282 -3.0596 0.49651 -0.24363 -2.5493 -1.3658 -0.22787 -1.3217 -2.3893 -0.034884 1.4686 3.4182 1.2372 -3.8176 -0.012524 -2.6655 -0.79847 -0.59829 -2.5713 0.36673 -2.1131 0.004329 3.0808 1.1055 0.43836 -0.1841 0.89647 2.3321 1.5395 0.24247 0.050438 0.23961 0.057422 -0.50623 1.853 0.18339 -3.5959 -0.47024 1.5524 2.7839 -1.144 -2.7089 0.31966 -2.0473 3.2415 -3.7097 3.2707 3.14 1.1257 0.55389 -0.65841 -0.020783 0.77081 2.4547 -0.053888 
urine 3.0223 -1.9905 -4.2421 -3.7822 -0.81467 1.1444 -2.6586 1.1592 -3.218 0.71437 -4.1161 0.029671 0.87829 2.7335 0.34955 2.6598 -6.1286 0.49762 -4.2147 3.768 1.6116 -2.9316 -1.2755 -0.24448 0.12915 0.70202 1.0487 -0.63835 -1.6691 1.4471 3.6482 5.3455 1.4785 -4.0136 1.6727 0.95354 0.54524 1.8595 2.2288 -1.4766 1.6085 1.2689 0.32863 -3.0189 0.56132 -7.0717 -5.1102 3.3689 -5.5961 -7.9303 2.1848 -4.9195 -2.6883 -0.94149 -0.017031 2.5024 2.2661 -2.0918 -7.4449 2.4343 -3.1043 -0.026928 1.8648 -4.7546 -2.0143 -3.6981 -1.8018 1.7164 -2.1047 0.16875 -0.36486 -0.80307 -1.0567 -1.9964 3.4608 7.0406 -1.2365 0.1693 1.3671 2.3696 1.0302 -3.0881 -3.6518 1.587 -1.0015 2.067 -4.4916 2.3628 -2.5295 7.3628 -1.7751 -2.6999 4.5676 1.1915 -2.436 -0.44853 4.4739 -4.7862 1.1212 -2.8125 
bark -2.1499 0.91803 0.028878 -0.41958 2.9457 -2.6261 3.7142 2.2485 -5.4185 -0.9706 -0.29875 -1.2982 -3.3295 3.9611 0.45063 1.1871 2.1417 -4.6037 -1.025 -2.1195 -0.054004 0.46758 2.0736 -0.096987 -1.4 3.272 -1.4945 -4.646 -0.79401 2.8317 3.5267 6.2277 -0.023264 -4.0801 2.056 -0.044108 1.0175 6.332 -1.1728 -1.44 -0.096992 1.8697 1.259 -3.9027 -0.3332 3.6429 -4.4393 2.9118 -2.3528 -8.5867 2.3768 1.9345 -0.85307 0.84748 -2.7619 3.4036 3.6697 -0.069408 -6.1012 -6.2961 -2.5321 -2.5602 -0.050731 -0.47174 0.58935 -1.3088 1.3434 3.2333 -2.2232 -0.0091594 -0.56492 1.9916 -1.7878 1.9946 3.1366 -2.6206 1.0758 -2.5594 0.67798 3.2203 2.9242 -3.9622 2.3031 3.8153 1.1724 2.2958 -5.1834 3.8797 -0.46143 4.6609 -6.7151 4.3158 3.9039 5.2925 -3.4601 0.2061 -0.69971 -3.8194 2.6688 -4.6988 
ham -5.2553 2.9095 0.30166 -4.2675 -2.0758 4.1872 4.5988 7.0783 1.5414 -3.2655 3.5954 -9.2242 -1.1657 1.2224 10.415 1.1809 6.8309 -2.3379 2.1468 -0.50686 2.7386 0.71748 0.75816 -4.7288 -6.2132 2.3474 -0.94958 -0.084252 0.0098373 6.5887 0.034385 3.9158 -2.1213 -2.2063 1.1479 -7.164 -0.2176 5.337 -2.8063 5.7779 4.8473 0.4236 -0.71759 1.0533 1.0778 4.6612 -0.14703 -2.022 -0.20633 -8.0849 0.31198 4.1351 -1.6979 0.43749 -4.6501 4.7844 3.0472 -0.31755 -2.1898 -3.5186 -3.7587 0.28805 -4.8669 -1.623 -2.1351 1.3476 3.1942 1.7593 -0.49315 -3.3596 3.23 0.048061 1.4117 -3.3053 3.0218 -4.1195 -2.5068 -2.1146 -2.64 0.1614 2.4793 -7.9495 2.8112 4.9799 6.9101 -3.3228 -4.7606 -0.6768 1.9398 12.118 -5.5561 5.1541 3.2747 1.1988 -4.3463 -3.7153 -4.3296 -0.65695 1.6643 3.4289 
cedar 2.5827 -0.55731 1.1986 -1.2478 2.0959 0.28154 -0.62996 1.5156 -1.1737 -2.6063 1.2632 -3.1885 -1.1059 4.5297 0.5738 4.965 -0.14997 -5.3407 1.1992 -0.021264 2.1599 1.5291 -1.4194 -4.258 1.2445 2.4838 -0.22506 -2.3986 2.1819 -2.1191 1.5635 2.6855 6.122 0.76458 0.1348 -0.73884 6.1243 2.739 1.1306 1.5601 -1.5558 -1.8354 0.72115 1.9749 -0.8504 1.4501 2.2474 -1.3179 0.71849 -5.1234 -2.2168 -0.49207 1.4706 0.0341 3.7837 2.26 2.7726 -1.7451 -1.2448 0.10336 -3.7323 2.2468 1.1297 1.1738 3.2867 -4.5648 1.4775 -1.2802 -1.1209 0.70928 -4.0016 -0.21715 -2.1315 2.8479 0.092967 -0.23386 0.62646 3.2288 2.6722 -0.44042 -3.5357 1.246 2.0599 2.4815 2.5719 -0.85449 -6.4283 0.98638 0.83911 0.99543 -3.5324 7.3993 -0.38614 2.5746 1.367 0.56266 -1.9194 -3.2803 3.2288 -0.83508 
tar -1.083 -0.83366 1.8562 -7.4483 2.863 -0.68045 4.8871 2.9695 -7.7869 4.9681 -2.1873 -4.8492 0.97821 9.8125 -3.9641 -5.086 -0.22733 -2.8724 -0.22934 -0.74172 4.9609 2.7449 -1.7582 -3.9561 -1.4161 3.1866 -3.923 -4.3113 4.0758 -1.639 -4.7404 5.4136 1.6706 -2.0737 2.9332 -1.942 5.1434 2.3057 -1.733 8.7183 9.8973 -6.957 1.0475 7.5975 -0.24563 -2.3694 -2.1827 -0.77397 -5.9078 -8.9255 1.6547 -1.6456 -0.20052 -3.7947 -0.60938 7.625 2.7435 1.369 -0.9487 -0.61193 -8.3668 3.7097 2.4581 -3.2313 1.8821 -6.0872 8.8565 -6.2998 1.3905 -0.53647 -0.73772 -1.9421 -2.2835 1.4281 1.1746 8.082 1.5235 2.7395 2.1334 4.556 -1.0548 -7.8917 6.1324 6.2582 -0.14022 5.5896 -0.32569 2.5798 -1.7201 -2.0545 -7.2286 2.7107 4.1986 6.3032 4.6204 -1.2943 2.9546 -0.90408 4.2084 -7.1655 
peanut 0.31851 -0.603 0.96828 -3.9657 0.88964 0.65793 1.632 2.4727 -1.43 -0.20769 1.0353 -1.9292 -1.3198 0.13605 2.3305 0.066706 -2.5545 -0.01512 -3.6114 -1.1581 3.1783 -2.1124 -0.79301 -0.34907 0.53046 1.3417 -1.6092 -3.8483 0.3549 1.6961 2.9164 0.98652 -1.5165 -1.8398 -0.31973 -1.0679 0.61248 4.4654 1.4391 2.6371 3.042 2.0239 1.5093 2.1837 2.5917 -2.3319 -2.2742 -0.40404 -1.8298 -2.6901 -0.63841 0.7334 0.81326 -2.4862 -0.63881 -0.46424 2.7118 -0.30625 -3.701 -0.68111 -1.4329 -2.0809 1.0756 -1.4722 -1.0439 -1.4211 -1.5722 2.5158 1.3638 0.89132 0.46431 1.0791 3.3572 0.6171 0.18383 2.2864 -2.282 -1.2035 -1.3083 1.9425 -0.15208 -3.5834 0.57871 1.6824 2.8607 -0.72817 -3.0771 0.87582 -1.9814 5.9789 -2.3444 0.42898 3.1727 1.3453 -0.92345 0.33065 0.47284 -0.073196 3.6708 0.88493 
peach -0.22511 -0.27669 0.10376 -4.1409 3.1483 -1.211 -0.32314 3.2439 -2.76 1.449 0.86873 -2.187 -0.31939 1.5956 4.7707 -0.92072 0.38161 -1.4906 -1.8994 -0.034312 1.2923 -0.63123 0.49256 -1.8093 2.8538 0.91312 0.84647 -5.4056 -1.0984 2.0338 4.0888 2.5677 1.2163 -0.36901 -2.0649 1.3691 3.5167 2.6254 1.2593 0.080071 1.5844 -0.019297 2.6802 1.3009 3.7728 1.706 -1.9752 -0.6182 2.4835 -2.2692 -0.65715 0.12507 -1.6765 -1.826 -1.8364 2.5777 2.4911 -1.0633 -6.0425 -2.5966 -5.5549 -2.306 0.57264 -2.4568 3.1881 -1.833 -1.0361 3.5853 0.1281 1.1263 -0.17751 -2.3262 3.2 1.5922 -0.34477 0.42799 -1.5714 0.5317 0.84986 -0.023981 -1.4139 -5.4076 -0.034872 2.3499 2.3913 -2.1918 -4.0367 3.1669 -1.7601 2.6366 -2.0105 0.36406 3.5749 0.9116 -0.65187 -1.111 -0.82811 -0.81034 2.6747 0.52827 
almond 0.3218 -0.51864 -0.95014 -1.4677 -0.21423 2.5014 -0.11146 2.7816 -0.20967 -0.24082 3.3953 -2.6734 1.8593 1.8797 1.9072 -1.3427 0.68435 0.34478 -2.291 -0.53231 1.7397 -0.71915 1.1837 -1.7782 -0.67703 1.2011 -1.4368 -3.4934 1.6874 2.7234 3.4567 2.0405 2.4793 0.080042 -1.786 -1.0408 1.6739 3.4509 2.5112 -0.64368 1.6119 0.83761 3.2386 0.57492 2.1321 -0.96955 -2.21 -0.11571 -0.95067 -4.0447 -2.7421 1.4641 -1.1658 -0.53745 -1.8067 2.0415 4.6845 0.15227 -3.3136 -1.8962 -2.3641 -3.0675 -2.0192 -5.0861 1.2139 -2.0935 -1.8473 2.4706 0.99139 -1.3519 -0.0059642 0.8239 4.1335 2.6563 -0.1263 0.096913 -0.27459 -0.78328 -1.1284 3.8921 -0.60594 -4.6651 -0.47919 2.8805 3.8893 -1.753 -3.6911 2.1053 -1.0515 5.2133 -5.0954 2.077 2.6747 0.87636 0.44632 -1.3811 1.0932 -0.069351 1.9919 -0.28257 
citrus 1.3454 -0.93758 0.064573 -3.1809 0.798 0.16901 -3.0349 3.3937 -0.71338 0.63777 2.0328 -1.0243 1.0042 1.211 1.0425 0.70975 -0.37683 -2.7996 -2.191 1.8554 2.6384 -2.0993 2.3486 0.5062 4.437 2.0946 1.1283 -5.7325 -0.67243 0.8892 4.5 1.3628 2.8275 0.44646 -5.1539 1.6835 0.96774 3.3379 2.0588 1.2017 0.51207 1.3109 0.16991 1.8817 3.5359 -1.7952 -1.5995 1.0888 2.0362 -1.4077 -2.0944 -0.38954 1.7684 -1.4172 -0.30506 -0.30201 5.006 1.599 -2.4393 0.053067 -2.541 0.74706 -1.1568 -2.1698 -1.1326 -3.3258 0.8119 2.0918 0.31591 2.4626 -2.8914 -1.2292 1.7815 2.6037 -2.4627 3.4498 0.251 0.31642 -0.5213 -0.92296 -3.0139 -2.3693 -0.92752 -0.73211 5.03 -1.8369 -2.947 -0.14835 -1.9158 3.6076 -5.2654 3.3851 1.6447 1.8793 1.1395 0.57644 -1.489 0.90255 2.6251 -1.1489 
mustard 0.082097 -2.5511 -2.8797 -3.7452 3.5708 1.1632 1.1959 2.9243 -0.88672 1.2721 0.036813 -2.6794 0.23482 0.62276 2.0268 -0.092829 -1.9571 0.29262 -3.6115 1.6465 3.3742 1.1212 1.7147 -0.288 -0.1147 1.6525 1.782 -4.6675 1.2582 0.50799 2.201 3.145 -0.23365 -1.4925 -0.6722 -0.83311 -0.13522 3.9907 2.4993 0.68451 4.3726 -1.0708 1.5121 2.3679 2.2172 -1.0906 -1.9085 -2.252 -0.63282 -4.555 0.6393 -0.15401 -2.1116 -2.3839 -1.0921 2.1505 0.0052207 2.051 -2.4516 -2.2873 -2.7643 -0.44752 -0.10381 -1.249 0.48415 -1.2262 -0.48038 2.8402 -0.50065 -0.63979 0.2218 1.4414 2.1193 1.0904 1.7543 2.7904 -1.1872 0.22826 0.26711 3.2321 -0.40925 -5.9138 3.1476 1.6833 2.6528 -1.1751 -2.7066 -0.68599 0.95258 4.1617 -5.0234 -0.095372 4.0827 0.76843 1.0239 -0.34971 0.81801 -0.92759 0.91851 -0.34256 
cardboard 1.0217 0.94117 1.7806 -3.012 2.8509 -1.5906 2.8184 -0.14567 -2.2849 -2.0099 -1.332 -3.4927 -2.652 1.9662 2.0132 2.086 2.5257 2.4304 0.031294 -2.4944 -0.29456 1.1667 -0.74438 0.43169 -1.0925 -0.81569 -0.49029 -3.752 1.4237 2.9327 -0.49728 1.357 0.20215 -2.0892 0.30229 0.47257 -1.507 3.3355 0.24915 -0.28358 -0.78065 -0.76383 0.44941 0.034184 -1.2671 -0.34261 -3.4461 0.07662 -3.7169 -2.2141 -1.7715 -2.1817 -4.1534 -2.0443 -0.0070441 1.2612 1.0862 -2.2548 -2.5766 1.5575 -1.6014 -2.5004 3.6258 0.077695 0.34596 -1.4103 -1.6667 2.1256 -0.16441 0.90611 -2.1481 1.7791 2.277 -1.134 1.2715 3.275 -1.6852 0.15831 2.513 1.629 2.9436 -3.2065 1.779 2.3779 -1.1473 -0.14467 -1.7918 -1.1168 -0.79767 3.1457 -1.8195 2.5832 -2.237 -0.51254 -0.43448 -2.6274 2.4357 -1.6569 2.3958 -2.4796 
vanilla 0.017927 -1.1879 0.87901 -4.2068 0.20211 1.4372 -1.095 2.2423 -4.1706 0.50283 2.6621 -4.5649 0.89088 0.62224 1.0865 -1.0645 1.0329 0.12653 -2.4526 0.38701 0.22776 -0.57073 1.8266 0.61166 0.95007 -0.54204 -0.10201 -2.8989 0.50438 1.7983 1.472 1.2498 1.1796 -1.0224 -1.3049 -0.31404 2.0707 2.4796 3.3683 1.2308 -0.057476 0.97991 1.4553 0.89267 0.46967 0.7441 -1.4683 -1.6122 -1.2268 -2.4371 -4.3104 1.095 -0.86752 -0.45816 1.1296 1.4506 2.2623 3.2328 -1.7352 -0.74265 -2.1778 -1.8065 -1.0786 -1.9797 1.0659 -5.475 -1.5204 1.5434 -0.93818 1.5254 -0.89059 1.1816 2.9183 2.425 0.66545 0.27138 0.72545 -0.80713 0.017845 0.68196 0.50995 -2.9445 0.63945 1.7344 2.0884 0.025254 -2.8974 1.04 -2.5492 -0.056639 -2.0518 0.24208 2.4285 0.65603 1.634 -1.9202 0.13681 0.24102 1.3129 -1.0122 
perfume 2.1392 -3.2297 -0.27277 -1.8726 -0.3973 0.033444 0.83884 2.4722 -3.9783 2.4369 1.2574 -1.2157 -1.0467 0.17889 0.30091 -1.5083 -1.1403 1.4027 -3.8895 2.2011 0.43685 0.81292 2.8913 -1.2527 1.7062 -1.3738 1.6294 -2.9315 -1.498 0.33014 1.1852 4.826 -0.46999 -5.4323 -2.217 2.7329 0.99415 3.736 3.7071 -1.6861 1.8916 0.18851 0.52341 0.92918 0.1721 -0.86336 -2.1116 -1.8181 -0.78683 -4.5148 -0.80038 -2.7108 -4.205 -2.1977 -0.49264 2.144 3.2898 -0.71197 -3.2147 1.8028 0.19248 -1.2651 1.6121 -5.6134 -1.474 -4.1479 -2.4292 2.2206 2.0194 2.2735 -1.1535 1.7366 4.0306 2.9301 2.9317 0.78762 1.2842 -0.78492 -1.0674 2.1984 1.6199 -2.1442 1.1457 0.9764 3.4836 2.1379 -0.71104 -2.1497 -1.5382 0.88447 -3.8778 -2.7143 2.85 0.011455 0.97274 -2.9325 1.9497 -4.3838 1.8392 0.092752 
pineapple -0.68366 0.029392 0.76084 -4.1469 2.2718 -1.219 0.3395 3.5308 -1.8305 -0.14926 1.9997 -4.0138 -0.68973 2.0564 1.254 -0.17552 -1.0435 -0.97213 -1.3708 -0.18672 2.0104 0.91776 2.0364 0.23044 0.99413 -0.11528 -0.16684 -6.0603 0.79534 2.9474 2.1918 1.2845 1.4442 -1.8987 -2.5222 1.5264 0.67579 3.6226 1.2311 -0.73961 0.47792 0.9251 0.96326 0.11173 1.9216 -2.4548 -2.5332 -0.1228 -0.83076 -2.3155 -1.2167 -0.25396 -1.4862 -1.3073 0.030915 0.54124 4.037 2.363 -3.192 -1.2825 -2.6083 -1.4236 0.56001 -2.2456 -0.021007 -3.019 -0.7838 2.3783 0.85997 1.6809 -1.2059 -0.042885 5.2172 1.4648 0.058639 2.8528 -1.5019 0.10048 -0.9949 0.90345 -0.076468 -3.545 0.65453 1.2102 2.2175 -0.068997 -2.0823 0.83319 -2.3759 2.3027 -2.7527 1.4082 1.8996 1.9697 -0.2096 -1.1886 0.6629 0.044402 3.1336 -1.0465 
rum -3.6481 -5.6545 -1.8339 -4.5404 2.0386 1.9712 1.3131 3.6918 -6.6657 0.26321 1.0932 -4.0385 -0.91527 1.4756 8.1213 -3.3646 -1.532 -4.304 -5.7192 3.1887 4.908 -2.5771 2.9362 -4.8986 7.8545 0.046845 -0.52975 -6.5462 2.5341 7.7864 -0.73531 5.2894 3.3074 -4.4983 -5.3016 -1.3108 5.0495 5.3932 4.6141 -0.6901 1.6027 1.4127 -7.7659 1.4366 -2.8978 0.34216 -0.84482 1.3862 -0.15894 -5.3145 -3.6817 2.1387 -1.665 0.20596 -5.9397 5.4851 -2.1503 6.9921 -5.8775 -1.1866 -4.0963 4.036 -1.3874 -3.486 -0.59447 -11.583 0.26085 -0.86196 -5.2586 -3.1506 1.6445 -2.5772 7.613 -0.45013 -1.8532 2.6482 2.4068 -0.011232 -3.4554 -1.5046 6.0747 -7.2199 0.50621 0.39024 3.1278 -0.38378 -3.5701 4.2748 -9.05 3.8174 -0.53442 -0.72786 6.4847 -3.0845 1.3397 0.99339 2.3064 -0.87269 8.3131 -1.9804 
cucumber 0.33151 -0.12351 -0.9622 -2.2095 0.82525 1.0598 0.97868 2.656 -1.1524 1.2975 0.73209 -3.6059 0.72405 1.7759 2.0175 0.30329 -0.89588 -1.3302 -1.916 -1.5011 1.7637 0.40417 1.2008 -1.2619 0.084882 0.1484 1.5617 -4.0614 1.1313 3.1032 2.9103 2.868 2.6643 -0.87454 -2.6773 0.78667 0.56875 4.7334 0.59061 0.98249 -0.067004 -1.0181 1.557 1.0073 1.384 -3.805 -5.2723 1.0948 -1.6277 -2.362 -0.36779 1.8336 -2.7198 -0.73581 0.035045 0.3544 2.7577 0.012395 -3.149 -2.7651 -2.126 -4.5626 -0.80985 -3.496 1.6079 -1.3538 -2.2856 0.8106 3.4687 -2.9618 0.44117 1.5484 3.5746 1.9192 1.6177 1.3733 -2.1938 -0.56668 -1.3234 2.1776 0.90006 -3.1301 -1.5431 3.6083 3.3824 -1.8749 -0.99952 2.4097 -0.49622 3.26 -5.3208 0.1151 3.1024 0.38065 0.91682 -1.17 0.17775 0.44125 0.047962 -1.0508 
cinnamon -0.44204 0.32917 1.2454 -2.1438 0.70128 1.8364 0.3297 2.0362 -0.92984 -0.36121 4.561 -4.3222 1.0291 1.5907 1.9856 -1.1981 -0.6092 -2.7809 -1.5155 1.0567 2.4852 0.53782 0.57831 -1.1999 1.0676 -0.7913 -0.26934 -3.519 0.57951 2.3275 2.0567 2.3332 2.6088 -1.1711 -2.2969 1.0819 0.751 3.1389 1.3138 0.79619 0.47952 -0.37541 0.62149 1.881 1.5481 -0.54211 0.10671 0.010156 -2.2044 -2.8352 -2.1146 1.7982 -1.3262 -0.32565 1.431 1.0707 2.0272 3.4378 -2.6733 -0.6188 -1.2706 -3.4994 -0.57469 -2.5993 0.77257 -4.1726 -0.8922 2.4167 0.12181 -0.55488 -0.42975 0.25795 1.1913 3.2638 -0.12486 1.1056 1.7435 -0.43483 0.96407 -0.87293 1.1463 -2.8877 -0.67117 2.5393 2.9272 -0.060689 -2.1361 0.46938 -0.21978 3.2474 -3.0416 -0.27268 4.4978 1.0112 1.3911 -1.3475 0.090923 -1.7648 2.1775 -0.68864 
popcorn -0.94139 0.12732 2.8876 -4.6154 1.2742 -0.38738 1.6544 0.90513 -0.86367 0.4488 3.5711 -2.8133 -2.0249 0.23167 1.9405 -0.82516 -0.46944 0.65024 -1.184 0.32091 1.2896 0.69584 0.982 -1.5294 -1.1341 -1.9585 -1.2726 -3.2522 2.2738 3.8005 0.40923 1.0898 -1.8454 -1.9904 -0.44817 -2.0011 0.51769 3.8355 1.5558 0.67455 0.4586 3.3898 0.65899 2.9905 -0.83762 -0.18556 -0.53074 -0.31344 -0.28665 -2.4856 -0.95488 0.39288 -2.5106 -1.9297 -0.60996 0.04485 1.0265 -0.48158 -3.7812 0.86973 -0.21396 -1.6338 1.3032 -0.29556 0.18344 -3.9092 -0.15717 1.9658 1.8408 1.6208 -1.6004 1.8633 2.589 0.23056 1.8019 0.4777 -2.5313 -0.17171 -2.0289 1.2621 2.1686 -3.8144 -0.069967 0.83508 0.67385 1.0658 -2.1593 1.1366 -3.8321 2.4286 0.40734 0.73324 3.7818 0.06804 -0.84559 -2.6757 1.0308 0.18138 4.5706 -1.1131 
pear 1.5814 -1.0912 0.13032 -2.9101 1.854 -1.3496 4.6727 6.2742 -4.197 -1.0248 1.6667 -2.8543 -0.65227 3.3843 3.1004 -0.2201 -0.69841 -1.1595 -2.2449 -1.4937 0.88288 0.30683 2.6025 -0.51128 -0.90211 3.215 -2.2325 -8.1456 -1.2309 4.5805 4.3234 3.1817 4.4475 -1.519 -6.9917 2.0099 2.919 4.6446 1.5998 -2.9244 -1.5375 1.8381 0.61963 1.1432 5.0567 0.11105 -4.2716 0.097733 -2.3741 -3.1531 -0.56917 0.15906 -3.2117 -1.0999 -0.39409 3.0063 6.246 1.0074 -5.0936 -4.3514 -5.2803 -3.9385 -0.0014649 -4.4425 0.30211 -0.6867 -1.7026 4.5489 1.3141 1.5464 0.63239 -0.045849 5.8105 3.1233 1.8754 -0.19182 -0.43484 0.24764 -0.54772 2.6991 -3.2108 -6.319 -0.48675 2.4436 3.9984 0.21904 -4.2769 0.60713 -0.35175 5.3369 -7.2791 2.9394 6.6181 1.5176 0.94934 -2.5118 -2.3019 2.3951 1.8551 -0.97971 
walnut 1.8065 1.8114 1.0565 -1.1335 0.97194 1.1728 1.3254 3.3886 -2.0476 -1.9512 3.2997 -3.1683 -0.25209 3.6363 2.9205 0.91024 0.7065 -0.95869 -1.2241 -1.8811 0.99273 -1.2974 -0.66296 -3.241 -0.13116 0.63833 -1.1755 -3.2368 2.1782 -0.021566 5.0668 2.625 3.2618 -1.9832 -0.045495 -0.72731 1.1185 4.555 1.5903 0.11037 -0.58752 1.603 2.7652 1.2374 1.8054 0.047437 -0.35898 -0.56905 -3.0717 -2.9979 -0.59596 -0.39108 -1.3138 -2.3414 1.7314 1.1057 2.2861 -1.0292 -3.421 -1.5673 -2.3564 -0.56131 0.93442 -1.8786 2.6984 -3.747 1.4551 1.5264 -0.20721 0.29327 -1.3646 0.31658 2.7408 1.8769 1.8057 2.0261 -0.8505 -1.0272 0.23293 0.018656 -2.7189 -3.338 2.7889 1.2502 2.1785 -0.94013 -5.1627 2.7825 -1.4563 3.5417 -3.007 4.9634 3.4953 1.5216 0.035132 -0.12878 -0.93842 -0.1124 5.9687 -2.1069 
violet 2.9837 -1.4712 1.8466 -3.0196 2.4732 -0.82813 1.8871 -1.1788 -3.6279 1.5004 -1.4465 -0.61692 0.364 -0.51497 1.577 -0.72046 -2.025 1.0085 -1.2294 2.9186 -2.5882 1.4773 -1.2035 1.0653 1.45 1.0575 0.73614 -4.5083 -2.9766 0.14457 4.3214 3.1948 -1.1978 0.5941 -1.0053 1.8203 3.2494 1.738 5.1035 -0.99158 2.0286 1.1167 -0.76198 -0.83029 0.96182 -0.35126 -1.6016 0.41034 1.084 -1.0296 0.46345 -4.0129 -4.7627 -0.17684 -1.3076 2.2526 3.1373 -1.192 -4.1514 -2.4126 -1.8597 0.3843 0.046598 -1.7886 1.8289 -3.5063 -0.76563 -0.40524 0.65984 3.1272 1.7033 -3.7974 -1.6631 -2.5949 2.6324 0.78251 1.1289 -0.78584 2.4845 -0.83399 -0.78747 -2.4358 -0.52505 0.41267 2.9152 -0.12358 -3.434 -0.38988 0.12778 0.73146 -1.5545 -0.20596 3.1272 2.4584 2.5419 -2.9802 -2.0449 0.35516 1.9111 0.45245 
raspberry -0.19026 -2.3291 0.64043 -4.9912 0.67777 0.55901 2.2776 3.073 -2.1764 -0.75663 2.2255 -4.0802 0.16859 -0.67777 0.79306 -0.15186 0.30802 -1.1826 -2.5998 0.48551 -0.52529 -0.85995 2.2429 -0.14493 -0.61015 0.15777 -1.4492 -4.3673 0.52426 2.2753 3.6827 1.4982 2.1699 -0.38247 -1.6903 -1.1215 0.43944 1.4395 1.3459 -1.5159 0.44428 0.027569 -0.37675 1.3139 3.234 -0.078056 -2.9058 -0.7215 -1.1859 -0.92286 -3.4503 0.81743 -1.3554 -1.4307 1.6261 0.19564 1.2172 -0.47695 -2.6426 -0.785 -0.82875 -1.953 -1.1238 -1.3261 0.015483 -3.1179 -2.0714 2.1575 0.11372 1.5067 0.4578 0.91114 3.4524 1.7429 -0.84387 -0.7724 1.4538 2.1432 0.11401 1.7845 0.23361 -3.6895 0.049032 1.6222 1.6083 -1.6649 -2.7573 0.48014 -1.2296 1.0677 -1.6519 1.2245 1.924 2.8878 1.1575 -1.3523 -0.026799 -1.6194 1.6643 -2.0339 
vinegar -0.28955 -1.33 -0.46111 -3.8423 1.0331 2.4436 -0.33529 2.1857 -2.1414 1.1886 1.9863 -3.943 1.2848 1.2246 1.1699 -0.23133 -0.2391 -0.64713 -2.2171 1.1727 3.9594 -2.1724 1.0794 -0.94757 2.2951 -0.91404 -0.89163 -2.9959 0.15028 1.073 2.2522 2.0341 2.3634 -1.2309 -1.4732 -0.065105 0.98133 2.1334 2.409 0.97767 1.6982 0.62441 -0.56159 -0.30535 0.455 -2.7315 -3.0508 -0.60432 -1.4549 -4.6894 -0.64773 -0.0027002 -1.3512 -2.5553 0.77959 1.4103 2.223 2.6478 -3.2939 1.1146 -2.7704 -0.2676 -1.8508 -3.1613 -0.0062525 -4.582 -1.428 1.5005 0.030237 0.1556 0.33831 0.12568 0.96553 2.1211 1.318 2.0119 -0.12412 -1.2512 -0.85576 -0.22764 -0.041053 -4.2397 1.3163 1.1886 1.0298 0.97843 -3.3416 -0.048441 -1.0637 3.8205 -3.3639 0.41686 4.3102 0.84304 1.7113 -1.3734 1.786 -1.3911 2.6173 -0.49716 
disinfectant 2.0602 -0.21202 -1.3259 -3.2646 1.9097 -0.56238 -1.4876 -1.5269 -1.2959 1.944 -3.2444 -0.50802 -0.37998 1.319 -0.91364 1.7984 -0.73249 0.88966 -0.82557 0.11622 2.5211 -1.3626 -1.0834 0.042659 2.1672 0.44142 4.8393 -1.6895 -1.8653 -0.39124 2.6335 4.5592 1.5786 0.68567 -1.333 0.56985 -0.79432 4.0628 2.4926 1.806 0.81392 -0.66848 1.1759 0.7585 1.3831 -2.3945 -5.3206 1.7228 -1.1006 -4.2936 3.0134 -3.6712 -2.0874 -2.0402 -0.66082 1.9003 4.6232 -1.9806 -4.7931 3.8408 0.80192 -0.32092 0.69019 -5.9082 -1.996 -0.95389 -2.0934 1.5811 -0.32115 1.0543 1.2769 1.0177 -1.7058 -2.3213 2.171 6.4375 -3.9599 -1.0771 0.3864 0.808 1.4546 -0.4869 0.70747 -0.34937 0.73233 0.29962 -2.4395 -0.42818 -0.037153 3.2566 -1.8753 -2.4336 0.25747 1.4097 -0.1779 -1.1232 3.456 -3.3335 2.7709 -1.917 
kerosene 0.7505 -1.7262 -1.4085 -3.3127 0.77961 0.30824 -1.9598 1.7528 -3.5672 2.1808 -0.58021 -0.70887 1.9658 0.43401 -0.048119 1.3265 -2.3501 0.60499 -2.1502 1.5259 1.9613 -0.11896 0.16634 -2.2985 2.5962 0.88621 2.7691 -3.3186 2.4738 -1.8701 1.3974 2.6302 -1.0208 1.9442 0.7834 0.89565 -1.9851 1.6643 1.0042 2.6352 2.492 -2.6432 -1.5325 -0.69742 -2.8503 -1.6475 -1.4828 0.015843 -0.5304 -3.6133 2.4827 -1.6084 -0.64313 -0.52553 -1.3951 3.0091 2.2103 -2.7248 -1.311 -1.4119 -0.89097 0.39288 -2.1772 -5.3531 -0.1571 -0.93066 -2.0167 1.0385 2.3897 -0.41855 -2.1022 1.9019 2.8437 -1.1153 2.1919 3.6568 -0.13647 -1.5328 0.97421 0.85104 2.485 -1.2688 2.0593 3.8647 -1.2122 -1.7838 -3.4946 0.66835 -1.3098 1.6559 -1.9654 -0.93587 1.1648 -0.21422 2.6952 -1.0094 2.7693 0.4798 0.42414 0.47091 
cologne 1.1181 -1.9406 1.6712 -1.5573 -0.62058 -2.3792 -2.3704 0.4308 -1.0512 -0.046709 -0.32728 -1.2586 -1.8774 1.3084 -0.1095 2.4283 -1.699 -0.06297 -1.2082 3.1238 -2.0339 0.89867 1.2438 -2.6053 -0.92456 1.0024 1.149 -2.0399 0.029603 3.8611 3.12 1.3726 1.5198 -2.32 -1.5589 -0.81595 -0.64509 3.9982 4.5036 -2.1311 1.4475 -1.1938 0.31627 0.42345 -0.90483 2.1183 -3.2211 -2.5783 -1.2822 -5.5561 -0.017834 -2.2007 -1.2793 0.29123 -0.91434 3.8434 1.9199 -1.6853 -1.632 3.2151 -1.5548 0.66988 -0.07948 -1.3901 -0.27538 -0.76032 -0.9987 0.9491 -0.52321 2.6767 -0.28945 1.2267 -0.53823 -1.5828 -1.0106 3.5708 1.97 -0.78821 2.828 2.7638 0.71238 -1.0818 -1.2197 1.5567 4.6346 -0.61772 -1.0492 -5.5209 2.0758 1.4309 -2.8056 0.93463 2.9453 -1.6911 -0.82921 -0.82952 -2.7838 -2.1566 -0.54318 -0.02864 
syrup 0.27244 -0.51678 0.17606 -5.8552 1.331 2.2127 -0.21047 4.8429 -2.7694 0.80938 0.46376 -1.5521 0.88066 -2.0115 2.4886 1.2015 -0.2843 0.88599 -3.1969 0.45974 3.4782 0.003828 1.0168 -2.785 3.4877 -2.1924 1.5666 -3.1764 2.4519 4.2849 2.5027 3.1007 1.0192 -2.3961 -2.6246 -1.6451 1.9906 3.0711 3.2662 3.263 1.8148 2.0317 0.34641 2.7387 1.7682 -2.38 -2.4314 -0.67254 -1.1997 -3.0734 -3.5208 -1.7369 0.48854 -2.8405 -0.25565 1.7589 2.2902 3.0173 -5.5048 -1.0195 -2.9909 0.43821 -2.0392 -4.5992 1.7148 -4.9067 -3.514 3.4464 -1.1 -0.61531 1.3412 0.1384 2.2328 3.9851 -0.37174 3.9725 -0.096184 0.32006 -1.4824 0.69315 -3.4142 -5.8657 0.89729 -1.3263 3.0123 1.3395 -5.4472 1.2435 -3.9983 4.5815 -1.3798 -1.7119 4.8301 -1.0142 3.2746 0.54104 1.6805 1.0662 4.0145 -3.0635 
solvent 1.6193 -0.45763 -1.436 -5.3004 2.2815 0.36977 -0.52854 1.1754 -2.3515 -0.18225 -3.9734 -2.4896 3.4338 -3.8316 -3.3358 2.5151 -3.4579 0.79215 -2.8942 0.76949 2.5146 -0.18482 2.8912 -0.6105 3.2608 0.16368 4.153 -2.6691 -0.58298 1.2934 0.15565 1.0365 1.8492 0.78518 -2.1691 0.70421 0.34708 0.63577 1.2582 -0.42498 1.2393 -0.71856 2.3132 -0.12839 3.1228 -1.7031 -3.3196 2.3977 -2.9546 -2.5128 2.0943 -3.9353 1.8137 0.82943 -0.43828 2.7881 2.4711 -1.8614 -6.6756 2.2311 -1.4463 -0.46184 -1.4892 -6.0236 2.4263 0.12233 -3.5163 0.62851 1.5633 2.7368 -0.0097849 1.0864 0.76214 -3.2905 -1.4984 8.6819 -0.83361 -1.2929 2.9249 1.4999 1.8692 -4.4373 5.8017 -0.65317 -0.77857 -2.8552 -2.5122 0.28428 0.84569 2.7539 -7.8748 -1.9015 -0.33522 -1.638 2.9497 -2.1639 5.6556 -1.6437 -0.1423 -2.7311 
birch 0.50866 -0.76668 2.3513 1.0307 0.79924 2.1983 1.4275 1.3981 -1.7917 -1.3803 -0.3275 -3.2736 -0.74109 3.0035 1.427 2.4854 0.76307 -1.6293 0.21582 -1.3552 1.3871 -0.27128 -2.6041 -3.188 -2.0641 1.5546 -0.50708 -5.6063 2.1288 0.76862 3.0341 5.056 1.0968 -2.8099 -1.0585 1.872 3.8164 2.7425 1.382 -0.69077 -0.54599 1.1613 0.16005 0.46939 3.5 3.0819 -0.68103 1.4338 -1.8325 -4.2993 -1.1672 0.85158 -2.1408 -0.2525 -1.6368 3.6702 2.8365 -1.2269 -3.4704 -2.2985 -2.9686 -1.5767 -1.3099 -0.42031 1.4905 -3.4742 1.6471 -1.6049 0.49338 -1.9139 -0.83781 -1.2903 0.64117 1.6212 0.021435 0.64173 0.68571 3.7926 2.8081 2.1241 1.2703 -0.93494 1.8942 1.3522 1.7622 -1.9692 -4.4421 2.3215 1.0722 2.9897 -4.1853 5.8481 2.3415 0.84318 2.1718 -1.475 -2.6286 -1.3252 3.4184 1.923 
lavender 0.82471 -0.54087 -0.63505 0.16349 2.1331 1.8509 -0.24336 2.1712 -2.4649 0.51782 -0.080144 -2.659 1.1817 1.6124 0.84649 -1.6364 -0.25143 -1.6859 -1.7433 1.1468 1.0004 0.53495 -1.5088 -1.2149 1.8705 0.9003 3.5503 -4.269 1.4802 1.841 3.6805 5.9263 2.1909 -0.57275 -1.5492 2.2065 2.3502 3.1859 2.2994 -1.6815 1.0058 -1.4966 1.893 0.17534 2.8011 -0.10367 -3.2432 -1.0016 -0.86041 -4.9323 -0.94357 0.40435 -2.6097 0.099632 -0.93946 2.4761 2.4519 0.93281 -4.7016 -1.3034 -3.3572 -1.8995 -0.98377 -2.9092 2.5277 -3.607 -0.15225 0.79734 3.7584 -2.7771 0.04625 -0.088849 0.70137 1.6276 3.071 1.4569 0.14325 0.66356 2.3436 1.1518 2.5978 -2.5352 -1.4462 4.4653 4.91 -2.3119 -1.4693 3.8959 0.26555 0.57122 -5.4601 0.90492 3.1197 0.37371 1.9659 -1.8381 0.64933 -2.3918 0.38016 -0.075889 
manure 0.072264 -1.9313 -3.322 -4.089 0.16157 -0.54291 -1.2923 0.38883 -1.9549 -0.48346 -5.5364 -1.2234 -0.60295 1.8032 0.63929 2.7635 -1.8717 -1.5326 -3.8558 0.36946 2.9765 -2.504 1.409 -0.66776 1.7849 1.7848 0.84715 -2.0213 0.64804 -1.2564 0.05997 4.2746 0.58727 -1.9689 0.3638 0.10506 -1.6877 2.0148 -0.65228 0.2221 2.7797 1.1689 1.7626 -1.3482 1.3426 -3.3783 -5.1689 1.3692 -1.921 -8.0994 3.0976 -1.3771 -1.1844 -1.5172 -0.28217 2.4314 -1.0552 -3.587 -5.5951 1.8021 -3.809 -0.3338 -1.5647 -4.8646 -1.4219 0.045853 -0.7852 2.4664 1.8354 -1.5663 -1.1018 0.65969 2.0649 -1.3878 1.125 4.7608 -5.4142 1.8305 3.2442 4.1458 -1.0135 -2.5762 3.2317 2.8288 -0.10267 -2.5395 -5.5159 3.3692 -0.38497 4.7937 -6.8826 0.65926 1.1826 1.2901 -0.95522 0.78096 2.8419 0.47636 0.73913 -0.40457 
incense -0.29366 -1.9656 -2.1433 -0.81618 4.5179 -1.3808 0.95179 1.5542 -2.1831 3.1736 -2.3472 0.91327 -1.5552 0.5035 -2.8631 2.2087 -1.2441 -1.5083 -1.4071 -0.12096 4.5665 2.9826 1.7467 1.9422 0.85903 1.8009 1.1894 -1.9199 -0.13631 3.2137 2.5686 2.5117 -0.90709 0.12965 -1.8856 1.3983 0.37417 1.8153 2.5696 0.76979 1.5838 -0.31163 0.65426 0.53031 0.016623 -0.72097 -3.212 0.19269 0.31052 -4.177 1.0129 -3.6058 -2.6796 2.9004 -1.5894 0.071111 1.9654 0.17473 -3.2374 -1.385 -1.1261 0.37615 0.88971 -4.6342 0.30912 -1.6479 -1.9127 2.9849 1.7895 2.2702 0.49135 -0.94358 2.4778 -1.9543 0.47168 6.4374 -1.4002 -3.1082 2.9903 2.6204 0.78508 -2.941 2.8805 1.7874 2.1063 -0.23483 -2.8572 -0.80145 0.05012 2.8262 -4.1164 -0.41576 -0.53906 0.74921 0.82751 -0.24824 2.5345 -2.2862 -0.86229 -1.3613 
caramel 0.64478 -0.67624 0.33909 -3.173 3.1264 1.1335 0.46639 3.8724 -3.1206 -0.99528 1.7894 -4.9716 1.2221 1.5422 2.8318 -2.0502 -1.321 1.2005 -2.6754 1.0756 1.7171 -0.74034 1.1281 -1.5186 0.37616 -1.5211 0.020709 -4.0207 0.18592 3.3107 2.5985 3.0574 2.2691 -1.594 -0.76438 -0.92336 1.7327 3.769 2.8555 -0.026967 2.6681 1.3424 2.3117 1.6347 1.0392 -0.075908 -2.5217 -2.1445 -3.0655 -2.4984 -4.0647 -0.6839 -2.3632 -1.0212 0.41849 2.0508 2.4735 1.9238 -4.4612 -1.2542 -1.91 -1.2093 -1.9894 -0.76098 2.148 -5.3491 -1.7219 3.5459 -1.3919 1.2903 -0.59698 -0.46777 2.4365 0.24677 0.94873 1.0401 1.351 -0.59732 -0.058589 0.76927 -0.49592 -5.3607 0.91112 1.7794 3.1313 -0.1511 -4.0946 0.40568 -0.84665 3.1713 -2.5517 0.56783 2.6572 0.34522 1.4311 -3.1118 0.56675 0.16737 2.935 -2.4539 
ammonia 0.24918 -2.4655 0.55222 -4.2833 -3.7479 1.6945 -3.3077 -1.4417 -2.1148 1.3261 -1.2567 -1.214 1.8051 0.813 -1.8099 1.9012 -3.9263 0.97411 -1.7051 1.6384 2.2648 -0.25137 2.0706 -1.3929 0.18206 0.3723 0.70045 -0.74514 0.76832 -1.5825 2.4655 2.318 1.534 -0.36872 -1.3856 0.51914 -1.1333 -0.088819 2.4941 3.1835 0.98136 -1.0752 0.48006 0.75292 -0.1251 -3.0319 -2.1588 3.0018 -1.2127 -2.2421 1.719 -2.271 1.9974 1.3637 -0.79558 2.2926 4.0863 -0.60884 -2.4124 1.4926 -2.3944 -1.8638 -0.88535 -4.855 -0.50036 -1.7785 -0.13865 -1.7616 0.94375 1.381 0.16924 1.1375 -0.16545 -2.127 0.33942 4.6241 -1.1075 2.1564 2.3819 0.088706 0.10814 -1.9853 -0.24756 0.76647 0.10642 0.23557 -3.9363 -1.2013 0.61145 4.1 -3.2347 -0.91774 2.4404 0.65604 1.2997 -0.61331 1.5171 -0.026362 2.6015 -0.72133 
detergent 0.67721 0.27299 -0.7602 -3.9921 2.6613 -0.83263 0.079838 0.12715 -3.1195 2.442 -2.304 -1.254 2.8547 -1.3849 -1.3648 0.83819 -3.1176 0.67199 -3.4496 0.91639 3.0192 -1.9189 0.58532 -1.3351 1.7542 2.1537 5.2984 -2.6792 -0.59654 1.369 2.1658 2.0145 0.0388 1.3324 -2.355 0.93708 -1.0019 2.4797 1.0364 3.037 2.1963 0.17493 2.7358 0.44768 2.6897 -2.0007 -5.0894 1.5841 -0.7458 -5.78 0.4997 -2.8351 -2.2622 -0.59623 -1.4919 4.3731 3.9521 -2.1252 -6.2985 2.1994 -0.38858 -1.0215 -0.64348 -4.9416 1.051 -0.14232 -3.7148 2.3427 1.3111 1.7424 1.3224 0.076523 0.18343 -2.6394 0.51845 7.4549 -2.7579 -3.0969 1.2105 1.8238 4.6486 -2.6025 1.8932 0.25042 -0.11644 -1.5614 -2.2479 1.322 0.26389 2.2465 -5.9738 -3.2802 0.097222 0.001963 0.68018 -2.0367 4.2647 -2.2909 0.16526 -1.5191 
grapefruit 2.0307 -0.22106 0.29606 -2.9602 1.2357 0.25152 0.13551 2.8129 -0.85807 0.8837 1.3746 -0.79462 -0.3582 0.90108 0.81906 -0.16714 -1.5599 0.57528 -2.2842 1.6017 1.4646 -0.42234 2.3261 -0.37563 1.5532 1.9952 0.53304 -3.8343 -0.45792 2.1375 3.3527 1.4626 2.1666 -1.4475 -3.7982 0.13692 1.5358 3.4589 0.61919 -0.90597 1.1013 0.77842 2.0446 0.64907 2.4548 -2.8433 -1.7983 -0.4914 -2.0689 -1.8876 -2.0984 0.71638 -1.2513 -1.9504 0.7873 0.66105 2.0661 1.0664 -3.3434 -0.33483 -2.6353 -1.2297 -0.42533 -2.3232 -0.5539 -2.7303 -1.0989 3.5281 1.1005 1.6594 -0.96828 -0.76918 2.6503 3.397 0.58715 1.2506 0.53841 -1.4455 -1.3873 0.35183 -0.98482 -3.8051 -1.2193 0.48018 1.978 -0.79653 -2.3213 1.1939 -1.9666 3.2251 -3.662 1.2113 3.0497 0.46179 1.0932 0.3918 -0.18942 -0.14002 1.6748 -2.5162 
clove -1.5917 2.5741 0.9759 -3.3093 3.102 1.0483 3.7838 3.2654 -0.89942 -0.368 2.5528 -3.5885 0.56232 2.4222 0.28746 0.12981 1.9915 -0.69215 -1.2415 0.066859 2.1354 1.3697 2.9472 -0.91283 2.1656 3.0912 -0.73907 -5.1522 0.021325 1.6932 5.4298 3.7124 1.2534 -2.5026 -3.3601 1.1871 -0.031486 3.8506 2.743 -0.21316 1.1865 -1.3109 2.2045 1.3409 3.6324 -0.34599 -2.906 0.5967 -3.7281 -4.0353 0.74643 -0.55998 -2.6011 -2.5457 1.4885 2.8847 1.7591 1.6885 -8.0794 -0.21198 -4.2337 -3.1294 -1.6053 -6.4358 2.141 -4.0533 -3.9053 3.2436 -1.7532 -2.1425 0.031368 0.1535 2.9091 3.7284 1.825 1.3719 -1.3394 -2.5917 0.052318 2.1248 0.11817 -5.5168 3.4428 2.0984 3.277 1.7779 -2.562 2.2771 0.64266 4.9811 -3.5581 1.5181 4.2499 0.37256 0.48303 -3.1146 1.8174 -1.076 2.1885 -0.4458 
celery 0.75386 -0.24423 1.9241 -4.292 2.1824 0.85009 -0.15131 2.8458 -0.34899 -0.65445 1.9883 -3.3684 -0.8204 1.8108 1.1341 0.016732 -1.2994 -0.91032 -2.0642 1.0607 0.96843 0.61451 1.2584 -2.0944 -1.107 -0.46672 1.5092 -3.9425 0.99074 3.5469 4.7823 3.0539 1.6265 -1.673 -3.1857 -0.19944 0.12963 2.6507 1.6728 0.073759 0.18046 2.3952 0.72515 0.58762 1.3284 -0.33877 -4.3322 -1.4262 -0.81234 -3.1493 -0.50842 -0.97101 -2.9827 -2.6194 0.75961 0.48746 2.6303 0.97649 -4.6791 -0.41767 -2.6558 -2.4876 -0.55713 -1.7308 -0.051376 -1.4753 -2.0707 3.3884 1.718 -1.3946 -0.60045 -0.46208 3.224 1.4434 -0.019093 1.1204 -0.75764 -0.51007 0.95866 2.8626 -0.61798 -4.6506 1.8343 1.4756 2.5118 0.74416 -4.0788 0.49852 -0.8353 1.9279 -4.5586 2.0477 2.2816 1.0014 1.1351 -1.0878 -2.4429 -0.10101 2.1125 -0.75506 
raisin -0.13482 -0.56255 0.87094 -2.1245 -0.0091904 2.2066 1.9734 4.1997 -0.50927 2.3487 1.2538 -3.9847 0.51163 1.9923 0.54962 -0.92123 -0.79948 -0.93063 0.046612 -1.0166 1.4417 0.26855 -0.054617 -1.947 1.1841 0.23673 0.044166 -2.5744 0.95468 3.2927 3.1423 1.9644 -0.38896 0.1445 -4.1867 -0.25314 2.2822 1.1546 1.5417 1.8887 2.645 -0.16258 1.7154 2.929 0.085495 -1.2051 -0.97425 0.16317 -0.82006 -4.2285 -1.512 3.2411 -1.1266 -0.60185 -1.7007 0.43071 2.7268 -0.26121 -4.1601 -3.1484 -1.7046 -1.8834 -2.763 -1.0528 0.24315 -1.8501 1.6498 3.5732 1.725 -1.392 1.3469 1.2351 -0.32711 1.3291 -0.35588 1.3809 0.30603 1.7097 0.65676 3.8439 -1.458 -3.8789 0.99905 2.9014 2.0597 -2.6199 -2.8244 1.87 -1.4343 1.5025 -3.0977 0.52165 1.2829 -0.40615 1.1296 -0.7313 -0.81453 -0.95485 2.1247 0.45541 
eucalyptus 0.7389 -1.3883 0.2049 -1.4668 0.79233 -0.7414 0.22867 1.0222 -2.4909 1.5675 0.25414 -1.2768 -0.41643 3.5755 -0.62565 1.2131 0.42591 -0.21379 -1.9246 0.28752 1.1004 -0.42452 0.71054 0.42005 2.0268 1.0907 0.42826 -4.2453 0.57776 -0.49596 2.7807 1.4777 2.2342 -1.2153 -0.93132 1.5382 1.9576 1.4787 2.8062 -2.2131 -0.23843 1.378 1.5062 0.68017 3.9843 -0.13445 -1.4097 0.71119 -0.75867 -1.2526 1.042 -0.56689 -0.59427 -0.19937 -0.17417 1.2884 1.1085 0.99499 -2.4773 -1.141 -2.7309 -1.5132 -0.24206 -4.016 -0.049933 -1.5642 -0.31121 0.42363 0.19703 0.20303 -1.1064 0.31485 1.5111 2.9425 -0.62685 2.0302 -0.78988 0.87437 0.36212 0.55511 -0.18173 -1.3482 1.2239 -0.016147 1.8145 0.78251 -3.3966 1.0585 -0.49161 1.0665 -4.5172 1.1785 2.1067 0.96224 -0.1684 -0.16657 -0.16385 -0.096801 2.5002 -0.67013 
peppermint -0.34441 0.99346 0.21765 -2.1879 1.9954 0.34867 1.1563 2.5765 -3.3835 -0.79378 1.3953 -1.9188 1.3576 0.58374 0.36335 -1.1149 -1.2176 -0.08088 -1.7115 -0.03679 3.0015 0.47496 0.48743 -0.083042 1.2337 0.1382 0.98739 -2.3296 0.78774 2.7563 3.2555 2.824 1.1601 -0.94896 -1.5427 1.6767 0.85967 2.2656 2.5082 -0.81813 2.1812 0.93538 1.3844 0.77996 1.879 -0.63515 -2.9427 -0.13647 -1.044 -3.8277 -1.4563 -0.36546 -0.62678 -0.5145 -0.072206 0.24876 1.9333 1.5311 -5.1386 0.76679 -1.99 -1.0657 -0.096585 -1.0631 0.76656 -3.4402 -1.4035 1.8505 -0.2373 0.91054 0.22914 1.2645 1.1316 2.2434 0.011426 2.1047 0.83046 -1.6059 -0.17588 0.53028 0.90173 -2.2596 0.46913 0.75919 1.5266 0.091457 -3.4895 2.1017 -0.75302 2.9972 -3.3512 0.81753 2.0234 0.98174 -0.46435 -0.25271 0.25421 -1.8478 1.5267 -1.6049 
mothball -0.38165 1.0721 -0.67954 -2.6575 2.2694 -1.2269 2.063 -0.034561 -1.2184 0.59471 -1.2358 -1.7672 -2.3272 1.2243 -0.82481 1.2583 -0.37481 -0.0902 -1.4591 -1.7302 -0.70197 2.224 1.2217 0.17399 0.50284 3.2361 1.5002 -1.3101 0.43054 0.45708 -0.23054 1.6859 0.98769 -2.5927 -0.98811 -0.9107 -0.54542 1.4689 -1.6774 0.56447 0.65585 -1.3597 0.17674 -1.233 0.017147 0.23472 -0.8434 1.4967 -0.22474 -2.1232 1.4063 -1.442 -3.0779 -0.13366 -2.3611 0.96687 3.7513 0.034851 -2.6105 -0.39881 -1.1199 0.2737 0.083027 -1.4586 -0.92031 0.74624 -0.3762 -0.74247 1.2401 0.17904 -2.1567 -0.3509 0.49602 -1.5112 -0.79051 0.89204 -0.36019 0.40344 2.1061 2.3165 1.5666 -3.0092 2.1458 0.96242 -0.27562 0.62752 -2.554 1.4355 1.0254 1.9962 -1.8299 0.35078 2.331 -0.062017 1.3246 -0.24909 1.8892 -0.32284 3.8986 1.0541 
varnish 1.3317 -1.4484 -2.023 0.53485 1.6859 1.0298 0.96042 0.85088 -2.6301 2.141 0.33117 -2.722 0.46444 1.4219 -0.81335 0.39356 -0.35126 3.4042 -1.7699 -1.015 1.0923 -0.58649 1.1013 -2.7489 -0.14179 0.25787 -1.6916 -0.50713 -0.73342 1.5318 0.46342 3.0841 1.8669 -0.94036 -0.90824 2.6965 1.3214 1.929 -0.052367 0.47436 1.055 -0.62082 0.23708 -0.19248 2.2839 -1.3578 -4.0846 -2.896 -2.4856 -3.8831 -0.92932 0.82696 -4.7138 -1.949 0.95999 3.1107 1.6593 -1.0638 -1.6669 -0.065835 -3.5528 -0.52004 -0.4545 -2.3996 1.2784 -1.3842 0.085095 -0.6732 -1.3925 1.3065 1.1387 1.1604 1.9112 3.4324 1.6662 4.7084 0.53431 -0.83484 1.3042 2.6745 1.7165 -1.9753 2.2862 0.95073 -0.59839 -0.41235 1.1763 -1.2982 0.67337 1.3581 -5.3389 -0.68409 -0.28318 0.51235 0.45098 -3.1186 4.102 -1.6357 0.32685 -1.4906 
licorice 1.0698 -0.77 0.31758 -1.3041 1.6049 1.7011 0.33449 2.6039 -2.3073 -0.36566 0.051831 -1.9355 0.62433 1.2443 0.02183 0.0054537 -0.75286 -0.71793 -1.2292 0.53529 2.1447 -0.822 3.1487 -1.9708 0.51157 -0.5911 0.40321 -3.6407 1.1842 2.4241 2.7788 3.1696 1.0765 -0.68649 -2.84 -1.317 1.2156 1.8092 1.2027 1.3957 1.8128 -0.78553 1.1293 0.66317 2.9885 -1.1915 -3.0819 0.13653 -1.483 -3.1965 -3.3368 -1.3277 0.067001 -0.85327 0.30369 0.42948 4.4716 1.8339 -3.3973 -0.69561 -3.0789 0.085412 -0.40448 -2.0406 -0.48644 -3.5091 -0.77172 2.0903 -0.63371 0.5604 -0.95423 0.26011 2.152 1.6272 0.13535 2.1025 -0.5081 -1.0134 0.56371 0.86146 1.1801 -3.1273 -0.24283 -0.0133 2.4202 0.72597 -4.19 1.3524 -2.2778 2.9489 -3.5618 1.639 1.7051 0.85439 1.2311 -0.45849 1.4826 0.15247 0.58178 -1.1557 
geranium 1.7801 -3.7545 -0.219 -1.6768 1.6134 0.86784 -0.37153 0.030779 -3.6923 1.1231 -1.5412 -1.3319 0.75712 1.9997 -0.18916 2.7541 -2.1941 0.23874 -1.8388 2.3387 2.3785 1.8563 2.4835 -2.6587 0.75899 1.5604 1.5101 -4.3841 0.24511 1.0624 1.4486 2.8254 0.11247 -1.8157 -2.8752 0.33392 0.86723 0.61534 1.8955 -0.7614 0.4156 -1.097 0.44418 -0.82666 3.2418 -0.71135 -2.3316 -0.0083839 -1.4618 -1.6454 0.077851 -2.0742 -0.66589 0.076259 0.071594 -1.1393 3.5787 0.88179 -1.9639 0.34426 -1.3217 -0.53265 -2.4327 -2.3477 -0.19906 -3.3255 1.6877 1.4445 0.52 -0.82764 -1.0922 -1.1588 0.15507 0.65912 0.01819 0.619 0.67182 2.1022 3.7209 1.2971 -1.6044 -1.6014 2.1038 1.7542 3.3097 0.12875 -3.9572 -0.83434 -2.2611 1.2412 -6.1159 2.5109 1.9227 2.5481 1.4544 -0.9392 -0.047277 0.27196 2.0229 0.711 
anise -0.48213 -1.2897 0.16813 -2.6434 2.3003 -4.2144 0.44202 3.071 -3.8568 4.536 -1.7854 -2.8237 -1.1343 -0.66237 -1.1917 -1.8196 -3.1432 -1.3421 -3.0355 2.3874 4.182 0.82563 -0.24851 3.5703 2.1435 1.1261 0.28327 -3.094 -2.0854 4.5668 3.0117 2.9982 -0.72953 1.1985 -1.8546 1.9939 -1.0741 -0.14784 0.78314 0.02767 4.806 -1.6161 -3.6253 0.55185 3.4795 2.482 -0.53907 -5.0117 0.90621 -7.2436 4.3676 2.5487 -1.3336 -0.90122 0.079965 3.6482 1.2413 2.2057 -3.9193 -0.89586 -3.2606 -0.0304 -1.611 -5.2858 3.0221 -3.0803 1.8965 3.8872 -2.3636 -2.6496 2.9865 -0.22128 2.9398 -2.8792 2.2239 5.5834 -0.46906 -2.7474 0.6331 3.362 -1.3316 -5.7139 2.1814 0.62745 -1.1721 -2.484 -2.1197 0.62086 0.4548 0.76191 -3.2323 -2.9086 0.0088965 -2.5443 -2.4294 -2.8475 -0.82249 -3.1635 -2.3206 -1.4476 
camphor -0.15165 -1.4697 0.16656 -2.6183 2.1076 -0.099106 -0.5216 0.76275 -1.2122 0.78281 -0.87899 -2.2875 -0.99471 1.1731 0.19696 0.63212 0.23772 0.18107 -2.4682 2.9442 -0.0053968 0.16064 0.80842 -2.8999 0.63144 0.35808 0.96047 -4.062 0.66107 1.5687 2.1585 5.1057 2.6568 -2.1756 -1.6855 1.2398 0.98367 2.1548 1.6322 0.05378 -0.51185 0.25471 2.4815 0.39464 2.0004 0.71088 -1.0435 0.47331 -1.1558 -6.3558 1.6032 -0.53153 -3.2024 0.95455 -0.87447 2.7327 2.8104 0.88772 -4.1455 -0.33663 -2.9814 -1.6387 0.011778 -4.9503 1.185 -2.5438 0.12398 0.55536 0.11615 -1.7045 1.3565 -1.3983 -0.39748 1.0846 1.2794 2.5411 -1.1542 0.0020893 1.5873 1.432 2.9356 -1.7261 0.74478 4.9288 1.8127 0.65214 -3.3906 0.63273 -0.63731 3.3403 -3.5896 0.58792 2.0063 0.18362 1.6634 -1.0305 -0.56852 -1.9106 1.64 -0.5283 
creosote 1.0376 -1.1177 -1.1015 -1.9742 0.64079 0.18142 0.93638 0.54148 -1.8739 1.4111 -0.5408 -2.6852 0.60283 2.5232 -0.71485 1.4206 -0.63822 -0.73005 -1.1911 0.16639 1.0346 0.047233 1.6541 -1.0545 0.098067 -0.16658 0.5878 -2.4618 0.26598 -1.1882 0.70605 2.3775 2.0682 -2.325 -0.083177 0.13606 1.2023 0.69214 -0.18866 -0.0039192 -0.77741 0.48891 0.21614 0.1183 0.95867 -0.9656 -2.4005 0.16734 -1.7038 -3.4562 -0.89044 -0.31334 0.0076341 0.73471 -1.4783 1.0524 1.0146 -1.0922 -3.6734 0.55546 -1.9724 0.16854 0.91268 -3.0167 0.87303 -1.3382 0.95259 -0.67094 -0.29971 0.93464 -0.42598 1.3209 0.99733 -0.46792 -0.33293 3.0635 -0.78077 0.32729 0.35237 1.9964 1.2393 -2.2778 2.5843 1.4286 -1.4818 -0.48856 -1.9939 1.3266 -0.13323 2.0607 -2.0748 1.6676 2.8164 2.0347 -0.42886 -0.46771 0.60428 -0.78259 1.9872 -0.83103 
turpentine 1.1119 -0.48262 -1.2896 -1.7722 1.3157 -0.61686 0.42412 1.6348 -2.7492 1.2588 -0.90017 -2.3496 0.16813 0.55606 -0.94447 1.4252 -1.0045 0.59904 -2.9669 1.6091 0.27801 0.2704 1.0791 -2.5085 0.28993 2.3394 1.7128 -2.8366 -0.3131 1.4508 1.7267 2.8839 1.3603 -2.0716 -2.3741 -0.60035 2.0762 2.1185 0.020961 -0.022915 0.89962 0.96679 0.35009 -0.080907 1.3774 0.24874 -2.1288 0.21401 -0.85293 -3.8066 0.46511 -1.9024 -1.1082 -0.35042 -2.2078 3.577 2.1614 -0.20227 -3.1026 0.23795 -2.9607 -1.3037 0.70301 -4.0428 1.5301 -1.8727 -0.7392 1.4513 1.2438 0.253 -0.37034 -1.3098 0.44436 -0.6049 1.8664 3.2176 -1.3887 -0.39104 1.1619 2.511 2.0322 -2.8592 0.69313 1.9694 0.7786 -0.068357 -2.104 -0.17544 0.44294 2.7316 -2.0927 0.17799 1.9475 -1.241 0.74541 -1.8138 1.646 -0.62371 2.7458 0.070918 
