96 100 
kaffe 55.728 447.83 -10.528 230.14 153.48 92.636 343.15 213.28 260.78 60.079 183.46 194.15 280.87 -235.15 452.68 193.71 -30.406 391.74 -275.92 229.27 -36.517 66.518 87.359 -30.599 -232.9 -129.43 -60.045 -167.01 140.43 132.12 112.58 -472.73 -302.89 -277.88 38.457 371.78 157.82 274.46 18.916 -225.96 -474.07 165.13 -150.82 211.09 197.38 83.436 -227.92 156.27 226.84 446.13 -131.2 -198.55 -160.16 -167.73 4.1119 -8.9862 161.3 -689.14 -301.17 -116.63 -22.728 -33.373 403.99 -306.08 -80.234 -52.815 -368.78 4.7623 -28.592 -44.823 325.8 -51.985 11.689 -191.04 230.96 -132.48 390.15 1.2446 318.43 92.861 -274.17 204.35 543.88 -613.5 -15.73 198.28 -348.57 278.58 183.94 -279.89 350.83 -18.801 -343.34 -120.96 513.39 -220.21 10.168 -189.62 380.36 25.877 
djur -155.62 -1401.9 -16.086 120.95 971.96 -49.152 -558.24 -263.11 276.73 455.36 145.32 471.05 144.6 -200.49 783.17 -481.07 -348.13 -268.48 192.45 246.53 -21.878 -44.519 1133.6 735.57 1048.7 -343.4 -551.64 -218.45 -293.15 -204.78 580.72 -181.96 -742.62 -665.1 -102.72 471.03 -82.549 -383.22 -502.47 -509.48 454.54 -58.064 543.98 17.758 -41.149 -115.45 95.601 108.06 -269.97 468 -222.69 -224.61 -45.813 -455.16 266.56 -173.48 -159.69 -93.779 -701.1 975.81 48.835 352.02 -114.72 449.51 185.31 1354.9 -810.7 -569.29 -148.67 611.09 -1002.1 -784.1 354.37 242.15 168.46 398.35 -231.21 275.12 268.97 -133.01 -30.161 -80.182 435.87 129.06 -29.337 382.66 -108.73 545.73 608.96 247.29 -106.33 522.24 363.78 126.98 485.37 522.07 576.07 99.917 102.07 -59.947 
te 1152 1264.3 992.98 161.52 830.62 -1.9132 1007.8 214.39 -605.3 389.23 1189.4 -488.7 1636.9 -562.35 799.8 -546.49 947.73 1344 -765.93 1678.1 -371.89 -211.43 2212.8 184.2 583.04 445.43 -37.524 -599.4 1793.6 1151.4 -465.11 -29.725 343.21 -724.49 -855.49 -389.91 845.9 -887.3 -105.07 571.61 -1385.4 988.06 -906.29 222.91 -120.69 1192.7 247.41 -187.3 -137.26 468.99 -502.65 -703.86 -180.78 -573.37 -127.09 450.75 2356.7 -3564.5 -1142.2 637.54 -280.27 863.15 421.75 -1542.9 -171.9 609 -1275.3 -650.77 -262.34 283.91 210.17 -1134.7 -61.576 124.14 434.32 -804.37 1929.3 -677.72 932.08 -1256.1 -525.08 158.13 328.49 -1504.6 -409.13 1308.2 -739.34 519.67 192.19 -310.02 1664.4 -5.1077 -1482.4 -1358.3 553.62 -169.53 -81.395 125.52 1038.1 -471.03 
vin 57.193 1379.3 666.71 -1525.4 566.14 -1171.6 1091.4 1204.4 -71.567 92.109 1144.8 728.73 1122.2 1196.1 1628.2 1567.5 752.55 57.236 89.016 47.902 -72.421 -329.08 734.43 -601.22 -677.25 156.08 -127.51 -2064.1 -590.26 549.4 -434.43 -1836.8 -1046.4 -323.93 183.79 722.57 -288.38 -166.97 93.844 1239.4 -726.84 808.1 312.47 -918.77 65.966 823.33 -484.06 -1293.9 503.81 -624.69 -534.04 414.08 -1073.6 -1173.8 -836.65 -931.48 883.73 -1251.8 -988.97 22.594 -382.74 1261.2 -78.099 -606.7 -664.87 -791.02 -2995.1 -40.301 -1786.3 -335.73 263.23 1245.5 -1263.7 850.22 48.895 -1282 -379.38 630.61 812.04 -465.17 23.873 -673.99 1244.3 -1897.3 -242.33 865.82 -329.39 10.614 504.3 -1211 223.44 419.02 -184.55 -186.29 1709.3 -2281 -226.54 -524.97 -34.38 -1412.5 
choklad 231.99 186.93 -99 15.215 -53.766 61.852 199.06 234.74 -153.51 8.973 175.94 -23.023 194.13 13.139 340.29 -229.81 -203.06 284.06 -27.669 484.87 -142.16 256.79 500.73 -25.482 4.4854 182.59 200.1 -351.83 -250.83 -140.3 43.823 114.13 106.94 -217.58 -80.219 -40.837 110.96 318.61 305.44 -16.099 -138.59 -5.6463 -329.25 -49 -43.292 100.83 216.63 -121.53 28.263 260.29 127.76 -416.33 8.6918 -110.35 4.0847 -241.14 166.23 -319.04 -110 370.25 -183.48 -55.706 -40.684 -380.96 -97.978 36.65 -480.72 -60.692 -102.98 118.55 109.09 -297.94 39.592 223.85 167.66 -53.507 130.88 -117.87 340.16 -131.02 -379.24 57.888 44.429 -390.26 -93.362 139.24 38.669 227.12 476.93 -268.75 -12.912 89.368 -96.524 261.35 80.592 -103.83 131.3 -119.91 -443.63 -402.17 
ägg 117.84 -430.94 -665.18 1800 355.45 806.81 50.191 -289.76 -1074.6 -635.61 -550.45 -305.82 -781.94 -1501.6 -909.44 399.58 -68.844 33.483 -191.54 -1034.5 -424.43 59.097 3054.5 18.113 929.25 715.74 -1118.3 225.61 -252.16 192.75 2533.4 -1637.5 -2297.3 -217.98 173.02 1081.9 -263.63 103.55 668.19 190.95 -807.29 -1472.7 563.84 985.43 1670.3 1455.1 -773.81 -152.68 987.27 919.14 1518.1 -19.016 -1199.4 -157.22 1629.9 39.832 881.01 -839.38 -1660.7 1682.4 -1237.9 -33.53 -52.431 -326.6 1116.9 324.83 -1231.3 234.46 -831.53 180.06 513.21 888.71 1457.4 -1179.1 316.03 1245 1505.8 980.31 176.74 13.315 -1295.9 1203.1 180.79 226.41 441.89 909.15 1095.2 2062.9 956.46 -28.5 -417.47 -191.46 244.06 508.34 2018.5 1674.6 86.571 -382.36 -1319.8 -837.54 
bröd -155.58 4.8842 -492.29 724.68 33.802 444.99 -251 -932.17 -361.02 -882.4 110.78 1202.9 19.217 -93.37 509.39 -987.62 402.89 686.2 -118.61 -626.76 -705.28 -290.02 661.22 -484.15 47.691 207.95 138.95 -1143 -355.92 187.57 -263.11 -185.28 -1151.5 150.09 -110.66 177.35 -1072.9 215.08 198.7 -508.29 205.08 491.15 367.17 350.97 253.71 -980.55 -39.244 406.53 89.291 445.98 -326.17 271.42 -913.8 -1413 -218.46 -126.72 1087.7 -1429.2 -651.57 -257.78 -231.52 204.09 -459.14 -1691.7 -37.774 1.9337 -609.77 -224.69 719.47 878.22 49.044 245.88 238.48 -691.18 671.03 157.31 798.86 154.31 687.25 185.78 -126.51 282.66 116.29 -77.723 251.25 766.7 370.19 684.53 577.77 -695.82 -83.808 -180.35 479.53 627.81 -61.718 123.55 265.26 -856.19 -388.83 -935.64 
fisk -527.67 5.6051 -332.18 -570.92 439.57 324.79 -254.25 601.66 294.34 -498.64 -588.75 1126.1 -193.18 -55.763 120.66 -392.13 -101.12 -1157.5 -448.99 159.46 318.49 -506.53 1030.8 448.15 4.997 136.49 -179.03 584.76 403.6 -337.24 348.76 -1061.4 -1054.2 -1169.7 253.35 1067 -61.018 148.76 115.25 85.24 177.22 235.81 1169.4 499.22 -29.635 -345.95 180.07 196.27 790.82 -129.97 423.44 -35.867 326.31 -378.44 429.5 113.97 270.35 410.6 -207.24 1622.7 -579.19 169.19 -615.73 250.36 -257.46 234.26 -863.41 129.88 -794.45 -829.37 300.54 43.725 -93.185 -699.26 1106.4 -582.47 -402.83 1071.3 123.32 -331.5 374.13 -377.55 122.34 587.31 711.15 116.24 -323.6 507.92 438.19 -619.96 -497.35 -739 577 1029.8 548.52 199.93 1506.3 466.47 360.11 170.9 
öl -302.1 3820.2 1114.1 -2627.8 1796.1 -1082.9 3750.8 967.43 983.99 53.252 523.68 2485.1 2552.3 799.04 2466.4 2257.8 1291.9 298.21 -1498.7 -472.69 -488.92 84.074 1423.8 -489.91 -2259.1 494.85 533.82 -1461 -1084 -816.38 -301.28 -3847.9 -1599.5 -3378.8 742.53 1911.8 999.63 775.52 909.27 1480.9 901.15 -267.28 1281.8 -441.23 216.82 -3.9774 -1913.7 -256.99 467.63 17.762 433.85 422.91 -2242.6 -3673.2 -2222.2 -278.66 2586.8 -151.91 -452.06 -2314.7 -1013.9 785.92 602.32 -2542.5 592.81 -254.13 -3629.9 -827.64 -3095 -462.02 2686.7 934.34 -1238.6 1541.3 1096.3 -2138.5 989.89 416.82 743.94 -1717.6 409.78 1120.1 2268.5 -2508.6 -516.89 4177 -518.03 165.3 -664.89 -2369.5 1378.8 502.12 -270.67 -617.64 1477.8 -4232.4 -26.266 231.17 350.59 -3045.8 
ros 150.51 -115.56 38.304 298.72 -639.41 -545.15 10.927 180.68 -496.28 318.54 -941.4 -538.57 745.2 -77.11 1239.2 -31.675 -448.45 -640.96 -560.75 384.31 -268.67 -91.452 557.5 589.05 -173.5 891.35 428.23 -349.48 -574.2 704.46 297.47 -480.67 -109.72 -642.48 1304 -238.86 1251.2 322.61 323.91 -1521.2 -953.2 8.108 -1231.2 -187.7 -145.42 1542.2 -77.945 -1043.3 1298 240.41 1534 379.55 -121.06 312.56 -216.07 806.88 22.915 212.67 -563.02 1670.6 375.8 -1149.8 720.45 158.76 633.07 443.01 -1296.8 -1014 477.4 925.07 76.86 -361.58 530.1 279.89 -562.39 191.51 951.21 -1305.8 -620.18 -951.79 94.57 800.67 388.45 -357.86 -489.93 -1160.3 332.29 -96.628 -449.03 1690.8 2.8974 -137.52 -539.18 -201.47 1181.9 355.98 436.6 434.4 370.84 282.68 
potatis 132.21 -414.86 54.268 37.165 750.89 -64.533 -419.27 179.48 -318.3 -464.24 -142.35 138.03 -253.35 -186.15 -85.412 -179.71 311.43 -410.1 -233.25 -107 139.47 -548.63 671.73 110.41 216.68 58.152 -90.678 -191.11 -383.24 70.863 -106.03 -352.92 -647.83 -387.82 542.81 645.48 -16.337 6.2242 -482.12 84.437 -373.22 317.49 222.41 210.41 262.89 -3.745 417.86 172.66 652.06 -639.95 59.223 -97.189 -5.1935 -436.55 1.3348 -37.273 297.7 -422.76 -151.39 727.63 6.3265 286.36 -71.388 -179.15 -175.68 -174.7 -443.33 367.31 -91.151 -127.32 201.25 -210.5 213.7 -460.31 624.1 -226.93 -269.23 -195.09 369.99 -313.53 -420.27 111.75 572.51 -8.6781 489.98 -41.989 -256.2 763.65 45.623 -296.98 -417.61 -185.33 165.74 246.12 292.88 745.92 122.06 -187.61 -66.366 74.815 
ost -1263.8 961.12 1336.4 -936.36 531.43 -398.73 2039.4 1147.6 -626.93 -707.32 875.83 1182.6 -659.46 370.58 -166.76 -706.75 622.36 540.31 164.57 1909.3 -1451.8 204.38 2239.5 493.86 420.71 816.71 -762.25 -1190.7 -1056.6 374.43 -1534 132.31 -2289.5 -373.72 256.24 1722.8 -721.47 303.24 -41.949 1375 -1714.4 -1291.5 34.555 -1373.3 1033.2 319.25 -231.75 -667.37 1396.6 -474.22 -122.87 -2678.8 -71.201 -1945.2 388.29 -453.51 3255 -4172.5 -1473.2 -480.84 -1307.9 1127.1 -270.26 -2477.7 -1122.1 -1502.2 -1845.1 -158.75 -184.43 1280.6 -146.57 -210.06 -1057.1 486.76 1060.6 -436.63 391.05 -792.51 666.53 0.43373 304.75 -1168.3 1181.2 -590.54 572.39 711.01 1419.4 2652 1976.8 -2447.6 -1843 -1.3489 2705.6 1920.6 2095.5 89.776 -508.18 -1472.9 -934.3 -2213.3 
blod 614.45 76.036 620.56 491.2 2039.2 -379.13 -90.159 181.97 -291.13 -95.569 -349.47 -145.5 -153.85 -799.25 111.16 -355.99 -594.45 -376.88 -358.29 743.2 -562.14 -341.48 2933.9 729.13 10.098 704.79 577.94 -500.32 390.39 -766.12 571.36 -1672.7 -983.01 -240.8 903.79 317.09 -646.51 274.14 -383.64 951.27 109.87 386.41 619.82 -658.4 -643.4 664.12 -238.51 -121.35 226.3 -711.01 1352.7 394.05 -1018.3 -765.96 313.9 453.12 -788.41 127.22 -212.63 60.34 -515.23 586.57 701.15 -691.07 -374 599.2 -1166.7 -908.18 953.87 25.119 -163.48 -87.861 -366.34 6.4215 -231.83 569.18 -123.89 128.1 -708.06 -1311.2 297.31 706.71 -94.149 -548.71 -375.71 589.32 -584.69 -502.02 767.38 -481.84 -198.69 606.66 -413.1 -181.34 -174.45 -40.844 -185.7 1261.5 -936.67 606.95 
grönsak 93.186 -177.93 211.25 -292.46 324.07 -503.26 -329.62 427.38 -276.88 -409.63 136.71 -71.481 188.8 -73.303 -109.26 -143.94 507.38 -93.616 -154.89 147.89 -100.68 -302.41 746.94 -366.99 297.79 28.326 -217.82 -440.57 -28.045 140.36 90.157 -223.95 -469.5 -207.26 -384.79 212.24 315.97 -40.157 -331.25 -51.916 -233.61 290.74 359.89 -273.64 61.844 -710.59 128 159.39 184.39 -127.22 -336.44 159.09 -163.63 -630.59 78.94 -68.691 650.43 -252.87 -143.44 769.19 236.75 130.88 -159.88 -143.11 132.47 102.33 -610.17 234.19 52.164 178.61 -262.26 -39.038 -32.02 -336.7 777.02 -299.43 45.83 429.33 212.8 -306.73 -618.43 -252.6 267.95 10.242 8.2553 58.277 -347.28 344.38 280.06 -678.55 -369.35 423.1 295.03 196.25 564.93 930.91 -186.17 -673.63 -101.09 -184.18 
lök -1217.7 235.79 851.71 -796.18 514.49 -840.36 -1008.3 -1.2141 -76.115 -1338.6 -1309.8 -1043.9 -371.11 -12.938 55.994 -1025.8 2160.1 -422.32 -197.73 -197.52 1046.2 -908.19 1295.8 1.3117 1162.1 1501.3 -717.19 -200.69 -1690.4 583.06 -419.77 -903.71 -2426.4 -381.71 862.41 1116.1 -725.46 -251.05 -1265.7 265.04 -751.53 1009.2 1665.9 -615.26 659.37 -1047.3 259.71 -885.74 1073.4 -395.47 1461.3 -684.01 513.4 -198.41 277.86 -348.96 975.95 270.54 -1202.7 -253.84 21.533 -56.905 -78.598 -1370.4 -289.18 -1169.3 -2249.5 -281.83 796.25 434 -283.81 165.13 -330.77 -137.58 1214.5 -544.17 732.77 -994.31 -68.944 -981.64 339.05 -956.49 1449.7 1002.3 1095.9 -159.31 448.3 803.43 -552.13 -980.01 595.52 -509.36 498.56 346.29 1256.8 2280.9 -390.86 -749.64 -339.31 -304 
gräs 266.04 557.36 -334.07 -247.5 396.89 -392.31 -1406.7 -466.76 -6.0339 714.86 -833.75 649.57 -3.8192 -750.77 191.96 -22.357 -483.66 119.49 -619.37 826.49 1152.3 -638.93 712.12 236.51 -212.54 -97.84 -340.35 -1099.2 -904.85 272.42 886.25 -710.88 804.81 -1546.1 897.41 471.57 106.8 1041.5 -839.85 -532.72 -549.82 378.23 -361.46 -357.7 32.909 326.39 -229.7 1395 -140.51 -240.64 77.495 304.29 -573.32 -1.4496 523.75 -760.86 -106.65 -165.27 -307.88 1355.5 -343.34 -324.34 -115.41 450.14 361.57 169.81 -1075.4 313.1 -861.73 -725.76 -44.368 -507.07 -44.388 -275.88 678.65 646.3 54.776 480.2 -109.26 -184.35 143.92 175.78 943.13 -278.52 411.36 -738.53 -731.6 887.31 745.28 -292.03 -744.15 -449.1 -383.29 35.072 471.31 301.97 848.06 167.55 -278.13 1183.6 
parfym 882.96 331.69 -600.61 -386.57 439.51 -544.32 222.46 178.78 -399.84 -849.72 730.07 -40.474 176.49 426.78 948.39 -256.09 -79.526 -143.03 421.57 457.17 -291.26 105.58 280.73 -187.48 -216.33 801.32 133.77 -25.225 -92.734 -111.1 -652.2 -279.75 659.88 -74.671 -263 -413.81 -195.02 -99.374 8.085 -613.04 15.302 770.57 73.394 -682.94 -459.77 428.33 565.42 -989 -64.981 140.92 284.6 421.43 -411.52 99.674 -337.13 99.86 499.79 435.78 374.06 -14.818 -639.25 -627.97 585.32 -193.25 696.33 -107.5 -935.76 -838.14 677.13 1280.9 -148.12 -459.6 340.25 229.75 347.43 10.303 399.23 -66.706 -13.732 -283.87 -358.3 234.88 -148.21 -446.91 -653.48 190.8 164.83 -495.03 124.18 64.981 507.03 205.26 -339.64 43.741 73.362 -686.43 527.5 340.15 -596.68 351.93 
äpple 572.89 -45.921 -136.95 460.63 597.78 -191.23 -357.33 428.82 -517.49 -209.36 -231.4 545.25 -425.85 -954.1 94.365 -358.43 297.52 -7.2946 121.49 837.99 -203.75 60.685 782.96 343.99 615.6 59.364 101.68 -679.56 -504.54 635.85 -235.53 -111.16 27.775 -1066.5 135.57 912.65 13.805 183.14 -987.64 -185.22 -521.82 801.88 -197.13 -2.2148 -296.4 55.509 481.43 861.14 347.39 -32.816 263.1 -337.59 -527.16 -59.301 116.21 -88.202 264.1 -1162.2 -527.35 1139 -610.54 -135.7 335.53 -107.55 -193.65 111.34 -564.94 394.77 -130.43 465.98 662.93 -286.1 -15.395 -480.38 506.03 1.6011 51.934 -545.5 -32.761 175.77 115.63 37.877 446.05 -818.54 235.15 -105.4 -751.74 215.35 186.36 -154.34 -492.36 -496.61 -122.5 186.59 522.85 940.59 738.76 -587.59 142.8 -69.266 
citron 860.24 87.723 253.63 389.68 -98.562 228.3 251.75 1094.9 -308.7 -442.26 -56.546 -187.67 571.72 -551.56 522.48 307 276.8 -353.87 -140.53 309.95 202.63 -330.92 1024.7 265.85 515.65 100.58 -23.67 -192.54 -409.58 36.414 -83.107 -364.5 -229.08 -660.77 110.94 -56.825 289.35 304.36 2.1061 323.1 -665.04 331.27 -1.1248 -162.97 -789.3 554.98 -177.49 -340.96 59.919 212.2 -261.11 -307.07 147.68 -107.13 -415.09 -248.84 245.53 -75.737 -0.3758 1075 -637.97 -92.936 118.29 -136.59 -397.06 -262.11 -1993.7 495.31 238.48 -49.41 379.7 -95.602 -162.72 265.38 660.92 -454.34 225.99 -423.88 -495.23 80.95 -105.34 -433.61 194.58 -109.58 -511.35 -461.9 -445.25 -98.143 -206.24 -679.26 383.3 -208.59 -38.104 -309.51 504.47 798.27 81.08 131.07 -243.51 -36.054 
vitlök 440.21 46.858 1102.9 206.06 493.15 -131.81 -612.67 592.59 -260.67 -721.62 56.342 40.533 251.32 20.815 -170.25 184.33 344.88 272.14 -394.46 261.03 -111.27 -401.51 897.48 -363.44 -26.819 653.99 -484.63 -440.48 -410.38 -118.09 -65.576 248.49 -1082.6 -312.02 60.475 210.84 -269.1 -161.88 33.219 603.08 -454.91 549.92 713.63 -863.58 -463.73 -270.11 337.55 -309.54 269.27 -499.39 225.32 -27.273 -51.238 -712.97 -174.21 -275.54 1105.7 401.83 373.61 44.599 -498.51 362.65 445.71 -623.3 -124.15 43.006 -1050 -242.64 321.96 289.28 -203.09 -615.78 -26.276 -100.28 986.28 -72.271 115.54 -16.567 -239.51 -217.66 -356.86 -288.51 318.52 93.799 40.869 484.14 -385.92 145.81 319.31 -914.13 496.59 -190.47 504.97 240.65 191.01 739.23 -55.67 -547.5 -513.04 -113.96 
banan 312.28 609.2 -515.51 -469.68 485.76 -119.43 276.68 252.17 -1105.9 324.44 -589 625.14 -145.21 -815.71 842.24 -263.16 -299.71 -42.734 315.1 942.56 -32.179 163.97 1259.1 -22.215 512.02 284.92 -160.19 -744.91 -881.69 -86.444 -118.49 -538.22 -193.99 -1363.7 126.87 699.76 301.2 23.972 -351.82 -449.27 56.226 -102.23 -341.74 147.45 329.83 189.98 298.66 610.26 411.93 -105.85 695.64 30.631 -410.42 143.25 270.56 13.638 439.3 -704.25 -680.95 883.19 302.32 -404.19 159.15 -414.45 -82.538 11.362 -1004.5 475.95 -92.914 335.79 646.65 -239.9 816.25 -521.36 903.57 28.178 364.05 -13.607 -71.715 520.69 -373.44 -410.49 -320.41 -314.92 142.43 164.38 -563.72 393.32 320.45 -212.15 -334.67 -211.8 -314.48 1018.4 201.73 269.43 540.38 -318.84 -495.36 170.93 
lack 225.88 -2073.1 -141.82 -890.91 383.31 -753.39 -276.33 801.11 593.5 -865.8 140.7 311.52 394.52 1298.6 -624.55 194.07 346.48 -1136.4 541.29 -171.94 598.76 -102.76 343.3 -619.99 -1228.5 520.11 173.35 433.39 -772.9 209.86 115.43 -974.52 -1.2595 525.78 613.21 353.85 859.37 139.68 1515.2 -845.15 -733.99 519.51 -424.13 -1350.5 -336.55 269.75 606.25 -630.55 933.98 228.51 1222.8 -377.66 626.97 1043.5 -682.39 702.04 640.97 905.31 -777.16 1107.6 -1072.7 -901.16 88.55 287.21 21.688 -1176.8 -3271.4 116.99 1256.5 1268.7 -211.92 -4.3189 -837.95 -922.29 138.94 -789.19 1169.2 -971.21 -1646.2 1000.3 1885.5 -262.82 1095.7 -80.719 -436.17 -107.36 -1452.4 757.8 385.3 186.72 -236.97 9.5969 596.68 -561.73 1390 -671.43 39.257 212.2 -2142.8 -388.19 
honung 1036 213.19 507.56 282.73 177.56 -193.5 -282.09 533.57 14.118 301.06 652.44 294.48 335.45 -454.9 507.72 378.63 1184.8 -324.2 -217.65 1225.4 -379.88 90.486 2070.8 -223.19 -114.81 920.04 -272.95 -606.99 -28.58 380.6 721.88 -570.53 -702.31 -482.2 -430.34 -109.28 60.021 396.67 -342.2 201.27 -1208.6 246.66 171.37 -196.84 -505.99 250.8 -1242.1 195.46 -22.135 -123.24 488.53 135.35 -511.84 -348.46 -692.13 -561.43 449.16 -705.74 463.85 908.77 -1036.9 -109.17 525.26 -540.28 -787.39 -226.59 -2546.4 513.86 -46.457 401.97 -480.76 -1443.6 -670.05 619.32 698.03 508.22 678.37 359.94 439.05 485.78 -646.22 -963.84 425.98 -419.46 -959.97 2.8434 -425.07 890.14 415.37 -165.52 1072.1 -290.17 490.03 -284.97 992.33 1180.9 341.11 114.8 -149.74 -68.683 
svamp -555.8 -528.05 421.06 -26.52 64.911 -331.51 -1063.9 408.24 -8.921 -167.15 387.38 981.93 -4.5679 -265.9 278.03 -237.8 52.58 -429.51 -297.22 155.86 -70.84 -332.31 1062 -353.65 -627.78 490.07 -117.27 -285.91 -6.7496 -57.264 410.34 -748.73 -888.51 -899.54 515.89 620.09 -55.046 378.92 -132.59 -37.734 -154.18 302.42 586.24 -458.18 -117.39 188.84 -19.559 -263.54 198.74 -223.6 477.68 4.8475 -478.02 -860.58 295.65 -621.69 951.34 71.13 -43.364 1481.6 -919.97 711.73 -526.29 490.48 -324.63 633.47 -1610.8 -508.23 -429.23 -364.92 -152.34 -551.28 -346.1 -558.53 558.94 235.51 65.774 636.03 -487.5 359.66 -737.7 -543.39 472.38 284.29 67.12 -572.59 -691.76 1059.4 906.21 -671.61 108.66 -126.28 232.74 32.714 861.88 819.72 250.45 64.492 -20.89 232.87 
kanel 1271.1 850.46 -170.51 1274.8 -52.583 -530.38 -902.12 739.57 -844.78 11.999 33.412 -687 260.6 -691.88 179.5 629.75 365.22 632.89 -607.39 238.9 -239.53 1047.3 1353 225.06 311.14 853.58 -322.83 -521.11 -686.73 199.66 -83.344 -112.01 92.13 -1223.3 693.74 74.048 -373.95 399.22 -297.74 -257.58 -736.54 98.259 -171.2 311.47 -230.19 550.01 -500.88 344.19 -43.802 11.045 367.22 70.955 -914.53 -51.22 -730.34 778.97 82.146 -1640.9 -234.14 367.52 -112.6 67.665 472.18 -907.66 -680.12 682.46 -1528.6 633.55 441.95 148.61 248.04 -740.94 404.22 112.42 1053.2 -216.35 1293.8 -608.51 716.6 452.67 -1085.8 -525.33 -384.57 -443.29 -1337.3 235.61 -1390.1 963.67 -38.431 -289.72 495.17 -343.06 -281.18 591.31 133.95 1562 -63.389 -206.62 -566.87 1216.6 
rom 222.3 109.87 2748.1 326.8 587.52 651 171.78 296.88 -784.76 -180.08 1317.5 838.79 -636.2 366.41 2449.3 -1166.1 -191.6 -60.969 2795.5 -426.75 -1577.7 -478.27 1657.7 2050.9 1883.6 -1166.7 29.937 -311.3 -3275.5 61.695 -881.26 -913.8 -1256.2 173.94 -813.38 -557.45 487.17 -56.16 1006.5 379.87 -441.25 566.64 646.37 807.87 -889.12 1784.6 -1788 -1402.6 -247.22 -406.77 975.7 -764.05 -1395 -1627.8 139.4 -430.51 3222.3 -219.15 -1240.8 74.116 -1000.1 1271.6 390.49 -315.65 -1187.1 -268.52 -3961.6 -1294.2 -2159.6 1091.8 2206.8 623.22 133.53 1916.8 -328.32 1227 -230.23 -814.64 207.06 -1017.6 1224.9 -166.7 -374.5 697.59 -1069.5 1720 1388.9 -42.114 63.858 -1324.1 1700.2 986.96 3440 520.64 1579.6 1298.9 -3247 -1525 1074.4 -2313.4 
skinka 392.53 820.67 -212.42 452.67 323.43 -488.16 223.03 496.24 -633.77 -1117.8 43.322 153.69 -815.47 -327.72 568.7 -152.43 33.839 19.214 247.06 262.13 -25.395 -370.07 1270.6 288.37 1047.1 434.09 -701.24 -1348.2 -1045.9 -455.85 -658.85 -543.72 -705.67 -429.6 632.06 962.02 -364.46 -183.04 -211.67 607.67 -768.74 -132.13 124.57 64.49 -412.25 152.03 -62.733 196.98 814.69 -518.63 294.6 26.064 -265.72 -440.63 -289.37 -44.591 287.25 -509.58 -532.32 216.7 -314.34 1102.5 122.62 -875.27 -105.53 -607.56 -100.53 637.28 366.38 -55.44 18.482 365.85 -88.326 -397.63 40.324 406.83 509.16 -506.45 -76.216 -789.76 -416.95 105.73 825.33 281.17 509.67 70.821 387.47 692.75 167.53 -912.75 -895.48 -651.33 272.04 877.54 453.4 8.5195 278.14 -1210.5 -629.91 56.337 
kartong 355.11 -569.43 -646.47 -11.644 543.57 367.16 -173.56 366.44 103.05 -371.79 79.454 48.922 -292.62 -463.28 -314.7 -193.37 99.916 49.416 26.685 110.23 -218.03 -468.93 96.442 137.81 -430.52 400.17 42.631 -568.77 -227.92 -49.395 28.976 -280.61 -500.74 -67.707 64.854 -123.12 538.75 213.95 -122.88 -107.3 -39.832 -197.75 -633.43 425.04 -350.62 230.81 -42.822 -202.31 1063.1 -129.03 683.01 -142.67 -254.35 -133.34 -277.02 -127.45 -29.667 -8.4725 -366.27 612.58 -651.04 -558.61 191.35 -633.01 191.61 206.61 -747.32 -282.12 -437.08 669.02 -464.12 -131.66 -380.06 -120.04 -188.97 98.224 -77.163 -656.47 169.65 13.494 -441.67 944.03 687.69 214.24 -152 -269.83 -10.514 284.36 472.51 -6.8504 -865.09 153.6 142.81 331.69 589.73 60.437 475.2 -404.61 -258.27 34.119 
gurka 551.56 106.71 411.69 28.736 -117.35 75.229 311.64 384.53 -675.65 -163.15 -668.75 -77.472 114.7 -909.26 43.383 46.813 102.41 -313.59 206.58 624.53 358.45 16.944 1204.7 -147.64 366.68 -348.3 -1160.5 103.13 -383.21 179.23 -8.0232 -196.44 -965.29 -587.1 -46.995 587.4 738.51 -171.47 -160.14 304.7 -791.69 358.89 -217.16 -281.89 5.1599 600.45 -412.67 -182.52 441.04 -496.88 -857.5 -427.68 341.39 182.27 241.95 -599.2 445.01 -895.53 -894.09 1059.7 -310.2 -71.981 435.49 -405.9 223.16 -751.66 -503.18 801.23 110.33 437.04 -289.94 -333.72 -422.06 -654.59 623.06 -189.8 754 93.3 -828 342.82 -40.013 -169.49 759.1 -74.287 274.39 58.36 -525.73 684.63 441.19 -237.9 19.405 -88.519 391.89 -542.89 451.45 605.48 264.81 -311.44 -195.08 -379.06 
apelsin 741.73 11.11 -181.57 225.69 80.328 6.1652 -130.45 328.26 -977.22 -292.64 -167.11 -240.51 -52.222 -689.19 232.47 221.55 165.17 -51.697 294.29 702.06 -25.108 -18.569 899.83 62.109 243.82 459.79 -114.68 -861.17 -342.99 301.79 91.423 -392.62 3.6557 -615.27 66.555 42.201 105.57 411.88 -187.64 -254.2 -558.21 174.5 -668.34 -122.61 14.423 457.43 89.44 -85.987 542.96 -244.78 409.3 -3.2883 -326.83 281.94 107.29 177.46 148.82 -528.07 -618.92 731.78 -214.17 -243.37 199.25 -450.2 -74.9 -78.068 -997.43 313.16 34.115 604.37 186.6 -130.38 9.6098 -157.38 667.54 109.79 271.55 -256.14 13.83 221.15 376.91 -431.69 7.7069 -720.78 -191.94 -229.12 -164.44 253.3 108.06 -160.31 -134.35 -354.55 -154.26 162.64 242.31 335.8 360.95 -98.29 59.509 216.5 
vanilj 1072.5 444.35 -60.395 87.413 -471.08 -283.2 222.57 208.59 -1299.5 -266.44 172.62 273.75 1101 -93.313 691.22 113.73 217.1 212.56 23.085 896.25 -198.83 803.5 499.26 317.61 487.48 715.01 116.43 -357.39 -202.28 -289.79 -580.64 -666.59 925.12 -153.25 165.27 -553.86 -139.62 250.42 304.97 -138.32 -494.47 532.97 -882.01 -213.25 -589.98 800.54 89.751 -607.86 684.59 375.04 409.55 -212.86 134.72 338.85 -437.91 34.501 489.67 -99.503 -325.41 497.21 -480.01 -350.63 112.69 -140.16 -490.43 -87.137 -1550.8 -236.67 170.79 1035 417.5 -350.74 290.61 538.12 -317.29 -330.85 1130.5 -235.29 259.54 531.56 -321.64 -557.43 -497.34 -1013.1 -719.7 7.6931 -537.32 -439.3 -70.261 288.73 709.08 369.61 -436.38 436.61 397.67 635.3 -440.31 -363.3 -553.18 77.995 
rök -122.38 -314.63 751.92 890.65 1858.9 76.277 -1491.7 25.144 402.33 -415.97 -515.39 936.49 1060.5 -1314.3 -354.36 -935.48 19.482 989.96 -1272.1 798.49 -667.06 -212.22 1880.1 1991.5 -2020.2 3000.4 911.12 -1082.1 -1053.7 228.82 2246.9 -1609.8 -271.97 -1353.7 1574.5 114.96 -173.84 2456.4 323.43 -328.88 -966.57 -395.48 -350.69 463.6 -1405.7 871.07 -892.51 893.15 236.31 391.65 2306.8 214.1 -1001.7 90.676 -463.34 248.8 955.62 2004.5 -1255.4 -236.12 -1199.2 -279.16 433.25 -1106.4 421.85 629 -3392.4 -2071 -263.5 -1050.6 423.88 44.545 -1116.1 400.56 1358.4 -545.49 84.68 126.12 956.48 -1003.8 948.53 -1059.2 547.77 165.95 -1544.6 848.58 -212.88 -27.227 2183.4 -495.05 445.54 -276.67 89.51 96.576 -379.41 -435.87 -605.9 2365.3 -541.33 735.56 
rep -541.07 856.03 149.65 -249.56 1979.5 1525.7 -527.79 268.04 1910.9 1061.3 -918.39 -521.32 -322.59 -672.88 437.56 -1246.6 -917.79 -641.19 -334.85 -730.89 18.817 -539.93 195.19 785.81 791.53 -1502.3 1293.6 -5.2188 -4048.4 -728.88 861.03 -280.29 -984.45 -2655.9 1962.8 1995 -475.17 -399.15 -1027.4 457.9 -202.76 -1526.9 1111.7 -485.8 -630.41 -1799.4 -1613.6 2120.8 1145.9 -1013.6 1065.2 1674.3 -1621.3 -237.5 980.2 756.91 -1509.5 565.09 212.68 1393.3 -507.65 -386.95 1053.1 1233.7 770.8 839.63 -829.97 1548.1 -953.02 -822.94 -1421.9 -1398.8 -185.27 -609.92 -224.65 -186.15 -553.37 -3506.3 243.74 -1265.4 -1564 1852.3 1620.9 1113.9 -1661 -483.68 -1665.3 789.07 -1931.6 478.93 -2913.7 -2172.7 1604.8 1817.4 531.82 -528.15 10.125 360.75 -580.28 1221.4 
hö 2061.5 -1139.1 -751.57 -1183.9 6489.9 -1775.8 -2936.5 385.83 530.22 -1007.4 542.35 2513.7 -4064.2 -4049.9 -949.29 -2217 -1947.4 2384.2 -777.53 7366.5 510.22 -615.05 2281 871.93 -1846.5 1535.2 -5167.5 -1820.3 -153.9 -3602.8 4304.9 561.48 2203.8 -5309.5 1351.2 2042.3 -208.89 3250.8 -5343.2 -732 -2531.6 2184.8 2577 3205.1 -808.38 766.01 2484.8 3519.2 1856.3 -783.2 1038.3 -373.35 -4146.2 -5252.1 -1044.6 -42.744 1682.3 -3065.8 264.2 3538 -812.62 -2958.1 1904.1 -1111.4 1838.5 1976.5 -2297.9 -2039.1 -5151.9 998.07 -361.45 -1923.5 1406 -3848.6 3450.2 128.74 -3606.4 853.98 3803.8 1868.1 460.74 -2584.1 1407.4 -591.23 2983.5 -2331.7 -2954 6307.9 2329.1 468.01 -7423.1 2754.9 2964.6 1417.5 4397.7 1250 6497.3 -2129.4 -3543.3 3601.2 
morot 638.08 20.903 -30.318 1023.9 113.54 -997.34 -801.83 539.37 -703.53 680.14 -840.59 -7.7265 648.72 -472.07 322.85 445.2 -422.1 -983.13 -899.78 1503.4 272.15 -874.97 939.4 -655.97 1096 114.11 -298.98 249.27 -1013.1 7.5669 440.62 309.28 -100.01 -1225.4 458.17 259.02 -412.39 -22.524 -1397.4 -622.59 -1019 22.208 1471.8 -1251.9 50.237 536.32 575.56 1542.2 1448.4 -77.889 263.31 672.96 428.48 -709.75 -393.05 -220.43 511.77 -761.96 127.12 1109.5 -361.23 -1184.7 514.02 -209.09 -283.77 -364.39 -1016.8 776.33 223.62 131.93 414.57 924.82 381.83 -1023.6 647.75 356.26 -265.57 -476.6 -1027.2 74.654 132.76 -365.61 328.84 -678.07 -214.1 -1285.2 -1534.3 1069.7 -640.66 -433.53 -1250.3 -270.89 73.052 1267.5 226.14 2109.3 629.37 -544.11 -1493.3 575.13 
hallon 286.55 79.125 -360.87 -343.7 -315.03 164.57 -11.356 460.62 -993.7 -303.48 167.03 156.77 -157.49 -1128.3 317.41 411.44 407.19 274.48 83.755 976.86 -147.06 700.45 1069.8 -121.78 95.834 341.43 204.38 -836.78 -570.18 65.203 -369.39 16.076 1004.3 -408.3 -76.644 -290.78 656.58 238.01 -218.79 -715.76 -364.27 353.21 -975.6 470.5 -1.5192 257.79 -123.31 315.9 -64.345 -0.5467 336.51 -250.32 -326.15 317.75 -274.55 120.69 586.43 -650.18 -575.12 1384.2 -270.38 -358.54 -421.14 -463.74 -762.44 -130.51 -1308.6 205.11 23.727 436.75 1185.3 214.49 49.687 38.942 847.96 53.662 131.73 -89.135 -6.0342 1180.4 177.22 -504.73 -639.38 -1000.6 -164.96 -324.68 -663.47 -31.82 318.7 -262.43 -267.94 66.089 -291.77 960.83 291.31 1087.4 -75.719 -225.75 -61.817 152.53 
päron 455.26 584.57 644.57 688.23 -193.19 692.65 241.91 948.96 -456.27 -505.53 -144.19 -85.937 83.299 -777.47 493.44 117.46 -17.309 241.33 -21.806 313.35 113.9 -6.6473 1319.5 -43.778 867.27 9.4854 10.284 -1089.5 39.376 352.65 -360.92 -127.74 -322.3 -466.63 496.67 381.69 501.22 316.97 -18.101 858.51 -690.45 481.79 -551.22 322.63 263.89 48.31 500.98 -734.48 178.87 89.842 167.59 75.413 56.186 426.8 -66.649 -98.341 606.2 -828.72 -806.24 672.18 -559.77 -154.95 150.05 440.73 -129.98 193.88 -571.73 -147.36 -990.55 403.56 589.12 420.36 724.78 -147.51 247.72 -668.82 464.57 -226.72 334.6 141.82 -708.2 -72.235 470.36 -396.58 249.22 181.02 -332.87 65.127 774.82 147.87 29.866 -688.77 56.295 22.439 1145.9 868.1 311.44 -366.96 213.36 -659.89 
mus -183.36 -3053 -18.512 616.79 32.212 -223.43 -166.51 280.14 1299.5 708.09 716.95 -276.09 -768.67 -618.74 1888.5 -285.41 -867.75 -1019.1 -275.17 -846.91 -1952.1 1232.3 1721.6 1810.2 88.063 1310.8 -323.6 268.33 -618.94 1140.9 1462.5 -1400.8 1269.8 -1525.4 -25.795 2467.1 131.46 404.31 1926.9 -2631.9 -1285.7 -658.22 1465.3 -255.44 -768.49 282.89 1081.6 221.27 3674.2 965.59 2601.3 -370.31 -70.498 -524.02 -62.709 80.135 -916.69 2346.1 -425.37 1905.7 -4715.8 -1057.2 -133.5 3569.9 -1374.3 186.71 -887.29 -1167.7 261.38 2432.5 -827.59 -716.41 -1002.9 274.25 -1068.8 1557.3 3095.6 285.33 -1259 1178.1 2571.9 1705.9 1636 -1976.5 880.34 96.203 1482.3 57.99 243.69 984.34 29.156 -2991 283.15 -364.31 1928.4 225.99 3345.4 903.16 -531.18 -1291.4 
bär 437.98 1556.6 1483.9 -224.44 -1937.3 -344.79 -1744.2 1356 -793.81 -1255.8 308.96 599.55 -1418.4 -1640.5 -524.25 -701.09 14.581 -1299.1 64.421 1873.2 -739.18 -850.1 1844 910.27 528.54 494.24 1263.9 243.73 1142.1 -786.32 -908.83 -77.238 -460.98 -1252.2 3255.9 -614.87 466.03 298.55 184.62 403.17 -630.96 77.838 -1087.8 1839.1 571.19 854.08 -424.18 -719.78 -63.538 -1354.1 1553.5 1409.1 -1441.9 -207.92 -339.62 1696 2445.4 -668.17 -1385 1141.6 -1406.2 -532.57 675.92 914.87 -204.56 383.74 -2625.2 -1364.8 -1619.8 -70.448 840.97 -705.47 1467.6 180.92 -389.56 317.04 -36.33 -433.96 344.05 497.9 -265.15 -1816 1291 1152.4 767.38 -725.69 1424 1100.8 946.54 -155.61 875.11 -466.97 -383.42 919.29 880.06 1264.6 -296.64 730.75 1098.8 -251.01 
russin 721.18 23.016 -248.45 266.58 34.439 -219.2 376.63 -54.054 -928.83 31.57 -73.521 226.7 -25.591 -233.03 856.14 232.52 -359.1 -339.55 324.48 108.88 -499.85 382.11 1747.3 -256.26 373.81 771.59 -1244.5 -862.81 -650.97 56.625 -14.333 -72.015 225.73 -339.41 500.17 208.64 59.744 626.1 -131.82 -462.54 -795.25 211.1 -614.5 -155.74 -117.88 128.3 -55.501 124.93 614.88 -11.575 162.74 -399.1 -432.4 -553 -395.77 58.52 -54.456 -977.7 -599.15 802.35 -670.73 218.13 841.34 -772.93 -1011.3 283.73 -902.79 608.15 -76.413 1417.3 -174.17 8.0249 -320.26 109.39 533.7 280.73 697.95 -225.27 -181.33 517 -872.47 289.79 409.63 -230.04 702.24 -726.96 -339.32 813.28 452.58 39.953 -629.52 -215.48 -183.88 664.46 560.88 959.48 774.72 -118.92 -98.171 -37.322 
sirap 268.24 -516.68 79.735 282.45 190.77 -719.06 -307.25 -750.26 -702.77 -41.616 -356.35 -211.69 -10.766 -293.58 513.41 723.27 200.97 418.22 655.77 -356.46 -309.59 1037.9 1294 -216.63 -366.67 729.29 43.605 -489.31 -1587.2 740.15 785.82 -791.49 149.62 30.567 -194.16 -704.76 -450.29 1941.6 644.47 -743.68 -780.27 460.77 63.769 -557.85 187.04 -64.109 112.82 260.78 1217.9 778.93 1328.4 133.03 -651.67 -9.9229 -115.4 48.849 280.28 -1796.7 -1220 729.51 -371.39 -449.46 61.625 -1255.2 -2302 260.41 -2718.3 224.56 162.4 383.8 366.7 -925.94 50.212 983.49 245.96 -370.67 1784.6 -137.07 1138.3 794.74 -326.84 -434.95 -1166.6 -800.83 -525.32 1098.9 -668.94 882.17 824.68 -455.46 -163.99 -339.1 -90.304 204.59 321.87 1386.2 -667.14 265.96 -560.73 -377.81 
ek -347.24 -1328.1 -3181.1 -4177.1 2509.7 1450.9 -1863.7 -1928.2 -149.48 3146.8 -3414.3 4262.2 1589.8 -77.975 1588.3 -2045.2 3764.4 -2802 963.27 2170.2 2046.5 -516.98 -433.49 1844.2 745.89 2715.5 1499.6 -3554.4 -1172.8 5473 -630.85 -2142.7 77.432 -4234.7 3389.7 731.82 -3298.8 559.07 -831.31 2624.7 -3573 5011.9 -4179.7 -611.91 -2194.2 5959.7 -4596.1 1921.1 318.87 -2869.9 160.08 -53.55 185.88 -1186.2 -457.89 -5966.7 1139.9 950.68 820.87 2789 -4512.5 -787.12 239.8 99.699 -1695.9 -3795.5 -7779.7 762.04 1.8663 -1701.1 -2521.4 -479.48 -4731.7 -1033.5 613.09 1322 -642.08 -4956 1531.7 -190.22 3513.2 -3363.9 3826 -3092.8 320.9 -345.22 -2661.7 4188.4 339.21 2485.3 -1493 -3703.8 4237.8 -528.88 5572.7 1877.6 4945.8 -1152.4 1392.6 -279.11 
kola 420.4 -714.58 -1038.4 722.63 -168.05 -520.73 851.78 -561.88 -846.67 1313.1 -409.05 -1196 293.32 111.45 183.11 175.93 -435.76 537.59 -402.77 -389.39 -407.16 646.94 599.86 178.24 77.728 880.88 396.87 17.845 -2093.9 350.81 710.77 -18.184 1984.9 -1399.2 173.03 117.65 -1147.8 1312.8 1558.9 471.48 -1142.4 540.8 -484.64 220.84 -976.66 -3.3968 522.76 977.95 2069.4 875.59 917.61 -1444.2 -594.22 -842.38 -1241.4 -12.853 380.69 -604.17 -1486.2 819.65 -1431.9 -427.85 -216.66 -1802.4 -1352.9 382.72 -1647 1103.2 568.35 1224.8 763.56 -628.95 263.48 181.94 1429.4 -913.69 1361.2 -1196.7 1500.9 19.253 -466.26 401.54 -79.61 -1372.3 317.36 -353.1 116.42 344.42 722.54 -421.81 77.794 -730.09 -1421.9 1222.9 216.87 642.3 901.65 161.56 -1890.6 488.12 
tvål 2709.7 -471.26 222.84 576.39 882.87 275.72 76.67 985.16 929.41 -1387.9 1715.5 404.59 -465.44 264.14 2742.6 -508.95 128.46 -1992.8 152.68 1019.6 -1389.3 201 2977.9 460.02 -1690.9 1588.9 -183.11 -334.7 890.85 -1332.7 -908.88 -761.13 -380.19 -1031.4 1376.5 -322.22 609.1 1651 768.23 -837.33 -942.81 505.42 -610.48 -601.61 -1578.4 889.73 -477.91 -1945.5 504.32 -419.93 815.5 1781.8 -993.34 -1919.5 26.371 -1075.7 1709.2 -298.86 1818.3 2352.4 -2244.9 -584.48 714.8 -175.97 -266.95 -1437.8 -4079.4 -1093.3 638.57 1593.7 -1552.8 -1857.9 -63.019 -1003.8 125.04 755.04 1621.5 162.8 780.02 -76.764 -635.11 234.61 -920.84 -303.27 -2836.7 786.42 -1796.2 236.91 404.64 -102.88 -347.42 104.81 988.72 -917.38 2541.6 502.06 740.39 1220.3 -914.21 -445.05 
mandel 505.64 116.47 -1242.8 925.2 -336.53 873.54 -651.32 -83.212 -1477.9 58.974 -95.871 215.37 131.7 -553.26 621.72 -216.62 -328.77 1.5455 709.72 193.9 -363.85 954.92 1469.4 338.3 805.3 1697.5 -562.57 -937.16 -1076.2 271.59 -159.56 500.61 -118.3 -1005.3 1445.2 73.067 -1170.5 869.14 770.77 451.02 -999 597.44 -699.45 368.33 -78.871 83.285 -538.89 518.33 406.71 126.18 956.69 -404.35 -676.67 -1020.4 -468.53 -328.19 504.5 -1114 101.57 1429.2 -1076.9 351.2 233.45 -1083.9 -749.46 291.05 -1303.2 327.69 467.26 809.48 313.3 -353.47 -83.469 -387.7 599.43 -131.99 1242.5 -1011.5 730.43 1007.2 -526.04 -1219.8 -529.05 -394.79 377.33 -546.12 -1185.1 1600.4 357.31 -426.26 -669.92 -1458.5 724.34 884.21 656.21 1072.9 295.04 -73.325 -595.19 282.2 
ogräs -263.08 -1915.9 931.03 -254.1 494.84 141.68 -2458.8 429.84 122.58 286.01 139.39 350.83 285.78 -1583.5 -1005.2 -234.16 794.88 -26.821 -1398.3 495.41 806.54 -1243.8 1545.7 -57.82 -844.57 1268.8 -573.86 -1467.5 -490.99 1108 1625.5 124.31 138.89 -642.07 1834.3 155.93 -492.17 -603.28 -1783.6 91.762 -164.01 212 408.03 -476.67 -24.307 415.4 -267.02 871.33 -429.09 -1221.4 -174.25 458.49 -561.15 155 -211.91 -469.64 461.72 164.22 -1478.2 1907.5 -750.21 -724.56 -65.069 -309.07 5.2527 721.86 -1796.4 -473.33 142.11 -552.94 -828.05 126.83 -699.79 -841.97 1498.1 1137.9 -361.8 251.39 -142.61 901.98 -124.64 411.05 1948.4 155.78 100.06 57.728 -1335.6 1039.2 -530.7 -456.02 -1133.8 41.395 905.43 -179.08 -111.25 1460.7 328.55 164.57 -636.46 411.64 
lakrits 405.82 457.87 35.123 -527.19 -671.36 -69.952 373.81 565.53 -1028 639.88 398.38 262.61 322.44 -38.701 1441.8 516.99 -1028.8 -303.54 -774.55 1214.8 -128.85 340.35 1571.6 441.71 266.16 274.13 347.81 -850.83 -256.38 -59.961 -518.2 -247.47 -283.06 -790.05 40.614 528.69 -688.92 -125.89 190.8 229.15 -626.94 395.35 2.5396 -733.89 -565.21 1391.8 134.66 -423.51 1341.3 752.87 470.07 -770.67 -53.544 -264.86 -356.83 3.4888 682.91 -439.82 -689.83 815.11 -297.31 -453.68 291.04 53.79 -128.04 347.02 -1924.9 -458.58 -207.71 971.26 501.62 28.904 182.22 550.51 360.71 -1015 645.18 -122.12 471.18 131.75 -1037 -443.59 239.09 -1122.2 232.06 -168.06 -610.95 370.84 632.86 -895.87 693.88 -503.34 -411.32 650.58 185.74 230.53 780.02 217.68 -807.72 -345.16 
bensin 382.21 434.16 789.65 -522.16 2350 -140 -423.87 -143.84 987.85 501.7 335.91 784.03 -189.61 -815.78 523.51 -954.46 224.64 490.23 -563.63 945.74 -454.79 -134.18 1198.3 -337.55 -2057.5 1183.5 501.63 352.65 442.04 123.82 1416.6 -954.95 -620.74 -315.81 -141.84 93.842 472.13 1134.3 -587.59 -867.52 -411.75 -98.571 483.31 586.41 -139.03 437.33 -22.793 329.41 483.63 -91.389 1548 337.19 902.75 629.33 422.4 713.54 875.42 -96.765 -51.496 -995.57 -53.429 -309.37 240.99 -1363.6 -897.37 -0.36477 -1870.5 -815.96 -1639.8 165.14 243.47 119.7 -1010.5 81.577 -558.36 -387.78 187.2 56.075 1949.6 182.06 -6.0521 618.57 -287.54 224.41 -753.7 1432.6 -110.86 978.31 1539.9 -343.35 321.98 735.06 1093.9 546.75 -129.28 -288.03 470.04 1151.4 -554.41 -924.98 
björk -581.42 -329.92 -1043 -1024.7 -82.052 -174.44 -868.75 -640.32 -50.776 570.9 -785.97 786.18 198.76 -406.03 691.45 -446.63 -144.52 -1107.4 -114.55 1468.9 753.41 -782.5 340.31 365.47 646.05 868.18 367.39 -876.83 -133.64 1100.6 -247.64 -127.1 -689.55 -911.66 1027.7 -201.55 -1386.6 -307.91 -891.48 749.24 -176.31 711.14 -685.19 -316.83 -791.37 1924.8 -1264.2 1225.1 -137.13 -358.09 409.41 300.69 506.63 -180.7 171.55 -1184.2 542.5 -43.64 615.43 991.6 -872.05 124.37 146.62 173.69 -133.91 -924.56 -1340.2 -209.62 -404.59 -791.37 -1025.9 60.692 -61.85 -517.38 682.59 598.09 -216.55 -423.62 326.98 135.36 96.497 -289.06 640.27 -374.67 11.69 -302.97 -932.9 882.01 195.2 166.11 -82.029 -773.25 762.49 237.85 800.75 627.94 1103.5 -69.542 553.21 771.89 
senap -593.85 787.82 474.68 576.74 677.21 996.26 1538.1 284.65 -908.59 -289.23 -1506.9 301.16 -679.68 658.8 791.89 1853 1047.3 -575.67 -468.77 1139.8 -648.11 553.42 2909.2 546.76 1288.1 1090.9 -405.86 243.76 -2200.6 246.37 -891.07 26.461 -2287.3 -1232.3 1281.5 -121.7 3.035 -406.1 823.73 498.68 -1712.7 -69.366 656.56 -897.99 -893.83 277.9 -1139.8 -1015.3 2363.9 -427.87 418.31 -523.14 414.45 -1413.2 -158.36 -370.8 1792.6 -1615.1 -457.57 -299.24 -1435.7 24.463 1014.7 -2373.8 -89.521 -976.89 -2587.3 614.26 1051.2 1581.7 -151.79 -1083.9 275.38 132.38 26.671 -165.61 1819.7 -1194.1 -156.08 -503.94 -1087 -501.96 1634.4 -655.41 724.87 1300.2 -780.86 1701.9 -26.302 -2092.6 517.31 -930.88 1995.7 472.85 1558.7 1533 867.71 343.68 -279.14 -983.6 
bageri -115.8 942.91 -1632.5 323.03 -1004.5 302.86 358.75 276.11 638.15 -929.1 921.55 1796.1 71.854 -129.51 567.55 33.567 567.67 769.52 343.27 482.03 252.57 -18.776 362.94 10.966 -532.66 -210.87 644.79 -777.8 619.41 18.16 -1128.7 37.758 -1176 -308.13 1429.8 201.74 -193.39 137.4 -345.72 -1.8254 -424.7 24.526 -1195 1259.9 -398.29 -7.0098 -253.79 161.56 -155.47 1006.5 270.02 -636.13 -420.13 -707.04 -733.55 -277.47 1366.3 -1435.5 -279.75 1269.7 378.58 490.31 504.59 -721.06 129.23 641.32 -1009.6 486.98 788.37 -40.044 614.17 374.64 -228.73 411.36 -3.0459 -241.41 650.98 -639.79 960.76 231.17 -1821.7 -196.12 603.89 -905.75 -354.55 839.34 79.216 1321 1480.2 -1129.3 -76.175 556.6 118.34 -178.87 397.56 -275.64 -356.58 -1386.4 845.35 -1852.2 
lim 2170.7 -828.65 -1475 -2326.7 1216.3 1682.4 -372.01 3300.3 2282.6 396.24 346.63 -530.06 43.385 -782.16 -2053.5 -1694 226.69 -2548.7 1087.8 -526.18 -12.937 558.51 136.65 -1623.9 -2005.6 2417 1490.4 2017.5 -188.62 1690.5 1867.5 -1284.2 -1873.6 -1189.6 1309.9 911.3 -1703.1 993.02 4016.4 725.02 -2539.5 -35.349 -497.8 -3234.1 -780.65 -500.93 -1842.8 -2304 3928.4 -1822.4 2800.6 2106.4 -825.37 -847.86 -531.69 -33.831 1084.1 1757.8 1658.7 5077.7 -3634.2 -1918.1 2054.5 -202.02 1144.2 -2112.6 -5893.7 -762.04 133.82 2230.5 -811.38 -2487.4 -4389.8 -1120.1 -1943.7 2977.9 1353.3 -2406.4 -1084.3 511.02 -2530.3 1813.5 338.26 -138.48 -2360.9 -3209 -2045.5 1513.1 357.87 -511.58 -1486.9 -1608.3 3792.7 -1159.1 4767.3 824.84 2122.2 3149.8 -3149.4 -616.66 
körsbär 406.41 11.69 19.465 -469.94 -631.39 -233.32 -133.13 715.17 -715.08 254.53 108.32 339.02 739.13 -250.89 1120.2 -8.8994 616.57 -428.6 -103.99 641.89 104.62 73.252 1129.5 653.23 -61.984 1024.6 -656.64 -1459.4 -543.55 1547.3 28.406 -558.68 582.22 -5.5034 380.8 124.19 -386.32 -188.9 -108.57 455.63 -325.06 766.17 -696.35 -602.15 120.91 1186.3 -434.39 -435 -26.006 -44.604 978.63 -433.84 -947 -75.207 -985.97 -422.93 619.47 434.48 -1366.4 1548.3 -435.02 -303.9 201.99 -357.44 -598.71 -63.794 -2071.6 -618.35 -260.63 1786.6 590.08 -160.01 -687.8 432.71 561.61 -324.67 470.99 -270.68 -295.33 381.41 85.182 -263.73 760.18 -935.52 234.35 -499.35 -167.53 -143.05 361.48 350.95 184.08 -789.62 242.08 211.92 944.31 369.72 487.43 496.72 -748.51 19.553 
läder 1188.2 -1351.1 -133.74 -1520 681.69 -969.35 -1896.1 -1530.9 -1253.1 915.37 -213.16 -9.7503 258.42 1283.2 -45.638 -111 -358.01 -1751.3 292.69 1179.8 -978.33 263.51 376.57 -814.74 -464.53 571.23 531.95 356.78 -1771.9 932.16 -151.17 -1223.8 -52.284 -1995.2 928.76 -675.95 -1329.9 1354.6 -269.46 -865.12 -1121 771.88 490.35 -2614.4 -373.18 1366.3 -780.57 -541.92 1814.5 -1190.1 2121.3 546.34 -634.07 274.78 -1741.1 613.81 1935.9 316.24 1936.1 89.402 -238.16 -1233.5 -906.11 -553 708.31 895.84 -1323.8 -924.94 -247.95 886.47 -646.75 -238.3 517.72 286.39 -2258.1 -673.76 720.96 -1719.4 -44.018 -1669 1836.2 -1111.6 -90.899 -542.78 -1052.1 -2096.2 -503.12 1840.4 707.02 1059.7 -508.48 -1094.6 1236.8 982.92 455.01 -824.76 357.69 746.2 -2263 598.77 
jordgubbe 421.91 302.29 -82.1 -243.13 -267.44 -321.51 -57.297 524.64 3.1446 -101.32 169.46 -13.644 -54.659 -510.01 158.19 -4.2422 45.792 -209.22 421.79 701.83 251.29 -51.856 472.83 31.163 -177.01 9.7864 149.5 -348.3 -230.82 -102.7 -142.35 -43.609 243.7 -162.87 95.743 174.43 795 192.62 -44.222 -40.482 -234.11 140.2 -656.3 73.342 10.161 165.06 145.14 103.55 310.38 10.42 241.17 -56.643 -73.101 276.87 -163.76 -142.81 416.06 -272.01 -120.95 915.33 3.9012 49.591 344.14 340.99 20.614 -51.28 -893.28 23.061 -144.6 179.67 121.66 -50.108 -19.124 47.827 37.621 16.816 106.86 -356.88 -120.62 94.743 -363.08 69.741 260.38 -131.56 11.856 -195.85 -183.81 236.73 283.42 -214.01 170.87 -223.22 -237.99 96.948 477.78 139.87 132.82 -294.61 18.699 -160.8 
mint 1834.9 -768.22 -345.81 -866.48 -1700.5 841.13 -207.77 177.89 -1868 943.25 651.86 197.55 959.51 641.65 417.64 514.68 1224.2 1521.9 -694.12 2391.8 -1017.4 2598.4 1387.8 1198.6 798.61 502.22 413.64 -533.9 -1172.7 -886.8 -455.78 -1643.1 2525.8 -231.44 -2621.3 -349.29 -445.78 833.99 1839.1 -1354.6 -1482.7 -401.29 -711.68 -347.22 -1884.9 226.58 -642.67 645.48 2380 -593.89 1347.8 482.26 -173.86 344.52 -1842.3 -1153.7 509.54 90.124 -389.3 1716.2 -1332.7 -2137.9 -814.48 1023.2 440.79 -133.35 -3312.9 105.87 -1001.1 3552.7 1895.1 1184.4 -1036.8 -152.06 199.29 93.238 2419.1 -551.36 -269.02 1519.6 2299.9 -1728.1 -1403.1 -3082.8 -518.38 406.12 -104.84 -1062.2 224.76 246.47 1159.7 -805.92 68.952 -447.77 -81.207 1671.3 -286.08 -374.04 -1473 226.06 
lavendel 786.86 -628.84 -518.79 171.41 -873.11 -28.009 -1307.2 357.46 -870.38 -396.34 306.79 56.949 476.66 -146.97 279.35 623.91 384.8 -2.3354 -370.29 1625.7 -424.74 293.88 1045.4 671.48 102.78 1285.7 -1007.8 -1495.5 -725.72 141.61 -171.68 51.796 -186.98 -532.16 947.88 -204.81 -69.834 560.92 -688.88 -190.9 -933.56 916.64 -377.59 -63.312 -849.91 1137.1 -651.34 -443.32 404 -200.73 449.32 735.84 -248.82 -488.9 -717.6 -1038.4 86.811 -225.02 216.27 1677.1 -434.6 128.18 1054 337.72 -618.76 254.39 -2443.4 -285.23 558.05 481.81 -997.64 -644.48 -75.011 -330.84 173.37 633.02 61.155 -306.36 167.71 -518.39 -156.54 -469.35 784.53 -583.9 46.237 -1154.3 -516.37 320.67 -550.61 433.62 130.41 -1095.9 388.13 -232.78 1313.7 1612.5 554.2 -86.367 -196.1 532.04 
gummi 1745.7 -1948.9 -700.17 -659.86 1684.4 -267.13 -398.87 -575.47 -83.982 331.16 -297.71 925.87 371.67 -471.61 -213.14 -1071.9 -595.77 -1409.4 -727.83 1444.2 -602.11 -270.63 1016.5 150.78 -346.11 419.82 350.89 554.23 -745.38 -689.51 327.31 -992.17 -1516.9 -1318.7 1045.5 855.91 -420.52 2060.8 -75.774 -451.12 -692 -154.55 -218.5 -668.19 -374.31 556.97 -773.37 724.83 3125.3 -633.7 1591.8 424.78 -211.73 -139.81 -1348.1 -527.48 749.95 917.13 665.62 771.2 -441.58 -1080.4 -174.22 -372.13 367.43 -82.677 -1920.1 43.071 -397.3 -366.47 -824.73 -1530.1 139.19 -56.747 -776.59 -2.5861 504.18 -1004.2 627.84 -993.85 -383.79 -176.43 -564.13 57.062 -1181.4 -459.45 -772.26 1219.8 717.25 889.91 -690.18 -679.36 668.81 895.61 298.89 979.85 565.24 1711.8 -1522.2 871.87 
tobak 1260.5 577.46 749.2 -610.57 764.76 -607.49 -836.09 583.71 -977.39 1151 1535.6 1530.6 2145.4 678.61 1778.7 -157.65 357.01 226.74 -1002.6 1492.4 552.45 -808.03 2509.2 560.3 -193.59 1300.5 -751.31 -49.029 -189.07 1006.9 777.43 -1031.8 -954.02 -685.15 419.37 -101.85 8.0745 -393.76 -503.16 -12.273 -994.22 1079.1 -67.035 -691.33 -773.64 2787.2 -478.14 -1365.1 -519.02 -274.36 455.38 -1074.7 -229.6 -253.61 -712.27 -1025.7 1458.4 -1291.2 -1262.5 404.91 -951.85 228.25 1077.2 -834.58 1155 674.59 -3689.7 -1080.5 -1672.1 506.42 -557.41 651.4 -1319.3 1710 -782.9 585.65 941.14 -201.34 487.5 -861 -368.52 -300.26 377.63 -83.55 -1107 1188.3 28.053 824.6 2459 -698.53 923.38 1228.2 452.71 291.68 1056 575.63 -582.41 2106.8 -787.16 -1371.4 
persika 1165.9 465.28 -399.45 -82.198 -1083.6 -355.18 -685.57 696.95 -2054.8 14.646 -37.034 145.98 170.13 -1044.3 752.14 461.24 156.72 -274.9 -141.99 1091.7 43.722 1026.8 1716.4 -283.4 223.41 326.75 -580.48 -1452.8 -794.66 394.21 -763.48 -1248.2 1103.7 -603.64 338.35 104.94 522.64 806.85 495.84 318.51 -506.89 625.46 -1399.8 48.105 65.017 1034.6 -79.196 -337.05 471.88 -273.59 406.4 -550.2 -216.54 467.53 -642.48 -343.08 1093.6 -32.113 -1002 1615.3 -52.384 177.73 -523.43 -196.55 -143.74 230.67 -1533.9 -79.532 -320.18 1780.9 214.68 -97.199 122.92 4.9571 878.72 -62.825 1242.4 146.68 -404.5 830.23 250.13 -1304.3 -429.23 -1205.4 -204.1 -525.08 -51.256 172.22 457.78 615.14 542.18 -192.79 168.99 92.244 905.06 1601.2 -166.24 -126.43 -238.7 -167.92 
björnbär 11.2 -50.606 91.64 307.81 -799.36 -737.43 -1280.9 617.44 -1000.3 -223.11 42.315 193.07 -135.95 -779.2 -842.88 138.63 1056.6 295.36 -411.63 1083.8 -215.97 832.92 786.71 -45.042 -283.09 445.88 -698.44 -947.45 -1316.7 533.1 -193.13 -979.73 785.52 -391.85 262.48 407.3 571.63 616.93 -254.85 -416.45 -554.58 429.21 -390.61 -112.13 -107.52 916.91 -362.82 -196.19 155.09 -108.63 593.54 -542.18 -568.91 212.34 -393.53 -75.813 925.47 -418.64 -1092.3 1625.6 -469.91 134.07 -130.93 -82.346 -821.03 442.63 -1859.7 -0.437 -526.9 354.25 852.44 33.845 -622.27 275.37 720.12 -183.29 57.329 431.7 -747.09 359.68 -111.27 -413.88 743.72 -964.81 -157.13 -564.98 -385.69 543.23 1140.6 -99.737 92.305 -0.86708 779.9 391.32 1092.2 1665.6 -110.51 -324.88 -694.28 143.79 
citrus 2136.6 1173.7 570.14 -439.27 -503.12 -415.67 -1820.4 733.79 -1866.3 32.19 568.28 822.51 893.7 -90.017 359.43 1462.4 603.92 -599.04 -978.75 2055 939.75 350.05 1673.5 350.26 120.83 1058.5 -1206.9 -1956.5 -788.22 36.446 -647.71 -647.88 600.84 -1486.1 869.86 8.1279 -631.1 162.22 -608.46 859.19 -1491.9 381.24 -961.25 -950.46 -525.52 1767.5 -361.82 -706.98 658.91 -618.93 474.36 -126.2 17.642 -262.24 -2111.8 -380.46 1723.9 -914.54 -937.02 1775.4 -10.436 -893.13 220.46 786.8 -1051.2 1173.7 -4008.1 145.05 -1009.5 1459 626.37 -727.9 -501.92 1682.2 905.34 -1292.2 357.67 13.873 97.584 622.67 1087.5 -2971.3 951.71 -1940.2 -1501.8 -1146.5 -2210.5 686.48 176.93 36.472 517.84 802.76 447.01 -806.78 420.53 976.41 436.16 252.55 -1761.6 -112.7 
popcorn 57.896 42.656 172.28 428.18 478.3 168.3 984.87 959.2 -375.1 30.647 -158.52 -391.35 449.96 -213.1 453.78 -58.554 -389.38 721.55 -560.98 27.434 -269.8 528.48 645.42 442.15 -106.61 109 -20.892 -267.35 -600.03 -468.57 380.63 149.91 250.16 -463.15 -391.29 374.96 199.38 452.37 787.43 -448.18 386.97 -311.59 249.81 -630.57 429.95 -545.03 421.92 217.07 650.51 326.44 82.626 -749.23 -151.44 -289.17 -6.8676 -33.015 160.97 16.14 -276.33 -359.46 -627.17 105.16 334.71 -213.4 235.1 -484.63 -115.08 106.03 -81.21 517.09 272.73 -4.4766 235.75 -169.33 390.37 -686.23 117.73 -117.18 -61.998 160.67 -367.49 274.04 -82.164 -69.463 -295.39 177.61 -318.36 -363.34 -102.86 -328.87 -262.92 191.77 -527.84 -66.032 -38.046 -172.37 383.45 -214.97 -716.9 -125.11 
urin 3699.4 -1808 -273.8 175.11 4202.1 -120.33 -195.83 1436.3 -1063.6 -1535.4 636.62 1069.4 -288.26 -1270.5 -941.84 126.71 -1078.3 -564.08 29.669 2849.1 -248.7 382.59 4708.9 2339.8 1095.8 929.95 -2408 -54.337 1963 -3042.5 1680.2 -4761.4 -2645.3 -402.04 2079.6 1183.6 -574.77 1333 -601.23 329.51 51.3 1236.2 1896 55.001 -137.65 2698.3 565.97 -411.68 1218.5 313.52 2098.2 -304.15 -73.688 -1968.4 -2742.9 -545.2 -1330.3 2983.3 -1814.7 795.76 -235.29 1723.1 2261.2 -631.66 -1765.5 2017.5 -2971.1 -353.81 1007.6 -332.04 120.97 -422.91 -1164.7 320.48 330.21 510.36 1095 1922.2 -709.55 -2032.2 -235.49 -269.96 1512.4 1016.8 -963.51 2025.8 294.55 -2111 3246.6 539.51 -1141 2656.8 179.97 -1991.5 2349.1 929.35 400.45 1159.3 -1785 752.22 
kork 3064.5 234.54 -1173.6 396.31 3114.7 400.31 891.07 2081.5 1557.5 397.5 222.84 1150.4 541.94 -746.6 981.27 699.21 517.62 -1065.5 708.88 804.04 -1134 869.63 638.34 -241.94 -2379.1 1614 1014.8 -119.79 -1934.2 1529.7 307.37 -2230.5 -845.42 -615.09 2393.3 2404.5 740.98 2560.5 239.43 -176.72 -739.53 318.99 420.83 -452.47 -1767.6 2339.6 -861.69 -410.81 5069.3 -284.14 3582.8 465.23 -464.27 -344.39 -2655.3 -424.8 -424.04 39.44 528.23 1824.5 -3269 -1483.5 553.81 -2131.6 -994.7 -1401.9 -3889.8 -202.53 208.81 906.74 151.68 -1029.7 -2021 -223.27 -1714.5 642 1439.7 -272.37 -0.64986 324.48 209.02 2496.7 1068 -1313.5 -1605.5 -749.34 -654.68 -570.7 429.32 -104.19 -1674.5 -1220.6 660.97 1285.9 3832.9 -1635.4 1037.6 1582.5 -2325 235.79 
druva 711.8 -1290.5 -918.43 -2818.6 -398.29 -2411.3 -957.78 272.86 -1737.7 1268.8 1348.4 1885.3 374.05 1426.1 313.18 -98.063 2068.5 -404.04 535.23 2258.8 -612.51 -150.76 1191.5 -486.9 158.63 -261.03 -1384.1 -3345.8 -2186.1 579.41 -389.79 -1994 414.83 -814.57 1741.2 639.12 407.97 -518.21 -1897.4 -278.56 -720.25 3355.9 872.37 -442.25 -373.7 1449.7 -628.99 -1012 -820.98 -1545.7 515.22 762.94 -2889 -1112.1 -132.01 -1654.7 1872.3 -1133.2 -742.2 2606.5 -1178.9 1467.7 -219.2 -709.61 -934.85 427.32 -5229.9 1096.3 -2274.3 1642.9 59.186 -781.38 -805.71 1559.7 1041.5 219.81 -1005.5 2145.3 -11.907 -745.67 874.9 -885.75 1992.2 -3245.5 655.56 -275.75 169.55 839.88 -624.36 472.34 -621.65 -430.2 1448.7 467.66 2586.3 160.54 346.35 -2252.6 -1177.6 -1018.3 
grapefrukt 977.31 172.45 -89.057 41.62 -350.75 -70.023 -120.51 614.59 -848.79 -308.4 286.6 134 114.4 -285.46 520.22 454.75 -205.7 -58.718 238.47 698.4 -105.13 405.94 1168 273.8 399.88 150.58 -742.24 -779.8 -64.521 306.78 -259.82 -669.99 -418.58 -211.71 -399.63 462.23 -37.625 122.61 -388.61 -189.15 -754.2 429.44 -390.56 -186.9 -164.99 438.6 -59.871 -338.52 23.772 -231.98 689.03 184.75 -441.48 478.25 -224.69 238.78 161.09 -588.22 -353.35 819.68 -402.23 -271.83 261.12 -143.95 -867.43 -156.4 -787.9 324.31 95.534 763.76 398.98 126.27 -224.71 224.63 585.83 -55.263 776.98 56.421 -708.92 281.4 523.55 -240.54 11.968 -627.65 -410.23 -130.25 -787.95 -34.963 -102.75 307.12 224.06 -631.26 14.567 -460.31 162.15 213.44 -71.227 -77.617 -97.178 -272.68 
bark 734.28 -618.92 -1500 -159.69 433.08 894.38 -2287.7 -1687.3 -1105.6 785.17 -1128.1 1538.8 -344.41 -1957.9 297.26 -1489.3 171.59 -2298.6 58.848 1116.9 711.77 855.79 2763.9 248.47 414.98 1405.8 484.25 -831.45 -1023.9 1445.7 962.42 -1162.1 -769.2 -1538.9 2686.4 503.73 -4241.7 602.49 -419.25 1552.9 -253.76 1563.9 791.18 -1135.2 -676.56 1993.3 -1128.5 1824 582.05 -122.82 485.24 918.92 -1306.8 -1330.1 -1481.6 -1576.7 308.63 -1537 -256.52 3308.7 -1521.3 -1053.4 -1247.4 -57.833 259.64 259.94 -3520.2 -1223.5 1282.1 344.73 -2370.1 -408.23 -1572.6 -2373.8 323.58 671.75 544.04 -1678.6 67.278 1196.6 393.54 -963.4 670.91 -686.96 618.38 -1901.1 -2460.6 1716.1 1017.3 -1049.2 -668.76 -2962.9 1427.5 -214.43 2089.3 2259.6 1613.3 1961.5 -1839.5 1535.5 
selleri 433.3 237.19 757.93 -419.24 530.75 34.061 -582.67 542.01 -1523.1 -372.86 -538.23 -737.96 1167.7 -953.98 -674.29 996.73 522.18 -301 -524.95 579.45 265.41 117.63 1887.8 115.29 89.094 960.43 -1325.9 -521.67 -836.25 164.21 -219.73 -1326.7 -421.28 -763.61 140.02 352.32 -923.7 61.16 -949.56 838.54 -394.93 660.77 1222.2 -815.09 -383.91 455.02 -412.98 -128.82 489.26 -205.92 69.464 320.85 349.63 -387.41 -196.66 -695.59 819.14 -1267.4 -757.65 700.46 120.3 307.38 -74.432 -634.4 306.89 -1007.2 -2234.8 405.6 -561.15 -66.69 210.91 1017.7 -302.22 -723.84 618.84 -556.76 188.59 -205.85 -1165.5 34.282 -346.64 -1101.4 387.66 -763.95 527.65 -901.39 -549.38 991.89 -604.94 -782.64 -78.588 630.57 779.84 301.81 801.6 1582.6 218.27 185.09 -198.28 957.49 
målarfärg 612.05 -17.614 -458.35 393.74 754.77 581.75 -103.25 237.28 509 -42.019 663.69 342.06 311.84 -656.4 232.07 -243.73 -2.1961 350.05 -385.23 -118.81 550.89 -339.26 414.7 -238.42 -858.41 351.16 -266.6 -358.49 44.824 251 794.35 -157.08 -1163.5 -239.43 234.12 -183.34 -56.969 1582.9 315.23 -103.27 -577.25 -896.96 -297.11 -417.39 131.7 -27.915 330.94 30.242 1257.5 -149.2 -86.325 -43.933 -171.33 -565.83 -380.98 -484.11 189.78 343.22 -215.19 301.83 -52.848 -320.02 92.519 -397.57 -12.135 9.6349 -1070.7 -589.61 -433.34 632.06 -641.57 -454.17 -592.27 -530.27 29.3 416.8 -276.62 -767 492.91 -309.27 -518.64 642.71 128.9 288.12 -365.81 -159.75 -656.27 656.22 514.1 -61.02 -441.09 310.64 197.11 -280.47 922.33 115.49 -120.75 414.07 -199.07 280.93 
gödsel 415.68 -2234.8 -0.17234 -1292.2 2031 -237.22 -2871.6 36.401 -768.99 -76.08 281.68 2091.4 211.04 -1710.8 -850.5 -702.2 293.07 212.55 -368.04 2975.4 229.85 -275.27 2719 -248.24 -1308 1129.2 -715.21 -584.61 423.95 289.28 1728.7 -1.877 -594.89 -573.32 1335.9 -510.39 -218.64 1002.6 -2947.5 -293.86 -24.984 478.46 300.23 1417.6 -1323.1 1279.8 -433.89 1104.3 -219.4 -906.47 984.9 800.82 -640.63 -585.17 474.32 -861.64 195.02 -288.36 -396.66 1395 -1151.5 -1466 272.06 -1179.3 -53.932 555.04 -2881.5 -1008.1 -1506.4 37.921 -1278.1 -362.48 -363.32 -858.73 1205.9 629.48 -640.67 1040.8 2122.7 1605.3 -532.65 -1036 1495 115.97 295.47 905.66 -907 1415.2 1994.7 -548.22 -2288.7 1468.4 1732.1 -8.5114 629.62 1761.7 710.42 1029.9 -867.87 717.16 
rengöringsmedel 500.28 -248.81 -63.986 139.09 884.35 3.2097 -100.39 94.783 217.51 -387.8 275.93 482.22 45.938 117.52 120.73 -162.52 -54.547 -13.778 110.51 -63.41 -428.26 -219.62 453.06 54.928 -393.35 611.94 -264.28 80.88 -101.36 140.03 -132.2 -424.17 -142 -181.04 46.504 -131.36 139.87 448.39 173.53 -532.45 -162.88 288.91 -53.997 78.579 -204.48 133.66 99.16 -331.94 352.07 -406.51 283.53 364.32 -145.4 -32.473 11.809 -99.64 433.86 181.85 106.88 154.21 -495.97 -479.58 197.69 -262.78 -87.6 -6.848 -993.76 -352.55 18.448 590.9 -174.06 -321.96 -123.57 -108.6 -21.334 132.08 346.12 -55.834 105.36 -44.843 -59.339 346.12 -45.848 4.7665 -306.54 204.51 -302.98 301.41 72.879 142.79 -190.66 223.8 233.16 -317.41 452.8 -78.654 110.04 62.774 -171.12 -110.13 
tjära 953.92 407.98 -1720.1 -938.6 2478.3 552.93 -1564.7 -469.1 -459.19 48.672 -911.31 2787.5 341.99 -1488.3 77.054 -536.64 -1395.4 -1166.7 -2007.9 934.76 711.85 -79.792 2987.3 781.47 -1738.9 2517.1 409.12 -1346.6 193.14 -91.542 1840.3 -2604.8 -2036.4 -1996.4 2781.4 1296.9 -1339.3 2043.6 -140.86 567.56 -2549.4 428.35 -989.19 412.59 -2145.4 1799.6 -2131.2 -481.01 1209.7 -1309.8 1108 685.99 -668.82 -394.78 -1554.8 -341.39 672.86 233.15 -557.15 1683.5 -1351.5 -898.31 615.21 -1234.9 107.99 1230.3 -4598.1 -594.87 -901.56 -864.22 -650.54 -1266.4 -2772.8 -655.02 -433.05 -285.24 1435.8 -943.02 1987.4 240.21 955.42 -1519.3 87.12 697.8 706.67 -843.48 -1924.1 2284 2800.4 -212.99 -605.16 -740.82 725.94 -190.39 2256 540.58 493.69 1770.4 -895.44 -27.348 
kokosnöt 972.18 1210 638.35 319.84 310.47 150.47 -246.83 969.88 -255.08 106.62 -256.16 -148.92 -160.08 -1210.7 1064.2 362.1 -295.42 -685.41 510.97 554.11 -1020.5 -195.91 1812 96.977 -724.94 253.46 609.95 -875.36 -174.26 357.41 -38.82 -1371.3 -448.48 -308.49 -309.35 271.01 271.16 316.76 -95.673 -82.374 186.81 873.7 227.69 -396.04 -575.3 436.28 -538.24 35.039 660.27 -221.13 950.94 617.92 -110.24 -642.33 -416.77 -851.27 420.79 166.7 -31.904 1138.1 -285.05 -416.44 2.9327 140.71 -42.584 589.57 -1858 -905.01 -263.53 -132.79 245.21 -635.4 -218.93 -449.64 817.56 921.22 -316.28 521.63 -1087.4 -311.11 -443.44 -286.32 -195.47 -657.09 -189.27 742.86 -386.31 -176.5 964.95 -250.17 1341.5 -402.92 805.05 -107.16 1581.4 380.52 914.02 316.56 24.152 -474.97 
rökelse 652.65 307.67 -93.847 789.27 812.96 -99.898 -1003.6 -1347.5 -366.22 -726.55 -109.24 -687.61 188.99 -650.62 1200.2 -322.43 201.42 527.63 199.09 1674.7 -1235.4 545.3 994.83 1824.6 135.13 2293.4 -139.67 -1727.7 -1310.5 131.43 518.8 509.89 -568.61 -1152.4 -472.68 -944.11 -769.3 441.09 389.23 -345.15 -1429.9 635.25 128.36 58.081 -929.99 1127 -1267.3 -1118.7 -371.46 1090.8 444.79 1680.4 -1110.7 -480.71 1021.7 -1049.2 -547.35 -332.62 -836.5 773.75 -440.18 653.89 1384.5 779.48 590.95 1308.4 -2636.6 -1662.6 142.51 378.2 -842.83 -2463.3 -630.58 83.159 -325.01 43.271 472.06 -776.03 1151.6 -1353.9 243.16 -619.82 809.61 -1788.7 -1931.2 -94.068 330.04 -158.48 -719.11 174.14 246.89 24.099 903.12 -281.67 1066.1 -473.2 -176.98 878.1 624.07 -87.115 
violett -831.09 -282.31 -431.31 -1042.8 -1179.8 -410.89 -419.23 -1125.7 -508.44 104.43 -521.34 -896.63 1276 -121.32 -761.69 827.27 -224.58 -224.68 362.24 -45.964 569.65 227.33 1192.8 969.79 167.99 546.7 211.7 -887.81 -364.72 755.18 -104.21 -611.41 368.7 85.237 1228.2 -983.22 -1026.4 591.18 883.94 -312.97 -879.35 1005.4 -117.61 -1180.3 -539.2 1157 -482.37 -790.31 -313.41 336.06 512.5 75.748 128 717.1 213.33 -20.897 -21.335 -215.22 -791.3 1536.9 -1011.6 228.81 774.18 566.56 -589.51 -27.664 -1422.1 -346.26 125.29 250.97 -1713.9 -1002.4 -488.31 -347.98 0.21501 612.69 818.92 20.277 -690.9 -836.2 1270.8 -1428.5 1110 -919.58 -128.64 -242.58 -365.77 -78.245 11.893 474.78 586.35 140.14 161.32 -334.99 996.74 370 -238.76 611.15 -756.22 201.84 
kryddnejlika 1205.8 -49.297 -633.27 -269.69 74.398 214.4 -558.84 437.45 -716.33 265.08 298.02 248.92 599 42.634 -652.13 159.36 418.26 191.68 -247.91 289.31 -64.996 -35.923 813.8 282.2 466.63 499.85 -488.56 -324.46 -1243.7 565.4 500.43 -107.5 -671 -627.75 787.77 -29.142 -1486.6 -671.8 -950.76 640.18 -497.82 674.78 -231.85 -299.91 -1620.3 639.98 -552.34 -492.54 -428.57 -119.55 401.8 -28.258 -642.26 -147.61 -640.22 -758.94 -1085.6 -1069.6 -512.25 53.126 -812.43 398.76 460.57 -700.93 -1447.1 165 -2060 116.34 210.9 258.13 -314.02 -645.74 206.7 376.21 -106.53 311.67 592.18 -961.76 -629.14 -66.881 292.52 -368.86 101.27 -630.07 -359.43 -305.53 -792.4 -90.169 -611.86 54.962 847.31 -750.89 -216.53 -288.41 287.52 1249.9 -789.14 657.67 -1125.2 879.08 
valnöt 170.75 -846.66 -1019.5 -270.25 232.34 184.57 -657.25 454.4 -1055.3 -296.83 71.979 -60.303 759.72 -531.11 -493.34 587.23 439.41 -183.58 164.91 636.28 -242.63 145.62 1303.6 -60.096 215.62 1480.5 67.451 -1541.7 -85.34 1159.1 -1337.1 -649.85 -333.51 -1216.4 1395.3 -213.51 -701.7 1513.7 874.23 -202.67 -1072.3 1219.9 -1301.5 -1100.7 -885.64 903.92 -195.07 -998.86 1059 -460.57 1237.6 -423.05 28.053 1752.5 -528.4 -1059.6 594.4 346.61 -84.488 2238.5 -980.22 -330.45 62.93 -34.111 -494.4 88.277 -1506.8 336.34 1144.3 1214.9 -121.61 379.39 -876.05 -260.88 328.8 170.21 684.04 -1048.3 257.8 103.6 -59.487 -1628.6 522.17 -2716.4 -179.04 15.663 -1537.5 986.64 1322.4 1247.9 -474.94 -1337 -23.977 391.15 1710.9 821.86 519.4 -1329.3 -64.243 -484.53 
anis 1054.1 2546.1 171.11 -453.48 -1399.8 183.14 -732.99 955.64 -2285.9 537.41 -386.29 -802.32 1422.1 24.436 1088.7 1016.8 -469.8 795.24 -650.2 1004.4 -106.09 551.61 1148.6 -946.66 256.53 1418.5 -557.78 -957.15 -906.45 933.92 -801.39 878.75 -794.79 -1137.4 1530.5 393.68 -1871.1 182.6 391.82 1705.8 -2816.5 3760.3 -287.37 -1053.2 -1603.6 1030.9 -74.59 -1598.1 -643.05 -101.38 997.33 188.99 -1307.9 -749.74 -1998.1 -726 844.68 -665.86 819.81 226.62 -1167.7 269.46 627.13 -269.11 -1674.5 -137.06 -5001.6 100.72 -244.38 -210.91 336.51 227.15 -1299.2 -622.56 216.29 -1219.6 2088.4 -935.49 -403.35 667.31 -1198.9 -2137.1 -1570.6 -644.98 644.95 -1466.7 -2785.5 -368.77 1314.9 -324.59 1376 -1546.4 -322.96 -1218.8 1970.7 937.23 1980 24.638 -1607 902.9 
vinäger 1262.5 256.68 1066.3 -919.25 316.46 -505.52 -402.87 918.3 -1169.8 8.496 34.435 -625.1 635.71 -687.65 971.78 1254 648.97 -88.588 -115.51 -407.06 -343.61 373.22 2456.3 -687.56 -154.86 1440.7 -888.15 389.8 -859.86 111.89 -72.109 -1912.8 -863.33 -147.53 103.13 39.735 -778.35 842 151.16 434.63 -1515.4 1072.3 1237 -1146.9 -606.23 -836.39 -103.49 -1083.1 492.61 -1438.7 949.03 504.76 -52.114 -900.2 -1131.7 -1420.5 1088.2 -361.82 437.05 -179.59 -803.86 180.6 296.67 -1369.5 -386.29 459.92 -2910.2 731.76 364.07 168.08 102.45 -593.95 -1211.1 -382.63 1060.5 -831.75 233.8 -447.2 -442.06 112.17 -968.3 -1197.4 246.33 -640.83 -418.29 175.61 -1087.7 -62.321 258.03 -957.57 -377.85 397.8 -49.441 -250.89 943.45 743.31 -659.84 -262.85 -1171.7 -1219.6 
ananas 392.88 231.86 37.743 -59.292 -290.01 257.09 -285.67 1014.5 -1684.7 -132.35 -476.31 -55.047 -885.16 -1443 647.12 532.21 -569.36 -94.666 -200.77 1123 -111.92 1179.7 1420.5 -458.09 -294.33 928.41 -676.6 -1183.2 -1172.8 143.79 -0.75239 -912.08 712.1 -2090.8 226.68 599.55 360.25 541.11 5.8965 519.5 414.82 454.81 69.91 -260.87 -186.19 665.45 -56.827 40.556 646.29 650.01 1172 43.093 -382.13 82.158 -211.84 -34.54 1662.1 -18.818 -830.75 2133.2 -336.08 23.592 77.747 -112.2 119.23 1090.4 -2101.9 -598.38 -50.155 607.51 297.36 -667.8 80.819 -379.01 1205.1 -405.51 705.95 -337.35 197.99 34.34 -954.14 -398.01 25.641 -879.96 55.866 -860.77 108.67 358.59 468.35 430.03 494.04 -550.3 804.11 157.38 921.89 1542.2 1008.1 -215.89 282.52 220.44 
ammoniak 1799.5 601.82 -750.19 -545.5 1714.1 44.928 -289.47 -86.61 -82.766 -123.92 153.82 1153 89.125 -545.01 -183.8 -210.65 -51.464 -36.185 -329.46 728.87 -516.11 616.35 2238.5 -615.92 -1122 1420.9 -1227.5 -629.89 791.81 -916.91 1977.2 -2552.7 -788.35 -477.27 349.3 -645.89 -1106.2 825.57 126.58 236.28 -837.79 832.16 1477.6 77.561 -985.76 -158.97 -825.55 -387.94 -410.47 -927.89 -163.87 1286 -704.24 -779.28 -870.83 -129.9 454.13 1318.4 -179.83 260 -956.27 -1320.2 -367.87 -1060.1 -1029.3 1700 -3580.2 -471.95 -182.04 254.73 -334.35 116.03 -768.63 -388.91 455.42 -455.69 1211.8 1049.3 581.07 -133.48 1502.3 -494.94 -955.85 416.51 -1709.3 516.21 -1169.2 -204.27 1687.7 -159.89 -465.67 1328.9 705.81 -585.6 1096.4 1267.7 -304.08 925.44 -1499.6 134.81 
lösningsmedel 686.21 -330.75 -28.666 -204.03 730.69 -41.209 -288.2 174.09 -169.62 -59.795 317.24 472.08 198.02 85.018 129.08 -115.91 193.31 -481.87 -102.48 7.3769 -284.6 -24.823 723.16 118.77 -413.23 422.86 83.971 81.58 -18.424 231.29 150.76 -670.8 -565.73 354.4 4.2724 -265.91 -151.4 234.38 -111.82 -130.92 -14.27 78.675 44.948 -205.46 -101.67 433.59 -46.431 -434.29 453.21 -345.76 196.86 146.42 -62.101 -162.2 -354.94 -249.41 100.56 -249.71 -107.68 51.602 -330.81 -614.03 22.717 -285.6 -373.24 269.98 -1049.3 -247.21 -63.161 509.27 -26.752 -252.01 -252.45 315.2 -301.48 243.03 205.22 -21.87 33.768 24.436 -104.1 297.98 -159.41 -60.719 -388.89 266.93 -165.26 392.13 360.66 -5.796 -76.451 531.69 454.71 -135.14 381.11 199.95 16.9 286.09 -584.83 251.7 
geranium 906.31 414.74 -658.52 -1153.6 -1104.6 -545.01 -1931.5 -231.01 -2052.6 -167.15 -38.893 -121.09 632.09 -670.34 -124.53 -123.82 765.86 409.13 -1223.3 1999.3 714.13 626.71 801.29 262.18 350.03 472.94 -1316 -1300.3 -730.45 402.51 -1202.2 -256.74 828.87 -427.65 830.72 -620.2 -1071.8 665.17 -185.98 83.212 -214.8 810.09 -47.235 -767.58 -128.68 3162.5 -505.22 -231.88 236.92 -479.06 1315.3 313.85 -873.01 304.98 -420.07 -506.05 204.75 100.87 409.4 2425.8 578.72 -634.5 -631.67 785.13 -350.38 165.08 -2031.9 -22.175 -423.65 1463.4 -324.04 -267.21 -85.551 -1511.9 317.03 1656.8 967.59 873.5 -1899.1 -764.5 722.09 -1165.6 -40.065 -337.99 -337.54 -806.8 -1388.7 854.75 -1709.7 123.44 415.12 -495.84 1629.8 -971.4 1143.4 615.15 209.39 -543.09 -1443.3 497.77 
jordnöt 516.81 -377.91 -150.69 924.71 250.34 176.5 25.88 959.97 -633.66 -149.94 -21.594 -369.11 -65.401 -541.26 64.408 306.2 -276.79 -413.46 -1014.9 805.51 -395.24 907.33 2012.7 236.24 114.26 961.66 -684.15 -734.94 -227.8 128.37 -150.7 -786.07 -129.66 -479.42 174.02 782.22 -636.19 525.54 -31.368 -175.37 -909.16 492.3 139.09 -292.31 -164.66 577.45 14.281 286.42 1161.6 369.24 601.98 -652.39 -380.41 -467.5 -221.21 279.5 -152.89 -207.34 -373.23 1019.4 16.936 202.93 509.36 -512.76 -623.96 895.73 -1393.3 -11.385 136.05 85.27 468.04 363.72 -371.81 844.26 1027.8 258.7 895.21 396.74 -180.29 630.77 -862.32 -253.94 -246.96 -700.43 647.69 319.72 -207.17 151.7 1095.6 58.42 211.1 -728.45 -47.094 161.22 422.4 840.71 995.67 263.88 -896.77 113.46 
eukalyptus 675.47 -443.66 299.59 -1003.4 -451.79 -26.705 -1160.3 -201.96 -1869.3 268.82 98.549 -181.37 53.655 -84.36 470.83 231.6 267.9 -557.44 -669.43 1695.6 -49.648 887.95 1538.8 -408.64 -163.76 778.35 -1603.7 -1024.7 -880.65 -322.72 -36.533 -182.65 -655.35 -2081.8 -266.07 -807.2 -407.35 601.46 104.76 -709.63 -1114.3 1221.6 -797.13 -1294.3 -283.71 2038.5 -628.82 -369.34 160.09 -444.38 474.82 820.72 23.855 -226.94 -1025.4 -1376.4 585.02 -250.64 -209.4 2081.7 -193.25 -221.74 818.27 1105.3 -369.74 1623.4 -2996.7 -228.15 -720.28 894.58 -486.56 -2066.3 -618.08 911.2 319.13 -17.512 773.46 -94.606 -130.91 -193.63 -669.32 -1300.6 254.36 -775.71 -628.62 -945.31 -1260.9 -311.2 472.51 875.02 1292.8 -1385.4 1319.5 -1125.9 1454.1 2160.8 437.22 680.17 -402.48 1140.6 
tallbarr 201.36 -189.87 -387.76 -451.75 122.7 -0.79226 -1230.2 196 -1185.7 895.24 -67.457 837.33 422.68 -965.33 -50.305 112.42 -193.1 -91.974 -488.59 1576.4 344.32 490.04 1831.9 772.8 -168.09 922.38 -900.4 -464.78 -571.56 618.19 645.58 -256.69 237.6 -2205.8 1100.7 -93.021 -746.89 472.98 -716.42 -278.97 -1155.1 664.64 -335.82 -306.79 -364.58 1011.7 -746.98 633.22 278.31 78.177 826.47 35.755 -705.8 -348.84 -770.02 -297.34 861.26 -734.5 -1175.6 1210.3 -50.359 -305.98 -14.516 422.33 -101.29 1520.8 -2051.8 404.11 -833.38 -540.91 75.255 -1455.3 -535.98 -30.433 -7.4704 157.73 311.95 267.67 677.09 150.72 -39.137 -723.05 897.06 -683.12 -91.931 -377.06 -661.99 1418.5 1008.2 -75.894 -468.52 -793.25 526.4 265.08 625.7 1539.3 358.07 533.35 -567.04 914.24 
malpåse -224.66 -199.31 384.76 -535.24 474.24 -113.74 -161.52 846.05 -672.89 405.54 674.31 1096.8 611.91 -301.63 -331.83 90 337.26 1262 586.01 -285.54 390.69 -323.05 2035.2 437.59 -258.68 -484.86 337.9 238.41 -242.95 1202.2 145.26 -1128.6 -158.21 798.01 63.966 -439.38 -147.76 1125.3 63.024 -447.68 162.76 426.32 -1311.8 1054.1 -701.48 158.94 426.43 142.32 30.921 -1424.2 750.26 -464.42 6.8011 448.42 104.2 904.39 -1425 1114.9 1031.8 -759.18 -740.19 392.3 -872.15 -637.04 -1119.5 -755.52 -74.53 -89.084 -398.78 421.66 -316.72 186.55 -564.31 -490.85 -963.26 -526.33 -1068.6 -1065.2 229.05 -576.02 1763.7 1346.4 509.06 173.17 942.88 1504.8 45.215 152.74 117.32 -983.77 16.832 -163.47 422.24 340.9 36.866 1016.3 -1724.7 -425.48 -259.8 -454.96 
ceder -728.99 893.13 98.538 -1370.7 -569.14 376.69 -65.101 -551.41 -33.993 102.78 -890.57 1072.7 1377.9 -129.79 583.87 74.095 -131.53 244.68 -90.522 289.47 646.38 -630.77 -600.61 64.681 169.95 604.94 700.86 -484.92 1936.3 1584 -1138.6 834.72 -381.8 17.394 464.48 -963.37 -2055 -706.72 -345.61 1325.5 -109.32 2078.9 -1712.8 34.341 -451.21 1945.2 -1050.2 -83.893 -553.4 327.84 -799.84 65.55 1301.7 -631.87 -85.839 -650.18 1539.4 61.692 868.59 378.19 -579.72 155.02 1243.7 846.75 -1046.2 -911.76 -1333.6 -254.33 476.21 1.2059 -337.32 469.5 -845.31 102.13 117.66 -478.95 -942.06 -875.37 369.04 819.76 275.34 -1185.1 232.53 -465.25 235.4 -2.6822 -1639 1128.6 370.03 -906.34 955.18 -82.398 919.09 494.76 499.49 1423.6 324.39 428.38 590.93 -56.639 
cologne 1739.9 17.15 -138.04 -697.4 463.19 -826.52 -491.21 657.57 -678.83 -1069.5 1573.1 434 -754.53 552.72 1272.2 -285.12 -580.49 -386.59 913.62 1488.7 -1119.6 -36.884 689.87 176.56 -684.68 226.35 -298.17 -103.05 -192.44 -250.28 -406.34 -1323.8 1382.9 866.35 -121.88 -1119.9 1257.6 1660.8 -292.52 -202.92 -33.651 165.75 213.32 732.73 -659.09 1355.3 -135.77 -1121.6 999.35 -435.72 787.41 269.65 -1079.1 -286.37 -708.2 -206.26 1112.3 -237.06 2136.9 -1226.5 -648.54 -55.002 249.26 -258.84 247.38 2.9198 -1882.8 -929.18 -1156.4 684.71 -182.07 1259.1 1046.1 889.09 -77.675 212.95 -440.13 826.85 -740.32 -492.3 1482.9 -350.78 -1229.1 -420.34 -1325.6 1490.9 -484.65 539.24 -288.12 -339.83 783.59 -1125.9 775.96 -38.667 849.41 527.04 -204.52 -1125 -108.73 287.05 
desinfektionsmedel 627.16 -628.17 484.42 235.39 1227.6 413.04 -300.52 59.363 -247.2 -399.63 155.83 525.66 56.264 -230.15 279.12 -54.938 -610.32 366.18 117 378.19 -256.05 -596.89 1187 248.29 -478.11 259.64 -405.43 -180.81 -17.209 165.73 587.7 -623.17 -147.54 250.56 -169.46 -407.89 -149.16 604.01 -157.03 -629.98 -539.67 -67.514 289.62 124.4 94.093 196.33 633.28 -393.82 123.58 -578.9 381.07 401.46 -431.86 -406.3 49.585 -231.09 626.85 -53.503 366.96 546.39 -361.48 -199.82 216.91 -229.26 -441.34 396.13 -1369.5 -752.6 -177.24 322.45 205.66 -90.946 233.49 -77.329 164.61 587.21 -126.59 300.85 253.14 -195.32 5.2214 508.71 -706.23 403.56 -341.78 53.921 -317.69 -20.757 544.34 132.69 -234.69 395.15 300.63 -156.79 333.95 -39.931 152.36 1079.6 -259.16 154.32 
pepparmint 1329.3 -498.59 373.51 -38.992 -107.02 -612.61 33.137 556.13 -799.19 -562.53 1106.1 -654.93 1262.9 238.45 894.79 516.78 -62.328 241.79 -587.76 1244.2 -177.96 1363.5 2189.5 344.04 -667.26 911.83 -168.07 -639.9 -309.98 -764.24 -159.71 -241.27 216.52 -269.43 -145.88 -93.6 315.73 440.11 686.71 -598.84 -393.41 311.13 -541.12 -182.49 -650.21 876.73 -894.26 -543.25 916.3 -169.34 218.76 192.14 -66.479 77.598 -1049 -523.28 384.5 -804.74 -129.93 876.91 -696.64 -706.53 73.657 602.88 -837.66 -358.29 -1821.6 268.77 -608.09 505.77 134.75 552.7 -233.97 357.79 421.62 -194.26 1221.8 -294.24 168.09 -23.846 335.32 -250.98 -288.15 -719.14 -387.74 48.181 -1282.5 -133.84 1017.8 -329.69 458.63 -442.98 551.72 -880.44 367.2 203.33 -263.71 594.52 -839.17 63.498 
kamfer 977.5 -403.83 361.51 -560.83 952.02 1749.4 120.52 -1597.7 -679.05 832.69 101.98 438.88 1378.5 680.09 1001 590.34 -1511.4 -251.44 -149.84 498.81 801.85 312.65 1824.4 -130.23 -695.03 841.73 -1720 -931.25 -1011.6 -380.29 -707.72 -246.15 -1162.9 -802.86 939.81 -645.67 183.25 561.87 1228.6 157.8 -413.11 904.92 831.58 -4.2099 -1564.2 1511.4 -988.02 -778.77 1730.7 -614.55 -519.87 1548.8 -1629.6 -51.105 -290.2 92.799 1604.4 929.96 -71.18 2487.7 -1117.9 -167.5 -137.05 162.41 -1128.8 639.36 -3666 -684.54 518.84 2172.5 -263.18 -1203.4 -1050.1 330.17 1008.2 1290.7 832.66 -108.05 -271.08 -1665.6 46.728 -1248.8 -14.421 -1088 -499.43 699.52 -1004.9 141.86 1498.8 -1350.4 716.76 137.53 462.6 -1191.9 744.46 -9.2933 -649.33 732.94 -1191.1 -442.87 
terpentin 958.64 -52.209 -679.15 -195.5 1096.5 734.63 -542 306.46 508.92 287.5 139.79 798.28 831.88 528.77 462.18 219.2 -54.23 -249.03 -334.3 851.78 298.52 -318.63 1020.2 1.0039 -614.93 1069 62.873 -283.71 -28.165 208.38 -146.54 -1073.7 -676.87 -443.85 1107.6 328.18 -533.46 938.6 392.71 -150.79 -774.73 1083.8 -569.83 -123.12 -504.38 396.88 -933.91 -362.8 1047.7 381.48 -288.98 435.09 -428.01 -716.56 -790.53 -1443.1 577.74 -616.41 -249 606.61 -415.95 -186.34 848.48 -927.85 -290.2 394.13 -3065.4 113.95 -127.73 404.96 0.99285 -692.82 -635.64 -239.54 -19.53 -143.88 287.87 -949.35 540.62 122.04 -756.28 -146.36 -286.16 -365.75 -382.64 -1255.6 -1299.7 670.97 923.37 -284.47 -1378.9 77.732 27.381 188.33 1167.9 794.77 165.47 1326 -521.4 930 
fotogen -825.13 103.28 668.08 221.18 805.92 -713.81 7.7338 -171.07 6.6209 -68.385 -412.66 962.56 923.8 -362.41 668.87 -385.02 243.11 602.3 869.49 367.78 -313.53 84.952 858.25 694.6 -5.5594 21.472 -194.73 -931.81 -571.3 302.94 737.14 -58.932 -472.71 -307.3 13.013 -447.88 -275.08 1045.9 459.08 -664.55 251.31 -126.45 889.53 16.617 482.72 792.57 -35.073 1050.7 52.758 161.52 208.74 -466.38 -15.161 -232.55 184.68 -287.75 733.96 533.87 -576.7 298.73 -583.8 -260.03 -1037.9 -307.44 -374.75 95.163 -1139.8 -305.36 -889.55 784.54 -329.15 -525.9 -484.59 227.47 881.19 145.18 97.77 339.73 830.79 455.41 215.56 -146.71 451.94 -511.29 -545.45 492.89 93.892 363.23 -1.557 566.21 482.45 -697.67 -295.52 -581.93 276.46 120.36 787.07 449.89 584.81 212.77 
kreosot 664.78 -437.7 -90.632 -1142.8 528.95 -393.64 -973.48 -147.38 -1423 135.4 -279.32 565.73 -251.81 488.59 91.253 -482.04 -258.37 628.23 -431.85 616.72 -508.85 -5.5841 825.55 300.51 24.825 -529.61 -850.55 -824.08 -581.57 -574.67 -93.657 -457.81 -32.386 -1021.2 277.18 -371.15 -1468.8 457.88 285.99 -243.35 -212.39 834.91 219.42 389.95 -67.116 944.66 87.686 498.34 -80.106 184.59 953.76 447.53 -115.09 -572.23 -226.32 -135.33 943.64 1162.9 -17.62 813.08 -362.1 477.91 -746.32 -436.75 -243.07 1321.5 -2076.8 -757.06 -283.87 -1175.1 -1254.5 -305.94 240.39 63.55 553.22 208.8 689.02 -60.511 -336.94 -603.05 -764.92 -233.36 406.08 -1214.7 188.32 966.93 -292.12 646.32 -428.79 309.1 137.77 754.22 -626.78 -758.26 -145.33 663.3 -140.89 -693.8 -1369.1 834.03 
