96 100 
kaffe 51.587 76.792 12.339 51.24 111.48 47.077 -14.331 48.523 -68.588 53.239 48.154 -5.211 156.21 -91.078 -65.355 -98.9 -181.14 102.19 177.39 -162.33 39.44 23.579 74.154 159.96 66.868 138.17 5.7379 -0.52118 -33.912 99.782 -172.65 146.02 190.15 89.317 -19.125 162.98 -138.16 100.56 -36.179 45.252 -156.81 -73.535 6.264 -63.228 106.83 -156.94 323.25 33.592 44.46 -71.276 145.06 30.356 -0.97049 -57.882 -37.692 77.49 -80.695 -74.363 72.521 151.54 -183.28 -18.791 -22.765 24.368 76.111 -245.51 -5.2796 -9.9531 -146.15 55.983 158.05 -56.653 43.191 20.906 77.886 65.381 -8.4701 -30.944 -12.237 -104.48 285.24 69.802 150.52 -94.622 85.47 18.911 -25.403 72.551 -304.23 -50.455 -88.582 -167.27 145.01 -18.154 2.108 143.87 165.66 -37.101 -44.84 129.3 
djur -9.8724 77.271 -268.34 -80.728 -18.702 -66.137 -99.067 -135.89 -73.818 49.883 -93.286 154.15 133.23 -281.29 -154.8 -171.38 276.36 73.055 88.889 -25.125 193.01 -62.942 -130.07 86.239 -51.764 -208.46 139.92 -117.24 97.019 198.47 6.3691 203.67 63.466 45.35 -175.02 -409.86 -267.96 -177.9 280.85 102.76 -143.56 -85.809 -10.365 4.5458 -22.207 -265.64 193.47 36.396 18.894 -139.66 63.417 -98.231 -16.304 12.391 -297.43 -265.13 -310.46 64.866 -114.64 128.6 129.33 -262.11 148.62 492.88 74.945 -35.448 -187.97 -377.96 89.525 -89.6 68.531 158.91 1.6211 46.169 -184.48 197.53 121.68 -254.19 -72.182 -218.11 -36.48 -132.27 -168.44 78.629 -217.37 -213.25 -82.109 -186.52 -63.052 -135.3 326.22 -15.96 6.0387 159.55 -147.14 -319.97 -90.123 395.4 -273.28 -147.67 
te 157.35 666.09 25.961 210.81 210 464.08 118.61 5.6916 -436.59 849.06 -389.25 -56.939 10.402 -483.34 -180.16 -263.77 -122.83 234.59 397.21 -414.98 17.109 -89.525 218.98 894.26 296.5 380.61 729.33 20.814 -63.464 616.96 -448.81 320.33 1098.8 -11.516 -240.46 434.76 -434.45 79.89 306.47 347.18 -384.97 7.7529 -197.09 -92.565 817.97 -195.29 592.46 510.06 -326.87 151.46 210.58 -89.583 189.84 -369.55 -305.79 132.1 -282.06 -517.78 441.4 575.03 -639.84 -114.66 -179.05 501.96 20.578 -831.82 74.891 -369.94 -395.8 -209.84 423.04 -267.56 190.96 -186.08 115.99 269.2 57.887 -525.07 -218.43 -290.26 369.42 -333.67 178.27 -108.3 -171.81 101.96 -139.19 168.45 -479.16 -304.9 -153.71 -595.45 263 -261.6 -436.16 631.2 280.99 -94.026 -220.08 -369.73 
vin 216.33 -112.27 210.81 -123.19 178.33 88.592 171.07 575.81 107.07 312.59 106.85 66.495 243.19 35.729 336.74 73.718 -249.56 30.071 362.95 -232.36 -120.69 -241.92 25.843 -17.62 608.53 -75.566 215.01 -250.47 114.79 170.46 -19.657 719.9 574.48 -27.752 393.71 463.32 -274.36 -89.347 -149.44 156.28 -817.16 -72.415 -288.07 -122.9 -13.965 -623.41 751.9 -221.19 110.63 -264.66 785.81 -17.79 345.01 -170.28 -19.932 -456.39 114.9 -65.825 138.69 289.18 -40.106 572.09 -209.49 455.81 -19.297 -587.57 -91.157 -314.82 -399.09 204.37 77.747 38.633 645.92 70.539 -28.135 -127.27 -19.364 -804.4 257.29 -480.06 108.18 -85.755 249.36 -53.239 165.21 358.02 -147.47 -497.88 -613.56 -107.04 -109.64 -294.53 -301.2 138.64 146.23 30.726 714.84 -390.35 -264.26 75.229 
choklad 78.293 84.631 7.4543 -78.992 101.23 -32.386 -61.356 14.337 14.5 117.4 103.75 30.883 19.681 0.39533 -116.44 -130.3 -127.55 138.3 32.292 -34.285 117.09 -133.1 38.396 14.894 -13.101 16.869 90.917 60.474 -23.103 47.228 -92.963 159.1 88.264 146.65 -170.19 45.484 3.9303 112.69 19.46 -49.535 5.646 8.8554 73.549 80.876 101.88 -143.64 91.079 66.055 -96.532 -67.589 -18.326 -23.746 -32.533 -1.9183 -23.888 51.142 109.52 -9.6728 214.25 -27.958 -45.373 -231.39 -105.67 22.609 173.76 -224.29 -61.087 -138.36 -67.293 -32.387 4.6117 43.009 119.42 9.1872 86.592 110.35 31.67 -85.559 30.503 -31.959 -9.1463 11.611 100.86 -33.623 46.401 32.333 8.0423 -180.83 -45.569 -43.614 38.443 -73.631 71.087 -8.6377 -104.04 6.3796 151.7 -24.203 -198.74 185.3 
ägg -216.13 24.702 -387.95 -25.076 -213.21 337.45 193.79 -391.27 -96.625 193.94 -237.66 -30.559 -228.55 -300.38 -61.864 -242.48 -128.64 -185.69 -111.67 34.091 -12.742 -12.318 -120.81 16.186 196.77 -211.19 -146.02 18.778 -59.458 368.42 -92.169 559.96 313.24 588.83 240.85 241.5 -724.02 127.01 257.53 -1.3121 -750.57 -547.1 270.53 -27.967 556.86 -378.8 -181.18 46.322 -226.04 -258.06 -722.85 88.399 -166.04 850.91 -161.15 199.07 -154.12 302.67 182.68 -187.46 -72.149 -364.51 -278.34 -311.21 267.12 -249.64 -70.91 -298.35 -130.3 93.867 140.27 46.402 72.052 100 169.99 160.98 -72.17 -459.81 -459.54 -244.89 -306.21 23.854 -224.37 417.65 -58.816 27.723 -33.085 103.61 -262.88 -588.3 31.212 -241.66 288.87 124.97 -43.541 281.76 11.117 207.75 -530.47 196.86 
bröd -11 128.85 -116.98 -238.89 164.28 127.01 78.09 -67.546 -66.077 244.88 121.59 -130.5 52.747 -25.499 -216.37 -136.28 -157.44 112.79 -4.1297 76.144 -122.34 -145.39 -83.858 -51.462 55.483 -204.53 -248.69 -168.86 56.534 294.94 -32.627 5.854 320.55 338.56 -258.18 152.65 -173.73 -22.902 -0.77338 -117.81 -455.63 -22.57 -178.22 277.81 125.07 51.597 -135.84 -91.31 -32.306 -134.98 -108.71 10.006 -26.049 58.907 -164.12 -87.503 21.802 -343.54 149.8 239.71 -37.419 -116.03 -288.87 185.54 268.28 -182.42 -45.706 -8.7733 -304.93 204.48 -5.8294 84.502 61.597 -252.61 -181.26 -235.96 22.808 -364.35 -214.42 -221.01 51.218 34.989 78.149 204.58 44.686 80.521 -187.7 -23.229 -96.178 -19.681 166.3 -134.93 -4.0691 513 -91.84 -96.815 93.123 -134.26 -250.21 176.04 
fisk -302.16 -201.47 -93.467 -52.94 -248.73 -87.419 195.57 -87.758 -206.64 188.32 52.485 -193.26 136.56 -376.89 256.03 -263.56 375.11 22.35 121.79 -46.955 -129.2 -47.262 -11.302 -139.85 -207.72 -317.87 288.65 -61.238 292.17 100.32 213.02 493.34 -2.6481 461.45 -41.536 -47.379 -278.21 205.12 189.45 246.09 -296.63 -244.67 468.71 -126.53 -9.4298 -271.86 70.846 -57.054 -60.441 -266.64 -62.792 -10.297 -90.12 430.98 58.878 -393.09 -130.67 -77.145 -58.635 -214.92 310.18 -163.34 142.85 92.92 -37.469 114.8 -172.35 -256.94 -414.84 250.27 -77.194 226.92 36.842 84.023 -308.46 79.985 -57.339 -469.16 -350.03 -287.72 -139.49 10.698 -282.82 23.816 -66.546 108.55 286.1 -202.21 -437.14 -92.959 221.62 105.44 -112.93 -134.54 79.671 -133.99 305 136.62 -238.03 239.41 
öl 112.18 272.83 33.171 564.51 265.33 401.21 377.2 1050.7 -278.47 1018.3 178.52 673.3 606.49 -263.74 667.14 394.48 -849.08 748.65 1543.4 -944.19 -67.618 -1095.6 128.81 513.45 884.11 -458.67 -210.67 -508.19 400.38 130.98 -882.51 1591.2 139.6 -107.9 1167.7 1599.6 -762.88 559.7 259.22 813.85 -1658.1 48.173 -595.02 -220.5 672.98 -171.47 1075.1 -912.4 396.4 -415.68 1354.9 316.73 -3.2078 -183.18 454.31 -610.08 300.16 -35.048 278.69 -3.375 326.35 629.13 -770.81 499.7 -190.95 -1367.4 614.13 491.7 -1647 -156.13 557.08 205.3 61.454 -142.52 -473.14 -142.5 -674.36 -1094.1 -622.76 -972.8 472.17 405.65 1064.6 -175.09 308.5 571.46 127.95 -254.66 -964.23 -168.35 -217.13 -651.92 -139.37 -42.091 320.14 -457.73 1189.1 -100.84 -25.171 125.87 
ros 311.66 162.72 12.453 260.37 156.57 -257.98 51.345 -104.9 382.67 188.93 220.53 204.37 -309.73 271.42 21.945 83.447 190.02 72.567 399.3 -78.5 611.65 -362.44 -199.13 -101.73 93.89 249.09 -1.4852 405.17 263.64 -110.83 -345.97 405.38 475.9 -78.494 80.023 -366.91 -150.61 321.99 -9.2154 -458.97 -245.18 -600.89 108.7 188.01 440.67 -216.82 -74.342 82.299 -454.87 188.84 139.11 -119.11 59.832 441.79 -52.498 476.47 38.457 33.43 379.5 -100.23 159.14 -289.96 -194.62 -4.9132 362.43 -247.92 -97.724 -208.74 451.49 -429.58 387.5 -59.747 239.71 259.4 128.2 449.56 -13.025 152.4 299.69 225.08 -134.4 314.02 50.415 -87.356 -199.76 -124.64 373.98 -151.25 -210.65 -385.02 375.1 -484.14 13.859 -365.73 -178.08 31.852 152.05 179.08 -227.94 177.35 
potatis 104.2 183.77 -33.334 -42.2 -186.45 -2.4789 2.6138 -171.32 79.847 319.74 54.733 -54.59 -40.151 -135.92 55.706 46.05 106.51 12.444 18.102 143.09 -129.51 93.087 -69.205 -253.58 -3.4792 -138.15 -3.8243 -39.696 84.945 71.018 46.031 162.31 53.285 169.5 -264.7 -102.88 -172.88 -177.57 16.624 -168.03 -186.83 -115.06 35.606 -100.55 76.131 -184.18 149.78 62.546 -187.06 -159.58 -9.3408 21.971 99.127 137.1 -142.77 63.302 -37.069 -153.9 -26.935 -194.9 -174.96 -87.225 -29.45 -29.727 133.53 13.514 61.238 -190.02 -93.31 279.59 -101.86 20.639 179.03 56.347 -188.5 21.185 54.689 -205.05 -83.336 -52.593 -145.36 -10.874 29.669 97.94 1.1185 -115.09 80.94 -84.403 -211.08 68.799 160.63 96.589 -12.163 -69.908 -43.658 89.505 76.194 110.45 -316.09 169.15 
ost 231.69 -4.4347 278.69 -399.09 -47.125 158.36 -52.15 -122.94 361.33 669.3 596.03 -0.99683 -40.086 149.74 -8.3238 284.92 -473.64 193.25 76.252 285.81 -179.62 -415.28 -147.15 -339.74 248.03 -73.028 306.68 -221.03 337.57 826.89 -51.107 486.65 310.2 521.86 -187.33 385.32 -226.23 11.307 354.57 -106.98 -367.35 254.37 -330.77 319.48 449.12 -421.81 114.67 -376.65 -175.83 -144.66 -56.774 -31.94 67.547 -378.77 238.66 -183.29 446.67 -511.91 683.39 328.3 114 -293.82 -415.21 -496.61 538.78 -743.32 -472.84 -114.93 -893.26 173.16 -80.976 274.81 297.92 23.947 -614.75 361.46 -253.07 -981.4 -56.897 -138 -486.85 -84.863 78.269 -66.087 -305.29 211.05 86.379 -337.94 -483.68 -259.04 412.48 58.486 6.2844 325.18 251.86 38.641 -334.12 -464.21 -433.8 690.51 
blod 351.8 433.24 146.99 126.2 210.93 -426.19 21.216 435.69 -234.89 499.33 -41.228 191.22 130.31 -477.65 304.96 390.65 230.87 -157.54 147.11 -500.16 51.178 -191.54 353.5 -225.27 74.859 -138.11 -120.2 121.85 226.4 -366.56 115.58 370.63 55.811 452.85 321.11 172.85 -103.66 -79.846 -206.12 144.24 -540.52 -424.12 48.757 159.98 -185.47 -365.52 305.47 -336.44 -143.9 -353.61 -80.862 -149.45 122.32 354.52 346.37 117.92 -312.45 -69.812 99.926 -84.688 -487.49 -430.53 -522.31 352.89 99.227 -230.62 -16.684 -527.43 -200.46 74.516 39.923 -250.48 249.81 -202.12 0.30281 -122.6 305.77 -463.02 -403.69 -107.24 -371.38 -247.29 -275.44 145.21 -50.945 -445.38 -314.38 -344.45 211.19 -604.49 204.33 -105.65 -163.19 -90.992 -236.39 59.666 228.23 542.33 -363.46 -1.5123 
grönsak 49.531 17.302 -259.05 12.561 -24.446 92.056 86.542 -29.41 101.32 252.02 61.651 -140.71 -4.4731 22.573 25.143 3.8363 5.1952 127.57 131.69 195.56 26.25 -1.3803 -45.529 -165.22 -127.33 -165.14 105.89 4.681 90.399 39.127 104.88 4.5646 10.172 131.26 -82.955 -132.54 -57.18 -29.315 -60.618 -162.39 -27.662 -90.748 -135.75 15.354 157.25 -235.74 125 165.48 -46.926 -217.05 69.028 147.97 40.958 73.911 -191.05 -21.791 181.44 -65.201 63.851 -62.186 -43.093 -87.506 -138.34 180.32 161.41 -73.534 82.876 -81.325 -111.99 198.52 -115.02 55.601 252.94 17.67 -179.82 42.141 -9.8855 -262.4 -200.77 -8.7728 -65.508 -57.147 -104.2 32.811 -20.483 -52.744 -44.305 -257 -277.96 -56.41 93.176 77.714 -87.335 59.063 -149.08 -145.84 113.38 7.9239 -167.79 127.39 
lök 292.89 826.19 -234.56 149.76 -13.112 -9.3151 -135.36 -431.43 211.07 493.05 306.49 -8.0189 -178.91 240.82 -120.44 507.54 494.77 31.043 -422.13 539.1 87.874 -373.74 -376.42 -685.08 452.65 32.853 328.99 -425.96 189.11 -150.5 69.872 424.52 127.36 632.98 -39.913 -317.31 -284.02 -460.6 -249.02 -133.32 -281.49 -112.46 -368.69 129.8 -263.62 -417.77 10.026 -261.66 -372.9 -435.59 -422.37 -10 -12.801 349.55 55.064 51.602 821.06 -584.67 259.9 -525.43 -338.57 -346.99 240.38 -101.71 324.71 -491.34 -537.8 -259.22 -888.02 487.67 -270.83 331.6 560.64 -124.23 -376.18 130.19 -232.23 -99.366 -33.48 116.73 -558.4 140.15 -25.67 -219.82 112.74 -262.6 -131.99 -939.39 -410.86 87.159 78.878 489.91 -311.88 -114.73 100.24 19.14 440.31 -264.57 -570.69 620 
gräs -79 172.21 -11.02 -49.168 -375.08 -67.982 -88.716 -161.57 54.38 250.58 111.77 -63.856 215.16 18.266 99.385 -42.737 209.34 383.52 175.79 42.554 220.44 -130.61 -159.65 -504.19 -504.86 -195.43 223.19 -72.453 149.65 76.033 -169.55 247.31 371.31 129 -36.111 -171.93 -229.25 -41.326 369.22 -201.49 -151.78 -189.48 292.75 -180.33 -25.461 -136.4 238.16 128.39 212.87 -246.7 360.06 6.1981 418.77 152.12 38.44 3.1576 -486.57 214.07 256.88 -262.87 -302.48 -18.034 -110.77 -21.05 332.33 -64.503 -81.2 -571.29 -331.92 -162.17 -52.8 194.31 40.485 -197.5 -59.073 278.57 -115.18 -80.148 277.53 -190.15 -31.59 90.233 -223.44 -373.43 50.631 -268.79 411.7 -268.86 -16.646 -105.72 252.01 -105.93 -147.72 133.01 -208.2 -239.09 451.77 476.53 -206.4 101.06 
parfym 347.38 34.944 -217.35 17.649 467.15 12.749 -23.84 223.62 37.98 139.66 227.37 155.19 53.464 -1.0246 -22.468 -1.7958 -143.17 163.56 303.63 -12.613 -100.05 -122.65 170.09 99.668 132.08 24.08 4.1917 -12.413 248.96 -87.523 239.99 -0.36382 280.01 -323.72 -9.7228 -9.1474 -208.35 281.21 -233.49 -95.753 -118.19 -143.57 -68.099 408.12 239.84 -24.958 82.396 83.354 -215.47 335.73 227.84 -145.78 -135.77 269.07 -62.706 -166.57 54.385 108.9 116.58 178.94 87.032 -354.26 21.69 432.22 -94.666 -218.71 -92.858 -180.76 124.36 -103.84 206.9 -85.425 201.88 -4.7415 52.504 -90.917 -60.619 20.331 -86.336 -175.92 74.753 -15.049 103.64 44.989 -175.64 124.94 -35.03 -173.39 52.82 2.2315 0.29014 -233.16 -48.715 -72.486 172.12 -199.83 -86.464 161.81 -171.4 311.56 
äpple 42.519 206.66 -127.86 -261.69 174.03 39.987 -114.41 -155.74 245.92 288.35 118.57 -47.146 109.32 -198.53 19.325 -50.585 -25.894 188.18 67.028 153.18 156.75 70.788 -81.215 -90.71 13.494 -246.79 179.14 -119.58 19.95 140.4 -95.432 285.34 492.06 116.82 -262.12 15.689 -245.06 -39.851 171.8 -221.47 -105.18 78.518 -74.801 33.006 286.73 -63.559 -4.0958 143.85 12.541 -149.35 -133.53 56.95 131.94 100.65 -46.821 222.21 7.538 -236.88 177.89 -72.492 -11.752 -215.85 -123.28 68.724 325.56 -441.25 79.311 -275.58 -170.86 58.288 85.074 127.78 -17.845 14.566 -74.282 9.6223 68.344 -184.98 -2.8036 -62.26 -125.55 60.496 45.503 -40.876 133.66 -127.99 2.6874 -162.29 -207.23 -131.38 -5.6225 -264.3 -109.3 95.261 -178.81 60.151 202.33 136.95 -209.11 137.68 
citron 0.40317 59.353 77.828 166.96 -71.241 -48.175 -1.6395 -27.853 220.11 384.6 169.93 -18.86 70.121 66.348 -210.46 286.2 46.507 -38.41 153.47 158.89 16.599 -20.605 106.19 -110.57 113.74 70.376 92.118 -25.751 116.17 42.605 162.65 338.09 320.28 -7.8319 4.9099 -22.38 -155.22 59.981 -93.114 105.87 84.536 -230.84 161.86 0.098241 254.06 -304.81 168.62 130.91 -208.73 -85.437 96.065 8.8927 122.48 88.632 13.026 187.5 119.54 -264.22 157.5 -142.88 -51.905 -164.4 46.76 86.972 65.225 -273.61 87.501 -298.88 -104.44 174.45 -36.525 -0.88531 159.12 36.488 34.624 215.07 -45.221 -173.04 99.973 -1.6423 -206.65 -44.506 -48.672 36.132 70.489 70.761 84.324 -341.21 -407.92 72.024 -244.66 62.529 46.732 -214.83 198.5 70.061 341.44 83.329 -179.88 397.27 
vitlök 225.95 283.3 -61.535 212.53 -61.112 206.77 -89.887 -49.591 37.535 348.7 242.25 41.742 80.929 -168.86 -15.134 287.01 96.93 102.8 23.324 136.64 -143.39 -51.531 151.74 -269.04 217.46 68.641 205.48 -139.87 195.02 -127.47 230.77 200.83 -42.534 1.0126 -72.08 -28.927 -232.72 -52.808 -170.33 -82.23 -72.393 -106.95 -147.76 116.4 -17.165 -352.04 107.24 58.695 -129.33 -3.4814 38.892 -144.04 158.23 -78.959 15.389 -59.787 316.47 -140.51 203.69 -93.069 -180.74 -226.02 94.617 62.953 63.838 -328.73 -114.73 -259.39 -410.17 180.19 -168.28 -115.73 264.66 52.006 -75.978 -0.64159 -86.733 -170.24 185.14 0.95388 -295.69 -134.33 82.312 -104.2 95.558 -64.686 -111.41 -316.3 -419.26 38.686 -25.399 190.43 -105.08 -66.037 112.17 68.354 -106.46 145.6 -223.58 346.97 
banan -189.78 -19.435 -263.84 50.478 144.42 148.69 -184.35 -52.858 152.88 250.76 24.413 88.805 0.41354 -120.31 60.394 -31.845 -139.56 269.69 319.21 73.245 267.42 -176.73 22.932 -18.061 -165.65 -102.24 170.7 87.873 105.95 234.8 9.9413 346.2 208.42 -68.436 -248.97 -70.006 -38.188 168.97 125.6 -48.046 -32.527 136.19 103.53 107.85 365.25 15.109 -95.853 256.81 -179.26 -56.053 -132.14 34.419 60.11 235.36 -153.47 -0.48285 -60.398 -67.431 48.209 -192.03 -16.451 -119.86 -257.45 85.212 202.04 -103.02 170.24 -110.02 -269.31 -100.59 137.4 68.795 75.705 -112.94 -100.18 79.912 -56.081 -223.08 -241.79 -7.2667 -121.92 -165.17 19.048 -148.94 117.62 25.229 16.231 -375.18 -150.65 -84.386 63.168 -218.28 -34.638 121.22 -36.683 -209.32 190.62 145.18 -143.29 210.01 
lack 406.85 -389.35 -140.28 150.13 213.26 33.1 -58.698 358.65 -54.226 18.108 664.17 72.426 -388.07 721.94 -314.7 243.23 79.476 -515.4 1.4643 345.32 445.42 -489.87 581.17 -380.57 487.9 10.264 -47.379 -39.407 515.62 -108.25 60.185 87.809 534.63 167.94 95.181 195.4 -139.09 130.26 -140.37 40.501 95.175 -712.32 267.42 206.32 180.84 -171.94 168.35 449.68 -403.96 495.18 196.77 80.133 -375.12 325.94 54.031 112.64 341.44 677.92 422.03 98.067 312.42 -276.92 253.09 20.583 -273.21 -266.27 -305.67 -637.3 100.42 68.895 232.34 47.591 51.593 -1.0838 229.18 480.07 -89.905 -37.472 324.32 82.104 -401.47 179.82 -20.626 -118.36 231.87 -208.08 147.79 -884.79 -49.472 315.67 116.75 371.41 -10.873 -42.473 361.39 -106.35 468.33 289.71 -409.83 382.89 
honung -130.49 202.97 -45.129 122.06 227.69 48.552 -161.78 29.928 -44.416 396.48 29.051 -91.996 46.299 93.066 -210.6 271.62 25.555 366.02 62.076 -59.553 58.108 -109.62 210.91 -46.222 50.118 22.235 201.81 -152.27 134.23 73.852 339.96 77.763 496.54 222.96 -58.841 -27.048 -270.63 -56.718 -6.9855 168.22 -171.54 -248.18 229.1 116.81 133.57 -496.6 334.13 -25.452 -68.277 -88.671 58.73 -77.796 307.19 -134.67 -246.86 -129.38 71.444 -250.64 248.14 -94.434 -274.47 -201.31 -88.032 -11.67 216.88 -265.86 -170.31 -546.04 -278.59 13.375 183.31 -5.5708 308.76 22.914 294.21 203.59 -104.01 -323.35 156.54 -86.869 -217.93 -120.36 -75.909 4.1289 -27.794 -96.962 -182.22 -350.61 -550.63 -188.3 -108.37 39.509 180.01 16.714 -76.249 96.601 87.389 102.6 -61.234 354.04 
svamp -74.6 366.42 107.66 -66.693 89.205 287.22 -53.591 -248.56 45.718 90.258 155.81 -230.33 44.476 128.7 -48.55 -60.918 240.05 -61.22 52.57 200.86 38.477 -82.059 46.09 -109.95 -80.669 -164.38 161.78 -266.29 210.61 -9.2125 149.86 338.3 362.07 160.69 -134.41 -211.4 -421.52 182.48 256.12 50.819 -154.91 -114.58 231.99 127.29 13.349 -489.63 203.66 61.076 129.01 -89.467 126.38 2.4111 380.54 228.56 -194.28 72.812 -19.341 18.645 118.85 -199.54 -27.578 -205.47 -187.9 64.891 80.95 -133.51 -233.83 -554.18 -328.55 144.83 -78.648 140.1 410.2 125.33 -170.4 143.34 -140.71 -273.81 197.32 -207.63 -168.15 16.489 -192.82 5.864 -64.508 -183.15 107.9 -117.46 -673.14 -49.493 295.51 -73.207 474.77 268.74 19.292 -31.351 321 228.97 -306.87 293.52 
kanel -303.46 263.42 -266.1 -1.702 -9.2285 361.28 -59.105 77.215 314.19 409.32 56.877 139.66 -23.098 -193 -134.25 290.51 -113.68 299.73 187.4 -317.43 -70.806 -26.408 168.51 -15.489 99.387 293.98 176.26 -82.976 -72.993 165.45 147.88 74.139 313.89 228.46 -422.1 44.208 -288.08 15.664 -143.64 -332.64 -43.629 -399.18 94.748 108.09 461.49 -119.23 134.59 182.83 -207.34 -83.055 -44.719 -12.666 449.43 148 -196.99 120.17 135.69 -356.71 -74.81 -1.2787 -406.9 -99.632 -301.59 -129.59 435.17 -317.13 -77.083 -551.04 -411.83 209.49 273.42 -35.001 -111.04 -157.25 503.2 116.38 -164.22 -29.062 152.44 109.88 45.286 39.802 -257.22 -19.799 606.43 -29.155 -124.41 -370 -101.46 0.4401 -135.83 102.69 114.29 86.366 313.36 239.72 18.871 289.05 18.254 340.22 
rom 18.569 576.15 184.93 -48.51 -237.04 944.74 -492.45 1000.1 -180.36 530.07 7.3831 750.92 113.82 -531.34 49.06 266.74 -169.94 78.742 495.78 -203.78 544.02 -1024.8 167.37 143.45 1022.2 -143.09 -221.88 143.17 391.28 445.31 -290.4 308.01 533.92 433.05 634.72 770.3 -340.61 70.286 150.62 449.04 -809.48 437.48 -562.6 745.22 704.35 -405.17 -76.808 40.424 -896.96 -526.71 154.43 625.61 310.53 -908.61 -567.9 -221.65 -143.88 -326.82 420.24 49.299 -46.77 421.66 -332.26 492.54 229.52 -140.62 148.04 223.52 100.84 -550.07 261.89 -422.32 401.83 429.5 552.84 -101.07 73.925 -633.45 316.1 -267.31 -317.43 -6.6798 672.41 633.29 -272.79 651.07 -700.86 -99.314 -305.65 -523.28 473.88 -977.82 -175 775.6 726.93 -480.17 -519.23 217.19 -1544 393.84 
skinka 16.814 261.93 -224.55 -399.71 44.694 -61.612 209.17 -182.19 240.1 223.28 143.53 -106.66 118.79 -119.37 186.03 57.837 15.533 297.06 95.298 -22.405 -323.22 38.656 -39.797 -74.8 -43.576 -62.679 28.737 16.843 55.177 -52.504 266 231.03 34.218 298.45 -155.71 64.759 79.339 -186.65 246.12 -512.47 -147.65 -191.7 -45.126 325.57 142.37 -210.39 -119.24 -226.34 -144.06 -248.29 -243.81 139.97 59.366 -77.542 183.35 -3.591 143.5 -296.97 368.03 50.449 -72.467 -165.7 -272.03 -481.29 375.61 -332.23 -34.098 -98.509 -231.37 146.43 147.27 41.267 269.04 74.413 -197 -3.4627 139.08 -326.95 -186.73 -89.701 -283.25 -62.088 22.598 172.05 179.88 -95.789 -22.254 -36.087 -283.69 -93.289 -107.45 -70.289 -99.846 58.193 46.28 247.04 63.255 -141.59 -340.22 272.94 
kartong 141.86 0.46603 -175.84 151.15 303.12 38.652 13.944 -136.95 105.87 -43.566 244.74 18.114 -26.244 366.27 -14.652 -59.477 -223.56 207.97 106.85 91.228 -110.66 -166.81 -32.611 -168.37 -51.021 -264.18 -36.333 92.833 200.23 -21.055 63.099 131.93 228.17 256.44 -183.82 -85.182 -206.34 -17.623 96.764 47.285 -7.004 -23.576 63.923 76.829 47.326 -322.57 -38.391 -56.326 1.5388 -0.99507 -93.246 159.18 19.877 67.29 -153.65 233.29 128.31 186.79 244.08 84.215 193.32 -500.52 -117.71 -58.876 114.63 -286.12 -241.74 8.2975 -78.898 30.114 227.54 27.549 142.34 64.965 -32.912 99.721 -126.88 52.054 -99.078 -143.93 110.86 183.4 101.47 85.015 -208.94 -58.618 120.54 52.288 -180.05 -70.923 255.6 -85.907 37.102 11.89 -159.6 -34.973 279.12 313.64 -61.021 351.21 
gurka -32.295 89.74 -104.35 -130.02 -47.834 35.387 12.702 19.355 9.6359 593.82 54.978 -95.974 -128.63 -37.166 121.5 149.41 -16.615 51.778 113.81 159.42 263.77 -206.09 11.068 -15.957 -68.909 -153.54 464.02 -361.18 -40.755 72.73 -156.34 31.033 153.68 -24.45 -242.41 1.2201 -172.53 -12.905 200.96 -167.55 41.427 150.54 134.41 -85.998 448.29 -175.04 249.35 231.22 64.099 -129.14 56.545 196.04 -59.52 -9.2449 7.2459 47.073 256.7 -308.86 242.07 -103.82 30.195 -64.029 31.056 -13.923 218.32 -255.58 -21.153 -265.72 -320.27 307.62 -139.63 255.98 249.6 -109.02 -128.68 -10.683 -68.775 -374.22 -244.23 68.942 -209.37 -30.121 -153.98 -217.4 -212.26 -151.82 100.64 -322.35 -443.59 -182.6 -6.7492 169.17 -28.6 -201.61 -278.65 34.304 67.552 -173.09 -162.38 205.74 
apelsin -11.57 141.56 -133.18 25.174 -37.646 131.3 -156.93 -19.685 262.46 286.26 7.9383 -11.043 132.03 -69.1 -0.90508 89.057 -89.655 151.68 220.48 35.911 145.64 37.715 61.812 -10.284 -8.3427 -8.794 229.58 -24.093 150.66 60.184 89.478 89.724 341 -24.871 -155.96 -27.101 -265.08 -146.09 9.5348 -104.19 -52.705 70.984 126.04 -12.584 235.58 -71.544 72.44 83.392 -164.01 -46.691 -24.921 80.893 128.26 80.064 -38.82 157.79 16.635 -142.23 88.376 -96.612 -165.42 -250.51 -124.09 24.015 226.31 -175.81 -31.407 -260.92 -206.32 43.81 119.22 31.148 -11.197 70.041 -13.091 89.857 6.3973 -102.73 -91.475 -40.524 -61.511 -11.095 -92.082 39.619 59.496 -69.623 -46.207 -295.32 -154.34 -92.833 -97.612 -126.98 -27.297 -54.694 -100.35 -6.6265 184.64 103.51 -199.54 153.6 
vanilj 98.438 259.93 105.1 -258.64 223.59 180.06 -337.21 302.73 224.42 260.5 215.71 404.37 -113.96 152.59 -427.27 108.04 -112.23 232.95 361.91 -278.59 229 -294.5 269 194.86 213.09 111.42 -138.86 134.34 224.9 -40.597 59.974 110.24 603.18 -330.76 -570.12 -85.254 -211.56 50.712 8.9113 -126.12 78.87 -206.76 349.97 192.83 332.09 -152.95 206.09 168.62 -298.59 148.71 233.15 -63.694 157.74 -41.037 -106.28 -45.131 84.059 -186.41 65.477 -121.21 -112.77 -247.42 -254.48 186.59 135.52 -147.82 134.18 -403.95 -32.427 -11.079 202.71 -205.63 259.2 -215.78 136.89 275.46 -185.78 -276.45 44.35 -134.74 -55.567 -141.28 -85.052 -15.814 396.26 144.43 -30.49 -255.6 -111.86 39.115 -20.002 -411.99 62.242 -192.37 25.247 -84.525 173.54 90.571 -80.29 428.5 
rök -74.084 785.72 19.914 688.56 -81.95 -521.04 -131.02 87.236 -250.36 582.02 231.04 877.13 400.56 458.95 -444.03 109.33 -292.98 47.677 1136.8 -505.66 -129.99 -939.04 441.15 -713.81 -128.44 -421.84 493.05 231.36 845.33 -284.65 -282.98 -283.28 493.76 184.68 374.98 353.19 -673.14 325.27 -172.71 804.48 -260.4 -327.3 407.55 20.667 -247.86 -565.44 628.85 -544.53 440.81 31.402 614.05 -378.54 724.39 920.89 625.68 115.82 -437.1 729.83 88.286 -223.59 -392.63 -159.97 -527.37 99.566 70.071 23.481 -97.776 -530.01 -729.33 -144.67 3.7235 -444.14 -107.3 -615.9 -420.25 248.78 -366.27 209.19 -254.8 -207.14 282.4 137.44 -185.93 -156.44 -705.83 117.29 -384.87 -326.9 30.492 -208.59 334.43 209.38 165 863.87 425.13 -213.08 -85.738 782.84 -721.35 714.41 
rep -143.34 -210.5 237.77 134.9 -94.244 -80.478 157.9 -36.533 791.11 207.66 251.72 813.25 373.99 -586.91 909.72 613.31 203.48 42.801 -38.839 -317.87 -456.33 339.66 239.1 -85.094 426.81 -21.822 -280.76 352.18 -55.148 -205.25 -105.35 754.06 -1142.3 311.59 68.209 19.763 -58.864 9.4244 727.45 44.526 -114.67 175.97 115.57 -34.963 92.856 -222.59 -813.53 80.032 235.76 793.76 233.72 -378.44 -220.82 142.7 -28.428 215.17 -110.44 -210.81 52.069 -228.45 162.33 124.88 562.43 -346.44 72.24 -645.46 -188.12 163.88 102.48 410.99 595.07 399.31 99.866 -224.33 -399.74 75.21 477.8 541.75 -33.559 -15.86 -257.87 -39.238 383.82 88.071 -265.27 -301.26 482.25 -880.94 400.27 169.6 224.82 134.5 -44.324 -568.17 -203.59 42.648 366.71 1236.8 277.7 199.27 
hö -111.49 495.87 -1066.5 -717.16 -623.61 954.57 -1812.7 -634.62 1217.8 580.32 497.49 -472.16 1226.1 86.659 1123.2 -81.333 616.64 1568 773.67 1533 -2551.4 1016.4 34.529 327.87 -1882.3 -1383.4 118.43 121.26 542.17 864.5 1650 729.2 1435 981.97 -443.02 -515.51 -1346.3 -664.86 1259.8 -1134.3 116.62 115.89 1010.9 -513.82 1432.7 654.05 1207 621.13 -395.66 -384.54 454.17 -233.74 1623.7 525.79 -504.85 -1113.1 -1578.9 1534.7 870.84 456.42 -430.62 -2318.7 -685.62 -408.22 1248.3 -467.44 -1131.8 -1199.8 -1741 -145.05 -205.21 -58.136 857.43 -484.91 -1416.3 330.53 35.894 -1640.1 -961.42 -918.61 -113.75 -213.94 -1025.5 209.42 799.09 -536.62 776.11 305.31 249.5 -94.146 971.56 -470.7 -1566.6 275.71 -1132.3 -1372.2 687.08 2430.6 -812.33 1551 
morot -132.51 353.72 -527.09 33.315 26.917 -109.08 -174.06 -340.67 558.24 320.29 176.02 -88.528 187.58 -210.91 178.37 99.881 144.16 271.84 127.15 293.46 489.17 376.98 167.91 -210.86 -228.95 191.51 166.83 -191.46 -258.29 -212.95 346 224.64 67.559 208.05 -0.51408 -418.42 -456.68 -236.01 -10.473 -768.87 -4.841 18.149 119.68 248.13 216.27 -124.55 -199.11 174.04 -31.728 -169.26 -114.92 33.412 164.48 80.372 143.41 270.16 310.33 -15.625 459.75 -246.17 -45.313 -232.46 24.866 109.62 502.84 -262.44 50.318 -411.46 -365.15 197.42 22.978 -40.275 219.16 -128.47 -230.18 -30.543 -264.62 -190.3 -204.34 328.48 -441.06 -11.275 -186.79 -196.48 140.57 -17.492 51.722 -422.27 -264.31 32.844 -104.54 238.16 25.043 -270.32 -413.57 129.95 145.63 -26.103 -190.46 220.4 
hallon -133.93 -38.383 -67.072 -23.587 7.3849 210.92 -160.21 187.99 124.68 321.24 153.25 59.165 -118.97 51.263 -136.6 19.867 -63.61 287.46 167.1 49.542 259.64 -114.54 -22.579 -46.788 45.163 -214.3 116.43 -39.56 13.649 67.133 12.855 330.83 586.09 -92.411 -479.12 -111.79 -61.811 83.863 -7.2242 20.712 164.46 -129.71 299.27 -37.627 334.68 -11.946 102.17 269.98 -405.23 -268.1 -44.763 210.08 255.33 -168.03 -431.09 34.308 -65.822 -154.87 220.51 -150.69 -66.5 -120.83 -188.17 88.822 470.4 -386.49 255.49 -401.74 -230.92 150.61 38.463 -152.68 32.2 -67.667 242.54 9.116 -147.94 -336.15 -1.9823 -141.24 109.4 -4.9179 -51.638 -22.627 245.78 148.39 128.15 -129.69 -193.2 162.01 80.699 -117.34 -109.78 -83.214 2.8862 -101.67 315.53 82.474 -244.52 319.69 
päron 57.283 395.79 81.653 -55.715 46.357 221.64 56.17 -104.71 -49.528 137.05 34.541 -93.885 -6.2364 -171.93 -65.817 -235.44 -117.24 145.88 350.16 43.985 -77.575 -81.588 -260.8 81.715 32.784 -262.13 125.08 -136.19 197.07 108.42 -295.86 121.32 177.91 3.3208 -441.51 -72.595 -396.52 -175.61 125.7 34.724 -232.98 -100.26 155.94 10.34 559.44 -81.67 153.36 129.56 -220.06 -255.07 -75.507 340.44 148.02 0.81527 -197.64 35.99 -26.273 -246.72 230.85 -1.0005 156.57 -52.235 -153.52 -33.174 305.03 -250.79 26.38 105.86 -212.4 137.84 -162.31 42.771 84.255 123.2 -18.627 103.7 -66.896 -110.77 22.857 -217.5 113.39 13.656 151.28 70.269 54.627 94.122 151.85 105.76 -366.77 -87.8 240.3 -187.72 46.967 -71.392 -214.49 36.97 354.57 -6.1354 -360.59 260.48 
mus 505.69 -357.24 -741.11 -157.12 902.71 -67.295 -114.19 -436.26 -2.9517 244.37 981.81 73.594 306.02 278.83 -463.48 -377.62 972.55 -621.43 682.14 -186.78 1075.1 -79.69 284.9 -875.65 -269.78 -714.52 533.52 694.26 143.88 -415.42 -190.34 601.51 705.28 314.06 591.17 -589.94 -1690.2 -367.72 464.84 487.07 89.925 -245.83 663.93 1016.2 -529.13 -324 -485.57 -310.57 362.3 -166.27 34.666 49.818 -633.06 420.12 138.56 -52.161 -347.84 1145.5 957.9 -377.64 1044.8 -946.36 156.23 -563.62 311.16 -255.07 -28.976 -539.2 205.32 -528.01 105.73 -6.4609 -440.05 -591.76 134.56 413.81 98.935 -304.44 268.44 225.32 26.028 455.23 150.63 -473.54 -526.38 113.13 767.63 49.754 -313.6 -736.55 606.17 -536.37 233.74 -598.84 177.62 -513.82 467.48 1000.8 -905.58 611.89 
bär -63.056 697.5 755.82 451.24 -662.41 646.23 202.56 460.46 291.79 -118.47 -351.6 173.58 -392.73 -438.71 94.591 64.717 385.56 119.13 322.58 -336.15 -228.09 -242.9 -430.99 -315.8 569.84 -212.9 405.47 259.17 615.34 347.73 -349.62 324.81 607.32 324.22 -396.14 211.44 111.68 20.411 238.36 262.83 -392.38 -756.91 612.63 -246.92 872.92 -76.346 -435.89 198.29 -1039.9 86.574 -421.92 70.186 523.16 248.88 -262.67 356.88 -69.88 -355.95 -335.99 -42.249 161 -383.58 -257.77 -508.96 -43.952 -266.64 142.56 -214.82 -270.09 200.29 -155.42 -562.64 147.14 304.07 -310 111.33 -556.62 -280.15 -55.109 -780.53 -415.23 -324.93 -361.8 -137.92 -548.33 -40.834 -325.22 -352.03 -429.86 -685.57 355.57 -289.01 127.18 337.59 -758.28 -194.39 232.17 65.562 -309.87 606.6 
russin -86.99 172.11 -84.969 -112.59 378.54 122.98 -31.783 -79.806 137.2 409.83 138.87 54.591 9.8862 95.52 -111.13 78.799 -60.726 399.66 245.06 -177.77 162.43 -1.4939 102.15 10.064 -90.328 -173.95 -41.293 -125.01 -104.92 316.43 55.451 354.96 339.49 354.87 -397.42 -225.5 -15.829 -120.19 -0.61029 -159.45 -46.841 -174.96 -13.437 125.37 349.63 -227.78 136.15 16.749 -108.7 -125.6 -239.53 23.98 134.14 175.56 -248.23 126.23 86.171 -119.3 151.28 -10.803 -110.54 -353.06 -360.42 -229.15 492.82 -325.35 -79.955 -356.09 -239.95 -20.955 205.95 4.0106 210.31 16.002 355.79 91.718 -0.12441 -367.74 30.474 105.36 -183.21 19.966 33.856 106.24 159.44 -110.04 6.8435 -110.44 -124.86 -212.68 53.201 -85.576 137.28 187.5 -313.27 -9.0851 183.35 235.69 -377.3 322.42 
sirap -285.43 48.687 75.072 -343.4 90.525 275.54 -164.19 73.458 224.97 432.93 67.735 219.47 -182.11 343.56 -616.34 307.99 -279.96 -17.537 -52.771 -446.08 241.09 -293.88 117.87 -227.24 293.69 -81.407 -102.46 95.252 129.61 349.6 -73.239 209.23 925.35 368.77 -324.54 194.62 -293.33 -65.763 166.27 261.89 -213.25 -501.1 286.29 107.54 64.451 -131.38 280.92 -21.031 -439.04 151.06 -194.43 -83.201 419.12 248.52 25.291 25.375 34.006 -157.19 290.34 -284.56 -543.98 -185.84 -361.52 12.94 507.41 -483.56 12.393 -582.49 -654.66 155.97 293.82 23.918 431.83 -439.84 345.43 415.76 -121.01 -308.86 9.1525 42.614 174.4 87.212 -355.78 -138.33 116.82 -51.494 -17.167 -898.6 -409.98 -1.7743 -58.937 -122.08 78.095 205.82 51.783 222.91 462.74 318.53 22.28 586.33 
ek -405.7 83.671 1354.7 -2037.6 31.502 676.41 754.39 -838.22 1264 1976.4 492.81 799.92 261.25 1711.9 -530.07 2507 129.28 -795.29 -587.36 1061.1 177.01 -820.95 -212.67 -307.62 308.09 756.14 156.43 -658.34 1047.3 1095.1 -1512.7 -926.02 2251.3 30.999 -823.45 166.12 -978.2 -574.88 1730.5 748.86 -325.05 -56.377 1324.4 -1358.2 -1156.3 171.96 1406.8 -993.07 285 672.1 463.05 -1110.6 48.434 -969.78 198.15 187.71 423.35 -1277.3 -817.28 -631.88 132.06 674.05 226.41 -103.31 1166 -1834.3 -321.01 -855.93 -513.19 402.13 754.95 1144.5 1118.5 -393.82 721.83 61.086 -1167 -184.18 1256.3 522.79 -438.69 973.04 -179.33 -1997.5 -1065.5 -942 1284.9 -1336.5 -1598.2 1050.3 -405.65 841.19 -1492.7 468.5 24.373 -144.24 1447.2 316.75 325.05 1090 
kola -132.43 -50.664 66.724 -524.85 382.17 -98.56 -292.64 -36.495 619.24 442.45 266.15 197.38 178.66 666.21 -685.65 -95.878 -68.582 300.39 250.36 -436.7 79.761 -198.94 250.13 -288.67 -169.28 165.99 -138.73 460.19 -151.56 149.58 103.41 658.96 494.98 374.57 -734.7 -216.89 -61.525 235.3 439.64 134.64 106.49 -8.3172 363.25 -35.898 -136.58 -136.93 -191.83 347.53 -317.23 -56.177 58.238 -291.87 -150.82 -218.93 201.65 150.94 -102.39 144.47 665.14 103.62 -275.3 -746.62 -509.48 -259.47 334.97 -445.38 127.56 -503.86 -426.95 -22.257 690.97 279.73 166.59 -572.98 141.05 -117.76 150.8 -813.92 -226.7 20.173 482.23 595.21 98.813 -74.86 567.52 524.23 -93.64 -473.74 -136.89 353.37 289.7 -354.56 -9.0783 -64.914 153.41 541.88 491.46 83.818 -392.75 608.01 
tvål 649.7 178.78 97.97 249.42 1110.8 134.39 -206.12 -70.538 -7.6242 259.77 760.15 311.64 -58.552 52.962 -232.21 70.007 -1.7064 127.44 419.03 14.767 -385.43 -329.28 462.01 125.47 131.92 341.74 -199.1 159.44 652.28 -112.51 1240 322.19 848.5 456.55 -107.73 411.3 -382.33 665.39 -59.928 -20.1 -296.51 -405.55 -30.778 610.54 307.62 -690.54 190.95 -95.494 -574.44 482.5 761.12 -335.19 186.5 485.68 124.92 -286.1 -11.525 15.483 439.65 39.879 -80.567 -1557.5 163.67 677.16 -255.03 -354.11 257.4 -894.53 707.8 277.46 497.48 -200.15 1293.7 -54.692 386.74 -223.43 85.88 -552.5 526.19 -243.73 -24.935 -72.585 -108.71 199.6 -246.43 -427.89 13.76 -449.43 -993.73 -495.33 385.17 -1068.3 314.1 58.849 -13.05 -367.36 269.69 917.6 -290.79 1113.4 
mandel -184.16 401.19 73.824 -474.14 147.8 390.99 -12.262 -67.614 218.51 503.13 185.01 69.426 -39.961 -223.74 -276.23 -26.226 155.75 123.79 202.57 -110.93 82.149 124.23 377.25 108.35 134.07 -49.169 -31.215 -273.32 -174.12 341.1 285.98 257.03 537 328.92 -623.22 -27.435 -488.33 -93.985 144.34 -196.43 -105.42 -242.36 270.97 298.67 298.54 52.432 -17.738 80.192 -391.63 130.09 -244.16 -394.3 202.91 221.78 -373.63 141.45 154.23 -341.74 346.61 -6.6854 -441.77 -601.3 -333.89 -237.2 594.24 -368.11 45.581 -684.29 -523.36 436.05 224.27 -35.772 297.58 30.419 424.83 149.8 94.165 -225.4 481.62 -81.397 -173.63 340.71 -420.67 378.91 700.26 27.583 192.4 -280.95 -36.764 -100.98 336.28 -262.05 322.39 300.02 -185.97 255.41 81.697 477.65 -302.91 462.28 
ogräs 152.3 193.97 -48.554 114.96 -426.04 -4.2472 86.477 -358.19 136.67 339.28 275.39 32.413 65.549 -84.706 -289.54 369.9 448.08 254.58 -146.33 178.04 224.17 57.82 62.64 -465.42 -369.54 -536.6 102.59 -495.36 39.07 -60.107 118.04 105.27 653.6 166.42 -192.15 -205.44 -335.03 -332.53 324.35 -452.55 -7.2761 -126.21 59.625 -325 -10.791 -422.27 245.7 158.49 155.51 -268.94 339.96 -220.55 465.86 163.85 -299.6 157.43 197.67 155.86 21.816 -161.28 -195.68 -191.65 -104.13 142.46 202.51 -145.1 -215.75 -857.5 -156.91 364.4 -139.49 -187.88 308.19 21.314 -73.525 -112.3 -78.288 18.051 343.04 -116.12 46.596 203.7 -51.399 -142.33 -132.28 -485.62 58.81 -184.22 -217.5 85.674 231.23 149.68 242.3 453.14 -366.54 -9.0685 376.64 791.69 -530.51 -58.34 
lakrits 166.34 353.5 -42.117 -304.45 371.34 0.61783 -89.474 61.489 318.44 190.42 57.756 197.61 127.65 -30.225 -111.68 -48.121 -102.59 257.1 537.65 -280.85 338.18 -214.98 88.648 255.96 -62.518 115.99 342.84 -49.422 53.317 5.2605 189.64 398.93 226.47 48.913 -384.34 -200.24 -308.21 60.036 179.31 -122.71 -76.855 -28.747 104.89 108.82 230.38 -297.04 121.74 104.47 -262.02 -47.552 86.709 -210.75 61.543 22.251 37.047 -110.84 208.6 18.378 180.55 91.886 117.83 -347.43 -332.5 -24.787 223.22 -274.02 -159.22 -282.76 -338.47 -237.68 260.85 83.442 151.22 -28.109 125.97 190.69 -326.65 -363.31 89.93 -189.52 -131.77 90.191 -50.949 -186.35 291.58 298.01 48.13 -466.17 -317.32 -279.19 204.11 -99.355 128.53 -76.338 21.563 29.732 286.55 134.1 -210.32 310.76 
bensin -364.36 246.77 210.1 719.08 -43.008 -513.99 -655.08 127.57 -330.33 387.33 260.68 425.85 27.98 350.99 -334.37 -119.21 -603.24 87.523 426.11 -301.02 -273.44 -282.43 224.41 29.048 -182.32 -656.71 104.21 153.05 336.48 280.98 134.1 32.743 398.93 159.44 237.28 168.58 -509.05 209.07 -87.552 592.03 -363.75 -43.218 25.486 226.08 -116.36 -61.132 432.64 -137 -133.85 -209.4 236.77 168.26 203.73 246.45 -152.26 -525.63 -528.22 307.14 254.89 139.48 239.4 -460.95 -160.64 478.11 124.01 171.96 -373.12 80.349 -853.95 -245.45 132.21 -188.41 108.73 -401.25 -421.29 261.81 -108.64 193.75 -588.79 117.03 538.6 56.535 334.18 331.22 -547.87 397.47 -463.06 -251.45 -343.07 -236.67 482.02 371.69 -212.55 347.19 364.75 -316.86 537.83 458.88 114.51 819.14 
björk 264.3 115.93 277.81 -347.37 -78.475 -177.36 129.38 -337.46 189.75 267.14 126.64 12.408 274.95 -142.63 -96.744 84.709 280.52 130.09 -193.43 175.58 12.663 -70.863 -129.17 -164.4 -270.89 39.969 355.57 -268.56 364.9 -75.202 6.8203 -157.06 403.83 -29.519 -81.852 -92.779 -175.46 -202.96 431.22 -66.384 127.46 18.876 325.72 -361.23 -253.28 -17.647 254.57 -132.3 44.904 185.05 -2.0584 -320.67 -27.666 184.64 165.55 -64.899 139.14 -429.51 -242.49 -210.97 78.167 -14.612 161.27 203.46 409.37 -215.59 -237.54 -320.34 34.698 -109.26 163.68 223.23 323.49 -7.3897 -61.264 246.49 -238.77 32.997 131.67 67.156 -174.87 90.679 -121.96 -558.16 -269.64 -379.66 285.82 -335.37 -529.47 195.98 2.6993 28.77 -336.2 -17.784 -117.73 -18.072 111.78 278.06 54.326 214.43 
senap 82.192 597.79 513.02 -396.96 253.25 -20.681 55.728 -604.7 309.02 1127.4 240.64 233.05 -297.6 -23.957 -369.61 402.83 -286.85 182.35 84.064 -101.47 -357.09 -56.137 -64.349 47.501 302.36 740.6 -160 -451.94 -62.969 550.7 261.71 595.03 113.74 420.63 -51.446 347.84 -703.08 263.55 280.72 -425.82 -795.84 -361.12 -671.44 241.46 121.74 -487.44 69.841 -342.53 -438.83 -165.82 -24.357 -335.51 -107.3 -74.173 133.3 -214.21 406.68 -470.69 170.71 169.19 -7.2345 -175.68 -39.71 -209.66 116.4 -673.98 56.148 -455.25 -914.73 290.31 473.03 351.32 262.28 211.77 -206.65 160.26 -486.06 -530.47 -56.194 109.72 -561.48 320.92 17.497 433.84 146.57 245.85 -205.74 -481.4 -616.07 -196.42 -47.624 -42.213 327.45 -43.654 239.02 224 187.78 -12.749 -137.34 677.05 
bageri -147.06 197.84 249.98 -389.67 106.48 135.78 35.669 -262 136.31 -172.47 147.45 15.136 478.18 101.74 -454.22 -161.81 -393.19 40.841 -138 161.11 15.925 32.605 -307.45 424.73 237.29 13.283 -426.47 54.552 403.92 188.3 -161.05 372.61 461.54 386.97 -871.62 453.9 -141.51 379.58 294.6 503.81 -157.8 79.127 -243.54 4.6165 250.54 162.27 343.99 -242.61 106.91 -182.97 -64.185 362.68 -177.74 -539.1 -178.41 24.246 311.75 -485.4 236.96 420.04 -42.313 -73.818 166.57 -84.35 676.82 -540.72 45.354 -27.371 -432.74 72.188 187.63 543.75 411.07 -38.801 -87.518 -46.992 -342.57 18.586 151.53 -198.73 602.1 36.254 146.09 -192.36 -12.316 315.76 15.889 -232.87 -508.15 -255.66 -110.05 -457.84 396.29 624.47 153.44 169.02 84.5 -265.32 -148.05 70.489 
lim -540.72 -100.75 999.51 12.532 957.51 -523.25 233.3 -171.36 903.39 823.1 157.91 -520.03 -835.81 1169.2 -114.61 209.59 279.01 -481.53 -633.49 650.39 -407.99 -587.63 1237.7 -196.97 558.63 -539.46 -173.71 -85.905 58.652 -162.24 1144.3 715.5 464.69 751.28 334.8 447.49 -720.51 947.1 310.13 1434.6 348.01 -252.18 126 765.45 464.71 -809.94 -475.96 423.22 -258.31 693.03 131.44 -425.42 -414.58 1426.7 -105.18 669.56 1016.4 1131 684.78 -308.29 -100.55 -1531.8 -84.755 -484.97 -723.99 -749.78 -416.75 -1359.3 -12.161 382.28 517.72 531.65 1035.8 198.23 -30.636 12.6 112.8 429.33 347.96 649.28 -697.69 -78.604 -139.47 605.2 -1313.9 -578.03 480.24 -318.09 162.43 -720.64 -236.55 393.88 1059.1 -436.76 89.745 469.21 1613 1730.6 -96.43 1763.3 
körsbär 227.26 52.145 111.07 -223.32 199.03 155.12 134.11 52.28 335.93 438.71 -136.16 52.424 -11.615 418.27 -97.059 243.48 259.91 151.37 260.29 27.717 342.11 -311.94 182.37 104.34 172.29 -162.85 216.61 -82.815 150.93 62.984 48.595 354.89 826.52 -53.414 -123.38 -98.783 -454.43 -74.339 105.13 -92.118 7.3324 -117.04 206.31 145.46 266.16 -268.43 67.248 58.447 -170.94 -194.42 63.163 -157.84 94.298 224.04 -126.35 49.3 198.37 -221.82 3.3996 -86.043 -312.74 -254.68 -378.98 214.75 406.57 -558.16 -48.346 -615.86 -137.39 -75.659 235.32 163.55 303.45 -7.0194 317.69 77.975 -261.94 -345.39 279.93 -214.21 -234.51 180.98 -85.285 -110.05 183.53 12.604 207.6 -355.49 -198.29 7.1103 29.578 -466.11 -115.22 -49.495 -133.95 8.3653 315.29 6.8405 -556.84 109 
läder 160.78 -295.54 -18.749 -312.31 51.825 97.871 -83.333 297.35 1182.7 569.44 198.4 395.63 -522.53 1210.7 248.99 312.23 128.28 191.59 351.7 -83.717 389.33 -503.15 148.92 96.766 -160.58 185.97 -90.345 4.2018 -112.54 193.07 380.61 -100.13 86.532 -136.71 270.77 -350.27 -752.98 -511.31 644.49 -555.18 -18.322 -164.35 54.045 574.72 -374.05 -97.181 -175.62 216.38 103.52 414.94 537.58 -795.28 63.508 270.48 57.281 103.89 -59.548 246.23 431.73 -196.14 -62.363 -674.76 -517.44 505.72 -250.34 -19.398 -458.1 -612.72 -230.77 -191.69 348.34 306.97 739.69 -293.63 -643.52 545.38 247.76 -157.12 139 -80.946 -1008.1 147.46 -557.15 167.55 -336.68 -323.32 241.81 -621.5 21.439 129.72 612.15 282.8 -25.803 -375.09 201.24 110.24 397.08 79.868 442.86 314.17 
jordgubbe -44.94 141.35 -10.935 -47.071 86.423 -3.8104 -118.13 93.946 63.357 52.723 113.85 10.95 -38.219 -106.45 -38.131 -35.726 38.587 146.58 173.23 -41.212 172.32 -109.09 -27.177 0.070143 -132.68 -99.247 201.8 129.11 88.445 -5.7464 20.362 179.2 303.07 -53.824 -39.835 23.996 22.315 206.83 114.37 68.585 3.2665 -137.16 136.37 -17.559 215.58 -152.63 70.088 162.69 -280.72 -36.391 38.062 165.23 173.75 95.769 -1.9572 53.31 -53.666 -89.146 188.79 -75.323 -68.727 -237.36 24.341 -78.407 164.2 -205.04 70.428 -197.14 -30.6 -21.171 -47.865 14.511 161.32 95.023 -65.462 94.628 -136.32 -65.294 80.441 -113.28 -109.57 -31.937 -19.359 -32.128 -60.035 78.749 190.2 -183.34 -183.46 -115.38 -50.532 -196.18 110.47 -34.772 -90.461 -85.254 167.14 97.694 -229.23 238.9 
mint 950.09 757.92 -313.13 -279.26 545.02 758.67 -740.66 766.29 -182.79 625.93 298.7 563.59 7.7382 272.16 -335.16 448.19 -127.62 270.73 752.18 -274.79 573.17 -721.74 827.52 279.69 584.4 326.87 309.62 161.11 548.43 -154.58 632.82 738.06 802.3 -535.28 -187.51 -352.34 -565.24 -182.64 -53.049 -460.85 572.5 -4.8362 311.26 584.72 19.991 -6.1955 -146.07 688.65 -328.69 264.01 699.27 128.2 -236.29 -95.999 -8.5598 111.14 186.95 481.91 620.34 -107.4 -141.6 -1122 -173.47 -402.79 194.6 -802.07 912.24 -1075.5 31.379 -196.1 208.38 -310.89 446.81 -520.69 471.59 580.22 -527.88 -511.56 -81.426 -333.6 -584.17 -133.14 -428.43 -543.17 494.02 222 231.17 113.45 -151.09 304.75 -41.421 -842.81 -7.9146 -597.46 384.15 -511.18 156.43 -344.42 136.56 711.21 
lavendel 8.449 300.06 31.467 -30.149 -85.739 103.07 -79.175 -25.448 191.97 283.7 160.97 131.59 116.74 129.61 -116.93 406.36 159.2 73.239 146.2 6.3868 161.38 -31.273 0.84168 -133.2 -131.37 246.18 81.053 -135.87 256.63 -166.31 270.4 83.006 622.32 -29.264 -305.21 -101.13 -303.18 110.44 312.44 -316.96 133.2 -449.7 320.1 -174.08 77.81 -366.54 290.61 69.207 -152.66 202.51 366.86 -295.79 366.25 -90.003 -245.19 233.46 128.3 -102.67 292.19 -162.22 -332.7 -321.73 17.307 186.96 502.19 -306.69 -45.689 -807.3 196.85 136.94 429.36 55.926 721.5 138.41 306.52 253.06 -212.66 -9.3441 669.21 -367.92 -336.37 230.92 -314.2 63.899 27.262 -38.253 71.678 -353.32 -466.74 -236.18 66.701 -378.06 12.336 -215.19 -90.56 -50.269 143.21 365.09 -324.34 179.18 
gummi -224.33 202.53 61.507 284.26 71.772 78.724 -23.888 -327.59 307.09 475.7 522.32 83.442 -61.311 844.35 -358.34 171.54 153.45 71.628 604.87 7.9286 -118.22 -206.73 476.51 -274.79 -389.98 -274.06 -129.76 353.45 251.99 -22.158 425.75 28.066 -115.66 405.65 104.24 -268.37 -347.2 80.71 702.13 -36.198 282.87 -349.33 458.74 346.67 -308.98 -62.758 1.8548 63.513 140.63 374.82 452.6 -518.39 -4.2799 540.14 287.09 280.29 -113.31 243.59 323 -690.43 198.99 -870.9 -730.04 -337.92 -113.85 114.72 -239.72 -308.8 -527.62 -65.284 188.46 -35.375 660.8 -464.04 -852.63 435.63 297.94 -349.61 -506.29 -152.95 -402.52 -154.49 -375.91 51.169 -270.04 -490.47 371.55 -525.24 -506.47 -255.24 505.43 448.66 331.25 -180.08 -25.305 160.81 367.12 258.67 44.618 882.01 
tobak 593.48 1028.8 619.73 -24.779 189.85 -250.82 -351.21 83.085 -165.03 1007 -107.07 291.47 -319.87 251.7 -264.74 208.6 51.381 168.14 425 -220.16 173.92 -278.23 645.17 1089.3 427.25 -657.91 416.86 -238.82 330.9 173.07 467.66 -109.27 1053.5 -14.925 123.82 -88.155 -586.91 -341.45 320.77 39.373 -137.14 -46.75 -548.3 120.23 231.76 -515.87 778.48 -129.13 278 -604.62 99.867 42.088 -6.2856 110.65 -306.21 -620.81 261.81 156.75 -90.897 127.5 -220.84 -388.54 -635.14 670.21 167.26 -627.59 -37.934 -583.5 -1277.6 -221.46 51.692 -329.75 1020.6 -87.31 -212.22 334.48 -331.74 -496.78 -288.71 339.29 -303.1 -20.797 52.929 276.29 -345.36 -90.228 -716.16 -495.11 -275.12 -322.62 -13.882 -52.406 -96.449 543.08 -161.35 56.826 609.91 -240.54 -251.83 304.43 
persika 69.54 99.459 -52.841 -196.41 262.05 223.55 -322.32 139.02 103.93 437.87 129.37 122.92 56.658 156.87 -157.57 113.57 -187.7 315.72 368.07 -51.154 415.04 -237.58 18.55 96.275 90.341 39.209 191.08 -31.958 25.727 58.005 28.348 46.485 647.4 -120.37 -227.63 -162.45 -360.92 0.95903 4.0619 -460.65 15.54 -224.73 192.99 11.35 357.68 -2.8781 291.44 328.22 -382.56 -22.714 105.6 -98.232 144.03 -74.656 -148.39 77.732 71.583 101.84 257.41 -155.94 -350.26 -191.91 -308.09 228.33 403.02 -176.67 303.29 -525.79 93.333 -55.949 149.91 40.704 312.57 -92.95 279.46 170.03 -302.8 -184.81 233.1 -228.8 -240.82 8.6797 -162.58 -19.638 210.81 107.45 199.41 -217.59 -171.73 -123.17 -68.969 -399.22 67.958 -312.15 -76.332 18.613 77.246 72.84 -327.99 269.95 
björnbär -7.4856 58.682 50.662 -116.59 -125.95 370.07 27.912 233.73 123.35 250.17 103.22 9.6657 -59.523 229.82 -57.754 100.31 -24.439 51.353 146.05 -21.015 228.31 -122.69 103.69 -33.019 46.627 -178.18 -37.114 77.389 312.55 55.95 38.783 287.62 526.91 79.897 -390.4 -151.1 -179.35 -13.325 179.17 -319.07 203.94 -258.53 270.4 0.18385 395.22 -173.89 262.37 129.64 -227.36 -143.17 142.49 96.021 228.35 -26.913 -215.56 154.98 188.56 82.273 111.13 -341.44 -122.95 -243.35 -381.88 77.146 362.95 -359.56 84.537 -593.88 -353.62 47.661 108.56 -24.877 129.2 158.97 234.5 149.64 -221.32 -260.14 221.33 -258.74 -166.54 110.24 -139.81 31.827 136.44 121.39 113.3 -185.75 -134.38 -90.465 195.04 -129.52 9.0505 65.018 -70.532 -91.294 303.14 202.84 -222.2 248.36 
citrus 197.8 392.4 319.42 -193.75 -122.79 692.4 15.429 191.33 62.271 671.32 -76.678 323.62 178.48 439.03 258.27 474.92 36.371 -36.758 630.27 -168.19 332 -174.7 135.03 429.95 477.34 40.873 -27.842 -142.99 202.02 36.952 311.44 233.31 675.1 -382.18 -505.85 -424.75 -526.17 -329.34 150.55 -584.66 407.55 -547.03 200 45.014 615.33 -50.683 666.46 502.91 -266.65 -76.696 377.52 -255.39 407.17 -262.19 -63.485 -39.66 320.33 -183.21 52.311 -149.12 -347.65 -361.36 -100.87 110.31 69.505 -550.51 243.06 -1021.7 -84.07 -100.68 553.65 35.383 540.25 -144.21 358.76 312.79 -300.3 -463.33 757.18 -405.11 -235.42 363.62 -601.62 -275.83 596.66 -169.45 45.394 -377.46 -362.49 81.144 216.33 -441.14 19.323 -48.533 -54.874 18.582 692.88 199.76 -31.505 354.36 
popcorn 116.27 58.892 -234.95 -211.71 300.31 -248.01 -322.21 108.99 144.91 153.78 193.27 -88.373 50.679 -7.0852 -93.303 -264.18 -149.03 75.909 279.46 74.879 217.98 -248.68 207.62 -28.249 -32.422 -81.884 199.52 122.79 -63.463 13.142 -188 361.24 30.87 -47.741 -185.47 -24.624 -33.416 163.12 -207.85 32.223 -141.23 24.23 -4.7256 141.64 191.06 -221.24 93.777 205.73 56.616 -4.6759 20.636 -69.461 -71.08 309.14 92.607 -128.11 20.337 139.2 247.46 -60.791 -70.642 -244.58 -48.305 62.965 81.923 -328.6 -11.151 -61.672 -39.705 138.51 -19.608 30.325 83.9 69.299 34.137 -44.454 -23.22 -326.84 109.92 95.451 -96.691 -145.56 242.79 -92.272 94.757 -9.9168 -19.005 -69.038 -23.079 -15.909 -74.518 -39.103 -20.243 -83.117 -59.744 -76.298 164.99 120.56 -153.49 352.03 
urin -78.243 385.35 -954.67 781.25 695.88 -150.24 -392.79 -54.643 -1507.9 524.08 95.225 127.8 511.91 -318.76 -288.48 651.99 33.39 -230.84 327.22 -215.19 -249.9 98.31 1245.2 -166.2 -325.7 -667.39 -56.287 -55.157 740.43 -405.94 964.41 532.4 307.82 286.18 253.48 -202.1 -1227.3 -645.12 -280.8 271.17 -260.22 -802.74 1145.4 158.18 802.52 -1356.7 1039 -551.58 63.684 -959.08 -515.46 -91.456 161.02 1022.2 588.33 -791.12 -297.99 509.45 -537.32 -921.02 -240.75 -902.39 -38.222 315.82 -185.98 -186.66 -504.44 -932.6 -979.81 216.14 663.19 -715.1 639.3 550.08 251.25 457.25 -122.34 -1212.2 -847.4 -892.74 -939.98 -1161.5 -450.99 229.99 326.1 -324.01 -1106.2 228.71 -398.02 -622.32 -388.9 -566.56 297.29 -525.11 37.612 -87.445 451.18 1205.5 -745.79 248.77 
kork 77.295 -194.13 444.3 429.32 1271.8 -455.5 84.482 -350.79 245.15 230.35 851.87 62.548 91.667 1074.5 -11.372 415.82 670.5 -166.07 -87.05 -292.35 -218.87 -448.27 155.32 -531.21 343.87 -356.13 -119.13 292.19 394.34 -582.72 469.49 461.06 740.46 843.35 693.38 -87.242 -802.49 335.84 -179.45 218.93 159.23 -388.84 574.86 418.67 -223.51 -182 122 -161.62 -114.39 289.34 355.14 -144.94 64.455 867.3 427.19 50.893 134.27 407.05 840.93 -177.47 519.78 -878.38 -187.65 -24.772 -81.576 -225.47 375.49 -546.95 -555.55 -203.38 707.59 331.05 821.19 -299.04 153.96 162.55 -32.626 -412.57 32.101 108.71 -358.43 488.07 235.79 117.83 23.339 -71.582 594.34 -474.25 -655.97 -412.72 79.314 -386.35 -345.54 -438.7 -261.97 297.52 1005.3 1072.5 24.551 648.05 
druva 42.199 -242.03 326.59 -431.62 -244.04 986.6 -236.36 603.8 136.49 797.9 -72.896 150.4 251.36 583 202.88 941.58 131.45 168.55 86.263 443.42 214.28 -185.61 65.6 -144.71 416.12 -730.2 33.548 -488.65 310.62 20.958 965.34 469.51 1478.5 111.68 -340.37 116.44 -324.92 -478.56 694.68 -379.8 -296.33 9.4235 127.11 -211.95 365.21 -382.74 285.21 483.72 -278.36 -350.62 525.57 483.73 492.1 -306.52 -393.63 -445.34 80.504 34.414 -246.03 -389.71 -500.41 116.93 -406.57 702.32 369 -588.98 -482.51 -1295.5 -395.35 -172.01 666.71 154.88 830.02 -286.69 174.95 -337.58 -644.81 -1261.3 311.45 -1061.9 -894.27 255.81 -226.31 -176.9 330.16 436.12 -180.75 -1249.2 -466.13 -327.77 134.64 -596.3 -496.59 185.82 150.25 -22.64 413.5 -405.4 -939.85 -157.12 
grapefrukt 104.65 59.602 -156.68 -13.288 43.247 320.53 -121.13 128.92 -92.397 337.1 -134.41 31.988 78.694 -21.141 -11.016 342.01 -50.045 153.66 319.14 -138.34 198.64 -81.938 162.75 30.884 174.31 -62.937 347.04 -121.74 188.43 -133.57 359.81 20.282 358.05 -187.1 -253.03 19.973 -213.07 -351.71 -136.5 -147.55 89.942 -125.09 184.24 180.58 386.04 -125.7 210.45 146.05 -137.49 23.628 -72.418 35.491 97.268 -66.39 53.625 89.985 146.56 -99.973 180.23 -196.07 -292.26 -81.045 7.5082 2.4327 36.04 -140.04 0.93881 -449.89 -81.269 -68.54 167.38 13.446 79.86 -16.904 165.38 63.305 3.372 -235.61 -35.037 -158.03 -161.47 -41.504 -238.42 -36.576 74.563 -109.72 -142.15 -306.75 -286.45 -106.3 -163.79 -48.148 79.349 -30.758 -8.9516 56.497 115.49 -71.081 -104.41 60.452 
bark -63.105 -29.782 774.64 -1158.5 49.742 98.007 -135.8 -81.66 255.02 762.07 9.8167 -140.74 312.78 -98.057 -137.03 208.81 502.36 141.62 -253.49 149.19 130.99 -3.3963 156.33 -237.46 -358.2 -377.12 530.79 -715.33 139.75 322.27 -185.71 -81.691 1235.5 301.55 -177.14 64.929 -829.06 -295.25 783.03 -9.4383 339.09 -316.22 646.2 -536.45 -314.13 461.99 497.87 84.048 -432.81 178.54 108.39 -981.44 414.88 282.23 -63.624 -65.225 99.42 -397.36 106.22 -177.11 -563.77 -586.58 -489.96 -228.55 813.71 -694.91 194.97 -1434.5 -464.41 508.78 0.60789 318.3 624.41 -412.6 -26.438 487.77 -624.81 -533.2 381.32 -329.39 -512.71 339.55 -756.92 -551.33 -126.34 -557.28 638.68 -414.28 -564.95 74.681 -117.72 264.76 105.15 122.98 -572.43 -48.467 251.54 1003.1 106.45 584.35 
selleri -293.88 371.21 -170.66 -30.521 -169.13 97.913 -116.55 109.25 467.66 594.21 84.348 0.31862 -74.055 192.6 -3.1277 370.87 232.38 106.46 263.32 109.8 410.14 -8.6011 58.275 251.17 289.78 100.25 401.34 -433.1 -265.31 184.77 344.53 211.16 164.19 99.909 -86.309 -55.146 -263.53 -237.17 42.502 -249.59 -110.98 -104.78 152.51 41.126 151.67 -132.27 12.531 225.24 -114.28 -294.39 -164.79 -58.093 256.22 2.0895 -93.185 -102.68 362.28 -424.03 44.097 -397.16 -355.29 -190.08 -172.37 129.61 77.295 -379.7 -84.105 -349.84 -660.87 501.5 -12.749 19.55 572.01 126.21 -34.04 -145.36 -247.91 -390.88 131.56 81.88 -463.32 -149.99 -264.08 142.8 337.75 -54.881 -159.88 -264.24 -317.3 271.94 -37.153 43.674 -32.605 -362 16.129 -0.42941 195.44 -123.27 74.731 213.59 
målarfärg 9.1928 245.93 97.46 217.72 324.78 -147.6 -27.87 -222.34 -75.347 -119.85 227.21 -45.642 -33.53 352.7 -157.24 -18.688 3.8301 -170.34 172.03 165.14 -78.947 -219.4 64.537 73.673 -115.39 -171.38 0.18098 205.72 79.152 39.897 89.596 88.208 183.51 128.22 60.322 96.022 -71.946 -78.136 31.708 417.34 -33.356 -50.004 220.2 -28.959 12.786 -298.96 146.36 -93.958 -12.28 101.58 175.5 -194.84 49.23 329.62 7.8314 111.58 -125.32 302.43 166.7 61.595 -68.923 -376.17 -168.1 -11.841 -119.39 -183.63 -59.076 -92.3 -85.379 192.29 78.42 165.59 255.02 -43.134 -89.619 121.04 66.483 -90.137 -75.367 -32.269 -52.423 -41.208 138.21 12.468 -170.04 -387.65 118.41 -255.31 -395.49 -197.24 -13.071 -7.2208 214.51 259.35 -72.821 15.702 511.17 482.13 -59.673 387.66 
gödsel -567.9 626.72 115.14 281.66 -466.74 -234.8 -665.39 -31.949 118.35 618.71 236.77 377.02 305.18 312.03 -223.12 313.75 317.71 451.61 142.02 425.62 -531.76 19.38 47.769 -394.42 -452.02 -807.21 717.44 -416.01 167.24 587.1 332.42 -169.06 954.35 411.22 -110.35 -135.59 -768.49 -127.68 312.47 -149.35 39.318 -61.393 439.88 -699.66 -123.67 -2.1741 721.17 -17.643 -58.584 -459.7 276.99 -465.08 856.05 10.827 -340.85 -458.16 -168.1 429.05 98.005 -63.472 -338.68 -639.37 -364.1 549.15 381.35 -5.18 -182.87 -445.24 -1334.9 6.6367 264.46 -303.34 489.08 -280.45 -386.47 531.29 -476.14 -534.77 -128.04 -199.66 -97.475 282.59 -243.3 29.296 -37.787 -106.4 -103.33 -699.4 -597.36 112.34 458.12 488.06 -439.34 506.68 -471.38 -502.53 181.76 1341.4 -241.12 328.04 
rengöringsmedel 5.9657 119.75 -145.06 135.87 279.81 22.614 52.823 -68.891 -112.39 -24.267 257.47 29.803 -34.054 141.83 -112.38 60.246 -8.5177 19.58 148.36 68.495 -131.7 -107.5 20.106 -121.21 -96.995 -113.79 3.3623 19.21 171.97 -45.327 138.42 75.916 256.59 69.404 -164.44 -15.095 -175.09 -46.856 -24.394 114.72 -32.626 -81.784 99.425 87.816 77.899 -258.88 233.12 -37.13 -3.523 56.289 141.08 -57.266 15.42 277.95 -56.798 -31.896 10.523 42.178 92.383 -23.372 107.39 -375.39 -38.835 206.27 -101.55 -28.455 -125.32 -147.31 -67.439 44.103 64.642 -66.016 220.71 -57.989 -43.451 47.671 -106.85 -74.672 -6.1301 -69.845 -17.937 25.88 -56.034 25.068 -126.8 -97.669 -114.94 -109.88 -253.57 -45.33 194.48 -73.276 0.33381 147.44 39.013 -132.62 238.68 250.77 -32.304 260.77 
tjära -363.15 319.79 777.31 -413.72 103.66 5.0176 -328.3 -240.44 -235.05 723.05 54.56 304.77 -179.91 438.78 -87.944 74.471 -175.57 -18.177 522.45 -169.79 -398.65 -516.48 585.76 -111.45 -59.636 -833.99 436.82 -48.655 770.13 -64.043 235.73 408.84 852.26 324.43 478.89 366.28 -868.3 -452.94 498.82 340.61 -289.38 -591.73 -14.074 -114.41 -493.86 -482.19 427.4 163.34 -367.01 115.05 406.58 -1214.8 916.25 505.45 126.64 53.665 -115.24 62.907 -314.86 -49.615 -711.96 -931.83 -804.04 83.181 -160.42 -174.88 -410.18 -1156.3 -742.27 83.714 135.95 577.21 717.66 -337.95 -285.06 920.94 113.78 -707.03 51.633 -124.81 -412.08 298.67 -485.7 98.459 6.5333 -606.81 -129.49 -239.31 -856.87 -326.69 -283.86 -39.736 -4.6004 185.07 -222.76 -380.39 718.48 1616.9 -66.572 1094.3 
kokosnöt 3.5545 98.608 10.213 -171.46 242.92 236.15 -58.638 143.13 59.403 135.33 -93.892 46.292 283.42 -5.7673 2.3056 155.83 44.206 83.331 259.77 -61.93 391.64 -139.16 234.12 -28.535 -105.49 -34.41 463.64 -207.74 399.76 -145.77 10.666 -225.76 274.4 -60.269 -91.16 230.54 -409.92 -51.667 187.03 379 -137.78 68.99 385.4 139.98 182.21 -442.65 210.77 -57.568 88.299 -45.741 141.51 -201.49 -152.86 122.48 -97.726 -150.14 40.222 49.017 197.65 -259.04 81.72 -223.75 65.314 279.85 130.77 -14.51 -41.956 -216.19 -48.301 5.2171 44.201 187.35 413.25 -131.33 191.94 -14.041 -160.61 -322.53 128.78 -134.11 64.517 32.35 -132.56 -144.78 -222.13 -43.683 -89.864 -460.91 -537.07 -312.38 228.51 -298.65 105.89 -290.54 -207.19 -216.3 112.4 665.2 -156.39 369.1 
rökelse -301.03 660.74 215.92 -3.3686 154.21 525.65 131.31 240.36 313.73 432.88 169.33 521.77 439.22 -222.08 211.27 480.83 -248.02 29.404 423.88 -377.78 33.926 -590.26 301.87 -134.33 125.98 298.68 103.13 340.51 303.62 -97.995 125.63 -163.18 152.9 -18.774 127.43 5.1846 -611.63 521.78 103.12 74.59 -345.23 -229.22 -151.28 183.66 112.64 -924.48 439.86 75.074 504.98 269.11 643.79 -379.05 242.03 473.59 -333.29 -348.85 -367.53 213.57 -37.283 6.3944 -457.98 -552.04 -80.141 396.24 340.75 -534.03 -51.337 -456.91 409.45 28.879 672.17 -375.91 433.33 30.752 358.12 151.45 -175 371.65 445.59 -236.73 -200.01 -141.07 -709.29 498.01 -365.98 -105.4 -506.87 27.724 133.23 -260.28 303.3 -764.77 -122.62 130.87 100.56 -126.84 -46.017 666.51 -326.53 478.6 
violett 211.89 120.41 256.01 -235.22 -92.364 87.911 124.65 298.26 -45.474 261.65 160.2 195.29 62.777 88.14 -319.71 217.6 143.22 -285.75 41.862 -202.2 450.06 -124.13 153.96 -374.28 293.91 142.58 151.52 84.06 316.36 -92.94 -299.02 49.871 656.25 -103.8 42.203 140.37 -160.09 -301.85 103.28 -195.69 50.025 -552.33 184.55 138.31 152.72 -149.56 164.99 61.545 -114.23 303.49 6.3999 -191.69 -33.536 397.23 -56.249 112.46 -137.26 -95.024 -37.188 -181.86 -346.89 -11.666 111.95 165.98 358.6 -372.23 -368.34 -708.95 -91.82 -83.381 357.19 -5.8642 56.846 42.238 386.02 277.49 -131.85 232.44 539.71 -73.15 -413.09 115.12 -428.48 -187.38 -120.21 -168.85 -170.71 -299.51 285.22 106.22 42.597 -476.04 -107.35 6.2828 -26.802 -137.65 375.71 134.08 -515.9 157.61 
kryddnejlika 55.289 184.92 -16.614 87.165 -51.332 -96.181 -205.72 -164.04 156.22 225.43 -36.588 148.65 -86.345 128.3 -198.9 182.09 253.42 -123.57 157.89 -164.31 -181.75 -26.999 164.27 86.598 282.31 -38.818 79.362 -42.907 96.523 -177.14 372.82 -7.4883 215.79 150.19 -192.29 -3.3166 -19.053 -256.19 186.36 -37.727 79.735 -196.7 -40.474 -56.554 27.731 -119.82 199.75 -159.79 -196.81 99.243 -76.719 -168.8 305.27 20.857 -146.58 189 197.84 -186.65 -179.86 -334.54 -247.36 -151.76 -167.98 -67.28 79.235 -423.03 152.74 -572.29 -77.975 153.72 417.2 -127.01 102.37 -49.785 142.77 230.44 -135.92 67.636 270.62 79.15 -138.01 248.85 142.34 290.9 151.85 -27.965 -286.91 -407.27 203.62 -66.476 -269.96 -333.26 203.86 103.65 35.025 215.11 142.16 370.21 -164.3 236.06 
valnöt -180.8 8.0387 -226.32 -574.59 224.47 332.88 283.32 -53.199 625.56 638.92 228.68 122.44 63.828 460.26 -284.54 694.42 173.62 -121.08 28.351 -45.094 780.36 -549.04 282.96 -274.57 -151.93 -94.085 -217.85 42.317 580.01 -70.243 100.79 -408.27 814.55 -292.19 -465.3 -5.4242 -687.23 -614.35 411.2 41.255 55.38 -50.05 467.71 131.22 17.632 -134.49 165.23 8.6029 86.902 657.88 130.97 -439.11 -5.2542 363.32 501.7 444.31 687.13 -198.81 350.74 78.186 -223.91 -535.65 -463.93 -83.613 680.75 -487.37 -710.75 -799.92 -210.62 211.99 636.09 474.81 713.04 56.567 44.901 346.74 -393.49 -72.344 513.01 -64.124 -398.01 227.51 -407.26 -156.46 -143.04 -208.93 343.28 -652.07 -592.49 -94.151 330.62 -232.58 -42.972 -173.61 12.169 402.02 310.7 290.24 -89.145 456.3 
anis -191.28 1350 552.68 -604.13 -79.582 611.9 -335.64 16.12 161.79 459.36 -168.09 -319.62 427.33 227.01 -419.22 706.36 -73.09 -406.17 493.69 83.537 -13.382 -332.13 123.07 -12.139 581.17 406.04 636.36 -559.93 503.74 191.7 151.75 377.43 712.26 -256.5 -556.18 -17.065 -127.8 131.37 146.49 -420.01 -216.99 -78.435 249.25 298.88 518.73 -538.74 67.395 23.697 -604.85 183.48 356.97 -638.93 1064.5 536.12 -17.542 -488.3 339.76 -196.35 298.38 -529.52 -1003.3 278.24 -605.41 494.1 609.38 -859.78 -472.94 -778.14 -549.94 191.95 692.73 -258.33 181.95 111.39 669.16 344.18 -612 -301.75 803.39 -574.76 -173.79 -171.61 -319.69 212.85 268.56 414.31 -182.44 -780.99 -704.02 232.87 -529.99 -118.05 499.87 -176.05 127.67 91.483 756.23 756.75 347.69 453.38 
vinäger -345.26 254.9 -113.5 198.72 264.38 18.446 -194.31 300.73 109.75 589.22 83.547 -234.95 119.38 74.783 -38.682 552.99 89.287 -221.14 33.308 172.37 -228.48 -132.5 123.03 -117.9 379.93 79.975 -161.43 -29.316 328.47 39.307 735.41 320.02 401.53 335.2 -229.86 209.05 -497.51 -263.77 -247.78 278.56 -175.08 -369.03 300.78 -38.954 101.62 -628.28 430.14 -185.71 -145.54 -146.63 -150.25 174.88 329.09 7.2288 -69.917 -196.65 574.36 -58.529 357.58 -25.028 -80.46 -111.09 -150.35 335.99 -87.53 -314.23 -214.01 -507.06 -769.77 293.87 41.037 -159.96 670.2 -16.092 136.7 -23.863 -136.05 -173.56 224.11 -29.799 -242.33 -277.55 -253.22 242.28 22.121 58.685 -239.51 -505.35 -495.18 -144.67 -123.28 -226.01 171.93 226.1 223.21 -188.01 519.41 66.501 -291.14 562.81 
ananas 112.82 166.64 -0.49314 -53.514 88.195 190.16 40.797 317.88 55.722 217.51 -212.51 25.112 -38.019 -333.32 -78.753 136.49 244.21 147 318.97 178.94 418.76 -443.47 54.329 -8.7294 -164.85 -110.47 363.23 223.35 396.76 -28.452 80.146 252.02 322.9 192.39 -319.77 -215.31 -330.36 162.68 443.59 -199.58 110.21 136.64 -40.053 137.7 228.02 -282.66 -173.23 303.39 -329.8 -205.9 281.82 52.085 169.32 347.28 -377.87 153.07 274.72 150.67 385.32 -380.3 -413.64 -290.52 -42.011 -102.23 388.6 -435.91 -70.788 -419.08 -266.06 124.84 26.255 151.67 197.07 337.35 271.67 122.29 -74.778 -5.3395 103.76 -218.63 -142.83 104.87 -249.08 61.164 -292.05 17.323 219.23 -266.7 -485.56 -178.41 275.08 -125.81 166.45 -215.4 5.4219 -121.49 158.91 129.01 -491.24 283.82 
ammoniak -110.58 682.9 58.434 337.83 56.682 313.88 -408.53 329.53 -380.93 708.01 217.68 184.24 22.289 167.65 -970.54 40.837 -140.19 -16.873 390.06 404.15 -105.66 -219.76 640.81 -189.45 -13.088 -338.87 21.27 -56.357 684.92 -321.89 671.44 -236.73 371.03 -22.064 63.434 524.44 -180.98 -157.44 -128.38 555.81 -96.877 -744.96 55.098 439.38 -15.143 -320.91 456.3 31.317 -263.29 137.79 233.45 -441.21 304.59 355.37 -132.73 -123.08 326.61 422.32 -274.04 -104.99 -236.62 -643.54 -79.964 420.44 -333.57 -26.449 -218.53 -639.31 -294.93 247.34 -38.075 5.7977 584.38 -183.07 -265.61 263.56 -221.25 -164.71 -182.77 -256.55 -508.64 -25.529 -354.38 10.378 -182.3 -158.24 -728.32 -256.57 -283 -101.9 -124.35 -153.65 105.14 149.43 283.63 -313.55 348.04 594.43 16.478 624.72 
lösningsmedel 66.896 116.37 78.283 139.63 288.78 -154.2 -50.536 -0.25622 -48.204 128.24 119.86 19.058 -95.103 190.11 -209.31 119.81 51.075 -31.728 -14.989 26.775 -11.057 -56.908 108.96 55.864 32.648 -182.2 -125.21 -32.964 139.87 -3.8038 107.81 30.008 241.67 128.55 -5.6147 -121.01 -229.79 -198.31 -13.382 83.557 -40.931 -130.71 60.608 103.35 0.28049 -188.07 265.91 -0.1517 -112.13 -163.21 17.371 -159.88 -20.132 170.39 -163.3 -62.384 163.03 155.54 -2.4207 -84.263 141.67 -338.96 -155.75 299.27 -99.703 -74.239 -7.7859 -222.74 -177.97 -36.533 117.08 -100.42 244.58 -16.11 97.41 73.549 21.259 -247.99 -59.946 -62.985 -90.766 -38.495 -148.04 5.4866 -202.19 -90.622 -178.51 -36.356 -183.97 -11.064 11.168 9.4081 -0.82369 86.495 -0.33488 -55.713 296.14 199.13 -122.26 169.09 
geranium 112.4 623.72 -171.04 209.26 -249.21 118.47 35.144 194.96 -105.35 319.58 -17.208 506.37 307.39 285.51 -85.659 704.32 691.95 -156.45 76.446 268.37 894.87 -159.92 37.665 562.89 -107.15 37.756 276.07 -287.38 -129.46 -210.63 -70.903 91.332 821.4 -570.18 -316.86 -177.46 -405.19 -398.84 394.54 -317.83 239.12 -249.15 576.14 -74.934 386.73 -58.621 304.93 241.29 -223.66 427.12 265.31 -35.353 42.986 82.49 -226.41 -661.2 35.904 -27.991 774.38 145.8 -450.91 198.31 -110.22 526.73 683.72 7.8332 -12.5 -1038.3 32.445 106.47 294.45 138.88 1067.6 -84.852 321.93 -336.82 -258.06 18.862 828.96 -697.34 -458.59 161.67 -339.74 -73.097 119.43 -284.38 -366.06 -213.32 -325.83 -248.11 -67.844 -47.468 -414.6 -291.98 -137.91 -46.662 88.462 416.12 -115.04 90.199 
jordnöt 21.913 244.64 -315.87 -326.67 163.88 272.94 -128.27 50.771 -92.234 643.62 51.405 -120.03 153.41 -54.645 -382.76 120.1 3.9126 90.124 364.69 -164.89 9.9967 163.33 245.75 45.483 -178.64 104.26 274.37 -99.971 47.239 23.245 206.08 100.64 257.16 -163.72 -205.21 -153.79 -340.46 -247.33 -229.02 -128.95 209.71 -185.27 118.64 152.92 333.96 -342.86 356.3 -16.969 -99.236 -130.75 -289.23 -45.952 42.509 36.512 -23.367 -183.76 411.47 -101.96 313.77 70.887 -38.84 -371.83 -157.78 131.37 274.65 -169.58 -9.4416 -99.729 -136.18 156.38 -134.45 -27.021 199.41 10.444 79.391 224.85 -376.16 -289.65 -36.1 -181.57 -315.94 14.94 -299.28 -35.776 283.94 -105.38 90.901 -171.84 -315.15 -162.67 98.974 106.49 89.013 33.467 139.31 62.607 171.49 260.92 -226.89 272.94 
eukalyptus -66.559 571.9 266.49 4.0019 -242.54 416.37 -128.62 -145.18 -404.58 693.54 228.69 351.66 259.09 176.68 -35.797 469.04 284.9 19.235 412.88 -213.9 175.52 -348.89 153.49 312.06 116.49 342.16 514.98 -120.21 117.66 211.41 16.1 18.34 437.92 -132.59 -62.514 -169.21 -568.56 -197.93 205.7 -116.32 112.49 -205.98 247.97 -165.61 193.87 -301.8 623.95 321.72 30.401 248.22 485.94 -519.44 488.53 -115.64 -225.94 -310.46 -39.183 -41.976 15.063 -394.79 -293.03 -490.42 -265.29 451.85 38.833 16.611 52.389 -790.11 197.62 3.619 581.06 -113.35 598.2 196.75 74.345 548.8 -93.952 -331.31 307.79 -543.84 -49.039 -63.85 -368.79 -190.91 -170.8 -446.68 -295 -343.08 -526.17 -241.67 -261.93 -220.95 152.3 -359.35 -270.18 119.09 230.13 746.62 -132.71 193.69 
tallbarr -116.38 -71.798 269.8 142.57 -238.78 -25.672 -158.07 -143.15 68.136 392.55 213.49 173.52 145.28 83.925 -342.58 338 155.09 362.8 335.27 -203.74 193.15 -23.207 286.81 26.94 -170.78 118.34 352.17 18.827 151.6 483.32 87.065 107.84 544.74 -263.82 -49.028 -405.57 -192.78 -91.288 745.24 -88.776 198.28 -446 363.33 -136.67 301.85 -67.572 419.21 91.139 -55.005 -174.58 268.35 18.412 447.81 -96.125 -39.875 -318.92 21.229 138.86 66.151 -386.06 -193.8 -186.92 -434.41 342.99 291.14 -105.09 -202.53 -727.55 -577.66 -213.78 138.97 203.24 123.19 34.99 -204.46 130.12 77.672 -32.623 343.9 -395.24 -229.39 163.28 -410.12 -210.98 414.59 -187.02 332.88 -164.64 -402.5 14.77 -39.777 -79.012 146.68 13.071 -87.125 -308.86 478.46 618.1 -233.11 339.18 
malpåse 184.42 73.624 -478.08 341.04 315 -316.29 -113.26 302.74 8.7883 -224.73 312.5 116.45 -439.6 248.35 -20.124 108.31 26.247 -162.12 207.86 81.989 10.243 -120.09 -2.5679 -371.75 -72.076 -344.31 -324.52 198.19 -176.81 -119.53 -215.58 -227.73 590.24 -260.81 -256.21 297.02 -15.326 -445.17 301.63 157.72 113.47 -131.44 209.81 -130.32 -354.68 -59.113 10.59 138.41 136.66 180.75 218.48 343.53 -140.96 -314.26 -549.72 683.25 -245.14 112.73 200.42 -181.78 209.02 -119.64 -72.15 314.77 370.38 -431.13 -238.86 -259.02 431.51 31.96 174.63 66.879 662.24 -229.22 -46.935 9.8748 2.3832 -264.82 122.35 -236.89 142.92 316.85 668.47 -101.87 -313.8 -168.71 243.07 -323.94 28.48 -333.77 88.383 -289.21 -471.36 -40.622 -63.127 -119.79 -354.04 -1.8513 21.364 515.51 
ceder 193.08 452.66 418.39 -715.23 -142.07 72.784 -322.89 267.84 168.19 201.46 -411.73 173.75 492.32 -103.77 -74.852 17.865 -175.76 92.456 -226.01 29.429 181.59 41.568 82.743 323.59 -188.6 428.28 -45.437 -72.747 605.08 410.86 -89.662 -200.06 493.84 -156.89 -83.492 265.32 -335.66 -252.99 358.53 261.9 338.73 39.102 -71.496 -66.959 -61.415 328.86 671.93 -276.84 -86.607 137 119.87 -401.71 343.11 -374.01 0.08114 -109.29 583.34 -637.7 -326.14 75.932 367.52 189.3 256.55 355.64 142.56 -565.42 -86.987 -218.73 -366.49 -7.1353 376.22 -19.016 195.23 72.201 343.43 51.09 -424.58 152.28 33.919 285.19 183.73 162.69 -344.62 -517.42 -344.32 -28.914 -126.49 -236.49 -187.49 523.91 168.96 236.44 -349.28 382.63 397.98 -248.79 83.175 285.5 382.07 615.88 
cologne 448.79 219.7 -66.245 41.432 -37.377 434.92 -1.0616 520.7 157.16 81.785 113.31 88.341 104.81 244.25 235.75 458.19 136.84 129.65 800.26 -41.688 294.62 -124.59 149.33 -12.561 324.66 479.17 -36.868 298.15 202.34 -196 267.61 177.56 427.75 -36.695 -26.093 173.42 -889.47 -223.82 68.687 -8.5259 91.193 264.87 -17.533 251.16 56.085 290.73 -356.11 320.31 -141.65 265.63 397.48 -218.47 87.022 -340.22 220.01 8.5491 34.577 284 571.31 -355.24 -89.368 61.688 -124.01 459.51 -259.87 -129.97 27.368 23.645 60.064 -308.62 153.57 -305.03 362.11 -197.61 202.21 156.72 -202.32 -90.272 294.67 -584.17 -216.75 320.41 185.42 92.337 303.9 149.56 -191.37 -897.9 -172.95 -37.371 -56.038 -417.3 -242.11 -49.332 650.27 -324.24 305.61 -139.99 217.95 93.174 
desinfektionsmedel 179.65 152.85 -103.16 450.95 162.88 -212.12 -174.54 10.152 -107.36 151.5 221.12 42.798 -233.24 69.35 -142.93 216.38 201.57 -106.56 258.89 26.737 -97.178 -91.719 290.88 50.079 57.548 -124.56 19.22 45.99 8.3834 -54.819 322.03 174.37 283.02 46.495 66.493 -59.02 -308.21 -115.22 -87.55 -2.637 -23.474 -94.975 43.677 206.44 7.8464 -159.22 64.147 205.97 -43.044 -123.29 187.58 78.633 98.421 260.64 -40.419 -26.865 -200.89 245.09 82.184 -82.253 66.007 -354.44 -157.16 327.94 -262.32 -109.17 -61.867 -240.28 -106.25 119.01 44.964 -323.45 322.16 73.134 -61.131 -121.99 90.351 -41.282 -13.127 -2.8105 -63.926 -88.658 -81.193 170.38 -186.42 -124.64 -297.62 63.514 -210.45 -178.14 107.67 -126.93 -18.526 112.54 37.178 -115.92 312.62 203.18 -193.23 247.88 
pepparmint 406.25 199.72 -160.19 26.765 257.43 172.27 -439.5 399.97 -347.98 374.23 368.8 203.83 56.314 206.26 -532.76 239.85 51.015 200.22 472.04 -374.97 258.67 -275.39 734.66 274.72 172.06 65.05 155.13 323.02 192.65 -81.879 557.38 110.62 476.64 56.107 69.244 69.829 -375.81 18.081 -138.1 -32.384 261.84 -225.08 158.91 327.45 288.43 -445.45 529.46 104.45 28.924 129.78 463.24 157.4 195.92 -22.478 161.99 -192.85 356.57 121.43 532.48 68.189 -192.37 -568.43 9.5029 -15.8 73.045 -314.82 148.93 -712.89 -253.56 55.605 382.56 -189.28 576.02 -148.12 304.14 -52.771 -239.25 -280.3 57.377 -283.63 -304.23 14.687 -257.55 5.6639 293.75 227.42 -92.67 -254.19 -383.11 -69.768 -109.22 -315.03 83.381 -164.8 131.97 61.316 311.59 -71.683 -207.71 562.11 
kamfer -87.302 426.28 56.612 -399.97 -63.382 238.95 -151.05 258.85 -291.73 778.26 -283.57 221.7 90.045 511.06 -275.7 572.75 122.25 -274.65 319.83 159.59 78.146 -179.06 1260.9 290.96 79.322 -206.91 -188.23 516.14 188.73 508.77 240.81 -105.02 715.51 -189.1 -713.2 -102.04 -772.38 -202.75 21.777 378.71 -112.56 -395.11 218.89 521.25 -216.19 -557.77 740.5 98.193 -233.77 -71.357 390.46 303.65 170.12 -246.21 176.57 -557.96 41.932 152.37 -46.607 -417.85 -175.04 -640.29 -85.767 985.7 -556.35 -568.43 -108.55 -1087 -327.7 -166.84 390.1 -587.23 509.85 166.36 747.49 -129.89 84.745 -253.67 712.24 -11.954 -503.12 567.7 -581.7 52.009 8.8139 -182.59 -116.69 -70.312 -682.9 -69.33 36.236 17.99 306.38 180.99 -167.95 58.591 506.24 178.32 144.73 660.76 
terpentin -154.56 476 469 -165.46 74.038 -68.558 -72.48 6.6449 184.94 342.94 137.57 183.91 388.01 130.49 -393.84 103.03 -316.05 -327.71 -51.605 -0.84606 -257.61 -68.607 339.73 -145.06 316.46 259.93 -141.27 12.79 4.8978 110.64 86.915 211.77 372.85 -63.06 -32.316 1.4789 -158.06 5.5884 -13.39 -38.028 -3.3346 -235.6 204.33 -135.32 106.18 -879.06 453.19 88.551 -210.85 75.421 74.775 -120.38 -100.67 288.7 -29.329 -18.407 141.71 228.99 81.228 257.09 -35.04 -365.52 -532.65 43.012 -5.7909 -324.72 31.426 -119.85 -248.88 341.82 189.65 -46.855 683.9 233.54 321.77 169.45 -120.61 -74.167 -29.909 -8.0265 -347.68 -231.34 -411.4 338.8 -26.821 -301.67 91.05 -370.25 -275.08 113.95 38.54 38.852 118.06 217.33 159.41 49.661 948.73 389.64 163.33 542.71 
fotogen -163.58 124.77 -248.17 102.59 -169.65 -177.73 166.27 -244.68 -161.34 150.11 65.95 -4.4907 90.981 466 -180.64 -242.01 -98.58 152.96 377.23 -307.88 261.76 -309.5 203.37 61.413 -122.49 38.388 219.06 -4.9384 109.44 129.15 -203.52 180.98 515.02 152.86 11.299 -141.17 -520.26 144.21 28.964 -10.513 -84.618 20.037 53.293 206.36 -0.80229 -83.979 153.78 -307.99 149.76 145.53 -152.57 -223.05 119.38 -157.78 -20.463 -144.08 -164.42 9.3221 -5.3087 195.68 -80.847 -17.083 -398.42 485.78 334.55 46.123 -65.724 -47.411 -95.391 -73.239 64.965 24.299 56.446 -35.055 -206.06 62.19 -256.71 -41.199 174.63 -261.73 109.53 147.34 132.62 107 325.48 -108.78 -14.528 -21.427 -86.41 -311.16 319.35 14.004 -3.6737 223.89 174.86 -123.52 120.69 242.26 34.375 164.03 
kreosot -169.35 336.45 -39.804 -202.23 -150.73 202.64 -76.18 98.402 -899.49 476.85 -114.62 278.41 48.032 -310.61 -80.791 426.06 402.83 -142.84 137.58 128.14 -83.869 -15.074 441.04 -74.343 -382.45 -25.229 45.337 -148.77 108.67 222.23 200.58 140.73 24.516 88.911 -239.59 363.77 -731.79 -329.89 151.03 -61.308 -177.78 -16.44 89.381 48.056 -39.859 38.611 471.88 219.48 -128.1 260.03 461.46 -461.18 236.86 -3.0906 25.74 -209.19 -364.84 -8.695 -261.91 -217 -293.12 -184.29 -290.2 431.34 90.417 228.34 -69.036 -582.12 -64.081 116.87 -137.56 159.04 530.85 -366.42 60.192 -14.917 -95.741 -840.46 -130.58 -469.21 -147.35 -109.8 -291.77 328.47 -31.598 239.45 -295.91 -544.42 -48.197 -105.62 -120.44 -81.154 95.005 154.88 -37.975 -38.021 -179.31 301.19 -467.48 146.39 
